0.0 30.0 30.0 30.0 30.0 30.0 30.0 30.0 30.0 30.0 30.0 30.0
0.1 30.0 30.0 30.0 30.0 30.0 30.0 30.0 30.0 30.0 30.0 30.0
0.2 30.0 30.0 30.0 30.0 30.0 30.0 30.0 30.0 30.0 30.0 30.0
0.3 30.0 30.0 30.0 30.0 30.0 30.0 30.0 30.0 30.0 30.0 30.0
0.4 30.0 30.0 30.0 30.0 30.0 30.0 30.0 30.0 30.0 30.0 30.0
0.5 30.0 30.0 30.0 30.0 30.0 30.0 30.0 30.0 30.0 30.0 30.0
0.6 30.0 30.0 30.0 30.0 30.0 30.0 30.0 30.0 30.0 30.0 30.0
0.7 30.0 30.0 30.0 30.0 30.0 30.0 30.0 30.0 30.0 30.0 30.0
0.8 30.0 30.0 30.0 30.0 30.0 30.0 30.0 30.0 30.0 30.0 30.0
0.9 30.0 30.0 30.0 30.0 30.0 30.0 30.0 30.0 30.0 30.0 30.0
1.0 30.0 30.0 30.0 30.0 30.0 30.0 30.0 30.0 30.0 30.0 30.0
1.1 30.0 30.0 30.0 30.0 30.0 30.0 30.0 30.0 30.0 30.0 30.0
1.2 30.0 30.0 30.0 30.0 30.0 30.0 30.0 30.0 30.0 30.0 30.0
1.3 30.0 30.0 30.0 30.0 30.0 30.0 30.0 30.0 30.0 30.0 30.0
1.4 30.0 30.0 30.0 30.0 30.0 30.0 30.0 30.0 30.0 30.0 30.0
1.5 30.0 30.0 30.0 30.0 30.0 30.0 30.0 30.0 30.0 30.0 30.0
1.6 30.0 30.0 30.0 30.0 30.0 30.0 30.0 30.0 30.0 30.0 30.0
1.7 30.0 30.0 30.0 30.0 30.0 30.0 30.0 30.0 30.0 30.0 30.0
1.8 30.0 30.0 30.0 30.0 30.0 30.0 30.0 30.0 30.0 30.0 30.0
1.9 30.0 30.0 30.0 30.0 30.0 30.0 30.0 30.0 30.0 30.0 30.0
2.0 30.0 30.0 30.0 30.0 30.0 30.0 30.0 30.0 30.0 30.0 30.0
2.1 30.0 30.0 30.0 30.0 30.0 30.0 30.0 30.0 30.0 30.0 30.0
2.2 30.0 30.0 30.0 30.0 30.0 30.0 30.0 30.0 30.0 30.0 30.0
2.3 30.0 30.0 30.0 30.0 30.0 30.0 30.0 30.0 30.0 30.0 30.0
2.4 30.0 30.0 30.0 30.0 30.0 30.0 30.0 30.0 30.0 30.0 30.0
2.5 30.0 30.0 30.0 30.0 30.0 30.0 30.0 30.0 30.0 30.0 30.0
2.6 30.0 30.0 30.0 30.0 30.0 30.0 30.0 30.0 30.0 30.0 30.0
2.7 30.0 30.0 30.0 30.0 30.0 30.0 30.0 30.0 30.0 30.0 30.0
2.8 30.0 30.0 30.0 30.0 30.0 30.0 30.0 30.0 30.0 30.0 30.0
2.9 30.0 30.0 30.0 30.0 30.0 30.0 30.0 30.0 30.0 30.0 30.0
3.0 30.0 30.0 30.0 30.0 30.0 30.0 30.0 30.0 30.0 30.0 30.0
3.1 30.0 30.0 30.0 30.0 30.0 30.0 30.0 30.0 30.0 30.0 30.0
3.2 30.0 30.0 30.0 30.0 30.0 30.0 30.0 30.0 30.0 30.0 30.0
3.3 30.0 30.0 30.0 30.0 30.0 30.0 30.0 30.0 30.0 30.0 30.0
3.4 30.0 30.0 30.0 30.0 30.0 30.0 30.0 30.0 30.0 30.0 30.0
3.5 30.0 30.0 30.0 30.0 30.0 30.0 30.0 30.0 30.0 30.0 30.0
3.6 30.0 30.0 30.0 30.0 30.0 30.0 30.0 30.0 30.0 30.0 30.0
3.7 30.0 30.0 30.0 30.0 30.0 30.0 30.0 30.0 30.0 30.0 30.0
3.8 30.0 30.0 30.0 30.0 30.0 30.0 30.0 30.0 30.0 30.0 30.0
3.9 30.0 30.0 30.0 30.0 30.0 30.0 30.0 30.0 30.0 30.0 30.0
4.0 30.0 30.0 30.0 30.0 30.0 30.0 30.0 30.0 30.0 30.0 30.0
4.1 30.0 30.0 30.0 30.0 30.0 30.0 30.0 30.0 30.0 30.0 30.0
4.2 30.0 30.0 30.0 30.0 30.0 30.0 30.0 30.0 30.0 30.0 30.0
4.3 30.0 30.0 30.0 30.0 30.0 30.0 30.0 30.0 30.0 30.0 30.0
4.4 30.0 30.0 30.0 30.0 30.0 30.0 30.0 30.0 30.0 30.0 30.0
4.5 30.0 30.0 30.0 30.0 30.0 30.0 30.0 30.0 30.0 30.0 30.0
4.6 30.0 30.0 30.0 30.0 30.0 30.0 30.0 30.0 30.0 30.0 30.0
4.7 30.0 30.0 30.0 30.0 30.0 30.0 30.0 30.0 30.0 30.0 30.0
4.8 30.0 30.0 30.0 30.0 30.0 30.0 30.0 30.0 30.0 30.0 30.0
4.9 30.0 30.0 30.0 30.0 30.0 30.0 30.0 30.0 30.0 30.0 30.0
5.0 30.0 30.0 30.0 30.0 30.0 30.0 30.0 30.0 30.0 30.0 30.0
5.1 30.0 30.0 30.0 30.0 30.0 30.0 30.0 30.0 30.0 30.0 30.0
5.2 30.0 30.0 30.0 30.0 30.0 30.0 30.0 30.0 30.0 30.0 30.0
5.3 30.0 30.0 30.0 30.0 30.0 30.0 30.0 30.0 30.0 30.0 30.0
5.4 30.0 30.0 30.0 30.0 30.0 30.0 30.0 30.0 30.0 30.0 30.0
5.5 30.0 30.0 30.0 30.0 30.0 30.0 30.0 30.0 30.0 30.0 30.0
5.6 30.0 30.0 30.0 30.0 30.0 30.0 30.0 30.0 30.0 30.0 30.0
5.7 30.0 30.0 30.0 30.0 30.0 30.0 30.0 30.0 30.0 30.0 30.0
5.8 30.0 30.0 30.0 30.0 30.0 30.0 30.0 30.0 30.0 30.0 30.0
5.9 30.0 30.0 30.0 30.0 30.0 30.0 30.0 30.0 30.0 30.0 30.0
6.0 30.0 30.0 30.0 30.0 30.0 30.0 30.0 30.0 30.0 30.0 30.0
6.1 30.0 30.0 30.0 30.0 30.0 30.0 30.0 30.0 30.0 30.0 30.0
6.2 30.0 30.0 30.0 30.0 30.0 30.0 30.0 30.0 30.0 30.0 30.0
6.3 30.0 30.0 30.0 30.0 30.0 30.0 30.0 30.0 30.0 30.0 30.0
6.4 30.0 30.0 30.0 30.0 30.0 30.0 30.0 30.0 30.0 30.0 30.0
6.5 30.0 30.0 30.0 30.0 30.0 30.0 30.0 30.0 30.0 30.0 30.0
6.6 30.0 30.0 30.0 30.0 30.0 30.0 30.0 30.0 30.0 30.0 30.0
6.7 30.0 30.0 30.0 30.0 30.0 30.0 30.0 30.0 30.0 30.0 30.0
6.8 30.0 30.0 30.0 30.0 30.0 30.0 30.0 30.0 30.0 30.0 30.0
6.9 30.0 30.0 30.0 30.0 30.0 30.0 30.0 30.0 30.0 30.0 30.0
7.0 30.0 30.0 30.0 30.0 30.0 30.0 30.0 30.0 30.0 30.0 30.0
7.1 30.0 30.0 30.0 30.0 30.0 30.0 30.0 30.0 30.0 30.0 30.0
7.2 30.0 30.0 30.0 30.0 30.0 30.0 30.0 30.0 30.0 30.0 30.0
7.3 30.0 30.0 30.0 30.0 30.0 30.0 30.0 30.0 30.0 30.0 30.0
7.4 30.0 30.0 30.0 30.0 30.0 30.0 30.0 30.0 30.0 30.0 30.0
7.5 30.0 30.0 30.0 30.0 30.0 30.0 30.0 30.0 30.0 30.0 30.0
7.6 30.0 30.0 30.0 30.0 30.0 30.0 30.0 30.0 30.0 30.0 30.0
7.7 30.0 30.0 30.0 30.0 30.0 30.0 30.0 30.0 30.0 30.0 30.0
7.8 30.0 30.0 30.0 30.0 30.0 30.0 30.0 30.0 30.0 30.0 30.0
7.9 30.0 30.0 30.0 30.0 30.0 30.0 30.0 30.0 30.0 30.0 30.0
8.0 30.0 30.0 30.0 30.0 30.0 30.0 30.0 30.0 30.0 30.0 30.0
8.1 30.0 30.0 30.0 30.0 30.0 30.0 30.0 30.0 30.0 30.0 30.0
8.2 30.0 30.0 30.0 30.0 30.0 30.0 30.0 30.0 30.0 30.0 30.0
8.3 30.0 30.0 30.0 30.0 30.0 30.0 30.0 30.0 30.0 30.0 30.0
8.4 30.0 29.93170212766047 30.0 30.0 30.0 30.0 30.0 30.0 30.0 30.0 30.0
8.5 30.0 29.707623358986858 30.0 30.0 30.0 30.0 30.0 30.0 30.0 30.0 30.0
8.6 30.0 29.485884228552106 30.0 30.0 30.0 30.0 30.0 30.0 30.0 30.0 30.0
8.7 30.0 29.26662587575751 30.0 30.0 30.0 30.0 30.0 30.0 30.0 30.0 30.0
8.8 30.0 29.052134008893233 30.0 30.0 30.0 30.0 30.0 30.0 30.0 30.0 30.0
8.9 30.0 28.842305008699906 30.0 30.0 30.0 30.0 30.0 30.0 30.0 30.0 30.0
9.0 30.0 28.63341611981103 30.0 30.0 30.0 30.0 30.0 30.0 30.0 30.0 30.0
9.1 30.0 28.428229094926376 30.0 30.0 30.0 30.0 30.0 30.0 30.0 30.0 30.0
9.2 30.0 28.227601781705783 30.0 30.0 30.0 30.0 30.0 30.0 30.0 30.0 30.0
9.3 30.0 28.031432853223464 30.0 30.0 30.0 30.0 30.0 30.0 30.0 30.0 30.0
9.4 30.0 27.835978307768908 30.0 30.0 30.0 30.0 30.0 30.0 30.0 30.0 30.0
9.5 30.0 27.644251528046897 30.0 30.0 30.0 30.0 30.0 30.0 30.0 30.0 30.0
9.6 30.0 27.45688217513674 30.0 30.0 30.0 30.0 30.0 30.0 30.0 30.0 30.0
9.7 30.0 27.61468030752002 30.0 30.0 30.0 30.0 30.0 30.0 30.0 30.0 30.0
9.8 30.0 27.796164845985462 30.0 30.0 30.0 30.0 30.0 30.0 30.0 30.0 30.0
9.9 30.0 27.99625200857667 30.0 30.0 30.0 30.0 30.0 30.0 30.0 30.0 30.0
10.0 30.0 28.209751919306605 30.0 30.0 30.0 30.0 30.0 30.0 30.0 30.0 30.0
10.1 30.0 27.409751919306604 30.0 30.0 30.0 30.0 30.0 30.0 30.0 30.0 30.0
10.2 30.0 26.609751919306603 30.0 30.0 30.0 30.0 30.0 30.0 30.0 30.0 30.0
10.3 30.0 25.809751919306603 30.0 30.0 30.0 30.0 30.0 30.0 30.0 30.0 30.0
10.4 30.0 25.009751919306602 30.0 30.0 30.0 30.0 30.0 30.0 30.0 30.0 30.0
10.5 30.0 24.61975191930673 30.0 30.0 30.0 30.0 30.0 30.0 30.0 30.0 30.0
10.6 30.0 24.48925812132409 30.0 30.0 30.0 30.0 30.0 30.0 30.0 30.0 30.0
10.7 30.0 24.36202666829103 30.0 30.0 30.0 30.0 30.0 30.0 30.0 30.0 30.0
10.8 30.0 24.237976001583768 30.0 30.0 30.0 30.0 30.0 30.0 30.0 30.0 30.0
10.9 30.0 24.117026601544175 30.0 30.0 30.0 30.0 30.0 30.0 30.0 30.0 30.0
11.0 30.0 23.999077883595497 30.0 30.0 30.0 30.0 30.0 30.0 30.0 30.0 30.0
11.1 30.0 23.881152809657166 30.0 30.0 30.0 30.0 30.0 30.0 30.0 30.0 30.0
11.2 30.0 23.76625145556343 30.0 30.0 30.0 30.0 30.0 30.0 30.0 30.0 30.0
11.3 30.0 23.654296290036186 30.0 30.0 30.0 30.0 30.0 30.0 30.0 30.0 30.0
11.4 30.0 23.545211769778884 30.0 30.0 30.0 30.0 30.0 30.0 30.0 30.0 30.0
11.5 30.0 23.43892428850252 30.0 30.0 30.0 30.0 30.0 30.0 30.0 30.0 30.0
11.6 30.0 23.719977511874248 30.0 30.0 30.0 30.0 30.0 30.0 30.0 30.0 30.0
11.7 30.0 24.023978636280543 30.0 30.0 30.0 30.0 30.0 30.0 30.0 30.0 30.0
11.8 30.0 24.338379170373507 30.0 30.0 30.0 30.0 30.0 30.0 30.0 30.0 30.0
11.9 30.0 24.669919691114174 30.0 30.0 30.0 30.0 30.0 30.0 30.0 30.0 30.0
12.0 30.0 23.869919691114173 30.0 30.0 30.0 30.0 30.0 30.0 30.0 30.0 30.0
12.1 30.0 23.069919691114173 30.0 30.0 30.0 30.0 30.0 30.0 30.0 30.0 30.0
12.2 30.0 22.269919691114172 30.0 30.0 30.0 30.0 30.0 30.0 30.0 30.0 30.0
12.3 30.0 21.46991969111417 30.0 30.0 30.0 30.0 30.0 30.0 30.0 30.0 30.0
12.4 30.0 21.12908858858339 30.0 30.0 30.0 30.0 30.0 30.0 30.0 30.0 30.0
12.5 30.0 21.081058350011624 30.0 30.0 30.0 30.0 30.0 30.0 30.0 30.0 30.0
12.6 30.0 21.03436228473353 30.0 30.0 30.0 30.0 30.0 30.0 30.0 30.0 30.0
12.7 30.0 20.988963332379832 30.0 30.0 30.0 30.0 30.0 30.0 30.0 30.0 30.0
12.8 30.0 20.944825462035983 30.0 30.0 30.0 30.0 30.0 30.0 30.0 30.0 30.0
12.9 30.0 20.901913643646107 30.0 30.0 30.0 30.0 30.0 30.0 30.0 30.0 30.0
13.0 30.0 20.86019382021154 30.0 30.0 30.0 30.0 30.0 30.0 30.0 30.0 30.0
13.1 30.0 20.81963288076126 30.0 30.0 30.0 30.0 30.0 30.0 30.0 30.0 30.0
13.2 30.0 20.779632880761262 30.0 30.0 30.0 30.0 30.0 30.0 30.0 30.0 30.0
13.3 30.0 20.74021479845384 30.0 30.0 30.0 30.0 30.0 30.0 30.0 30.0 30.0
13.4 30.0 20.701922947069445 30.0 30.0 30.0 30.0 30.0 30.0 30.0 30.0 30.0
13.5 30.0 21.08514945001005 30.0 30.0 30.0 30.0 30.0 30.0 30.0 30.0 30.0
13.6 30.0 21.488339743065332 30.0 30.0 30.0 30.0 30.0 30.0 30.0 30.0 30.0
13.7 30.0 21.89978083803472 30.0 30.0 30.0 30.0 30.0 30.0 30.0 30.0 30.0
13.8 30.0 22.324111085655364 30.0 30.0 30.0 30.0 30.0 30.0 30.0 30.0 30.0
13.9 30.0 21.524111085655363 30.0 30.0 30.0 30.0 30.0 30.0 30.0 30.0 30.0
14.0 30.0 20.724111085655363 30.0 30.0 30.0 30.0 30.0 30.0 30.0 30.0 30.0
14.1 30.0 19.924111085655362 30.0 30.0 30.0 30.0 30.0 30.0 30.0 30.0 30.0
14.2 30.0 19.12411108565536 30.0 30.0 30.0 30.0 30.0 30.0 30.0 30.0 30.0
14.3 30.0 18.823380446696365 30.0 30.0 30.0 30.0 30.0 30.0 30.0 30.0 30.0
14.4 30.0 18.840853766493435 30.0 30.0 30.0 30.0 30.0 30.0 30.0 30.0 30.0
14.5 30.0 18.857797591751208 30.0 30.0 30.0 30.0 30.0 30.0 30.0 30.0 30.0
14.6 30.0 18.874227967758742 30.0 30.0 30.0 30.0 30.0 30.0 30.0 30.0 30.0
14.7 30.0 18.89016045358427 30.0 30.0 30.0 30.0 30.0 30.0 30.0 30.0 30.0
14.8 30.0 18.905610136809013 30.0 30.0 30.0 30.0 30.0 30.0 30.0 30.0 30.0
14.9 30.0 18.920591647814785 30.0 30.0 30.0 30.0 30.0 30.0 30.0 30.0 30.0
15.0 30.0 18.935119173638633 30.0 30.0 30.0 30.0 30.0 30.0 30.0 30.0 30.0
15.1 30.0 18.949206471407173 30.0 30.0 30.0 30.0 30.0 30.0 30.0 30.0 30.0
15.2 30.0 18.96286688136456 30.0 30.0 30.0 30.0 30.0 30.0 30.0 30.0 30.0
15.3 30.0 18.97611333950501 30.0 30.0 30.0 30.0 30.0 30.0 30.0 30.0 30.0
15.4 30.0 19.43634196659298 30.0 30.0 30.0 30.0 30.0 30.0 30.0 30.0 30.0
15.5 30.0 19.911743673457867 30.0 30.0 30.0 30.0 30.0 30.0 30.0 30.0 30.0
15.6 30.0 20.391072606403153 30.0 30.0 30.0 30.0 30.0 30.0 30.0 30.0 30.0
15.7 30.0 20.880457461602933 30.0 30.0 30.0 30.0 30.0 30.0 30.0 30.0 30.0
15.8 30.0 20.080457461602933 30.0 30.0 30.0 30.0 30.0 30.0 30.0 30.0 30.0
15.9 30.0 19.280457461602932 30.0 30.0 30.0 30.0 30.0 30.0 30.0 30.0 30.0
16.0 30.0 18.48045746160293 30.0 30.0 30.0 30.0 30.0 30.0 30.0 30.0 30.0
16.1 30.0 17.68045746160293 30.0 30.0 30.0 30.0 30.0 30.0 30.0 30.0 30.0
16.2 30.0 17.409489719667704 29.501214844470706 30.0 30.0 30.0 30.0 30.0 30.0 30.0 30.0
16.3 30.0 17.473699728710738 29.112899514752314 30.0 30.0 30.0 30.0 30.0 30.0 30.0 30.0
16.4 30.0 17.535838447139408 28.88918669744498 30.0 30.0 30.0 30.0 30.0 30.0 30.0 30.0
16.5 30.0 17.595972690780126 28.66787006487032 30.0 30.0 30.0 30.0 30.0 30.0 30.0 30.0
16.6 30.0 17.652474397606433 28.449890548033935 30.0 30.0 30.0 30.0 30.0 30.0 30.0 30.0
16.7 30.0 17.70708457268129 28.237481527823498 30.0 30.0 30.0 30.0 30.0 30.0 30.0 30.0
16.8 30.0 17.759988179785047 28.030171014412456 30.0 30.0 30.0 30.0 30.0 30.0 30.0 30.0
16.9 30.0 17.811238549166724 27.823895276595827 30.0 30.0 30.0 30.0 30.0 30.0 30.0 30.0
17.0 30.0 17.860887344505308 27.62196008111778 30.0 30.0 30.0 30.0 30.0 30.0 30.0 30.0
17.1 30.0 17.908984614989556 27.424941916591337 30.0 30.0 30.0 30.0 30.0 30.0 30.0 30.0
17.2 30.0 17.95557884577108 27.23271879497895 30.0 30.0 30.0 30.0 30.0 30.0 30.0 30.0
17.3 30.0 18.467361946027353 27.041571165280487 30.0 30.0 30.0 30.0 30.0 30.0 30.0 30.0
17.4 30.0 18.986532796147724 27.105580024173804 30.0 30.0 30.0 30.0 30.0 30.0 30.0 30.0
17.5 30.0 19.51085439637429 27.194461008470135 30.0 30.0 30.0 30.0 30.0 30.0 30.0 30.0
17.6 30.0 20.041662716581378 27.301101544402414 30.0 30.0 30.0 30.0 30.0 30.0 30.0 30.0
17.7 30.0 19.241662716581377 27.42659298925988 30.0 30.0 30.0 30.0 30.0 30.0 30.0 30.0
17.8 30.0 18.441662716581376 26.794034849725012 30.0 30.0 30.0 30.0 30.0 30.0 30.0 30.0
17.9 30.0 17.641662716581376 26.165463421153554 30.0 30.0 30.0 30.0 30.0 30.0 30.0 30.0
18.0 30.0 16.841662716581375 25.541073177251167 30.0 30.0 30.0 30.0 30.0 30.0 30.0 30.0
18.1 30.0 16.58832938324821 24.918120172928028 30.0 30.0 30.0 30.0 30.0 30.0 30.0 30.0
18.2 30.0 16.682051737139947 24.5851201729281 30.0 30.0 30.0 30.0 30.0 30.0 30.0 30.0
18.3 30.0 16.772650012568672 24.43440463897923 30.0 30.0 30.0 30.0 30.0 30.0 30.0 30.0
18.4 30.0 16.85828549562882 24.288159911033333 30.0 30.0 30.0 30.0 30.0 30.0 30.0 30.0
18.5 30.0 16.940276286092466 24.14668792956896 30.0 30.0 30.0 30.0 30.0 30.0 30.0 30.0
18.6 30.0 17.019622212347613 24.00957280347541 30.0 30.0 30.0 30.0 30.0 30.0 30.0 30.0
18.7 30.0 17.096408592594507 23.873313487160168 30.0 30.0 30.0 30.0 30.0 30.0 30.0 30.0
18.8 30.0 17.170717992833477 23.740893207432382 30.0 30.0 30.0 30.0 30.0 30.0 30.0 30.0
18.9 30.0 17.242630315645258 23.6124399302637 30.0 30.0 30.0 30.0 30.0 30.0 30.0 30.0
19.0 30.0 17.31222288610833 23.487833498582447 30.0 30.0 30.0 30.0 30.0 30.0 30.0 30.0
19.1 30.0 17.37957053494359 23.36695743107598 30.0 30.0 30.0 30.0 30.0 30.0 30.0 30.0
19.2 30.0 17.91834737650958 23.24969880875314 30.0 30.0 30.0 30.0 30.0 30.0 30.0 30.0
19.3 30.0 18.468750565812066 23.4112708502185 30.0 30.0 30.0 30.0 30.0 30.0 30.0 30.0
19.4 30.0 19.01818236684803 23.5967862462713 30.0 30.0 30.0 30.0 30.0 30.0 30.0 30.0
19.5 30.0 19.57005399232748 23.80341002946117 30.0 30.0 30.0 30.0 30.0 30.0 30.0 30.0
19.6 30.0 18.77005399232748 24.029068412255263 30.0 30.0 30.0 30.0 30.0 30.0 30.0 30.0
19.7 30.0 17.97005399232748 23.413683796870583 30.0 30.0 30.0 30.0 30.0 30.0 30.0 30.0
19.8 30.0 17.170053992327478 22.803157481081065 30.0 30.0 30.0 30.0 30.0 30.0 30.0 30.0
19.9 30.0 16.370053992327477 22.197752075675663 30.0 30.0 30.0 30.0 30.0 30.0 30.0 30.0
20.0 30.0 16.131052192583585 21.597752075675643 30.0 30.0 30.0 30.0 30.0 30.0 30.0 30.0
20.1 30.0 16.24001711949755 21.31312052350972 30.0 30.0 30.0 30.0 30.0 30.0 30.0 30.0
20.2 30.0 16.34534988218095 21.23273705501718 30.0 30.0 30.0 30.0 30.0 30.0 30.0 30.0
20.3 30.0 15.54534988218095 20.432737055017178 29.2 29.2 29.2 29.2 29.2 29.2 29.2 29.2
20.4 30.0 14.74534988218095 19.632737055017177 28.4 28.4 28.4 28.4 28.4 28.4 28.4 28.4
20.5 30.0 13.945349882180949 18.832737055017176 27.599999999999998 27.599999999999998 27.599999999999998 27.599999999999998 27.599999999999998 27.599999999999998 27.599999999999998 27.599999999999998
20.6 30.0 13.145349882180948 18.032737055017176 26.799999999999997 26.799999999999997 26.799999999999997 26.799999999999997 26.799999999999997 26.799999999999997 26.799999999999997 26.799999999999997
20.7 30.0 13.145349882180948 18.032737055017176 26.799999999999997 26.799999999999997 26.799999999999997 26.799999999999997 26.799999999999997 26.799999999999997 26.799999999999997 26.799999999999997
20.8 30.0 13.145349882180948 18.032737055017176 26.799999999999997 26.799999999999997 26.799999999999997 26.799999999999997 26.799999999999997 26.799999999999997 26.799999999999997 26.799999999999997
20.9 30.0 13.145349882180948 18.032737055017176 26.799999999999997 26.799999999999997 26.799999999999997 26.799999999999997 26.799999999999997 26.799999999999997 26.799999999999997 26.799999999999997
21.0 30.0 13.145349882180948 18.032737055017176 26.799999999999997 26.799999999999997 26.799999999999997 26.799999999999997 26.799999999999997 26.799999999999997 26.799999999999997 26.799999999999997
21.1 30.0 13.145349882180948 18.032737055017176 26.799999999999997 26.799999999999997 26.799999999999997 26.799999999999997 26.799999999999997 26.799999999999997 26.799999999999997 26.799999999999997
21.2 30.0 13.145349882180948 18.032737055017176 26.799999999999997 26.799999999999997 26.799999999999997 26.799999999999997 26.799999999999997 26.799999999999997 26.799999999999997 26.799999999999997
21.3 30.0 13.145349882180948 18.029454087635916 26.799999999999997 26.799999999999997 26.799999999999997 26.799999999999997 26.799999999999997 26.799999999999997 26.799999999999997 26.799999999999997
21.4 30.0 13.145349882180948 17.876825831215374 26.799999999999997 26.799999999999997 26.799999999999997 26.799999999999997 26.799999999999997 26.799999999999997 26.799999999999997 26.799999999999997
21.5 30.0 13.145349882180948 17.72896720780793 26.799999999999997 26.799999999999997 26.799999999999997 26.799999999999997 26.799999999999997 26.799999999999997 26.799999999999997 26.799999999999997
21.6 30.0 13.145349882180948 17.585268816910464 26.799999999999997 26.799999999999997 26.799999999999997 26.799999999999997 26.799999999999997 26.799999999999997 26.799999999999997 26.799999999999997
21.7 30.0 13.145349882180948 17.442045625467514 26.799999999999997 26.799999999999997 26.799999999999997 26.799999999999997 26.799999999999997 26.799999999999997 26.799999999999997 26.799999999999997
21.8 30.0 13.145349882180948 17.303442536974377 26.799999999999997 26.799999999999997 26.799999999999997 26.799999999999997 26.799999999999997 26.799999999999997 26.799999999999997 26.799999999999997
21.9 30.0 13.145349882180948 17.16931051585202 26.799999999999997 26.799999999999997 26.799999999999997 26.799999999999997 26.799999999999997 26.799999999999997 26.799999999999997 26.799999999999997
22.0 30.0 13.145349882180948 17.039505334120673 26.799999999999997 26.799999999999997 26.799999999999997 26.799999999999997 26.799999999999997 26.799999999999997 26.799999999999997 26.799999999999997
22.1 30.0 13.145349882180948 16.913887416316165 26.799999999999997 26.799999999999997 26.799999999999997 26.799999999999997 26.799999999999997 26.799999999999997 26.799999999999997 26.799999999999997
22.2 30.0 13.145349882180948 16.792065745722102 26.799999999999997 26.799999999999997 26.799999999999997 26.799999999999997 26.799999999999997 26.799999999999997 26.799999999999997 26.799999999999997
22.3 30.0 13.145349882180948 16.670508550270693 26.799999999999997 26.799999999999997 26.799999999999997 26.799999999999997 26.799999999999997 26.799999999999997 26.799999999999997 26.799999999999997
22.4 30.0 13.145349882180948 16.553003261334368 26.799999999999997 26.799999999999997 26.799999999999997 26.799999999999997 26.799999999999997 26.799999999999997 26.799999999999997 26.799999999999997
22.5 30.0 13.145349882180948 16.439414815362568 26.799999999999997 26.799999999999997 26.799999999999997 26.799999999999997 26.799999999999997 26.799999999999997 26.799999999999997 26.799999999999997
22.6 30.0 13.145349882180948 16.3296126509231 26.799999999999997 26.799999999999997 26.799999999999997 26.799999999999997 26.799999999999997 26.799999999999997 26.799999999999997 26.799999999999997
22.7 30.0 13.145349882180948 16.22347055863158 26.799999999999997 26.799999999999997 26.799999999999997 26.799999999999997 26.799999999999997 26.799999999999997 26.799999999999997 26.799999999999997
22.8 30.0 13.145349882180948 16.12086653608323 26.799999999999997 26.799999999999997 26.799999999999997 26.799999999999997 26.799999999999997 26.799999999999997 26.799999999999997 26.799999999999997
22.9 30.0 13.145349882180948 16.02168264761972 26.799999999999997 26.799999999999997 26.799999999999997 26.799999999999997 26.799999999999997 26.799999999999997 26.799999999999997 26.799999999999997
23.0 30.0 13.145349882180948 15.923246436660383 26.799999999999997 26.799999999999997 26.799999999999997 26.799999999999997 26.799999999999997 26.799999999999997 26.799999999999997 26.799999999999997
23.1 30.0 13.145349882180948 15.827456900298992 26.799999999999997 26.799999999999997 26.799999999999997 26.799999999999997 26.799999999999997 26.799999999999997 26.799999999999997 26.799999999999997
23.2 30.0 13.145349882180948 15.734970451398382 26.799999999999997 26.799999999999997 26.799999999999997 26.799999999999997 26.799999999999997 26.799999999999997 26.799999999999997 26.799999999999997
23.3 30.0 13.145349882180948 15.645673190390806 26.799999999999997 26.799999999999997 26.799999999999997 26.799999999999997 26.799999999999997 26.799999999999997 26.799999999999997 26.799999999999997
23.4 30.0 13.145349882180948 15.559455145279998 26.799999999999997 26.799999999999997 26.799999999999997 26.799999999999997 26.799999999999997 26.799999999999997 26.799999999999997 26.799999999999997
23.5 30.0 13.145349882180948 15.476210136207543 26.799999999999997 26.799999999999997 26.799999999999997 26.799999999999997 26.799999999999997 26.799999999999997 26.799999999999997 26.799999999999997
23.6 30.0 13.145349882180948 15.395835644689328 26.799999999999997 26.799999999999997 26.799999999999997 26.799999999999997 26.799999999999997 26.799999999999997 26.799999999999997 26.799999999999997
23.7 30.0 13.145349882180948 15.318232687361368 26.799999999999997 26.799999999999997 26.799999999999997 26.799999999999997 26.799999999999997 26.799999999999997 26.799999999999997 26.799999999999997
23.8 30.0 13.145349882180948 15.243305694079297 26.799999999999997 26.799999999999997 26.799999999999997 26.799999999999997 26.799999999999997 26.799999999999997 26.799999999999997 26.799999999999997
23.9 30.0 13.145349882180948 15.169925332728534 26.799999999999997 26.799999999999997 26.799999999999997 26.799999999999997 26.799999999999997 26.799999999999997 26.799999999999997 26.799999999999997
24.0 30.0 13.145349882180948 15.09761906663745 26.799999999999997 26.799999999999997 26.799999999999997 26.799999999999997 26.799999999999997 26.799999999999997 26.799999999999997 26.799999999999997
24.1 30.0 13.145349882180948 15.027895167192531 26.799999999999997 26.799999999999997 26.799999999999997 26.799999999999997 26.799999999999997 26.799999999999997 26.799999999999997 26.799999999999997
24.2 30.0 13.145349882180948 14.96066140701355 26.799999999999997 26.799999999999997 26.799999999999997 26.799999999999997 26.799999999999997 26.799999999999997 26.799999999999997 26.799999999999997
24.3 30.0 13.145349882180948 14.895828852555217 26.799999999999997 26.799999999999997 26.799999999999997 26.799999999999997 26.799999999999997 26.799999999999997 26.799999999999997 26.799999999999997
24.4 30.0 13.145349882180948 14.833311746470386 26.53097644525506 26.799999999999997 26.799999999999997 26.799999999999997 26.799999999999997 26.799999999999997 26.799999999999997 26.799999999999997
24.5 30.0 13.145349882180948 14.773027394174292 26.228786060420354 26.799999999999997 26.799999999999997 26.799999999999997 26.799999999999997 26.799999999999997 26.799999999999997 26.799999999999997
24.6 30.0 13.745349882180948 14.71489605446012 25.93019375071624 27.4 27.4 27.4 27.4 27.4 27.4 27.4
24.7 30.0 14.345349882180948 15.028317615527932 25.63824942188032 28.0 28.0 28.0 28.0 28.0 28.0 28.0
24.8 30.0 14.945349882180947 15.362411224187444 25.518003219801013 28.6 28.6 28.6 28.6 28.6 28.6 28.6
24.9 30.0 15.545349882180947 15.718559104883175 25.420942346250918 29.200000000000003 29.200000000000003 29.200000000000003 29.200000000000003 29.200000000000003 29.200000000000003 29.200000000000003
25.0 30.0 16.14534988218095 16.093678490036336 25.34934299239369 29.800000000000004 29.800000000000004 29.800000000000004 29.800000000000004 29.800000000000004 29.800000000000004 29.800000000000004
25.1 30.0 16.74534988218095 16.48024586584715 25.299715731554407 30.0 30.0 30.0 30.0 30.0 30.0 30.0
25.2 30.0 17.34534988218095 16.886209031991903 25.273176162054636 30.0 30.0 30.0 30.0 30.0 30.0 30.0
25.3 30.0 17.945349882180953 17.305708733036102 25.26874946022106 30.0 30.0 30.0 30.0 30.0 30.0 30.0
25.4 30.0 18.545349882180954 17.739436304857552 25.289394655214878 30.0 30.0 30.0 30.0 30.0 30.0 30.0
25.5 30.0 19.145349882180955 18.181663287966934 25.33080336162348 30.0 30.0 30.0 30.0 30.0 30.0 30.0
25.6 30.0 19.745349882180957 18.63566399421684 25.393726619056512 30.0 30.0 30.0 30.0 30.0 30.0 30.0
25.7 30.0 20.345349882180958 19.10399841149395 25.478253860687605 30.0 30.0 30.0 30.0 30.0 30.0 30.0
25.8 30.0 20.94534988218096 19.577019086240327 25.585508400887065 30.0 30.0 30.0 30.0 30.0 30.0 30.0
25.9 30.0 21.54534988218096 20.060923703151197 25.71080594588409 30.0 30.0 30.0 30.0 30.0 30.0 30.0
26.0 30.0 22.145349882180962 20.549050165409238 25.854252428414544 30.0 30.0 30.0 30.0 30.0 30.0 30.0
26.1 30.0 22.745349882180964 21.048844594118748 26.018489554448923 30.0 30.0 30.0 30.0 30.0 30.0 30.0
26.2 30.0 23.345349882180965 21.555562793292104 26.203586229485296 30.0 30.0 30.0 30.0 30.0 30.0 30.0
26.3 30.0 23.945349882180967 22.063118852150915 26.406448171644097 30.0 30.0 30.0 30.0 30.0 30.0 30.0
26.4 30.0 24.545349882180968 22.579411277884606 26.623105080085715 30.0 30.0 30.0 30.0 30.0 30.0 30.0
26.5 30.0 25.14534988218097 23.103392553844596 26.857421660794877 30.0 30.0 30.0 30.0 30.0 30.0 30.0
26.6 30.0 25.74534988218097 23.628621134784964 27.111315768235126 30.0 30.0 30.0 30.0 30.0 30.0 30.0
26.7 30.0 26.345349882180972 24.159457572154775 27.378156927313114 30.0 30.0 30.0 30.0 30.0 30.0 30.0
26.8 30.0 26.945349882180974 24.69410487990543 27.65849817505681 30.0 30.0 30.0 30.0 30.0 30.0 30.0
26.9 30.0 27.545349882180975 25.233190001967667 27.955657855451545 30.0 30.0 30.0 30.0 30.0 30.0 30.0
27.0 30.0 28.145349882180977 25.77662618673969 28.26516047667157 30.0 30.0 30.0 30.0 30.0 30.0 30.0
27.1 30.0 28.745349882180978 26.322199367159243 28.588151890554677 30.0 30.0 30.0 30.0 30.0 30.0 30.0
27.2 30.0 29.34534988218098 26.868733114783893 28.9230266157607 30.0 30.0 30.0 30.0 30.0 30.0 30.0
27.3 30.0 29.94534988218098 27.422215695120162 29.268755301364934 30.0 30.0 30.0 30.0 30.0 30.0 30.0
27.4 30.0 30.0 27.978317605784806 29.629858406441684 30.0 30.0 30.0 30.0 30.0 30.0 30.0
27.5 30.0 30.0 28.06866025351224 29.99700572903615 30.0 30.0 30.0 30.0 30.0 30.0 30.0
27.6 30.0 30.0 28.111578914545316 30.0 30.0 30.0 30.0 30.0 30.0 30.0 30.0
27.7 30.0 30.0 28.153543827555424 30.0 30.0 30.0 30.0 30.0 30.0 30.0 30.0
27.8 30.0 30.0 28.19457618694305 30.0 30.0 30.0 30.0 30.0 30.0 30.0 30.0
27.9 30.0 30.0 28.234696716122095 29.998680652437052 30.0 30.0 30.0 30.0 30.0 30.0 30.0
28.0 30.0 30.0 28.27392567798605 29.99102606913812 30.0 30.0 30.0 30.0 30.0 30.0 30.0
28.1 30.0 30.0 28.31228288514192 29.983705074969752 30.0 30.0 30.0 30.0 30.0 30.0 30.0
28.2 30.0 30.0 28.349787709916583 29.976706778387328 30.0 30.0 30.0 30.0 30.0 30.0 30.0
28.3 30.0 30.0 28.386459094140648 29.970020603890344 30.0 30.0 30.0 30.0 30.0 30.0 30.0
28.4 30.0 30.0 28.422315558715308 29.963636283424194 30.0 30.0 30.0 30.0 30.0 30.0 30.0
28.5 30.0 30.0 28.457375212966102 29.95754384800726 30.0 30.0 30.0 30.0 30.0 30.0 30.0
28.6 30.0 30.0 28.491655763789094 29.951733619576075 30.0 30.0 30.0 30.0 30.0 30.0 30.0
28.7 30.0 30.0 28.525174524593822 29.94619620304446 30.0 30.0 30.0 30.0 30.0 30.0 30.0
28.8 30.0 30.0 28.557948424047307 29.940922478570272 30.0 30.0 30.0 30.0 30.0 30.0 30.0
28.9 30.0 30.0 28.589994014624082 29.93590359402442 30.0 30.0 30.0 30.0 30.0 30.0 30.0
29.0 30.0 30.0 28.621327480965775 29.931130957658198 30.0 30.0 30.0 30.0 30.0 30.0 30.0
29.1 30.0 30.0 28.651964648055458 29.926596230961742 30.0 30.0 30.0 30.0 30.0 30.0 30.0
29.2 30.0 30.0 28.681920989209758 29.92229132171139 30.0 30.0 30.0 30.0 30.0 30.0 30.0
29.3 30.0 30.0 28.71121163389396 29.91820837719858 30.0 30.0 30.0 30.0 30.0 30.0 30.0
29.4 30.0 30.0 28.73985137536296 29.914339777637803 30.0 30.0 30.0 30.0 30.0 30.0 30.0
29.5 30.0 30.0 28.767854678132686 29.910678129747154 30.0 30.0 30.0 30.0 30.0 30.0 30.0
29.6 30.0 30.0 28.795235685285334 29.907216260498775 30.0 30.0 30.0 30.0 30.0 30.0 30.0
29.7 30.0 30.0 28.821529785925136 29.903947211033405 30.0 30.0 30.0 30.0 30.0 30.0 30.0
29.8 30.0 30.0 28.847148703622455 29.900955846846358 30.0 30.0 30.0 30.0 30.0 30.0 30.0
29.9 30.0 30.0 28.87221068832634 29.89815741905653 30.0 30.0 30.0 30.0 30.0 30.0 30.0
30.0 30.0 30.0 28.896727847275734 29.895525179026976 30.0 30.0 30.0 30.0 30.0 30.0 30.0
30.1 30.0 30.0 28.920712024508834 29.893053272440355 30.0 30.0 30.0 30.0 30.0 30.0 30.0
30.2 30.0 30.0 28.9441748065847 29.890736019939546 30.0 30.0 30.0 30.0 30.0 30.0 30.0
30.3 30.0 30.0 28.967127528180708 29.888567912309263 30.0 30.0 30.0 30.0 30.0 30.0 30.0
30.4 30.0 30.0 28.98958127756808 29.886543605784354 30.0 30.0 30.0 30.0 30.0 30.0 30.0
30.5 30.0 30.0 29.011546901968746 29.884657917480734 30.0 30.0 30.0 30.0 30.0 30.0 30.0
30.6 30.0 30.0 29.033035012795484 29.882905820946938 30.0 30.0 30.0 30.0 30.0 30.0 30.0
30.7 30.0 30.0 29.054055990778217 29.881282441832283 30.0 30.0 30.0 30.0 30.0 30.0 30.0
30.8 30.0 30.0 29.0746199909787 29.87978305366893 30.0 30.0 30.0 30.0 30.0 30.0 30.0
30.9 30.0 30.0 29.09473694769655 29.878403073765224 30.0 30.0 30.0 30.0 30.0 30.0 30.0
31.0 30.0 30.0 29.11441657926839 29.87713805920716 30.0 30.0 30.0 30.0 30.0 30.0 30.0
31.1 30.0 30.0 29.133668392762555 29.87598370296566 30.0 30.0 30.0 30.0 30.0 30.0 30.0
31.2 30.0 30.0 29.152501688572016 29.874935830105887 30.0 30.0 30.0 30.0 30.0 30.0 30.0
31.3 30.0 30.0 29.170925564907396 29.873990394097497 30.0 30.0 30.0 30.0 30.0 30.0 30.0
31.4 30.0 30.0 29.188948922191994 29.87314347322268 30.0 30.0 30.0 30.0 30.0 30.0 30.0
31.5 30.0 30.0 29.20658046736173 29.8723912670783 30.0 30.0 30.0 30.0 30.0 30.0 30.0
31.6 30.0 30.0 29.22382871807125 29.871730093171827 30.0 30.0 30.0 30.0 30.0 30.0 30.0
31.7 30.0 30.0 29.240702006808803 29.87115638360677 30.0 30.0 30.0 30.0 30.0 30.0 30.0
31.8 30.0 30.0 29.25720848492164 29.87066668185689 30.0 30.0 30.0 30.0 30.0 30.0 30.0
31.9 30.0 30.0 29.27335612655374 29.870257639625546 30.0 30.0 30.0 30.0 30.0 30.0 30.0
32.0 30.0 30.0 29.289152732498195 29.86992601378902 30.0 30.0 30.0 30.0 30.0 30.0 30.0
32.1 30.0 30.0 29.304605933965608 29.869668663421155 30.0 30.0 30.0 30.0 30.0 30.0 30.0
32.2 30.0 30.0 29.31972319627068 29.869482546897128 30.0 30.0 30.0 30.0 30.0 30.0 30.0
32.3 30.0 30.0 29.334511822438674 29.869364719074955 30.0 30.0 30.0 30.0 30.0 30.0 30.0
32.4 30.0 30.0 29.34897895673346 29.869312328551825 30.0 30.0 30.0 30.0 30.0 30.0 30.0
32.5 30.0 30.0 29.363131588108853 29.869322614994232 30.0 30.0 30.0 30.0 30.0 30.0 30.0
32.6 30.0 30.0 29.376976553584797 29.869392906539453 30.0 30.0 30.0 30.0 30.0 30.0 30.0
32.7 30.0 30.0 29.39052054155033 29.869520617266684 30.0 30.0 30.0 30.0 30.0 30.0 30.0
32.8 30.0 30.0 29.40377009499487 29.8697032447357 30.0 30.0 30.0 30.0 30.0 30.0 30.0
32.9 30.0 30.0 29.416731614668876 29.869938367592372 30.0 30.0 30.0 30.0 30.0 30.0 30.0
33.0 30.0 30.0 29.42941136217606 29.870223643237942 30.0 30.0 30.0 30.0 30.0 30.0 30.0
33.1 30.0 30.0 29.441815462998335 29.870556805561257 30.0 30.0 30.0 30.0 30.0 30.0 30.0
33.2 30.0 30.0 29.45394990945493 29.870935662732222 30.0 30.0 30.0 30.0 30.0 30.0 30.0
33.3 30.0 30.0 29.465820563597166 29.871358095054784 30.0 30.0 30.0 30.0 30.0 30.0 30.0
33.4 30.0 30.0 29.47743316004073 29.871822052877352 30.0 30.0 30.0 30.0 30.0 30.0 30.0
33.5 30.0 30.0 29.488793308735488 29.87232555456099 30.0 30.0 30.0 30.0 30.0 30.0 30.0
33.6 30.0 30.0 29.49990649767598 29.872866684501158 30.0 30.0 30.0 30.0 30.0 30.0 30.0
33.7 30.0 30.0 29.510778095552578 29.873443591204012 30.0 30.0 30.0 30.0 30.0 30.0 30.0
33.8 30.0 30.0 29.521413354344958 29.87405448541472 30.0 30.0 30.0 30.0 30.0 30.0 30.0
33.9 30.0 30.0 29.53181741185918 29.874697638296826 30.0 30.0 30.0 30.0 30.0 30.0 30.0
34.0 30.0 30.0 29.541995294210103 29.875371379660063 30.0 30.0 30.0 30.0 30.0 30.0 30.0
34.1 30.0 30.0 29.551951918248974 29.876074096238426 30.0 30.0 30.0 30.0 30.0 30.0 30.0
34.2 30.0 30.0 29.561692093939254 29.876804230013093 30.0 30.0 30.0 30.0 30.0 30.0 30.0
34.3 30.0 30.0 29.571220526679706 29.877560276582827 30.0 30.0 30.0 30.0 30.0 30.0 30.0
34.4 30.0 30.0 29.580541819577927 29.878340783577645 30.0 30.0 30.0 30.0 30.0 30.0 30.0
34.5 30.0 30.0 29.589660475674062 29.87914434911666 30.0 30.0 30.0 30.0 30.0 30.0 30.0
34.6 30.0 30.0 29.59858090011588 29.87996962030861 30.0 30.0 30.0 30.0 30.0 30.0 30.0
34.7 30.0 30.0 29.607151925642885 29.880815291791805 30.0 30.0 30.0 30.0 30.0 30.0 30.0
34.8 30.0 30.0 29.615510395310057 29.88170987644006 30.0 30.0 30.0 30.0 30.0 30.0 30.0
34.9 30.0 30.0 29.623691025197065 29.882626129558272 30.0 30.0 30.0 30.0 30.0 30.0 30.0
35.0 30.0 30.0 29.631697599128998 29.883556942355337 30.0 30.0 30.0 30.0 30.0 30.0 30.0
35.1 30.0 30.0 29.639533820424116 29.88450128048845 30.0 30.0 30.0 30.0 30.0 30.0 30.0
35.2 30.0 30.0 29.647203313606607 29.88545814703851 30.0 30.0 30.0 30.0 30.0 30.0 30.0
35.3 30.0 30.0 29.654709626083054 29.886426581385795 30.0 30.0 30.0 30.0 30.0 30.0 30.0
35.4 30.0 30.0 29.6620562297834 29.88740565811619 30.0 30.0 30.0 30.0 30.0 30.0 30.0
35.5 30.0 30.0 29.669246522766777 29.88839448595831 30.0 30.0 30.0 30.0 30.0 30.0 30.0
35.6 30.0 30.0 29.67628383079301 29.88939220674971 30.0 30.0 30.0 30.0 30.0 30.0 30.0
35.7 30.0 30.0 29.683171408861202 29.89039799443087 30.0 30.0 30.0 30.0 30.0 30.0 30.0
35.8 30.0 30.0 29.68991244271524 29.89141105406815 30.0 30.0 30.0 30.0 30.0 30.0 30.0
35.9 30.0 30.0 29.696510050317077 29.892430620903145 30.0 30.0 30.0 30.0 30.0 30.0 30.0
36.0 30.0 30.0 29.702967283289063 29.893455959428287 30.0 30.0 30.0 30.0 30.0 30.0 30.0
36.1 30.0 30.0 29.709287128325492 29.894486362488372 30.0 30.0 30.0 30.0 30.0 30.0 30.0
36.2 30.0 30.0 29.715472508573882 29.895521150407248 30.0 30.0 30.0 30.0 30.0 30.0 30.0
36.3 30.0 30.0 29.721526284987206 29.896559670138267 30.0 30.0 30.0 30.0 30.0 30.0 30.0
36.4 30.0 30.0 29.727451257647022 29.89760129443921 30.0 30.0 30.0 30.0 30.0 30.0 30.0
36.5 30.0 30.0 29.733250167058827 29.898645421069435 30.0 30.0 30.0 30.0 30.0 30.0 30.0
36.6 30.0 30.0 29.73892569541926 29.899691472010396 30.0 30.0 30.0 30.0 30.0 30.0 30.0
36.7 30.0 30.0 29.744480467857144 29.900738892707093 30.0 30.0 30.0 30.0 30.0 30.0 30.0
36.8 30.0 30.0 29.74991705364742 29.901787151331614 30.0 30.0 30.0 30.0 30.0 30.0 30.0
36.9 30.0 30.0 29.755237967399637 29.902835738066855 30.0 30.0 30.0 30.0 30.0 30.0 30.0
37.0 30.0 30.0 29.76044567022088 29.90388416441083 30.0 30.0 30.0 30.0 30.0 30.0 30.0
37.1 30.0 30.0 29.765542570854453 29.904931962500157 30.0 30.0 30.0 30.0 30.0 30.0 30.0
37.2 30.0 30.0 29.77053102679374 29.905978684453242 30.0 30.0 30.0 30.0 30.0 30.0 30.0
37.3 30.0 30.0 29.775413345372613 29.907023901731772 30.0 30.0 30.0 30.0 30.0 30.0 30.0
37.4 30.0 30.0 29.78019178483275 29.90806720452027 30.0 30.0 30.0 30.0 30.0 30.0 30.0
37.5 30.0 30.0 29.78486855536818 29.90910820112325 30.0 30.0 30.0 30.0 30.0 30.0 30.0
37.6 30.0 30.0 29.789445820147623 29.91014651737973 30.0 30.0 30.0 30.0 30.0 30.0 30.0
37.7 30.0 30.0 29.793925696314705 29.911181796094727 30.0 30.0 30.0 30.0 30.0 30.0 30.0
37.8 30.0 30.0 29.798310255967625 29.912213696486177 30.0 30.0 30.0 30.0 30.0 30.0 30.0
37.9 30.0 30.0 29.802601527117215 29.913241893648795 30.0 30.0 30.0 30.0 30.0 30.0 30.0
38.0 30.0 30.0 29.806801494625365 29.914266078031805 30.0 30.0 30.0 30.0 30.0 30.0 30.0
38.1 30.0 30.0 29.810912101122728 29.91528595493381 30.0 30.0 30.0 30.0 30.0 30.0 30.0
38.2 30.0 30.0 29.814935247907307 29.916301244010246 30.0 30.0 30.0 30.0 30.0 30.0 30.0
38.3 30.0 30.0 29.818872795824124 29.91731167879594 30.0 30.0 30.0 30.0 30.0 30.0 30.0
38.4 30.0 30.0 29.82272656612578 29.91831700624165 30.0 30.0 30.0 30.0 30.0 30.0 30.0
38.5 30.0 30.0 29.826498341314583 29.919316986263926 30.0 30.0 30.0 30.0 30.0 30.0 30.0
38.6 30.0 30.0 29.8301898659675 29.92031139130718 30.0 30.0 30.0 30.0 30.0 30.0 30.0
38.7 30.0 30.0 29.833802847542703 29.921300005920312 30.0 30.0 30.0 30.0 30.0 30.0 30.0
38.8 30.0 30.0 29.837338957169454 29.92228262634379 30.0 30.0 30.0 30.0 30.0 30.0 30.0
38.9 30.0 30.0 29.840799830421197 29.92325906011004 30.0 30.0 30.0 30.0 30.0 30.0 30.0
39.0 30.0 30.0 29.844187068071793 29.924229125655273 30.0 30.0 30.0 30.0 30.0 30.0 30.0
39.1 30.0 30.0 29.847502236836267 29.92519265194225 30.0 30.0 30.0 30.0 30.0 30.0 30.0
39.2 30.0 30.0 29.8507468700951 29.92614947809502 30.0 30.0 30.0 30.0 30.0 30.0 30.0
39.3 30.0 30.0 29.853922468603667 29.92709945304348 30.0 30.0 30.0 30.0 30.0 30.0 30.0
39.4 30.0 30.0 29.85703050118653 29.928042435179204 30.0 30.0 30.0 30.0 30.0 30.0 30.0
39.5 30.0 30.0 29.860072405416645 29.928978292021107 30.0 30.0 30.0 30.0 30.0 30.0 30.0
39.6 30.0 30.0 29.863049588280102 29.92990689989151 30.0 30.0 30.0 30.0 30.0 30.0 30.0
39.7 30.0 30.0 29.86596342682734 29.930828143600767 30.0 30.0 30.0 30.0 30.0 30.0 30.0
39.8 30.0 30.0 29.868815268809723 29.93174191614277 30.0 30.0 30.0 30.0 30.0 30.0 30.0
39.9 30.0 30.0 29.871606433303125 29.932648118398404 30.0 30.0 30.0 30.0 30.0 30.0 30.0
40.0 30.0 30.0 29.874338211317955 29.933546658848655 30.0 30.0 30.0 30.0 30.0 30.0 30.0
40.1 30.0 30.0 29.877011866396334 29.934437453295796 30.0 30.0 30.0 30.0 30.0 30.0 30.0
40.2 30.0 30.0 29.8796286351964 29.935320424593737 30.0 30.0 30.0 30.0 30.0 30.0 30.0
40.3 30.0 30.0 29.882189728064603 29.936195502385317 30.0 30.0 30.0 30.0 30.0 30.0 30.0
40.4 30.0 30.0 29.884696329595155 29.93706262284916 30.0 30.0 30.0 30.0 30.0 30.0 30.0
40.5 30.0 30.0 29.88714959917823 29.93792172845294 30.0 30.0 30.0 30.0 30.0 30.0 30.0
40.6 30.0 30.0 29.889550671536185 29.938772767714614 30.0 30.0 30.0 30.0 30.0 30.0 30.0
40.7 30.0 30.0 29.89190065724816 29.939615694971366 30.0 30.0 30.0 30.0 30.0 30.0 30.0
40.8 30.0 30.0 29.894200643264146 29.940450470154797 30.0 30.0 30.0 30.0 30.0 30.0 30.0
40.9 30.0 30.0 29.896451693407418 29.941277058574038 30.0 30.0 30.0 30.0 30.0 30.0 30.0
41.0 30.0 30.0 29.898654848866833 29.942095430704555 30.0 30.0 30.0 30.0 30.0 30.0 30.0
41.1 30.0 30.0 29.900811128678182 29.94290556198453 30.0 30.0 30.0 30.0 30.0 30.0 30.0
41.2 30.0 30.0 29.902921530195684 29.94370743261673 30.0 30.0 30.0 30.0 30.0 30.0 30.0
41.3 30.0 30.0 29.90498702955319 29.944501027376894 30.0 30.0 30.0 30.0 30.0 30.0 30.0
41.4 30.0 30.0 29.907008582115875 29.945286335428086 30.0 30.0 30.0 30.0 30.0 30.0 30.0
41.5 30.0 30.0 29.90898712292188 29.946063350141042 30.0 30.0 30.0 30.0 30.0 30.0 30.0
41.6 30.0 30.0 29.910923567115038 29.946832068919857 30.0 30.0 30.0 30.0 30.0 30.0 30.0
41.7 30.0 30.0 29.912818810367952 29.94759249303343 30.0 30.0 30.0 30.0 30.0 30.0 30.0
41.8 30.0 30.0 29.914673729296315 29.948344627452343 30.0 30.0 30.0 30.0 30.0 30.0 30.0
41.9 30.0 30.0 29.91648918186451 29.949088480690502 30.0 30.0 30.0 30.0 30.0 30.0 30.0
42.0 30.0 30.0 29.918266007782282 29.949824064652173 30.0 30.0 30.0 30.0 30.0 30.0 30.0
42.1 30.0 30.0 29.92000502889334 29.9505513944838 30.0 30.0 30.0 30.0 30.0 30.0 30.0
42.2 30.0 30.0 29.921707049555177 29.95127048843097 30.0 30.0 30.0 30.0 30.0 30.0 30.0
42.3 30.0 30.0 29.92337285701141 29.951981367699332 30.0 30.0 30.0 30.0 30.0 30.0 30.0
42.4 30.0 30.0 29.925003221755865 29.952684056320447 30.0 30.0 30.0 30.0 30.0 30.0 30.0
42.5 30.0 30.0 29.926598897888713 29.95337858102216 30.0 30.0 30.0 30.0 30.0 30.0 30.0
42.6 30.0 30.0 29.92816062346559 29.954064971102596 30.0 30.0 30.0 30.0 30.0 30.0 30.0
42.7 30.0 30.0 29.929689120838628 29.954743258309176 30.0 30.0 30.0 30.0 30.0 30.0 30.0
42.8 30.0 30.0 29.93118509699096 29.955413476720544 30.0 30.0 30.0 30.0 30.0 30.0 30.0
42.9 30.0 30.0 29.932649243863537 29.95607566263345 30.0 30.0 30.0 30.0 30.0 30.0 30.0
43.0 30.0 30.0 29.934082238674918 29.956729854452917 30.0 30.0 30.0 30.0 30.0 30.0 30.0
43.1 30.0 30.0 29.935484744235048 29.95737609258574 30.0 30.0 30.0 30.0 30.0 30.0 30.0
43.2 30.0 30.0 29.936857409251374 29.95801441933837 30.0 30.0 30.0 30.0 30.0 30.0 30.0
43.3 30.0 30.0 29.938200868628982 29.958644878817445 30.0 30.0 30.0 30.0 30.0 30.0 30.0
43.4 30.0 30.0 29.93951574376456 29.959267516834117 30.0 30.0 30.0 30.0 30.0 30.0 30.0
43.5 30.0 30.0 29.940802642833432 29.959882380811692 30.0 30.0 30.0 30.0 30.0 30.0 30.0
43.6 30.0 30.0 29.942062161071053 29.960489519696104 30.0 30.0 30.0 30.0 30.0 30.0 30.0
43.7 30.0 30.0 29.943294881048253 29.961088983869917 30.0 30.0 30.0 30.0 30.0 30.0 30.0
43.8 30.0 30.0 29.944501372940806 29.96168082506859 30.0 30.0 30.0 30.0 30.0 30.0 30.0
43.9 30.0 30.0 29.945682194793086 29.962265096300495 30.0 30.0 30.0 30.0 30.0 30.0 30.0
44.0 30.0 30.0 29.94683789277621 29.962841851769152 30.0 30.0 30.0 30.0 30.0 30.0 30.0
44.1 30.0 30.0 29.94796900144055 29.96341114679853 30.0 30.0 30.0 30.0 30.0 30.0 30.0
44.2 30.0 30.0 29.949076043963075 29.96397303776069 30.0 30.0 30.0 30.0 30.0 30.0 30.0
44.3 30.0 30.0 29.950159532389392 29.964527582006124 30.0 30.0 30.0 30.0 30.0 30.0 30.0
44.4 30.0 30.0 29.951219967870436 29.965074837796738 30.0 30.0 30.0 30.0 30.0 30.0 30.0
44.5 30.0 30.0 29.952257840894475 29.965614864240838 30.0 30.0 30.0 30.0 30.0 30.0 30.0
44.6 30.0 30.0 29.95327363151371 29.96614772123115 30.0 30.0 30.0 30.0 30.0 30.0 30.0
44.7 30.0 30.0 29.954267809566623 29.966673469384247 30.0 30.0 30.0 30.0 30.0 30.0 30.0
44.8 30.0 30.0 29.955240834894987 29.967192169982965 30.0 30.0 30.0 30.0 30.0 30.0 30.0
44.9 30.0 30.0 29.956193157556847 29.967703884920383 30.0 30.0 30.0 30.0 30.0 30.0 30.0
45.0 30.0 30.0 29.957125218034314 29.96820867664646 30.0 30.0 30.0 30.0 30.0 30.0 30.0
45.1 30.0 30.0 29.958037447437846 29.968706608115696 30.0 30.0 30.0 30.0 30.0 30.0 30.0
45.2 30.0 30.0 29.95893026770516 29.969197742738075 30.0 30.0 30.0 30.0 30.0 30.0 30.0
45.3 30.0 30.0 29.95980409179658 29.969682144330726 30.0 30.0 30.0 30.0 30.0 30.0 30.0
45.4 30.0 30.0 29.96065932388604 29.970159877072202 30.0 30.0 30.0 30.0 30.0 30.0 30.0
45.5 30.0 30.0 29.961496359548004 29.97063100545789 30.0 30.0 30.0 30.0 30.0 30.0 30.0
45.6 30.0 30.0 29.962315585940626 29.971095594257488 30.0 30.0 30.0 30.0 30.0 30.0 30.0
45.7 30.0 30.0 29.963117381984457 29.97155370847475 30.0 30.0 30.0 30.0 30.0 30.0 30.0
45.8 30.0 30.0 29.963902118537963 29.972005413307368 30.0 30.0 30.0 30.0 30.0 30.0 30.0
45.9 30.0 30.0 29.964670158569056 29.972450774109763 30.0 30.0 30.0 30.0 30.0 30.0 30.0
46.0 30.0 30.0 29.96542185732289 29.97288985635684 30.0 30.0 30.0 30.0 30.0 30.0 30.0
46.1 30.0 30.0 29.966157562486227 29.973322725609123 30.0 30.0 30.0 30.0 30.0 30.0 30.0
46.2 30.0 30.0 29.96687761434825 29.97374944747974 30.0 30.0 30.0 30.0 30.0 30.0 30.0
46.3 30.0 30.0 29.967582345957883 29.974170087602307 30.0 30.0 30.0 30.0 30.0 30.0 30.0
46.4 30.0 30.0 29.968272083277938 29.974584711600414 30.0 30.0 30.0 30.0 30.0 30.0 30.0
46.5 30.0 30.0 29.968947145335832 29.974993385058326 30.0 30.0 30.0 30.0 30.0 30.0 30.0
46.6 30.0 30.0 29.969607844371264 29.97539617349277 30.0 30.0 30.0 30.0 30.0 30.0 30.0
46.7 30.0 30.0 29.970254485980348 29.975793142326577 30.0 30.0 30.0 30.0 30.0 30.0 30.0
46.8 30.0 30.0 29.970887369257383 29.97618435686253 30.0 30.0 30.0 30.0 30.0 30.0 30.0
46.9 30.0 30.0 29.97150678693273 29.976569882259316 30.0 30.0 30.0 30.0 30.0 30.0 30.0
47.0 30.0 30.0 29.972113025508623 29.976949783507408 30.0 30.0 30.0 30.0 30.0 30.0 30.0
47.1 30.0 30.0 29.972706365391385 29.977324125407616 30.0 30.0 30.0 30.0 30.0 30.0 30.0
47.2 30.0 30.0 29.973287081021326 29.97769297254906 30.0 30.0 30.0 30.0 30.0 30.0 30.0
47.3 30.0 30.0 29.973855440999618 29.97805638928907 30.0 30.0 30.0 30.0 30.0 30.0 30.0
47.4 30.0 30.0 29.97441170821241 29.97841443973385 30.0 30.0 30.0 30.0 30.0 30.0 30.0
47.5 30.0 30.0 29.974956139952567 29.978767187720074 30.0 30.0 30.0 30.0 30.0 30.0 30.0
47.6 30.0 30.0 29.975488988038652 29.97911469679704 30.0 30.0 30.0 30.0 30.0 30.0 30.0
47.7 30.0 30.0 29.976010498931444 29.97945703021035 30.0 30.0 30.0 30.0 30.0 30.0 30.0
47.8 30.0 30.0 29.976520913847807 29.979794250886012 30.0 30.0 30.0 30.0 30.0 30.0 30.0
47.9 30.0 30.0 29.977020468872343 29.980126421415108 30.0 30.0 30.0 30.0 30.0 30.0 30.0
48.0 30.0 30.0 29.977509395066537 29.980453604039916 30.0 30.0 30.0 30.0 30.0 30.0 30.0
48.1 30.0 30.0 29.977987918575757 29.98077586064018 30.0 30.0 30.0 30.0 30.0 30.0 30.0
48.2 30.0 30.0 29.97845626073377 29.98109325272049 30.0 30.0 30.0 30.0 30.0 30.0 30.0
48.3 30.0 30.0 29.978914638164984 29.981405841398296 30.0 30.0 30.0 30.0 30.0 30.0 30.0
48.4 30.0 30.0 29.97936326288491 29.98171368739231 30.0 30.0 30.0 30.0 30.0 30.0 30.0
48.5 30.0 30.0 29.97980234239795 29.98201685101212 30.0 30.0 30.0 30.0 30.0 30.0 30.0
48.6 30.0 30.0 29.980232079793694 29.982315392147637 30.0 30.0 30.0 30.0 30.0 30.0 30.0
48.7 30.0 30.0 29.98065267384066 29.98260937026011 30.0 30.0 30.0 30.0 30.0 30.0 30.0
48.8 30.0 30.0 29.98106431907812 29.98289884437327 30.0 30.0 30.0 30.0 30.0 30.0 30.0
48.9 30.0 30.0 29.981467205906274 29.983183873064533 30.0 30.0 30.0 30.0 30.0 30.0 30.0
49.0 30.0 30.0 29.9818615206742 29.98346451445783 30.0 30.0 30.0 30.0 30.0 30.0 30.0
49.1 30.0 30.0 29.982247445766262 29.983740826215897 30.0 30.0 30.0 30.0 30.0 30.0 30.0
49.2 30.0 30.0 29.982625159686172 29.984012865534105 30.0 30.0 30.0 30.0 30.0 30.0 30.0
49.3 30.0 30.0 29.982994837139643 29.984280689133875 30.0 30.0 30.0 30.0 30.0 30.0 30.0
49.4 30.0 30.0 29.983356649115354 29.984544353257025 30.0 30.0 30.0 30.0 30.0 30.0 30.0
49.5 30.0 30.0 29.983710762964005 29.984803913660407 30.0 30.0 30.0 30.0 30.0 30.0 30.0
49.6 30.0 30.0 29.984057342475435 29.98505942561148 30.0 30.0 30.0 30.0 30.0 30.0 30.0
49.7 30.0 30.0 29.984396547954663 29.985310943883544 30.0 30.0 30.0 30.0 30.0 30.0 30.0
49.8 30.0 30.0 29.984728536296007 29.98555852275171 30.0 30.0 30.0 30.0 30.0 30.0 30.0
49.9 30.0 30.0 29.985053461055653 29.985802215989438 30.0 30.0 30.0 30.0 30.0 30.0 30.0
50.0 30.0 30.0 29.98537147252257 29.986042076865477 30.0 30.0 30.0 30.0 30.0 30.0 30.0
50.1 30.0 30.0 29.985682717788073 29.9862781581406 30.0 30.0 30.0 30.0 30.0 30.0 30.0
50.2 30.0 30.0 29.985987340813853 29.986510512065543 30.0 30.0 30.0 30.0 30.0 30.0 30.0
50.3 30.0 30.0 29.98628548249864 29.986739190378348 30.0 30.0 30.0 30.0 30.0 30.0 30.0
50.4 30.0 30.0 29.98657728074331 29.98696424430306 30.0 30.0 30.0 30.0 30.0 30.0 30.0
50.5 30.0 30.0 29.98686287051475 29.98718572454756 30.0 30.0 30.0 30.0 30.0 30.0 30.0
50.6 30.0 30.0 29.987142383908058 29.987403681303068 30.0 30.0 30.0 30.0 30.0 30.0 30.0
50.7 30.0 30.0 29.987415950207915 29.98761816424257 30.0 30.0 30.0 30.0 30.0 30.0 30.0
50.8 30.0 30.0 29.987683695948153 29.98782922252049 30.0 30.0 30.0 30.0 30.0 30.0 30.0
50.9 30.0 30.0 29.98794574497051 29.98803690477197 30.0 30.0 30.0 30.0 30.0 30.0 30.0
51.0 30.0 30.0 29.988202218481792 29.98824125911288 30.0 30.0 30.0 30.0 30.0 30.0 30.0
51.1 30.0 30.0 29.988453235109816 29.988442333140306 30.0 30.0 30.0 30.0 30.0 30.0 30.0
51.2 30.0 30.0 29.988698910958544 29.988640173931884 30.0 30.0 30.0 30.0 30.0 30.0 30.0
51.3 30.0 30.0 29.9889393596616 29.988834828047334 30.0 30.0 30.0 30.0 30.0 30.0 30.0
51.4 30.0 30.0 29.9891746924348 29.989026341528763 30.0 30.0 30.0 30.0 30.0 30.0 30.0
51.5 30.0 30.0 29.989405018127634 29.98921475990148 30.0 30.0 30.0 30.0 30.0 30.0 30.0
51.6 30.0 30.0 29.98963044327386 29.989400128175085 30.0 30.0 30.0 30.0 30.0 30.0 30.0
51.7 30.0 30.0 29.989851072140368 29.98958249084551 30.0 30.0 30.0 30.0 30.0 30.0 30.0
51.8 30.0 30.0 29.99006700677566 29.989761891895697 30.0 30.0 30.0 30.0 30.0 30.0 30.0
51.9 30.0 30.0 29.990278347057053 29.98993837479745 30.0 30.0 30.0 30.0 30.0 30.0 30.0
52.0 30.0 30.0 29.99048519073665 29.990111982513906 30.0 30.0 30.0 30.0 30.0 30.0 30.0
52.1 30.0 30.0 29.990687633486914 29.99028275750045 30.0 30.0 30.0 30.0 30.0 30.0 30.0
52.2 30.0 30.0 29.990885768944672 29.990450741707818 30.0 30.0 30.0 30.0 30.0 30.0 30.0
52.3 30.0 30.0 29.991079688754386 29.99061597658385 30.0 30.0 30.0 30.0 30.0 30.0 30.0
52.4 30.0 30.0 29.99126948261072 29.99077850307591 30.0 30.0 30.0 30.0 30.0 30.0 30.0
52.5 30.0 30.0 29.99145523829983 29.990938361633813 30.0 30.0 30.0 30.0 30.0 30.0 30.0
52.6 30.0 30.0 29.991637041740244 29.99109559221176 30.0 30.0 30.0 30.0 30.0 30.0 30.0
52.7 30.0 30.0 29.99181497702238 29.991250234271792 30.0 30.0 30.0 30.0 30.0 30.0 30.0
52.8 30.0 30.0 29.991989126447486 29.99140232678645 30.0 30.0 30.0 30.0 30.0 30.0 30.0
52.9 30.0 30.0 29.99215957056563 29.991551908241544 30.0 30.0 30.0 30.0 30.0 30.0 30.0
53.0 30.0 30.0 29.992326388213172 29.991699016639302 30.0 30.0 30.0 30.0 30.0 30.0 30.0
53.1 30.0 30.0 29.99248965654903 29.991843689501692 30.0 30.0 30.0 30.0 30.0 30.0 30.0
53.2 30.0 30.0 29.992649451090582 29.991985963873486 30.0 30.0 30.0 30.0 30.0 30.0 30.0
53.3 30.0 30.0 29.9928058457482 29.992125876325712 30.0 30.0 30.0 30.0 30.0 30.0 30.0
53.4 30.0 30.0 29.992958912859905 29.992263462958853 30.0 30.0 30.0 30.0 30.0 30.0 30.0
53.5 30.0 30.0 29.99310872322463 29.99239875940633 30.0 30.0 30.0 30.0 30.0 30.0 30.0
53.6 30.0 30.0 29.993255346134752 29.992531800838552 30.0 30.0 30.0 30.0 30.0 30.0 30.0
53.7 30.0 30.0 29.993398849408475 29.99266262196556 30.0 30.0 30.0 30.0 30.0 30.0 30.0
53.8 30.0 30.0 29.993539299421023 29.99279125704155 30.0 30.0 30.0 30.0 30.0 30.0 30.0
53.9 30.0 30.0 29.993676761135465 29.992917739868027 30.0 30.0 30.0 30.0 30.0 30.0 30.0
54.0 30.0 30.0 29.99381129813255 29.993042103797865 30.0 30.0 30.0 30.0 30.0 30.0 30.0
54.1 30.0 30.0 29.993942972640383 29.99316438173886 30.0 30.0 30.0 30.0 30.0 30.0 30.0
54.2 30.0 30.0 29.994071845562896 29.993284606157836 30.0 30.0 30.0 30.0 30.0 30.0 30.0
54.3 30.0 30.0 29.99419797650837 29.993402809084184 30.0 30.0 30.0 30.0 30.0 30.0 30.0
54.4 30.0 30.0 29.99432142381673 29.993519022114132 30.0 30.0 30.0 30.0 30.0 30.0 30.0
54.5 30.0 30.0 29.99444224458663 29.993633276414347 30.0 30.0 30.0 30.0 30.0 30.0 30.0
54.6 30.0 30.0 29.99456049470178 29.99374560272629 30.0 30.0 30.0 30.0 30.0 30.0 30.0
54.7 30.0 30.0 29.994676228857067 29.993856031369564 30.0 30.0 30.0 30.0 30.0 30.0 30.0
54.8 30.0 30.0 29.994789500583508 29.993964592246872 30.0 30.0 30.0 30.0 30.0 30.0 30.0
54.9 30.0 30.0 29.99490036227322 29.99407131484723 30.0 30.0 30.0 30.0 30.0 30.0 30.0
55.0 30.0 30.0 29.995008865203616 29.994176228250325 30.0 30.0 30.0 30.0 30.0 30.0 30.0
55.1 30.0 30.0 29.995115059560998 29.99427936113067 30.0 30.0 30.0 30.0 30.0 30.0 30.0
55.2 30.0 30.0 29.99521899446398 29.994380741761564 30.0 30.0 30.0 30.0 30.0 30.0 30.0
55.3 30.0 30.0 29.995320717986036 29.994480398019313 30.0 30.0 30.0 30.0 30.0 30.0 30.0
55.4 30.0 30.0 29.995420277177843 29.99457835738705 30.0 30.0 30.0 30.0 30.0 30.0 30.0
55.5 30.0 30.0 29.995517718088955 29.99467464695913 30.0 30.0 30.0 30.0 30.0 30.0 30.0
55.6 30.0 30.0 29.995613085789184 29.994769293445103 30.0 30.0 30.0 30.0 30.0 30.0 30.0
55.7 30.0 30.0 29.995706424389418 29.99486232317391 30.0 30.0 30.0 30.0 30.0 30.0 30.0
55.8 30.0 30.0 29.995797777062013 29.994953762097797 30.0 30.0 30.0 30.0 30.0 30.0 30.0
55.9 30.0 30.0 29.995887186060735 29.995043635796694 30.0 30.0 30.0 30.0 30.0 30.0 30.0
56.0 30.0 30.0 29.99597469274031 29.995131969482177 30.0 30.0 30.0 30.0 30.0 30.0 30.0
56.1 30.0 30.0 29.996060337575578 29.995218788001452 30.0 30.0 30.0 30.0 30.0 30.0 30.0
56.2 30.0 30.0 29.99614416018035 29.99530411584139 30.0 30.0 30.0 30.0 30.0 30.0 30.0
56.3 30.0 30.0 29.996226199325417 29.995387977133234 30.0 30.0 30.0 30.0 30.0 30.0 30.0
56.4 30.0 30.0 29.996306492956837 29.995470395655744 30.0 30.0 30.0 30.0 30.0 30.0 30.0
56.5 30.0 30.0 29.996385078213052 29.99555139484009 30.0 30.0 30.0 30.0 30.0 30.0 30.0
56.6 30.0 30.0 29.996461991442594 29.99563099777308 30.0 30.0 30.0 30.0 30.0 30.0 30.0
56.7 30.0 30.0 29.99653726822045 29.995709227202028 30.0 30.0 30.0 30.0 30.0 30.0 30.0
56.8 30.0 30.0 29.996610943364686 29.995786105538215 30.0 30.0 30.0 30.0 30.0 30.0 30.0
56.9 30.0 30.0 29.996683050952715 29.995861654860818 30.0 30.0 30.0 30.0 30.0 30.0 30.0
57.0 30.0 30.0 29.996753624336677 29.99593589692145 30.0 30.0 30.0 30.0 30.0 30.0 30.0
57.1 30.0 30.0 29.996822696159303 29.99600885314742 30.0 30.0 30.0 30.0 30.0 30.0 30.0
57.2 30.0 30.0 29.99689029836872 29.996080544646336 30.0 30.0 30.0 30.0 30.0 30.0 30.0
57.3 30.0 30.0 29.996956462233264 29.996150992209483 30.0 30.0 30.0 30.0 30.0 30.0 30.0
57.4 30.0 30.0 29.99702121835598 29.996220216316082 30.0 30.0 30.0 30.0 30.0 30.0 30.0
57.5 30.0 30.0 29.997084596688843 29.996288237136902 30.0 30.0 30.0 30.0 30.0 30.0 30.0
57.6 30.0 30.0 29.997146626546524 29.996355074538407 30.0 30.0 30.0 30.0 30.0 30.0 30.0
57.7 30.0 30.0 29.997207336619994 29.996420748086074 30.0 30.0 30.0 30.0 30.0 30.0 30.0
57.8 30.0 30.0 29.997266754989802 29.9964852770489 30.0 30.0 30.0 30.0 30.0 30.0 30.0
57.9 30.0 30.0 29.99732490913895 29.996548680402643 30.0 30.0 30.0 30.0 30.0 30.0 30.0
58.0 30.0 30.0 29.997381825965743 29.996610976833665 30.0 30.0 30.0 30.0 30.0 30.0 30.0
58.1 30.0 30.0 29.997437531796272 29.996672184742692 30.0 30.0 30.0 30.0 30.0 30.0 30.0
58.2 30.0 30.0 29.997492052396336 29.99673232224872 30.0 30.0 30.0 30.0 30.0 30.0 30.0
58.3 30.0 30.0 29.99754541298361 29.99679140719241 30.0 30.0 30.0 30.0 30.0 30.0 30.0
58.4 30.0 30.0 29.99759763823926 29.996849457139653 30.0 30.0 30.0 30.0 30.0 30.0 30.0
58.5 30.0 30.0 29.99764875231927 29.99690648938561 30.0 30.0 30.0 30.0 30.0 30.0 30.0
58.6 30.0 30.0 29.997698778865676 29.996962520957798 30.0 30.0 30.0 30.0 30.0 30.0 30.0
58.7 30.0 30.0 29.997747741017466 29.997017568620016 30.0 30.0 30.0 30.0 30.0 30.0 30.0
58.8 30.0 30.0 29.99779566142135 29.997071648875597 30.0 30.0 30.0 30.0 30.0 30.0 30.0
58.9 30.0 30.0 29.997842562242194 29.997124777971067 30.0 30.0 30.0 30.0 30.0 30.0 30.0
59.0 30.0 30.0 29.997888465173194 29.99717697189968 30.0 30.0 30.0 30.0 30.0 30.0 30.0
59.1 30.0 30.0 29.997933391446114 29.997228246404326 30.0 30.0 30.0 30.0 30.0 30.0 30.0
59.2 30.0 30.0 29.997977361840874 29.997278616981813 30.0 30.0 30.0 30.0 30.0 30.0 30.0
59.3 30.0 30.0 29.99802039669533 29.997328098885284 30.0 30.0 30.0 30.0 30.0 30.0 30.0
59.4 30.0 30.0 29.998062515914544 29.997376707128428 30.0 30.0 30.0 30.0 30.0 30.0 30.0
59.5 30.0 30.0 29.99810373898018 29.99742445648794 30.0 30.0 30.0 30.0 30.0 30.0 30.0
59.6 30.0 30.0 29.998144084959314 29.997471361507557 30.0 30.0 30.0 30.0 30.0 30.0 30.0
59.7 30.0 30.0 29.998183572513323 29.99751743650079 30.0 30.0 30.0 30.0 30.0 30.0 30.0
59.8 30.0 30.0 29.998222219906705 29.997562695554183 30.0 30.0 30.0 30.0 30.0 30.0 30.0
59.9 30.0 30.0 29.998260045015087 29.99760715253095 30.0 30.0 30.0 30.0 30.0 30.0 30.0
60.0 30.0 30.0 29.998297065333958 29.99765082107333 30.0 30.0 30.0 30.0 30.0 30.0 30.0
60.1 30.0 30.0 29.998333297986395 29.997693714606516 30.0 30.0 30.0 30.0 30.0 30.0 30.0
60.2 30.0 30.0 29.998368759731385 29.997735846340927 30.0 30.0 30.0 30.0 30.0 30.0 30.0
60.3 30.0 30.0 29.99840346697118 29.997777229276092 30.0 30.0 30.0 30.0 30.0 30.0 30.0
60.4 30.0 30.0 29.99843743575904 29.997817876203012 30.0 30.0 30.0 30.0 30.0 30.0 30.0
60.5 30.0 30.0 29.99847068180668 29.997857799707496 30.0 30.0 30.0 30.0 30.0 30.0 30.0
60.6 30.0 30.0 29.998503220491624 29.997897012172654 30.0 30.0 30.0 30.0 30.0 30.0 30.0
60.7 30.0 30.0 29.998535066864168 29.997935525782466 30.0 30.0 30.0 30.0 30.0 30.0 30.0
60.8 30.0 30.0 29.99856623565426 29.99797335252428 30.0 30.0 30.0 30.0 30.0 30.0 30.0
60.9 30.0 30.0 29.998596741278643 29.99801050419158 30.0 30.0 30.0 30.0 30.0 30.0 30.0
61.0 30.0 30.0 29.998626597847164 29.998046992387117 30.0 30.0 30.0 30.0 30.0 30.0 30.0
61.1 30.0 30.0 29.99865581916953 29.99808282852536 30.0 30.0 30.0 30.0 30.0 30.0 30.0
61.2 30.0 30.0 29.998684418761712 29.998118023835378 30.0 30.0 30.0 30.0 30.0 30.0 30.0
61.3 30.0 30.0 29.998712409851912 29.998152589363777 30.0 30.0 30.0 30.0 30.0 30.0 30.0
61.4 30.0 30.0 29.998739805386982 29.998186535977066 30.0 30.0 30.0 30.0 30.0 30.0 30.0
61.5 30.0 30.0 29.99876661803832 29.998219874364473 30.0 30.0 30.0 30.0 30.0 30.0 30.0
61.6 30.0 30.0 29.998792860207747 29.99825261504046 30.0 30.0 30.0 30.0 30.0 30.0 30.0
61.7 30.0 30.0 29.998818544033156 29.99828476834755 30.0 30.0 30.0 30.0 30.0 30.0 30.0
61.8 30.0 30.0 29.998843681394185 29.99831634445868 30.0 30.0 30.0 30.0 30.0 30.0 30.0
61.9 30.0 30.0 29.998868283917762 29.998347353379774 30.0 30.0 30.0 30.0 30.0 30.0 30.0
62.0 30.0 30.0 29.99889236298331 29.99837780495236 30.0 30.0 30.0 30.0 30.0 30.0 30.0
62.1 30.0 30.0 29.99891592972836 29.998407708855616 30.0 30.0 30.0 30.0 30.0 30.0 30.0
62.2 30.0 30.0 29.998938995053308 29.998437074609676 30.0 30.0 30.0 30.0 30.0 30.0 30.0
62.3 30.0 30.0 29.998961569626623 29.99846591157707 30.0 30.0 30.0 30.0 30.0 30.0 30.0
62.4 30.0 30.0 29.99898366388988 29.998494228965647 30.0 30.0 30.0 30.0 30.0 30.0 30.0
62.5 30.0 30.0 29.99900528806242 29.99852203583085 30.0 30.0 30.0 30.0 30.0 30.0 30.0
62.6 30.0 30.0 29.99902645214617 29.998549341078032 30.0 30.0 30.0 30.0 30.0 30.0 30.0
62.7 30.0 30.0 29.999047165930282 29.998576153464615 30.0 30.0 30.0 30.0 30.0 30.0 30.0
62.8 30.0 30.0 29.999067438995613 29.998602481602394 30.0 30.0 30.0 30.0 30.0 30.0 30.0
62.9 30.0 30.0 29.999087280719152 29.998628333960053 30.0 30.0 30.0 30.0 30.0 30.0 30.0
63.0 30.0 30.0 29.999106700278276 29.99865371886498 30.0 30.0 30.0 30.0 30.0 30.0 30.0
63.1 30.0 30.0 29.999125706655313 29.99867864450541 30.0 30.0 30.0 30.0 30.0 30.0 30.0
63.2 30.0 30.0 29.999144308641398 29.99870311893303 30.0 30.0 30.0 30.0 30.0 30.0 30.0
63.3 30.0 30.0 29.999162514840545 29.99872715006482 30.0 30.0 30.0 30.0 30.0 30.0 30.0
63.4 30.0 30.0 29.999180333673706 29.99875074568494 30.0 30.0 30.0 30.0 30.0 30.0 30.0
63.5 30.0 30.0 29.999197773382747 29.998773913447 30.0 30.0 30.0 30.0 30.0 30.0 30.0
63.6 30.0 30.0 29.9992148420342 29.998796660876096 30.0 30.0 30.0 30.0 30.0 30.0 30.0
63.7 30.0 30.0 29.99923154752287 29.998818995371014 30.0 30.0 30.0 30.0 30.0 30.0 30.0
63.8 30.0 30.0 29.999247897575597 29.998840924205698 30.0 30.0 30.0 30.0 30.0 30.0 30.0
63.9 30.0 30.0 29.999263899754823 29.998862454531718 30.0 30.0 30.0 30.0 30.0 30.0 30.0
64.0 30.0 30.0 29.99927956146219 29.99888359337967 30.0 30.0 30.0 30.0 30.0 30.0 30.0
64.1 30.0 30.0 29.999294889941726 29.998904347661675 30.0 30.0 30.0 30.0 30.0 30.0 30.0
64.2 30.0 30.0 29.999309892283435 29.998924724172742 30.0 30.0 30.0 30.0 30.0 30.0 30.0
64.3 30.0 30.0 29.999324575426364 29.99894472959301 30.0 30.0 30.0 30.0 30.0 30.0 30.0
64.4 30.0 30.0 29.999338946161927 29.998964370489308 30.0 30.0 30.0 30.0 30.0 30.0 30.0
64.5 30.0 30.0 29.999353011137174 29.998983653316767 30.0 30.0 30.0 30.0 30.0 30.0 30.0
64.6 30.0 30.0 29.999366776857702 29.999002584421056 30.0 30.0 30.0 30.0 30.0 30.0 30.0
64.7 30.0 30.0 29.99938024969056 29.99902117004005 30.0 30.0 30.0 30.0 30.0 30.0 30.0
64.8 30.0 30.0 29.999393435867326 29.999039416305365 30.0 30.0 30.0 30.0 30.0 30.0 30.0
64.9 30.0 30.0 29.999406341487134 29.99905732924372 30.0 30.0 30.0 30.0 30.0 30.0 30.0
65.0 30.0 30.0 29.999418972519365 29.999074914779385 30.0 30.0 30.0 30.0 30.0 30.0 30.0
65.1 30.0 30.0 29.999431334806165 29.99909217873538 30.0 30.0 30.0 30.0 30.0 30.0 30.0
65.2 30.0 30.0 29.99944343406565 29.999109126834938 30.0 30.0 30.0 30.0 30.0 30.0 30.0
65.3 30.0 30.0 29.99945527589401 29.99912576470375 30.0 30.0 30.0 30.0 30.0 30.0 30.0
65.4 30.0 30.0 29.99946686576864 29.999142097870543 30.0 30.0 30.0 30.0 30.0 30.0 30.0
65.5 30.0 30.0 29.999478209050125 29.999158131769672 30.0 30.0 30.0 30.0 30.0 30.0 30.0
65.6 30.0 30.0 29.999489310985197 29.999173871741984 30.0 30.0 30.0 30.0 30.0 30.0 30.0
65.7 30.0 30.0 29.999500176708917 29.999189323036454 30.0 30.0 30.0 30.0 30.0 30.0 30.0
65.8 30.0 30.0 29.999510811247017 29.99920449081204 30.0 30.0 30.0 30.0 30.0 30.0 30.0
65.9 30.0 30.0 29.999521219518318 29.99921938013852 30.0 30.0 30.0 30.0 30.0 30.0 30.0
66.0 30.0 30.0 29.99953140633704 29.99923399599852 30.0 30.0 30.0 30.0 30.0 30.0 30.0
66.1 30.0 30.0 29.999541376414957 29.999248343288542 30.0 30.0 30.0 30.0 30.0 30.0 30.0
66.2 30.0 30.0 29.999551134363585 29.999262426820653 30.0 30.0 30.0 30.0 30.0 30.0 30.0
66.3 30.0 30.0 29.99956068469624 29.999276251323668 30.0 30.0 30.0 30.0 30.0 30.0 30.0
66.4 30.0 30.0 29.99957003183037 29.999289821444528 30.0 30.0 30.0 30.0 30.0 30.0 30.0
66.5 30.0 30.0 29.99957918008926 29.999303141749866 30.0 30.0 30.0 30.0 30.0 30.0 30.0
66.6 30.0 30.0 29.99958813370438 29.99931621672687 30.0 30.0 30.0 30.0 30.0 30.0 30.0
66.7 30.0 30.0 29.99959689681703 29.99932905078514 30.0 30.0 30.0 30.0 30.0 30.0 30.0
66.8 30.0 30.0 29.99960547348046 29.99934164825755 30.0 30.0 30.0 30.0 30.0 30.0 30.0
66.9 30.0 30.0 29.999613867661715 29.99935401340158 30.0 30.0 30.0 30.0 30.0 30.0 30.0
67.0 30.0 30.0 29.999622083243366 29.999366150400853 30.0 30.0 30.0 30.0 30.0 30.0 30.0
67.1 30.0 30.0 29.999630124025455 29.999378063366013 30.0 30.0 30.0 30.0 30.0 30.0 30.0
67.2 30.0 30.0 29.999637993727045 29.99938975633614 30.0 30.0 30.0 30.0 30.0 30.0 30.0
67.3 30.0 30.0 29.999645695988143 29.999401233279794 30.0 30.0 30.0 30.0 30.0 30.0 30.0
67.4 30.0 30.0 29.999653234371358 29.999412498096145 30.0 30.0 30.0 30.0 30.0 30.0 30.0
67.5 30.0 30.0 29.999660612363442 29.999423554616467 30.0 30.0 30.0 30.0 30.0 30.0 30.0
67.6 30.0 30.0 29.99966783337703 29.999434406604774 30.0 30.0 30.0 30.0 30.0 30.0 30.0
67.7 30.0 30.0 29.999674900752 29.999445057759548 30.0 30.0 30.0 30.0 30.0 30.0 30.0
67.8 30.0 30.0 29.99968181775731 29.999455511714103 30.0 30.0 30.0 30.0 30.0 30.0 30.0
67.9 30.0 30.0 29.99968858759225 29.999465772038334 30.0 30.0 30.0 30.0 30.0 30.0 30.0
68.0 30.0 30.0 29.99969521338819 29.999475842239278 30.0 30.0 30.0 30.0 30.0 30.0 30.0
68.1 30.0 30.0 29.999701698209744 29.999485725762675 30.0 30.0 30.0 30.0 30.0 30.0 30.0
68.2 30.0 30.0 29.999708045056305 29.999495425993473 30.0 30.0 30.0 30.0 30.0 30.0 30.0
68.3 30.0 30.0 29.999714256863612 29.999504946256963 30.0 30.0 30.0 30.0 30.0 30.0 30.0
68.4 30.0 30.0 29.99972033650479 29.999514289820286 30.0 30.0 30.0 30.0 30.0 30.0 30.0
68.5 30.0 30.0 29.999726286791926 29.99952345989279 30.0 30.0 30.0 30.0 30.0 30.0 30.0
68.6 30.0 30.0 29.999732110477204 29.999532459627343 30.0 30.0 30.0 30.0 30.0 30.0 30.0
68.7 30.0 30.0 29.99973781025428 29.99954129212105 30.0 30.0 30.0 30.0 30.0 30.0 30.0
68.8 30.0 30.0 29.999743388759526 29.999549960416427 30.0 30.0 30.0 30.0 30.0 30.0 30.0
68.9 30.0 30.0 29.999748848573198 29.999558467502283 30.0 30.0 30.0 30.0 30.0 30.0 30.0
69.0 30.0 30.0 29.999754192220593 29.99956681631453 30.0 30.0 30.0 30.0 30.0 30.0 30.0
69.1 30.0 30.0 29.999759422173316 29.999575009737125 30.0 30.0 30.0 30.0 30.0 30.0 30.0
69.2 30.0 30.0 29.99976454085052 29.999583050602745 30.0 30.0 30.0 30.0 30.0 30.0 30.0
69.3 30.0 30.0 29.999769550619703 29.99959094169428 30.0 30.0 30.0 30.0 30.0 30.0 30.0
69.4 30.0 30.0 29.99977445379804 29.99959868574502 30.0 30.0 30.0 30.0 30.0 30.0 30.0
69.5 30.0 30.0 29.99977925265337 29.999606285439768 30.0 30.0 30.0 30.0 30.0 30.0 30.0
69.6 30.0 30.0 29.999783949405437 29.999613743415477 30.0 30.0 30.0 30.0 30.0 30.0 30.0
69.7 30.0 30.0 29.99978854622658 29.999621062262634 30.0 30.0 30.0 30.0 30.0 30.0 30.0
69.8 30.0 30.0 29.99979304524308 29.999628244525304 30.0 30.0 30.0 30.0 30.0 30.0 30.0
69.9 30.0 30.0 29.99979744853575 29.999635292702497 30.0 30.0 30.0 30.0 30.0 30.0 30.0
70.0 30.0 30.0 29.99980175814137 29.999642209248513 30.0 30.0 30.0 30.0 30.0 30.0 30.0
70.1 30.0 30.0 29.99980597605328 29.999648996574003 30.0 30.0 30.0 30.0 30.0 30.0 30.0
70.2 30.0 30.0 29.99981010422235 29.999655657046812 30.0 30.0 30.0 30.0 30.0 30.0 30.0
70.3 30.0 30.0 29.999814144558034 29.99966219299215 30.0 30.0 30.0 30.0 30.0 30.0 30.0
70.4 30.0 30.0 29.999818098929147 29.99966860669401 30.0 30.0 30.0 30.0 30.0 30.0 30.0
70.5 30.0 30.0 29.999821969164746 29.99967490039541 30.0 30.0 30.0 30.0 30.0 30.0 30.0
70.6 30.0 30.0 29.99982575705489 29.999681076299332 30.0 30.0 30.0 30.0 30.0 30.0 30.0
70.7 30.0 30.0 29.99982946435161 29.999687136569293 30.0 30.0 30.0 30.0 30.0 30.0 30.0
70.8 30.0 30.0 29.99983309276969 29.999693083330133 30.0 30.0 30.0 30.0 30.0 30.0 30.0
70.9 30.0 30.0 29.999836643987347 29.999698918668578 30.0 30.0 30.0 30.0 30.0 30.0 30.0
71.0 30.0 30.0 29.999840119647185 29.999704644633955 30.0 30.0 30.0 30.0 30.0 30.0 30.0
71.1 30.0 30.0 29.99984352135678 29.999710263238843 30.0 30.0 30.0 30.0 30.0 30.0 30.0
71.2 30.0 30.0 29.999846850689657 29.999715776459542 30.0 30.0 30.0 30.0 30.0 30.0 30.0
71.3 30.0 30.0 29.999850109185672 29.999721186237124 30.0 30.0 30.0 30.0 30.0 30.0 30.0
71.4 30.0 30.0 29.99985329835197 29.999726494477553 30.0 30.0 30.0 30.0 30.0 30.0 30.0
71.5 30.0 30.0 29.99985641966367 29.999731703052518 30.0 30.0 30.0 30.0 30.0 30.0 30.0
71.6 30.0 30.0 29.999859474564456 29.99973681380028 30.0 30.0 30.0 30.0 30.0 30.0 30.0
71.7 30.0 30.0 29.999862464467334 29.999741828525643 30.0 30.0 30.0 30.0 30.0 30.0 30.0
71.8 30.0 30.0 29.999865390755215 29.99974674900122 30.0 30.0 30.0 30.0 30.0 30.0 30.0
71.9 30.0 30.0 29.999868254781703 29.999751576967334 30.0 30.0 30.0 30.0 30.0 30.0 30.0
72.0 30.0 30.0 29.999871057871466 29.9997563141332 30.0 30.0 30.0 30.0 30.0 30.0 30.0
72.1 30.0 30.0 29.999873801321016 29.999760962177028 30.0 30.0 30.0 30.0 30.0 30.0 30.0
72.2 30.0 30.0 29.999876486399295 29.999765522746742 30.0 30.0 30.0 30.0 30.0 30.0 30.0
72.3 30.0 30.0 29.99987911434824 29.999769997460525 30.0 30.0 30.0 30.0 30.0 30.0 30.0
72.4 30.0 30.0 29.99988168638339 29.99977438790727 30.0 30.0 30.0 30.0 30.0 30.0 30.0
72.5 30.0 30.0 29.99988420369434 29.99977869564725 30.0 30.0 30.0 30.0 30.0 30.0 30.0
72.6 30.0 30.0 29.999886667445534 29.9997829222122 30.0 30.0 30.0 30.0 30.0 30.0 30.0
72.7 30.0 30.0 29.99988907877645 29.9997870691064 30.0 30.0 30.0 30.0 30.0 30.0 30.0
72.8 30.0 30.0 29.999891438802482 29.999791137806724 30.0 30.0 30.0 30.0 30.0 30.0 30.0
72.9 30.0 30.0 29.999893748615214 29.99979512976328 30.0 30.0 30.0 30.0 30.0 30.0 30.0
73.0 30.0 30.0 29.999896009283013 29.99979904639985 30.0 30.0 30.0 30.0 30.0 30.0 30.0
73.1 30.0 30.0 29.99989822185151 29.999802889114523 30.0 30.0 30.0 30.0 30.0 30.0 30.0
73.2 30.0 30.0 29.999900387344073 29.999806659279816 30.0 30.0 30.0 30.0 30.0 30.0 30.0
73.3 30.0 30.0 29.999902506762314 29.999810358243383 30.0 30.0 30.0 30.0 30.0 30.0 30.0
73.4 30.0 30.0 29.99990458108655 29.9998139873283 30.0 30.0 30.0 30.0 30.0 30.0 30.0
73.5 30.0 30.0 29.999906611276202 29.999817547833718 30.0 30.0 30.0 30.0 30.0 30.0 30.0
73.6 30.0 30.0 29.99990859827037 29.999821041034973 30.0 30.0 30.0 30.0 30.0 30.0 30.0
73.7 30.0 30.0 29.99991054298803 29.999824468184354 30.0 30.0 30.0 30.0 30.0 30.0 30.0
73.8 30.0 30.0 29.999912446328715 29.999827830511055 30.0 30.0 30.0 30.0 30.0 30.0 30.0
73.9 30.0 30.0 29.99991430917279 29.999831129222173 30.0 30.0 30.0 30.0 30.0 30.0 30.0
74.0 30.0 30.0 29.999916132381863 29.999834365502668 30.0 30.0 30.0 30.0 30.0 30.0 30.0
74.1 30.0 30.0 29.999917916799244 29.99983754051576 30.0 30.0 30.0 30.0 30.0 30.0 30.0
74.2 30.0 30.0 29.99991966325035 29.999840655403496 30.0 30.0 30.0 30.0 30.0 30.0 30.0
74.3 30.0 30.0 29.99992137254289 29.99984371128726 30.0 30.0 30.0 30.0 30.0 30.0 30.0
74.4 30.0 30.0 29.99992304546754 29.9998467092676 30.0 30.0 30.0 30.0 30.0 30.0 30.0
74.5 30.0 30.0 29.99992468279805 29.99984965042532 30.0 30.0 30.0 30.0 30.0 30.0 30.0
74.6 30.0 30.0 29.99992628529172 29.999852535821066 30.0 30.0 30.0 30.0 30.0 30.0 30.0
74.7 30.0 30.0 29.999927853689794 29.999855366496305 30.0 30.0 30.0 30.0 30.0 30.0 30.0
74.8 30.0 30.0 29.999929388717632 29.99985814347343 30.0 30.0 30.0 30.0 30.0 30.0 30.0
74.9 30.0 30.0 29.99993089108532 29.99986086775587 30.0 30.0 30.0 30.0 30.0 30.0 30.0
75.0 30.0 30.0 29.999932361487755 29.999863540328935 30.0 30.0 30.0 30.0 30.0 30.0 30.0
75.1 30.0 30.0 29.999933800605024 29.999866162159773 30.0 30.0 30.0 30.0 30.0 30.0 30.0
75.2 30.0 30.0 29.999935209102798 29.999868734197694 30.0 30.0 30.0 30.0 30.0 30.0 30.0
75.3 30.0 30.0 29.99993658763253 29.999871257374757 30.0 30.0 30.0 30.0 30.0 30.0 30.0
75.4 30.0 30.0 29.99993793683183 29.99987373260581 30.0 30.0 30.0 30.0 30.0 30.0 30.0
75.5 30.0 30.0 29.99993925732477 29.999876160788823 30.0 30.0 30.0 30.0 30.0 30.0 30.0
75.6 30.0 30.0 29.999940549722158 29.999878542805313 30.0 30.0 30.0 30.0 30.0 30.0 30.0
75.7 30.0 30.0 29.999941814621653 29.99988087952071 30.0 30.0 30.0 30.0 30.0 30.0 30.0
75.8 30.0 30.0 29.999943052608426 29.99988317178412 30.0 30.0 30.0 30.0 30.0 30.0 30.0
75.9 30.0 30.0 29.99994426425507 29.999885420429496 30.0 30.0 30.0 30.0 30.0 30.0 30.0
76.0 30.0 30.0 29.99994545012199 29.999887626275264 30.0 30.0 30.0 30.0 30.0 30.0 30.0
76.1 30.0 30.0 29.99994661075769 29.999889790124648 30.0 30.0 30.0 30.0 30.0 30.0 30.0
76.2 30.0 30.0 29.99994774669906 29.99989191276619 30.0 30.0 30.0 30.0 30.0 30.0 30.0
76.3 30.0 30.0 29.99994885847138 29.999893994973956 30.0 30.0 30.0 30.0 30.0 30.0 30.0
76.4 30.0 30.0 29.999949946589005 29.99989603750746 30.0 30.0 30.0 30.0 30.0 30.0 30.0
76.5 30.0 30.0 29.999951011555147 29.999898041112488 30.0 30.0 30.0 30.0 30.0 30.0 30.0
76.6 30.0 30.0 29.99995205386249 29.999900006520733 30.0 30.0 30.0 30.0 30.0 30.0 30.0
76.7 30.0 30.0 29.999953073993062 29.999901934450858 30.0 30.0 30.0 30.0 30.0 30.0 30.0
76.8 30.0 30.0 29.99995407241874 29.999903825607714 30.0 30.0 30.0 30.0 30.0 30.0 30.0
76.9 30.0 30.0 29.999955049601326 29.99990568068352 30.0 30.0 30.0 30.0 30.0 30.0 30.0
77.0 30.0 30.0 29.999956005992765 29.99990750035744 30.0 30.0 30.0 30.0 30.0 30.0 30.0
77.1 30.0 30.0 29.99995694203552 29.999909285296134 30.0 30.0 30.0 30.0 30.0 30.0 30.0
77.2 30.0 30.0 29.99995785816247 29.999911036153954 30.0 30.0 30.0 30.0 30.0 30.0 30.0
77.3 30.0 30.0 29.999958754797305 29.999912753573266 30.0 30.0 30.0 30.0 30.0 30.0 30.0
77.4 30.0 30.0 29.99995963235481 29.999914438184163 30.0 30.0 30.0 30.0 30.0 30.0 30.0
77.5 30.0 30.0 29.999960491240873 29.999916090605385 30.0 30.0 30.0 30.0 30.0 30.0 30.0
77.6 30.0 30.0 29.999961331852766 29.9999177114441 30.0 30.0 30.0 30.0 30.0 30.0 30.0
77.7 30.0 30.0 29.999962154579354 29.999919301296178 30.0 30.0 30.0 30.0 30.0 30.0 30.0
77.8 30.0 30.0 29.999962959801067 29.999920860746567 30.0 30.0 30.0 30.0 30.0 30.0 30.0
77.9 30.0 30.0 29.99996374789042 29.99992239036908 30.0 30.0 30.0 30.0 30.0 30.0 30.0
78.0 30.0 30.0 29.99996451921188 29.999923890727096 30.0 30.0 30.0 30.0 30.0 30.0 30.0
78.1 30.0 30.0 29.99996527412228 29.999925362373425 30.0 30.0 30.0 30.0 30.0 30.0 30.0
78.2 30.0 30.0 29.999966012970717 29.999926805850798 30.0 30.0 30.0 30.0 30.0 30.0 30.0
78.3 30.0 30.0 29.999966736099022 29.999928221691494 30.0 30.0 30.0 30.0 30.0 30.0 30.0
78.4 30.0 30.0 29.999967443841577 29.999929610418214 30.0 30.0 30.0 30.0 30.0 30.0 30.0
78.5 30.0 30.0 29.999968136525805 29.999930972543723 30.0 30.0 30.0 30.0 30.0 30.0 30.0
78.6 30.0 30.0 29.99996881447206 29.999932308571342 30.0 30.0 30.0 30.0 30.0 30.0 30.0
78.7 30.0 30.0 29.99996947799392 29.99993361899506 30.0 30.0 30.0 30.0 30.0 30.0 30.0
78.8 30.0 30.0 29.99997012739829 29.99993490429945 30.0 30.0 30.0 30.0 30.0 30.0 30.0
78.9 30.0 30.0 29.9999707629856 29.99993616496028 30.0 30.0 30.0 30.0 30.0 30.0 30.0
79.0 30.0 30.0 29.999971385049694 29.999937401444523 30.0 30.0 30.0 30.0 30.0 30.0 30.0
79.1 30.0 30.0 29.99997199387841 29.999938614210002 30.0 30.0 30.0 30.0 30.0 30.0 30.0
79.2 30.0 30.0 29.999972589753312 29.99993980370643 30.0 30.0 30.0 30.0 30.0 30.0 30.0
79.3 30.0 30.0 29.999973172950053 29.999940970374908 30.0 30.0 30.0 30.0 30.0 30.0 30.0
79.4 30.0 30.0 29.99997374373838 29.99994211464839 30.0 30.0 30.0 30.0 30.0 30.0 30.0
79.5 30.0 30.0 29.999974302382245 29.999943236951715 30.0 30.0 30.0 30.0 30.0 30.0 30.0
79.6 30.0 30.0 29.999974849140077 29.99994433770175 30.0 30.0 30.0 30.0 30.0 30.0 30.0
79.7 30.0 30.0 29.999975384264797 29.999945417307643 30.0 30.0 30.0 30.0 30.0 30.0 30.0
79.8 30.0 30.0 29.999975908003805 29.999946476170916 30.0 30.0 30.0 30.0 30.0 30.0 30.0
79.9 30.0 30.0 29.99997642059947 29.999947514685253 30.0 30.0 30.0 30.0 30.0 30.0 30.0
80.0 30.0 30.0 29.99997692228884 29.999948533237482 30.0 30.0 30.0 30.0 30.0 30.0 30.0
80.1 30.0 30.0 29.999977413303938 29.999949532206863 30.0 30.0 30.0 30.0 30.0 30.0 30.0
80.2 30.0 30.0 29.99997789387194 29.999950511965487 30.0 30.0 30.0 30.0 30.0 30.0 30.0
80.3 30.0 30.0 29.999978364215092 29.99995147287874 30.0 30.0 30.0 30.0 30.0 30.0 30.0
80.4 30.0 30.0 29.9999788245509 29.99995241530503 30.0 30.0 30.0 30.0 30.0 30.0 30.0
80.5 30.0 30.0 29.99997927509242 29.999953339595844 30.0 30.0 30.0 30.0 30.0 30.0 30.0
80.6 30.0 30.0 29.999979716047864 29.999954246096543 30.0 30.0 30.0 30.0 30.0 30.0 30.0
80.7 30.0 30.0 29.99998014762129 29.99995513514558 30.0 30.0 30.0 30.0 30.0 30.0 30.0
80.8 30.0 30.0 29.999980570012305 29.999956007075248 30.0 30.0 30.0 30.0 30.0 30.0 30.0
80.9 30.0 30.0 29.99998098341625 29.99995686221152 30.0 30.0 30.0 30.0 30.0 30.0 30.0
81.0 30.0 30.0 29.999981388024416 29.999957700874297 30.0 30.0 30.0 30.0 30.0 30.0 30.0
81.1 30.0 30.0 29.999981784023923 29.9999585233775 30.0 30.0 30.0 30.0 30.0 30.0 30.0
81.2 30.0 30.0 29.99998217159793 29.999959330029142 30.0 30.0 30.0 30.0 30.0 30.0 30.0
81.3 30.0 30.0 29.99998255092563 29.99996012113141 30.0 30.0 30.0 30.0 30.0 30.0 30.0
81.4 30.0 30.0 29.999982922182525 29.999960896980756 30.0 30.0 30.0 30.0 30.0 30.0 30.0
81.5 30.0 30.0 29.999983285540367 29.99996165786813 30.0 30.0 30.0 30.0 30.0 30.0 30.0
81.6 30.0 30.0 29.999983641167212 29.999962404078993 30.0 30.0 30.0 30.0 30.0 30.0 30.0
81.7 30.0 30.0 29.99998398922745 29.999963135893488 30.0 30.0 30.0 30.0 30.0 30.0 30.0
81.8 30.0 30.0 29.99998432988217 29.999963853586344 30.0 30.0 30.0 30.0 30.0 30.0 30.0
81.9 30.0 30.0 29.9999846632889 29.999964557427198 30.0 30.0 30.0 30.0 30.0 30.0 30.0
82.0 30.0 30.0 29.99998498960186 29.999965247680638 30.0 30.0 30.0 30.0 30.0 30.0 30.0
82.1 30.0 30.0 29.999985308971986 29.999965924606247 30.0 30.0 30.0 30.0 30.0 30.0 30.0
82.2 30.0 30.0 29.99998562154703 29.99996658845859 30.0 30.0 30.0 30.0 30.0 30.0 30.0
82.3 30.0 30.0 29.99998592747154 29.999967239487688 30.0 30.0 30.0 30.0 30.0 30.0 30.0
82.4 30.0 30.0 29.999986226887064 29.99996787793854 30.0 30.0 30.0 30.0 30.0 30.0 30.0
82.5 30.0 30.0 29.99998651993206 29.999968504051754 30.0 30.0 30.0 30.0 30.0 30.0 30.0
82.6 30.0 30.0 29.99998680674199 29.99996911806336 30.0 30.0 30.0 30.0 30.0 30.0 30.0
82.7 30.0 30.0 29.999987087449593 29.999969720204803 30.0 30.0 30.0 30.0 30.0 30.0 30.0
82.8 30.0 30.0 29.999987362184722 29.999970310703176 30.0 30.0 30.0 30.0 30.0 30.0 30.0
82.9 30.0 30.0 29.99998763107441 29.999970889781466 30.0 30.0 30.0 30.0 30.0 30.0 30.0
83.0 30.0 30.0 29.99998789424309 29.99997145765828 30.0 30.0 30.0 30.0 30.0 30.0 30.0
83.1 30.0 30.0 29.999988151812378 29.99997201454817 30.0 30.0 30.0 30.0 30.0 30.0 30.0
83.2 30.0 30.0 29.999988403901476 29.999972560661533 30.0 30.0 30.0 30.0 30.0 30.0 30.0
83.3 30.0 30.0 29.99998865062697 29.999973096204837 30.0 30.0 30.0 30.0 30.0 30.0 30.0
83.4 30.0 30.0 29.99998889210304 29.999973621380637 30.0 30.0 30.0 30.0 30.0 30.0 30.0
83.5 30.0 30.0 29.999989128441236 29.999974136387873 30.0 30.0 30.0 30.0 30.0 30.0 30.0
83.6 30.0 30.0 29.99998935975099 29.999974641421165 30.0 30.0 30.0 30.0 30.0 30.0 30.0
83.7 30.0 30.0 29.999989586139318 29.99997513667194 30.0 30.0 30.0 30.0 30.0 30.0 30.0
83.8 30.0 30.0 29.999989807710804 29.99997562232806 30.0 30.0 30.0 30.0 30.0 30.0 30.0
83.9 30.0 30.0 29.99999002456801 29.999976098573367 30.0 30.0 30.0 30.0 30.0 30.0 30.0
84.0 30.0 30.0 29.999990236811275 29.99997656558844 30.0 30.0 30.0 30.0 30.0 30.0 30.0
84.1 30.0 30.0 29.999990444538703 29.999977023550674 30.0 30.0 30.0 30.0 30.0 30.0 30.0
84.2 30.0 30.0 29.999990647846374 29.999977472633763 30.0 30.0 30.0 30.0 30.0 30.0 30.0
84.3 30.0 30.0 29.999990846828336 29.99997791300817 30.0 30.0 30.0 30.0 30.0 30.0 30.0
84.4 30.0 30.0 29.999991041576695 29.99997834484119 30.0 30.0 30.0 30.0 30.0 30.0 30.0
84.5 30.0 30.0 29.999991232181433 29.999978768297073 30.0 30.0 30.0 30.0 30.0 30.0 30.0
84.6 30.0 30.0 29.999991418730794 29.99997918353662 30.0 30.0 30.0 30.0 30.0 30.0 30.0
84.7 30.0 30.0 29.999991601310985 29.999979590717945 30.0 30.0 30.0 30.0 30.0 30.0 30.0
84.8 30.0 30.0 29.99999178000647 29.999979989995886 30.0 30.0 30.0 30.0 30.0 30.0 30.0
84.9 30.0 30.0 29.999991954899983 29.99998038152227 30.0 30.0 30.0 30.0 30.0 30.0 30.0
85.0 30.0 30.0 29.999992126072303 29.99998076544651 30.0 30.0 30.0 30.0 30.0 30.0 30.0
85.1 30.0 30.0 29.999992293602677 29.99998114191462 30.0 30.0 30.0 30.0 30.0 30.0 30.0
85.2 30.0 30.0 29.99999245756861 29.99998151107018 30.0 30.0 30.0 30.0 30.0 30.0 30.0
85.3 30.0 30.0 29.99999261804585 29.999981873054022 30.0 30.0 30.0 30.0 30.0 30.0 30.0
85.4 30.0 30.0 29.99999277510872 29.999982228004047 30.0 30.0 30.0 30.0 30.0 30.0 30.0
85.5 30.0 30.0 29.99999292882977 29.99998257605578 30.0 30.0 30.0 30.0 30.0 30.0 30.0
85.6 30.0 30.0 29.999993079280223 29.999982917342003 30.0 30.0 30.0 30.0 30.0 30.0 30.0
85.7 30.0 30.0 29.999993226529543 29.999983251993193 30.0 30.0 30.0 30.0 30.0 30.0 30.0
85.8 30.0 30.0 29.999993370645946 29.99998358013707 30.0 30.0 30.0 30.0 30.0 30.0 30.0
85.9 30.0 30.0 29.999993511695994 29.999983901899142 30.0 30.0 30.0 30.0 30.0 30.0 30.0
86.0 30.0 30.0 29.999993649745004 29.999984217402332 30.0 30.0 30.0 30.0 30.0 30.0 30.0
86.1 30.0 30.0 29.999993784856827 29.999984526767342 30.0 30.0 30.0 30.0 30.0 30.0 30.0
86.2 30.0 30.0 29.999993917093875 29.999984830112652 30.0 30.0 30.0 30.0 30.0 30.0 30.0
86.3 30.0 30.0 29.99999404651739 29.999985127554258 30.0 30.0 30.0 30.0 30.0 30.0 30.0
86.4 30.0 30.0 29.999994173187265 29.999985419205952 30.0 30.0 30.0 30.0 30.0 30.0 30.0
86.5 30.0 30.0 29.999994297162033 29.99998570517973 30.0 30.0 30.0 30.0 30.0 30.0 30.0
86.6 30.0 30.0 29.99999441849898 29.99998598558503 30.0 30.0 30.0 30.0 30.0 30.0 30.0
86.7 30.0 30.0 29.999994537254317 29.999986260529273 30.0 30.0 30.0 30.0 30.0 30.0 30.0
86.8 30.0 30.0 29.9999946534829 29.999986530118136 30.0 30.0 30.0 30.0 30.0 30.0 30.0
86.9 30.0 30.0 29.99999476723863 29.999986794454706 30.0 30.0 30.0 30.0 30.0 30.0 30.0
87.0 30.0 30.0 29.999994878573936 29.99998705364081 30.0 30.0 30.0 30.0 30.0 30.0 30.0
87.1 30.0 30.0 29.999994987540497 29.9999873077756 30.0 30.0 30.0 30.0 30.0 30.0 30.0
87.2 30.0 30.0 29.99999509418862 29.999987556957027 30.0 30.0 30.0 30.0 30.0 30.0 30.0
87.3 30.0 30.0 29.999995198567554 29.99998780128071 30.0 30.0 30.0 30.0 30.0 30.0 30.0
87.4 30.0 30.0 29.999995300725676 29.99998804084048 30.0 30.0 30.0 30.0 30.0 30.0 30.0
87.5 30.0 30.0 29.9999954007102 29.999988275728512 30.0 30.0 30.0 30.0 30.0 30.0 30.0
87.6 30.0 30.0 29.99999549856748 29.999988506035084 30.0 30.0 30.0 30.0 30.0 30.0 30.0
87.7 30.0 30.0 29.999995594342593 29.999988731849033 30.0 30.0 30.0 30.0 30.0 30.0 30.0
87.8 30.0 30.0 29.999995688079952 29.99998895325703 30.0 30.0 30.0 30.0 30.0 30.0 30.0
87.9 30.0 30.0 29.99999577982291 29.999989170344357 30.0 30.0 30.0 30.0 30.0 30.0 30.0
88.0 30.0 30.0 29.999995869613933 29.99998938319467 30.0 30.0 30.0 30.0 30.0 30.0 30.0
88.1 30.0 30.0 29.999995957494537 29.999989591890078 30.0 30.0 30.0 30.0 30.0 30.0 30.0
88.2 30.0 30.0 29.99999604350526 29.999989796511148 30.0 30.0 30.0 30.0 30.0 30.0 30.0
88.3 30.0 30.0 29.999996127685957 29.99998999713653 30.0 30.0 30.0 30.0 30.0 30.0 30.0
88.4 30.0 30.0 29.999996210075633 29.99999019384365 30.0 30.0 30.0 30.0 30.0 30.0 30.0
88.5 30.0 30.0 29.999996290712303 29.999990386708603 30.0 30.0 30.0 30.0 30.0 30.0 30.0
88.6 30.0 30.0 29.999996369633415 29.999990575805622 30.0 30.0 30.0 30.0 30.0 30.0 30.0
88.7 30.0 30.0 29.999996446875254 29.999990761207922 30.0 30.0 30.0 30.0 30.0 30.0 30.0
88.8 30.0 30.0 29.999996522473612 29.999990942987026 30.0 30.0 30.0 30.0 30.0 30.0 30.0
88.9 30.0 30.0 29.99999659646352 29.9999911212131 30.0 30.0 30.0 30.0 30.0 30.0 30.0
89.0 30.0 30.0 29.999996668879234 29.999991295955134 30.0 30.0 30.0 30.0 30.0 30.0 30.0
89.1 30.0 30.0 29.999996739754124 29.999991467280832 30.0 30.0 30.0 30.0 30.0 30.0 30.0
89.2 30.0 30.0 29.99999680912109 29.999991635256226 30.0 30.0 30.0 30.0 30.0 30.0 30.0
89.3 30.0 30.0 29.999996877012162 29.9999917999465 30.0 30.0 30.0 30.0 30.0 30.0 30.0
89.4 30.0 30.0 29.999996943458683 29.999991961415382 30.0 30.0 30.0 30.0 30.0 30.0 30.0
89.5 30.0 30.0 29.999997008491523 29.99999211972518 30.0 30.0 30.0 30.0 30.0 30.0 30.0
89.6 30.0 30.0 29.99999707214067 29.99999227493754 30.0 30.0 30.0 30.0 30.0 30.0 30.0
89.7 30.0 30.0 29.999997134435542 29.999992427112456 30.0 30.0 30.0 30.0 30.0 30.0 30.0
89.8 30.0 30.0 29.99999719540497 29.99999257630898 30.0 30.0 30.0 30.0 30.0 30.0 30.0
89.9 30.0 30.0 29.999997255077112 29.99999272258493 30.0 30.0 30.0 30.0 30.0 30.0 30.0
90.0 30.0 30.0 29.999997313479636 29.999992865996916 30.0 30.0 30.0 30.0 30.0 30.0 30.0
90.1 30.0 30.0 29.999997370639637 29.999993006600683 30.0 30.0 30.0 30.0 30.0 30.0 30.0
90.2 30.0 30.0 29.99999742658343 29.99999314445094 30.0 30.0 30.0 30.0 30.0 30.0 30.0
90.3 30.0 30.0 29.999997481336944 29.99999327960101 30.0 30.0 30.0 30.0 30.0 30.0 30.0
90.4 30.0 30.0 29.999997534925534 29.999993412103425 30.0 30.0 30.0 30.0 30.0 30.0 30.0
90.5 30.0 30.0 29.999997587373965 29.999993542009793 30.0 30.0 30.0 30.0 30.0 30.0 30.0
90.6 30.0 30.0 29.999997638706425 29.999993669370564 30.0 30.0 30.0 30.0 30.0 30.0 30.0
90.7 30.0 30.0 29.99999768894672 29.99999379423516 30.0 30.0 30.0 30.0 30.0 30.0 30.0
90.8 30.0 30.0 29.99999773811807 29.999993916652222 30.0 30.0 30.0 30.0 30.0 30.0 30.0
90.9 30.0 30.0 29.999997786243302 29.999994036669246 30.0 30.0 30.0 30.0 30.0 30.0 30.0
91.0 30.0 30.0 29.999997833344484 29.999994154333237 30.0 30.0 30.0 30.0 30.0 30.0 30.0
91.1 30.0 30.0 29.999997879443484 29.999994269689807 30.0 30.0 30.0 30.0 30.0 30.0 30.0
91.2 30.0 30.0 29.99999792456177 29.999994382783658 30.0 30.0 30.0 30.0 30.0 30.0 30.0
91.3 30.0 30.0 29.999997968720063 29.999994493659173 30.0 30.0 30.0 30.0 30.0 30.0 30.0
91.4 30.0 30.0 29.999998011938864 29.99999460235955 30.0 30.0 30.0 30.0 30.0 30.0 30.0
91.5 30.0 30.0 29.99999805423811 29.999994708927062 30.0 30.0 30.0 30.0 30.0 30.0 30.0
91.6 30.0 30.0 29.999998095637338 29.99999481340333 30.0 30.0 30.0 30.0 30.0 30.0 30.0
91.7 30.0 30.0 29.999998136155714 29.999994915828893 30.0 30.0 30.0 30.0 30.0 30.0 30.0
91.8 30.0 30.0 29.999998175812006 29.99999501624399 30.0 30.0 30.0 30.0 30.0 30.0 30.0
91.9 30.0 30.0 29.999998214624597 29.999995114687593 30.0 30.0 30.0 30.0 30.0 30.0 30.0
92.0 30.0 30.0 29.999998252611288 29.999995211198357 30.0 30.0 30.0 30.0 30.0 30.0 30.0
92.1 30.0 30.0 29.999998289789687 29.9999953058137 30.0 30.0 30.0 30.0 30.0 30.0 30.0
92.2 30.0 30.0 29.999998326177217 29.99999539857054 30.0 30.0 30.0 30.0 30.0 30.0 30.0
92.3 30.0 30.0 29.999998361790514 29.999995489505586 30.0 30.0 30.0 30.0 30.0 30.0 30.0
92.4 30.0 30.0 29.999998396646028 29.999995578654023 30.0 30.0 30.0 30.0 30.0 30.0 30.0
92.5 30.0 30.0 29.999998430760012 29.999995666050644 30.0 30.0 30.0 30.0 30.0 30.0 30.0
92.6 30.0 30.0 29.999998464148145 29.99999575172994 30.0 30.0 30.0 30.0 30.0 30.0 30.0
92.7 30.0 30.0 29.999998496825903 29.999995835725137 30.0 30.0 30.0 30.0 30.0 30.0 30.0
92.8 30.0 30.0 29.99999852880838 29.99999591806932 30.0 30.0 30.0 30.0 30.0 30.0 30.0
92.9 30.0 30.0 29.999998560110285 29.999995998794695 30.0 30.0 30.0 30.0 30.0 30.0 30.0
93.0 30.0 30.0 29.999998590746323 29.999996077932575 30.0 30.0 30.0 30.0 30.0 30.0 30.0
93.1 30.0 30.0 29.999998620730427 29.999996155514467 30.0 30.0 30.0 30.0 30.0 30.0 30.0
93.2 30.0 30.0 29.999998650076535 29.999996231570503 30.0 30.0 30.0 30.0 30.0 30.0 30.0
93.3 30.0 30.0 29.999998678798377 29.999996306130225 30.0 30.0 30.0 30.0 30.0 30.0 30.0
93.4 30.0 30.0 29.999998706909114 29.99999637922322 30.0 30.0 30.0 30.0 30.0 30.0 30.0
93.5 30.0 30.0 29.999998734421716 29.999996450878225 30.0 30.0 30.0 30.0 30.0 30.0 30.0
93.6 30.0 30.0 29.99999876134895 29.999996521123062 30.0 30.0 30.0 30.0 30.0 30.0 30.0
93.7 30.0 30.0 29.999998787703205 29.99999658998559 30.0 30.0 30.0 30.0 30.0 30.0 30.0
93.8 30.0 30.0 29.99999881349667 29.99999665749258 30.0 30.0 30.0 30.0 30.0 30.0 30.0
93.9 30.0 30.0 29.99999883874134 29.999996723670662 30.0 30.0 30.0 30.0 30.0 30.0 30.0
94.0 30.0 30.0 29.999998863449022 29.999996788545538 30.0 30.0 30.0 30.0 30.0 30.0 30.0
94.1 30.0 30.0 29.999998887630937 29.99999685214314 30.0 30.0 30.0 30.0 30.0 30.0 30.0
94.2 30.0 30.0 29.999998911298313 29.999996914488364 30.0 30.0 30.0 30.0 30.0 30.0 30.0
94.3 30.0 30.0 29.999998934462173 29.999996975605526 30.0 30.0 30.0 30.0 30.0 30.0 30.0
94.4 30.0 30.0 29.99999895713317 29.999997035518792 30.0 30.0 30.0 30.0 30.0 30.0 30.0
94.5 30.0 30.0 29.99999897932174 29.999997094251633 30.0 30.0 30.0 30.0 30.0 30.0 30.0
94.6 30.0 30.0 29.999999001038347 29.99999715182698 30.0 30.0 30.0 30.0 30.0 30.0 30.0
94.7 30.0 30.0 29.99999902229285 29.999997208267967 30.0 30.0 30.0 30.0 30.0 30.0 30.0
94.8 30.0 30.0 29.999999043095123 29.999997263596484 30.0 30.0 30.0 30.0 30.0 30.0 30.0
94.9 30.0 30.0 29.99999906345484 29.99999731783442 30.0 30.0 30.0 30.0 30.0 30.0 30.0
95.0 30.0 30.0 29.999999083381287 29.999997371003147 30.0 30.0 30.0 30.0 30.0 30.0 30.0
95.1 30.0 30.0 29.999999102883756 29.999997423123506 30.0 30.0 30.0 30.0 30.0 30.0 30.0
95.2 30.0 30.0 29.999999121971342 29.999997474216173 30.0 30.0 30.0 30.0 30.0 30.0 30.0
95.3 30.0 30.0 29.99999914065275 29.99999752430127 30.0 30.0 30.0 30.0 30.0 30.0 30.0
95.4 30.0 30.0 29.99999915893669 29.99999757339842 30.0 30.0 30.0 30.0 30.0 30.0 30.0
95.5 30.0 30.0 29.999999176831675 29.99999762152706 30.0 30.0 30.0 30.0 30.0 30.0 30.0
95.6 30.0 30.0 29.999999194345833 29.99999766870628 30.0 30.0 30.0 30.0 30.0 30.0 30.0
95.7 30.0 30.0 29.999999211487488 29.999997714954276 30.0 30.0 30.0 30.0 30.0 30.0 30.0
95.8 30.0 30.0 29.999999228264375 29.999997760289787 30.0 30.0 30.0 30.0 30.0 30.0 30.0
95.9 30.0 30.0 29.999999244684236 29.99999780473072 30.0 30.0 30.0 30.0 30.0 30.0 30.0
96.0 30.0 30.0 29.999999260754816 29.999997848294193 30.0 30.0 30.0 30.0 30.0 30.0 30.0
96.1 30.0 30.0 29.99999927648346 29.999997890997914 30.0 30.0 30.0 30.0 30.0 30.0 30.0
96.2 30.0 30.0 29.999999291877337 29.99999793285851 30.0 30.0 30.0 30.0 30.0 30.0 30.0
96.3 30.0 30.0 29.999999306943796 29.99999797389244 30.0 30.0 30.0 30.0 30.0 30.0 30.0
96.4 30.0 30.0 29.999999321689607 29.99999801411615 30.0 30.0 30.0 30.0 30.0 30.0 30.0
96.5 30.0 30.0 29.99999933612174 29.999998053545227 30.0 30.0 30.0 30.0 30.0 30.0 30.0
96.6 30.0 30.0 29.99999935024677 29.9999980921956 30.0 30.0 30.0 30.0 30.0 30.0 30.0
96.7 30.0 30.0 29.999999364071286 29.999998130082314 30.0 30.0 30.0 30.0 30.0 30.0 30.0
96.8 30.0 30.0 29.999999377601664 29.999998167220618 30.0 30.0 30.0 30.0 30.0 30.0 30.0
96.9 30.0 30.0 29.9999993908441 29.999998203625015 30.0 30.0 30.0 30.0 30.0 30.0 30.0
97.0 30.0 30.0 29.999999403804786 29.99999823931007 30.0 30.0 30.0 30.0 30.0 30.0 30.0
97.1 30.0 30.0 29.99999941648972 29.99999827428973 30.0 30.0 30.0 30.0 30.0 30.0 30.0
97.2 30.0 30.0 29.999999428904903 29.999998308577826 30.0 30.0 30.0 30.0 30.0 30.0 30.0
97.3 30.0 30.0 29.999999441055948 29.999998342188178 30.0 30.0 30.0 30.0 30.0 30.0 30.0
97.4 30.0 30.0 29.99999945294846 29.999998375133906 30.0 30.0 30.0 30.0 30.0 30.0 30.0
97.5 30.0 30.0 29.999999464587866 29.99999840742833 30.0 30.0 30.0 30.0 30.0 30.0 30.0
97.6 30.0 30.0 29.99999947597958 29.999998439084038 30.0 30.0 30.0 30.0 30.0 30.0 30.0
97.7 30.0 30.0 29.999999487129013 29.99999847011361 30.0 30.0 30.0 30.0 30.0 30.0 30.0
97.8 30.0 30.0 29.99999949804121 29.999998500529447 30.0 30.0 30.0 30.0 30.0 30.0 30.0
97.9 30.0 30.0 29.999999508721192 29.999998530343635 30.0 30.0 30.0 30.0 30.0 30.0 30.0
98.0 30.0 30.0 29.999999519173997 29.99999855956768 30.0 30.0 30.0 30.0 30.0 30.0 30.0
98.1 30.0 30.0 29.999999529404263 29.99999858821367 30.0 30.0 30.0 30.0 30.0 30.0 30.0
98.2 30.0 30.0 29.999999539417026 29.99999861629262 30.0 30.0 30.0 30.0 30.0 30.0 30.0
98.3 30.0 30.0 29.999999549216735 29.999998643815832 30.0 30.0 30.0 30.0 30.0 30.0 30.0
98.4 30.0 30.0 29.99999955880784 29.999998670794373 30.0 30.0 30.0 30.0 30.0 30.0 30.0
98.5 30.0 30.0 29.999999568194987 29.999998697238695 30.0 30.0 30.0 30.0 30.0 30.0 30.0
98.6 30.0 30.0 29.999999577382237 29.999998723159628 30.0 30.0 30.0 30.0 30.0 30.0 30.0
98.7 30.0 30.0 29.999999586374045 29.99999874856714 30.0 30.0 30.0 30.0 30.0 30.0 30.0
98.8 30.0 30.0 29.999999595174664 29.99999877347131 30.0 30.0 30.0 30.0 30.0 30.0 30.0
98.9 30.0 30.0 29.999999603787963 29.999998797882462 30.0 30.0 30.0 30.0 30.0 30.0 30.0
99.0 30.0 30.0 29.999999612218012 29.999998821810024 30.0 30.0 30.0 30.0 30.0 30.0 30.0
99.1 30.0 30.0 29.999999620468678 29.99999884526358 30.0 30.0 30.0 30.0 30.0 30.0 30.0
99.2 30.0 30.0 29.99999962854383 29.999998868252572 30.0 30.0 30.0 30.0 30.0 30.0 30.0
99.3 30.0 30.0 29.999999636447146 29.999998890786035 30.0 30.0 30.0 30.0 30.0 30.0 30.0
99.4 30.0 30.0 29.9999996441823 29.999998912872865 30.0 30.0 30.0 30.0 30.0 30.0 30.0
99.5 30.0 30.0 29.999999651752972 29.999998934521955 30.0 30.0 30.0 30.0 30.0 30.0 30.0
99.6 30.0 30.0 29.99999965916245 29.999998955742196 30.0 30.0 30.0 30.0 30.0 30.0 30.0
99.7 30.0 30.0 29.999999666414222 29.999998976541605 30.0 30.0 30.0 30.0 30.0 30.0 30.0
99.8 30.0 30.0 29.999999673511763 29.99999899692853 30.0 30.0 30.0 30.0 30.0 30.0 30.0
99.9 30.0 30.0 29.999999680458366 29.999999016911318 30.0 30.0 30.0 30.0 30.0 30.0 30.0
