0.0 0.0 -1073741824.0 -1073741824.0 -1073741824.0 -1073741824.0 -1073741824.0 -1073741824.0 -1073741824.0 -1073741824.0 -1073741824.0 -1073741824.0
0.1 0.6000000000000001 -1073741824.0 -1073741824.0 -1073741824.0 -1073741824.0 -1073741824.0 -1073741824.0 -1073741824.0 -1073741824.0 -1073741824.0 -1073741824.0
0.2 30.0 0.0 0.0 0.0 0.0 0.0 0.0 0.0 0.0 0.0 0.0
0.3 30.0 30.0 30.0 30.0 30.0 30.0 30.0 30.0 30.0 30.0 0.0
0.4 30.0 30.0 30.0 30.0 30.0 30.0 30.0 30.0 30.0 30.0 0.0
0.5 30.0 30.0 30.0 30.0 30.0 30.0 30.0 30.0 30.0 30.0 0.0
0.6 30.0 30.0 30.0 30.0 30.0 30.0 30.0 30.0 30.0 30.0 0.0
0.7 30.0 30.0 30.0 30.0 30.0 30.0 30.0 30.0 30.0 30.0 0.0
0.8 30.0 30.0 30.0 30.0 30.0 30.0 30.0 30.0 30.0 30.0 0.0
0.9 30.0 30.0 30.0 30.0 30.0 30.0 30.0 30.0 30.0 30.0 0.0
1.0 30.0 30.0 30.0 30.0 30.0 30.0 30.0 30.0 30.0 30.0 0.0
1.1 30.0 30.0 30.0 30.0 30.0 30.0 30.0 30.0 30.0 30.0 0.0
1.2 30.0 30.0 30.0 30.0 30.0 30.0 30.0 30.0 30.0 30.0 0.0
1.3 30.0 30.0 30.0 30.0 30.0 30.0 30.0 30.0 30.0 30.0 0.0
1.4 30.0 30.0 30.0 30.0 30.0 30.0 30.0 30.0 30.0 30.0 0.0
1.5 30.0 30.0 30.0 30.0 30.0 30.0 30.0 30.0 30.0 30.0 0.0
1.6 30.0 30.0 30.0 30.0 30.0 30.0 30.0 30.0 30.0 30.0 0.0
1.7 30.0 30.0 30.0 30.0 30.0 30.0 30.0 30.0 30.0 30.0 0.0
1.8 30.0 30.0 30.0 30.0 30.0 30.0 30.0 30.0 30.0 30.0 0.0
1.9 30.0 30.0 30.0 30.0 30.0 30.0 30.0 30.0 30.0 30.0 0.0
2.0 30.0 30.0 30.0 30.0 30.0 30.0 30.0 30.0 30.0 30.0 0.0
2.1 30.0 30.0 30.0 30.0 30.0 30.0 30.0 30.0 30.0 30.0 0.0
2.2 29.908946753386083 29.908946753386083 29.908946753386083 29.908946753386083 29.908946753386083 29.908946753386083 29.908946753386083 29.908946753386083 29.908946753386083 29.908946753386083 0.0
2.3 29.817893506772165 29.817893506772165 29.817893506772165 29.817893506772165 29.817893506772165 29.817893506772165 29.817893506772165 29.817893506772165 29.817893506772165 29.817893506772165 0.0
2.4 29.726840260158248 29.726840260158248 29.726840260158248 29.726840260158248 29.726840260158248 29.726840260158248 29.726840260158248 29.726840260158248 29.726840260158248 29.726840260158248 0.0
2.5 29.63578701354433 29.63578701354433 29.63578701354433 29.63578701354433 29.63578701354433 29.63578701354433 29.63578701354433 29.63578701354433 29.63578701354433 29.63578701354433 0.0
2.6 29.544733766930413 29.544733766930413 29.544733766930413 29.544733766930413 29.544733766930413 29.544733766930413 29.544733766930413 29.544733766930413 29.544733766930413 29.544733766930413 0.0
2.7 29.453680520316496 29.453680520316496 29.453680520316496 29.453680520316496 29.453680520316496 29.453680520316496 29.453680520316496 29.453680520316496 29.453680520316496 29.453680520316496 0.0
2.8 29.36262727370258 29.36262727370258 29.36262727370258 29.36262727370258 29.36262727370258 29.36262727370258 29.36262727370258 29.36262727370258 29.36262727370258 29.36262727370258 0.0
2.9 29.27157402708866 29.27157402708866 29.27157402708866 29.27157402708866 29.27157402708866 29.27157402708866 29.27157402708866 29.27157402708866 29.27157402708866 29.27157402708866 0.0
3.0 29.180520780474744 29.180520780474744 29.180520780474744 29.180520780474744 29.180520780474744 29.180520780474744 29.180520780474744 29.180520780474744 29.180520780474744 29.180520780474744 0.0
3.1 29.089467533860827 29.089467533860827 29.089467533860827 29.089467533860827 29.089467533860827 29.089467533860827 29.089467533860827 29.089467533860827 29.089467533860827 29.089467533860827 0.0
3.2 28.99841428724691 28.99841428724691 28.99841428724691 28.99841428724691 28.99841428724691 28.99841428724691 28.99841428724691 28.99841428724691 28.99841428724691 28.99841428724691 0.0
3.3 28.907361040632992 28.907361040632992 28.907361040632992 28.907361040632992 28.907361040632992 28.907361040632992 28.907361040632992 28.907361040632992 28.907361040632992 28.907361040632992 0.0
3.4 28.816307794019075 28.816307794019075 28.816307794019075 28.816307794019075 28.816307794019075 28.816307794019075 28.816307794019075 28.816307794019075 28.816307794019075 28.816307794019075 0.0
3.5 28.725254547405157 28.725254547405157 28.725254547405157 28.725254547405157 28.725254547405157 28.725254547405157 28.725254547405157 28.725254547405157 28.725254547405157 28.725254547405157 0.0
3.6 28.63420130079124 28.63420130079124 28.63420130079124 28.63420130079124 28.63420130079124 28.63420130079124 28.63420130079124 28.63420130079124 28.63420130079124 28.63420130079124 0.0
3.7 28.543148054177323 28.543148054177323 28.543148054177323 28.543148054177323 28.543148054177323 28.543148054177323 28.543148054177323 28.543148054177323 28.543148054177323 28.543148054177323 0.0
3.8 28.452094807563405 28.452094807563405 28.452094807563405 28.452094807563405 28.452094807563405 28.452094807563405 28.452094807563405 28.452094807563405 28.452094807563405 28.452094807563405 0.0
3.9 28.361041560949488 28.361041560949488 28.361041560949488 28.361041560949488 28.361041560949488 28.361041560949488 28.361041560949488 28.361041560949488 28.361041560949488 28.361041560949488 0.0
4.0 28.26998831433557 28.26998831433557 28.26998831433557 28.26998831433557 28.26998831433557 28.26998831433557 28.26998831433557 28.26998831433557 28.26998831433557 28.26998831433557 0.0
4.1 28.178935067721653 28.178935067721653 28.178935067721653 28.178935067721653 28.178935067721653 28.178935067721653 28.178935067721653 28.178935067721653 28.178935067721653 28.178935067721653 0.0
4.2 28.087881821107736 28.087881821107736 28.087881821107736 28.087881821107736 28.087881821107736 28.087881821107736 28.087881821107736 28.087881821107736 28.087881821107736 28.087881821107736 0.0
4.3 27.99682857449382 27.99682857449382 27.99682857449382 27.99682857449382 27.99682857449382 27.99682857449382 27.99682857449382 27.99682857449382 27.99682857449382 27.99682857449382 0.0
4.4 27.9057753278799 27.9057753278799 27.9057753278799 27.9057753278799 27.9057753278799 27.9057753278799 27.9057753278799 27.9057753278799 27.9057753278799 27.9057753278799 0.0
4.5 27.814722081265984 27.814722081265984 27.814722081265984 27.814722081265984 27.814722081265984 27.814722081265984 27.814722081265984 27.814722081265984 27.814722081265984 27.814722081265984 0.0
4.6 27.723668834652067 27.723668834652067 27.723668834652067 27.723668834652067 27.723668834652067 27.723668834652067 27.723668834652067 27.723668834652067 27.723668834652067 27.723668834652067 0.0
4.7 27.63261558803815 27.63261558803815 27.63261558803815 27.63261558803815 27.63261558803815 27.63261558803815 27.63261558803815 27.63261558803815 27.63261558803815 27.63261558803815 0.0
4.8 27.541562341424232 27.541562341424232 27.541562341424232 27.541562341424232 27.541562341424232 27.541562341424232 27.541562341424232 27.541562341424232 27.541562341424232 27.541562341424232 0.0
4.9 27.450509094810315 27.450509094810315 27.450509094810315 27.450509094810315 27.450509094810315 27.450509094810315 27.450509094810315 27.450509094810315 27.450509094810315 27.450509094810315 0.0
5.0 27.359455848196397 27.359455848196397 27.359455848196397 27.359455848196397 27.359455848196397 27.359455848196397 27.359455848196397 27.359455848196397 27.359455848196397 27.359455848196397 0.0
5.1 27.26840260158248 27.26840260158248 27.26840260158248 27.26840260158248 27.26840260158248 27.26840260158248 27.26840260158248 27.26840260158248 27.26840260158248 27.26840260158248 0.0
5.2 27.177349354968563 27.177349354968563 27.177349354968563 27.177349354968563 27.177349354968563 27.177349354968563 27.177349354968563 27.177349354968563 27.177349354968563 27.177349354968563 0.0
5.3 27.086296108354645 27.086296108354645 27.086296108354645 27.086296108354645 27.086296108354645 27.086296108354645 27.086296108354645 27.086296108354645 27.086296108354645 27.086296108354645 0.0
5.4 26.995242861740728 26.995242861740728 26.995242861740728 26.995242861740728 26.995242861740728 26.995242861740728 26.995242861740728 26.995242861740728 26.995242861740728 26.995242861740728 0.0
5.5 26.90418961512681 26.90418961512681 26.90418961512681 26.90418961512681 26.90418961512681 26.90418961512681 26.90418961512681 26.90418961512681 26.90418961512681 26.90418961512681 0.0
5.6 26.813136368512893 26.813136368512893 26.813136368512893 26.813136368512893 26.813136368512893 26.813136368512893 26.813136368512893 26.813136368512893 26.813136368512893 26.813136368512893 0.0
5.7 26.722083121898976 26.722083121898976 26.722083121898976 26.722083121898976 26.722083121898976 26.722083121898976 26.722083121898976 26.722083121898976 26.722083121898976 26.722083121898976 0.0
5.8 26.63102987528506 26.63102987528506 26.63102987528506 26.63102987528506 26.63102987528506 26.63102987528506 26.63102987528506 26.63102987528506 26.63102987528506 26.63102987528506 0.0
5.9 26.53997662867114 26.53997662867114 26.53997662867114 26.53997662867114 26.53997662867114 26.53997662867114 26.53997662867114 26.53997662867114 26.53997662867114 26.53997662867114 0.0
6.0 26.448923382057224 26.448923382057224 26.448923382057224 26.448923382057224 26.448923382057224 26.448923382057224 26.448923382057224 26.448923382057224 26.448923382057224 26.448923382057224 0.0
6.1 26.357870135443306 26.357870135443306 26.357870135443306 26.357870135443306 26.357870135443306 26.357870135443306 26.357870135443306 26.357870135443306 26.357870135443306 26.357870135443306 0.0
6.2 26.26681688882939 26.26681688882939 26.26681688882939 26.26681688882939 26.26681688882939 26.26681688882939 26.26681688882939 26.26681688882939 26.26681688882939 26.26681688882939 0.0
6.3 26.175763642215472 26.175763642215472 26.175763642215472 26.175763642215472 26.175763642215472 26.175763642215472 26.175763642215472 26.175763642215472 26.175763642215472 26.175763642215472 0.0
6.4 26.084710395601554 26.084710395601554 26.084710395601554 26.084710395601554 26.084710395601554 26.084710395601554 26.084710395601554 26.084710395601554 26.084710395601554 26.084710395601554 0.0
6.5 25.993657148987637 25.993657148987637 25.993657148987637 25.993657148987637 25.993657148987637 25.993657148987637 25.993657148987637 25.993657148987637 25.993657148987637 25.993657148987637 0.0
6.6 25.90260390237372 25.90260390237372 25.90260390237372 25.90260390237372 25.90260390237372 25.90260390237372 25.90260390237372 25.90260390237372 25.90260390237372 25.90260390237372 0.0
6.7 25.811550655759802 25.811550655759802 25.811550655759802 25.811550655759802 25.811550655759802 25.811550655759802 25.811550655759802 25.811550655759802 25.811550655759802 25.811550655759802 0.0
6.8 25.720497409145885 25.720497409145885 25.720497409145885 25.720497409145885 25.720497409145885 25.720497409145885 25.720497409145885 25.720497409145885 25.720497409145885 25.720497409145885 0.0
6.9 25.629444162531968 25.629444162531968 25.629444162531968 25.629444162531968 25.629444162531968 25.629444162531968 25.629444162531968 25.629444162531968 25.629444162531968 25.629444162531968 0.0
7.0 25.53839091591805 25.53839091591805 25.53839091591805 25.53839091591805 25.53839091591805 25.53839091591805 25.53839091591805 25.53839091591805 25.53839091591805 25.53839091591805 0.0
7.1 25.447337669304133 25.447337669304133 25.447337669304133 25.447337669304133 25.447337669304133 25.447337669304133 25.447337669304133 25.447337669304133 25.447337669304133 25.447337669304133 0.0
7.2 25.356284422690216 25.356284422690216 25.356284422690216 25.356284422690216 25.356284422690216 25.356284422690216 25.356284422690216 25.356284422690216 25.356284422690216 25.356284422690216 0.0
7.3 25.2652311760763 25.2652311760763 25.2652311760763 25.2652311760763 25.2652311760763 25.2652311760763 25.2652311760763 25.2652311760763 25.2652311760763 25.2652311760763 0.0
7.4 25.17417792946238 25.17417792946238 25.17417792946238 25.17417792946238 25.17417792946238 25.17417792946238 25.17417792946238 25.17417792946238 25.17417792946238 25.17417792946238 0.0
7.5 25.083124682848464 25.083124682848464 25.083124682848464 25.083124682848464 25.083124682848464 25.083124682848464 25.083124682848464 25.083124682848464 25.083124682848464 25.083124682848464 0.0
7.6 24.992071436234546 24.992071436234546 24.992071436234546 24.992071436234546 24.992071436234546 24.992071436234546 24.992071436234546 24.992071436234546 24.992071436234546 24.992071436234546 0.0
7.7 24.90101818962063 24.90101818962063 24.90101818962063 24.90101818962063 24.90101818962063 24.90101818962063 24.90101818962063 24.90101818962063 24.90101818962063 24.90101818962063 0.0
7.8 24.80996494300671 24.80996494300671 24.80996494300671 24.80996494300671 24.80996494300671 24.80996494300671 24.80996494300671 24.80996494300671 24.80996494300671 24.80996494300671 0.0
7.9 24.718911696392794 24.718911696392794 24.718911696392794 24.718911696392794 24.718911696392794 24.718911696392794 24.718911696392794 24.718911696392794 24.718911696392794 24.718911696392794 0.0
8.0 24.627858449778877 24.627858449778877 24.627858449778877 24.627858449778877 24.627858449778877 24.627858449778877 24.627858449778877 24.627858449778877 24.627858449778877 24.627858449778877 0.0
8.1 24.53680520316496 24.53680520316496 24.53680520316496 24.53680520316496 24.53680520316496 24.53680520316496 24.53680520316496 24.53680520316496 24.53680520316496 24.53680520316496 0.0
8.2 24.445751956551042 24.445751956551042 24.445751956551042 24.445751956551042 24.445751956551042 24.445751956551042 24.445751956551042 24.445751956551042 24.445751956551042 24.445751956551042 0.0
8.3 24.354698709937125 24.354698709937125 24.354698709937125 24.354698709937125 24.354698709937125 24.354698709937125 24.354698709937125 24.354698709937125 24.354698709937125 24.354698709937125 0.0
8.4 24.263645463323208 24.263645463323208 24.263645463323208 24.263645463323208 24.263645463323208 24.263645463323208 24.263645463323208 24.263645463323208 24.263645463323208 24.263645463323208 0.0
8.5 24.17259221670929 24.17259221670929 24.17259221670929 24.17259221670929 24.17259221670929 24.17259221670929 24.17259221670929 24.17259221670929 24.17259221670929 24.17259221670929 0.0
8.6 24.081538970095373 24.081538970095373 24.081538970095373 24.081538970095373 24.081538970095373 24.081538970095373 24.081538970095373 24.081538970095373 24.081538970095373 24.081538970095373 0.0
8.7 23.990485723481456 23.990485723481456 23.990485723481456 23.990485723481456 23.990485723481456 23.990485723481456 23.990485723481456 23.990485723481456 23.990485723481456 23.990485723481456 0.0
8.8 23.89943247686754 23.89943247686754 23.89943247686754 23.89943247686754 23.89943247686754 23.89943247686754 23.89943247686754 23.89943247686754 23.89943247686754 23.89943247686754 0.0
8.9 23.80837923025362 23.80837923025362 23.80837923025362 23.80837923025362 23.80837923025362 23.80837923025362 23.80837923025362 23.80837923025362 23.80837923025362 23.80837923025362 0.0
9.0 23.717325983639704 23.717325983639704 23.717325983639704 23.717325983639704 23.717325983639704 23.717325983639704 23.717325983639704 23.717325983639704 23.717325983639704 23.717325983639704 0.0
9.1 23.626272737025786 23.626272737025786 23.626272737025786 23.626272737025786 23.626272737025786 23.626272737025786 23.626272737025786 23.626272737025786 23.626272737025786 23.626272737025786 0.0
9.2 23.53521949041187 23.53521949041187 23.53521949041187 23.53521949041187 23.53521949041187 23.53521949041187 23.53521949041187 23.53521949041187 23.53521949041187 23.53521949041187 0.0
9.3 23.44416624379795 23.44416624379795 23.44416624379795 23.44416624379795 23.44416624379795 23.44416624379795 23.44416624379795 23.44416624379795 23.44416624379795 23.44416624379795 0.0
9.4 23.353112997184034 23.353112997184034 23.353112997184034 23.353112997184034 23.353112997184034 23.353112997184034 23.353112997184034 23.353112997184034 23.353112997184034 23.353112997184034 0.0
9.5 23.262059750570117 23.262059750570117 23.262059750570117 23.262059750570117 23.262059750570117 23.262059750570117 23.262059750570117 23.262059750570117 23.262059750570117 23.262059750570117 0.0
9.6 23.1710065039562 23.1710065039562 23.1710065039562 23.1710065039562 23.1710065039562 23.1710065039562 23.1710065039562 23.1710065039562 23.1710065039562 23.1710065039562 0.0
9.7 23.079953257342282 23.079953257342282 23.079953257342282 23.079953257342282 23.079953257342282 23.079953257342282 23.079953257342282 23.079953257342282 23.079953257342282 23.079953257342282 0.0
9.8 22.988900010728365 22.988900010728365 22.988900010728365 22.988900010728365 22.988900010728365 22.988900010728365 22.988900010728365 22.988900010728365 22.988900010728365 22.988900010728365 0.0
9.9 22.897846764114448 22.897846764114448 22.897846764114448 22.897846764114448 22.897846764114448 22.897846764114448 22.897846764114448 22.897846764114448 22.897846764114448 22.897846764114448 0.0
10.0 22.80679351750053 22.80679351750053 22.80679351750053 22.80679351750053 22.80679351750053 22.80679351750053 22.80679351750053 22.80679351750053 22.80679351750053 22.80679351750053 0.0
10.1 22.715740270886613 22.715740270886613 22.715740270886613 22.715740270886613 22.715740270886613 22.715740270886613 22.715740270886613 22.715740270886613 22.715740270886613 22.715740270886613 0.0
10.2 22.624687024272696 22.624687024272696 22.624687024272696 22.624687024272696 22.624687024272696 22.624687024272696 22.624687024272696 22.624687024272696 22.624687024272696 22.624687024272696 0.0
10.3 22.53363377765878 22.53363377765878 22.53363377765878 22.53363377765878 22.53363377765878 22.53363377765878 22.53363377765878 22.53363377765878 22.53363377765878 22.53363377765878 0.0
10.4 22.44258053104486 22.44258053104486 22.44258053104486 22.44258053104486 22.44258053104486 22.44258053104486 22.44258053104486 22.44258053104486 22.44258053104486 22.44258053104486 0.0
10.5 22.351527284430944 22.351527284430944 22.351527284430944 22.351527284430944 22.351527284430944 22.351527284430944 22.351527284430944 22.351527284430944 22.351527284430944 22.351527284430944 0.0
10.6 22.260474037817026 22.260474037817026 22.260474037817026 22.260474037817026 22.260474037817026 22.260474037817026 22.260474037817026 22.260474037817026 22.260474037817026 22.260474037817026 0.0
10.7 22.16942079120311 22.16942079120311 22.16942079120311 22.16942079120311 22.16942079120311 22.16942079120311 22.16942079120311 22.16942079120311 22.16942079120311 22.16942079120311 0.0
10.8 22.07836754458919 22.07836754458919 22.07836754458919 22.07836754458919 22.07836754458919 22.07836754458919 22.07836754458919 22.07836754458919 22.07836754458919 22.07836754458919 0.0
10.9 21.987314297975274 21.987314297975274 21.987314297975274 21.987314297975274 21.987314297975274 21.987314297975274 21.987314297975274 21.987314297975274 21.987314297975274 21.987314297975274 0.0
11.0 21.896261051361357 21.896261051361357 21.896261051361357 21.896261051361357 21.896261051361357 21.896261051361357 21.896261051361357 21.896261051361357 21.896261051361357 21.896261051361357 0.0
11.1 21.80520780474744 21.80520780474744 21.80520780474744 21.80520780474744 21.80520780474744 21.80520780474744 21.80520780474744 21.80520780474744 21.80520780474744 21.80520780474744 0.0
11.2 21.714154558133522 21.714154558133522 21.714154558133522 21.714154558133522 21.714154558133522 21.714154558133522 21.714154558133522 21.714154558133522 21.714154558133522 21.714154558133522 0.0
11.3 21.623101311519605 21.623101311519605 21.623101311519605 21.623101311519605 21.623101311519605 21.623101311519605 21.623101311519605 21.623101311519605 21.623101311519605 21.623101311519605 0.0
11.4 21.532048064905688 21.532048064905688 21.532048064905688 21.532048064905688 21.532048064905688 21.532048064905688 21.532048064905688 21.532048064905688 21.532048064905688 21.532048064905688 0.0
11.5 21.44099481829177 21.44099481829177 21.44099481829177 21.44099481829177 21.44099481829177 21.44099481829177 21.44099481829177 21.44099481829177 21.44099481829177 21.44099481829177 0.0
11.6 21.349941571677853 21.349941571677853 21.349941571677853 21.349941571677853 21.349941571677853 21.349941571677853 21.349941571677853 21.349941571677853 21.349941571677853 21.349941571677853 0.0
11.7 21.258888325063936 21.258888325063936 21.258888325063936 21.258888325063936 21.258888325063936 21.258888325063936 21.258888325063936 21.258888325063936 21.258888325063936 21.258888325063936 0.0
11.8 21.167835078450018 21.167835078450018 21.167835078450018 21.167835078450018 21.167835078450018 21.167835078450018 21.167835078450018 21.167835078450018 21.167835078450018 21.167835078450018 0.0
11.9 21.0767818318361 21.0767818318361 21.0767818318361 21.0767818318361 21.0767818318361 21.0767818318361 21.0767818318361 21.0767818318361 21.0767818318361 21.0767818318361 0.0
12.0 20.985728585222184 20.985728585222184 20.985728585222184 20.985728585222184 20.985728585222184 20.985728585222184 20.985728585222184 20.985728585222184 20.985728585222184 20.985728585222184 0.0
12.1 20.894675338608266 20.894675338608266 20.894675338608266 20.894675338608266 20.894675338608266 20.894675338608266 20.894675338608266 20.894675338608266 20.894675338608266 20.894675338608266 0.0
12.2 20.80362209199435 20.80362209199435 20.80362209199435 20.80362209199435 20.80362209199435 20.80362209199435 20.80362209199435 20.80362209199435 20.80362209199435 20.80362209199435 0.0
12.3 20.71256884538043 20.71256884538043 20.71256884538043 20.71256884538043 20.71256884538043 20.71256884538043 20.71256884538043 20.71256884538043 20.71256884538043 20.71256884538043 0.0
12.4 20.621515598766514 20.621515598766514 20.621515598766514 20.621515598766514 20.621515598766514 20.621515598766514 20.621515598766514 20.621515598766514 20.621515598766514 20.621515598766514 0.0
12.5 20.530462352152597 20.530462352152597 20.530462352152597 20.530462352152597 20.530462352152597 20.530462352152597 20.530462352152597 20.530462352152597 20.530462352152597 20.530462352152597 0.0
12.6 20.43940910553868 20.43940910553868 20.43940910553868 20.43940910553868 20.43940910553868 20.43940910553868 20.43940910553868 20.43940910553868 20.43940910553868 20.43940910553868 0.0
12.7 20.348355858924762 20.348355858924762 20.348355858924762 20.348355858924762 20.348355858924762 20.348355858924762 20.348355858924762 20.348355858924762 20.348355858924762 20.348355858924762 0.0
12.8 20.257302612310845 20.257302612310845 20.257302612310845 20.257302612310845 20.257302612310845 20.257302612310845 20.257302612310845 20.257302612310845 20.257302612310845 20.257302612310845 0.0
12.9 20.166249365696927 20.166249365696927 20.166249365696927 20.166249365696927 20.166249365696927 20.166249365696927 20.166249365696927 20.166249365696927 20.166249365696927 20.166249365696927 0.0
13.0 20.07519611908301 20.07519611908301 20.07519611908301 20.07519611908301 20.07519611908301 20.07519611908301 20.07519611908301 20.07519611908301 20.07519611908301 20.07519611908301 0.0
13.1 19.984142872469093 19.984142872469093 19.984142872469093 19.984142872469093 19.984142872469093 19.984142872469093 19.984142872469093 19.984142872469093 19.984142872469093 19.984142872469093 0.0
13.2 19.984142872469093 19.893089625855175 19.893089625855175 19.893089625855175 19.893089625855175 19.893089625855175 19.893089625855175 19.893089625855175 19.893089625855175 19.893089625855175 0.0
13.3 19.984142872469093 19.802036379241258 19.802036379241258 19.802036379241258 19.802036379241258 19.802036379241258 19.802036379241258 19.802036379241258 19.802036379241258 19.802036379241258 0.0
13.4 19.984142872469093 19.71098313262734 19.71098313262734 19.71098313262734 19.71098313262734 19.71098313262734 19.71098313262734 19.71098313262734 19.71098313262734 19.71098313262734 0.0
13.5 19.984142872469093 19.619929886013423 19.619929886013423 19.619929886013423 19.619929886013423 19.619929886013423 19.619929886013423 19.619929886013423 19.619929886013423 19.619929886013423 0.0
13.6 19.984142872469093 19.528876639399506 19.528876639399506 19.528876639399506 19.528876639399506 19.528876639399506 19.528876639399506 19.528876639399506 19.528876639399506 19.528876639399506 0.0
13.7 19.984142872469093 19.43782339278559 19.43782339278559 19.43782339278559 19.43782339278559 19.43782339278559 19.43782339278559 19.43782339278559 19.43782339278559 19.43782339278559 0.0
13.8 19.984142872469093 19.34677014617167 19.34677014617167 19.34677014617167 19.34677014617167 19.34677014617167 19.34677014617167 19.34677014617167 19.34677014617167 19.34677014617167 0.0
13.9 19.984142872469093 19.255716899557754 19.255716899557754 19.255716899557754 19.255716899557754 19.255716899557754 19.255716899557754 19.255716899557754 19.255716899557754 19.255716899557754 0.0
14.0 19.984142872469093 19.164663652943837 19.164663652943837 19.164663652943837 19.164663652943837 19.164663652943837 19.164663652943837 19.164663652943837 19.164663652943837 19.164663652943837 0.0
14.1 19.984142872469093 19.07361040632992 19.07361040632992 19.07361040632992 19.07361040632992 19.07361040632992 19.07361040632992 19.07361040632992 19.07361040632992 19.07361040632992 0.0
14.2 19.984142872469093 18.982557159716002 18.982557159716002 18.982557159716002 18.982557159716002 18.982557159716002 18.982557159716002 18.982557159716002 18.982557159716002 18.982557159716002 0.0
14.3 19.984142872469093 18.891503913102085 18.891503913102085 18.891503913102085 18.891503913102085 18.891503913102085 18.891503913102085 18.891503913102085 18.891503913102085 18.891503913102085 0.0
14.4 19.984142872469093 18.800450666488167 18.800450666488167 18.800450666488167 18.800450666488167 18.800450666488167 18.800450666488167 18.800450666488167 18.800450666488167 18.800450666488167 0.0
14.5 19.984142872469093 18.70939741987425 18.70939741987425 18.70939741987425 18.70939741987425 18.70939741987425 18.70939741987425 18.70939741987425 18.70939741987425 18.70939741987425 0.0
14.6 20.584142872469094 18.618344173260333 18.618344173260333 18.618344173260333 18.618344173260333 18.618344173260333 18.618344173260333 18.618344173260333 18.618344173260333 18.618344173260333 0.0
14.7 21.184142872469096 18.527290926646415 18.527290926646415 18.527290926646415 18.527290926646415 18.527290926646415 18.527290926646415 18.527290926646415 18.527290926646415 18.527290926646415 0.0
14.8 21.784142872469097 18.527290926646415 18.436237680032498 18.436237680032498 18.436237680032498 18.436237680032498 18.436237680032498 18.436237680032498 18.436237680032498 18.436237680032498 0.0
14.9 22.3841428724691 18.527290926646415 18.34518443341858 18.34518443341858 18.34518443341858 18.34518443341858 18.34518443341858 18.34518443341858 18.34518443341858 18.34518443341858 0.0
15.0 22.9841428724691 18.527290926646415 18.254131186804663 18.254131186804663 18.254131186804663 18.254131186804663 18.254131186804663 18.254131186804663 18.254131186804663 18.254131186804663 0.0
15.1 23.5841428724691 18.527290926646415 18.163077940190746 18.163077940190746 18.163077940190746 18.163077940190746 18.163077940190746 18.163077940190746 18.163077940190746 18.163077940190746 0.0
15.2 24.184142872469103 18.527290926646415 18.07202469357683 18.07202469357683 18.07202469357683 18.07202469357683 18.07202469357683 18.07202469357683 18.07202469357683 18.07202469357683 0.0
15.3 24.784142872469104 18.527290926646415 17.98097144696291 17.98097144696291 17.98097144696291 17.98097144696291 17.98097144696291 17.98097144696291 17.98097144696291 17.98097144696291 0.0
15.4 25.384142872469106 18.527290926646415 17.889918200348994 17.889918200348994 17.889918200348994 17.889918200348994 17.889918200348994 17.889918200348994 17.889918200348994 17.889918200348994 0.0
15.5 25.984142872469107 18.527290926646415 17.798864953735077 17.798864953735077 17.798864953735077 17.798864953735077 17.798864953735077 17.798864953735077 17.798864953735077 17.798864953735077 0.0
15.6 26.58414287246911 18.527290926646415 17.70781170712116 17.70781170712116 17.70781170712116 17.70781170712116 17.70781170712116 17.70781170712116 17.70781170712116 17.70781170712116 0.0
15.7 27.18414287246911 18.527290926646415 17.616758460507242 17.616758460507242 17.616758460507242 17.616758460507242 17.616758460507242 17.616758460507242 17.616758460507242 17.616758460507242 0.0
15.8 27.78414287246911 18.527290926646415 17.525705213893325 17.525705213893325 17.525705213893325 17.525705213893325 17.525705213893325 17.525705213893325 17.525705213893325 17.525705213893325 0.0
15.9 28.384142872469113 18.527290926646415 17.434651967279407 17.434651967279407 17.434651967279407 17.434651967279407 17.434651967279407 17.434651967279407 17.434651967279407 17.434651967279407 0.0
16.0 28.984142872469114 18.527290926646415 17.34359872066549 17.34359872066549 17.34359872066549 17.34359872066549 17.34359872066549 17.34359872066549 17.34359872066549 17.34359872066549 0.0
16.1 29.584142872469116 18.527290926646415 17.252545474051573 17.252545474051573 17.252545474051573 17.252545474051573 17.252545474051573 17.252545474051573 17.252545474051573 17.252545474051573 0.0
16.2 30.0 19.127290926646417 17.161492227437655 17.161492227437655 17.161492227437655 17.161492227437655 17.161492227437655 17.161492227437655 17.161492227437655 17.161492227437655 0.0
16.3 30.0 19.72729092664642 17.070438980823738 17.070438980823738 17.070438980823738 17.070438980823738 17.070438980823738 17.070438980823738 17.070438980823738 17.070438980823738 0.0
16.4 30.0 20.32729092664642 17.070438980823738 16.97938573420982 16.97938573420982 16.97938573420982 16.97938573420982 16.97938573420982 16.97938573420982 16.97938573420982 0.0
16.5 30.0 20.92729092664642 17.070438980823738 16.888332487595903 16.888332487595903 16.888332487595903 16.888332487595903 16.888332487595903 16.888332487595903 16.888332487595903 0.0
16.6 30.0 21.527290926646423 17.070438980823738 16.797279240981986 16.797279240981986 16.797279240981986 16.797279240981986 16.797279240981986 16.797279240981986 16.797279240981986 0.0
16.7 30.0 22.127290926646424 17.070438980823738 16.70622599436807 16.70622599436807 16.70622599436807 16.70622599436807 16.70622599436807 16.70622599436807 16.70622599436807 0.0
16.8 30.0 22.727290926646425 17.070438980823738 16.61517274775415 16.61517274775415 16.61517274775415 16.61517274775415 16.61517274775415 16.61517274775415 16.61517274775415 0.0
16.9 30.0 23.327290926646427 17.070438980823738 16.524119501140234 16.524119501140234 16.524119501140234 16.524119501140234 16.524119501140234 16.524119501140234 16.524119501140234 0.0
17.0 30.0 23.927290926646428 17.070438980823738 16.433066254526317 16.433066254526317 16.433066254526317 16.433066254526317 16.433066254526317 16.433066254526317 16.433066254526317 0.0
17.1 30.0 24.52729092664643 17.070438980823738 16.3420130079124 16.3420130079124 16.3420130079124 16.3420130079124 16.3420130079124 16.3420130079124 16.3420130079124 0.0
17.2 30.0 25.12729092664643 17.070438980823738 16.250959761298482 16.250959761298482 16.250959761298482 16.250959761298482 16.250959761298482 16.250959761298482 16.250959761298482 0.0
17.3 30.0 25.727290926646432 17.070438980823738 16.159906514684565 16.159906514684565 16.159906514684565 16.159906514684565 16.159906514684565 16.159906514684565 16.159906514684565 0.0
17.4 30.0 26.327290926646434 17.070438980823738 16.068853268070647 16.068853268070647 16.068853268070647 16.068853268070647 16.068853268070647 16.068853268070647 16.068853268070647 0.0
17.5 30.0 26.927290926646435 17.070438980823738 15.97780002145673 15.97780002145673 15.97780002145673 15.97780002145673 15.97780002145673 15.97780002145673 15.97780002145673 0.0
17.6 30.0 27.527290926646437 17.070438980823738 15.886746774842813 15.886746774842813 15.886746774842813 15.886746774842813 15.886746774842813 15.886746774842813 15.886746774842813 0.0
17.7 30.0 28.127290926646438 17.070438980823738 15.795693528228895 15.795693528228895 15.795693528228895 15.795693528228895 15.795693528228895 15.795693528228895 15.795693528228895 0.0
17.8 30.0 28.72729092664644 17.67043898082374 15.704640281614978 15.704640281614978 15.704640281614978 15.704640281614978 15.704640281614978 15.704640281614978 15.704640281614978 0.0
17.9 30.0 29.32729092664644 18.27043898082374 15.61358703500106 15.61358703500106 15.61358703500106 15.61358703500106 15.61358703500106 15.61358703500106 15.61358703500106 0.0
18.0 30.0 29.927290926646442 18.870438980823742 15.61358703500106 15.522533788387143 15.522533788387143 15.522533788387143 15.522533788387143 15.522533788387143 15.522533788387143 0.0
18.1 30.0 30.0 19.470438980823744 15.61358703500106 15.431480541773226 15.431480541773226 15.431480541773226 15.431480541773226 15.431480541773226 15.431480541773226 0.0
18.2 30.0 30.0 20.070438980823745 15.61358703500106 15.340427295159309 15.340427295159309 15.340427295159309 15.340427295159309 15.340427295159309 15.340427295159309 0.0
18.3 30.0 30.0 20.670438980823747 15.61358703500106 15.249374048545391 15.249374048545391 15.249374048545391 15.249374048545391 15.249374048545391 15.249374048545391 0.0
18.4 30.0 30.0 21.270438980823748 15.61358703500106 15.158320801931474 15.158320801931474 15.158320801931474 15.158320801931474 15.158320801931474 15.158320801931474 0.0
18.5 30.0 30.0 21.87043898082375 15.61358703500106 15.067267555317557 15.067267555317557 15.067267555317557 15.067267555317557 15.067267555317557 15.067267555317557 0.0
18.6 30.0 30.0 22.47043898082375 15.61358703500106 14.97621430870364 14.97621430870364 14.97621430870364 14.97621430870364 14.97621430870364 14.97621430870364 0.0
18.7 30.0 30.0 23.070438980823752 15.61358703500106 14.885161062089722 14.885161062089722 14.885161062089722 14.885161062089722 14.885161062089722 14.885161062089722 0.0
18.8 30.0 30.0 23.670438980823754 15.61358703500106 14.794107815475805 14.794107815475805 14.794107815475805 14.794107815475805 14.794107815475805 14.794107815475805 0.0
18.9 30.0 30.0 24.270438980823755 15.61358703500106 14.703054568861887 14.703054568861887 14.703054568861887 14.703054568861887 14.703054568861887 14.703054568861887 0.0
19.0 30.0 30.0 24.870438980823756 15.61358703500106 14.61200132224797 14.61200132224797 14.61200132224797 14.61200132224797 14.61200132224797 14.61200132224797 0.0
19.1 30.0 30.0 25.470438980823758 15.61358703500106 14.520948075634053 14.520948075634053 14.520948075634053 14.520948075634053 14.520948075634053 14.520948075634053 0.0
19.2 30.0 30.0 26.07043898082376 15.61358703500106 14.429894829020135 14.429894829020135 14.429894829020135 14.429894829020135 14.429894829020135 14.429894829020135 0.0
19.3 30.0 30.0 26.67043898082376 15.61358703500106 14.338841582406218 14.338841582406218 14.338841582406218 14.338841582406218 14.338841582406218 14.338841582406218 0.0
19.4 30.0 30.0 27.270438980823762 16.213587035001062 14.2477883357923 14.2477883357923 14.2477883357923 14.2477883357923 14.2477883357923 14.2477883357923 0.0
19.5 30.0 30.0 27.870438980823764 16.813587035001063 14.156735089178383 14.156735089178383 14.156735089178383 14.156735089178383 14.156735089178383 14.156735089178383 0.0
19.6 30.0 30.0 28.470438980823765 17.413587035001065 14.156735089178383 14.065681842564466 14.065681842564466 14.065681842564466 14.065681842564466 14.065681842564466 0.0
19.7 30.0 30.0 29.070438980823766 18.013587035001066 14.156735089178383 13.974628595950549 13.974628595950549 13.974628595950549 13.974628595950549 13.974628595950549 0.0
19.8 30.0 30.0 29.670438980823768 18.613587035001068 14.156735089178383 13.883575349336631 13.883575349336631 13.883575349336631 13.883575349336631 13.883575349336631 0.0
19.9 30.0 30.0 30.0 19.21358703500107 14.156735089178383 13.792522102722714 13.792522102722714 13.792522102722714 13.792522102722714 13.792522102722714 0.0
20.0 30.0 30.0 30.0 19.81358703500107 14.156735089178383 13.701468856108797 13.701468856108797 13.701468856108797 13.701468856108797 13.701468856108797 0.0
20.1 30.0 30.0 30.0 20.413587035001072 14.156735089178383 13.61041560949488 13.61041560949488 13.61041560949488 13.61041560949488 13.61041560949488 0.0
20.2 30.0 30.0 30.0 21.013587035001073 14.156735089178383 13.519362362880962 13.519362362880962 13.519362362880962 13.519362362880962 13.519362362880962 0.0
20.3 30.0 30.0 30.0 21.613587035001075 14.156735089178383 13.428309116267044 13.428309116267044 13.428309116267044 13.428309116267044 13.428309116267044 0.0
20.4 30.0 30.0 30.0 22.213587035001076 14.156735089178383 13.337255869653127 13.337255869653127 13.337255869653127 13.337255869653127 13.337255869653127 0.0
20.5 30.0 30.0 30.0 22.813587035001078 14.156735089178383 13.24620262303921 13.24620262303921 13.24620262303921 13.24620262303921 13.24620262303921 0.0
20.6 30.0 30.0 30.0 23.41358703500108 14.156735089178383 13.155149376425292 13.155149376425292 13.155149376425292 13.155149376425292 13.155149376425292 0.0
20.7 30.0 30.0 30.0 24.01358703500108 14.156735089178383 13.064096129811375 13.064096129811375 13.064096129811375 13.064096129811375 13.064096129811375 0.0
20.8 30.0 30.0 30.0 24.613587035001082 14.156735089178383 12.973042883197458 12.973042883197458 12.973042883197458 12.973042883197458 12.973042883197458 0.0
20.9 30.0 30.0 30.0 25.213587035001083 14.156735089178383 12.88198963658354 12.88198963658354 12.88198963658354 12.88198963658354 12.88198963658354 0.0
21.0 30.0 30.0 30.0 25.813587035001085 14.756735089178383 12.790936389969623 12.790936389969623 12.790936389969623 12.790936389969623 12.790936389969623 0.0
21.1 30.0 30.0 30.0 26.413587035001086 15.356735089178382 12.699883143355706 12.699883143355706 12.699883143355706 12.699883143355706 12.699883143355706 0.0
21.2 30.0 30.0 30.0 27.013587035001088 15.956735089178382 12.699883143355706 12.608829896741788 12.608829896741788 12.608829896741788 12.608829896741788 0.0
21.3 30.0 30.0 30.0 27.61358703500109 16.55673508917838 12.699883143355706 12.517776650127871 12.517776650127871 12.517776650127871 12.517776650127871 0.0
21.4 30.0 30.0 30.0 28.21358703500109 17.156735089178383 12.699883143355706 12.426723403513954 12.426723403513954 12.426723403513954 12.426723403513954 0.0
21.5 30.0 30.0 30.0 28.813587035001092 17.756735089178385 12.699883143355706 12.335670156900036 12.335670156900036 12.335670156900036 12.335670156900036 0.0
21.6 30.0 30.0 30.0 29.413587035001093 18.356735089178386 12.699883143355706 12.244616910286119 12.244616910286119 12.244616910286119 12.244616910286119 0.0
21.7 30.0 30.0 30.0 30.0 18.956735089178387 12.699883143355706 12.153563663672202 12.153563663672202 12.153563663672202 12.153563663672202 0.0
21.8 30.0 30.0 30.0 30.0 19.55673508917839 12.699883143355706 12.062510417058284 12.062510417058284 12.062510417058284 12.062510417058284 0.0
21.9 30.0 30.0 30.0 30.0 20.15673508917839 12.699883143355706 11.971457170444367 11.971457170444367 11.971457170444367 11.971457170444367 0.0
22.0 30.0 30.0 30.0 30.0 20.75673508917839 12.699883143355706 11.88040392383045 11.88040392383045 11.88040392383045 11.88040392383045 0.0
22.1 30.0 30.0 30.0 30.0 21.356735089178393 12.699883143355706 11.789350677216532 11.789350677216532 11.789350677216532 11.789350677216532 0.0
22.2 30.0 30.0 30.0 30.0 21.956735089178395 12.699883143355706 11.698297430602615 11.698297430602615 11.698297430602615 11.698297430602615 0.0
22.3 30.0 30.0 30.0 30.0 22.556735089178396 12.699883143355706 11.607244183988698 11.607244183988698 11.607244183988698 11.607244183988698 0.0
22.4 30.0 30.0 30.0 30.0 23.156735089178397 12.699883143355706 11.51619093737478 11.51619093737478 11.51619093737478 11.51619093737478 0.0
22.5 30.0 30.0 30.0 30.0 23.7567350891784 12.699883143355706 11.425137690760863 11.425137690760863 11.425137690760863 11.425137690760863 0.0
22.6 30.0 30.0 30.0 30.0 24.3567350891784 13.299883143355705 11.334084444146946 11.334084444146946 11.334084444146946 11.334084444146946 0.0
22.7 30.0 30.0 30.0 30.0 24.9567350891784 13.899883143355705 11.243031197533028 11.243031197533028 11.243031197533028 11.243031197533028 0.0
22.8 30.0 30.0 30.0 30.0 25.556735089178403 14.499883143355705 11.243031197533028 11.151977950919111 11.151977950919111 11.151977950919111 0.0
22.9 30.0 30.0 30.0 30.0 26.156735089178405 15.099883143355704 11.243031197533028 11.060924704305194 11.060924704305194 11.060924704305194 0.0
23.0 30.0 30.0 30.0 30.0 26.756735089178406 15.699883143355704 11.243031197533028 10.969871457691276 10.969871457691276 10.969871457691276 0.0
23.1 30.0 30.0 30.0 30.0 27.356735089178407 16.299883143355704 11.243031197533028 10.878818211077359 10.878818211077359 10.878818211077359 0.0
23.2 30.0 30.0 30.0 30.0 27.95673508917841 16.899883143355705 11.243031197533028 10.787764964463442 10.787764964463442 10.787764964463442 0.0
23.3 30.0 30.0 30.0 30.0 28.55673508917841 17.499883143355706 11.243031197533028 10.696711717849524 10.696711717849524 10.696711717849524 0.0
23.4 30.0 30.0 30.0 30.0 29.15673508917841 18.099883143355708 11.243031197533028 10.605658471235607 10.605658471235607 10.605658471235607 0.0
23.5 30.0 30.0 30.0 30.0 29.756735089178413 18.69988314335571 11.243031197533028 10.51460522462169 10.51460522462169 10.51460522462169 0.0
23.6 30.0 30.0 30.0 30.0 30.0 19.29988314335571 11.243031197533028 10.423551978007772 10.423551978007772 10.423551978007772 0.0
23.7 30.0 30.0 30.0 30.0 30.0 19.899883143355712 11.243031197533028 10.332498731393855 10.332498731393855 10.332498731393855 0.0
23.8 30.0 30.0 30.0 30.0 30.0 20.499883143355714 11.243031197533028 10.241445484779938 10.241445484779938 10.241445484779938 0.0
23.9 30.0 30.0 30.0 30.0 30.0 21.099883143355715 11.243031197533028 10.15039223816602 10.15039223816602 10.15039223816602 0.0
24.0 30.0 30.0 30.0 30.0 30.0 21.699883143355716 11.243031197533028 10.059338991552103 10.059338991552103 10.059338991552103 0.0
24.1 30.0 30.0 30.0 30.0 30.0 22.299883143355718 11.243031197533028 9.968285744938186 9.968285744938186 9.968285744938186 0.0
24.2 30.0 30.0 30.0 30.0 30.0 22.89988314335572 11.843031197533028 9.877232498324268 9.877232498324268 9.877232498324268 0.0
24.3 30.0 30.0 30.0 30.0 30.0 23.49988314335572 12.443031197533028 9.786179251710351 9.786179251710351 9.786179251710351 0.0
24.4 30.0 30.0 30.0 30.0 30.0 24.099883143355722 13.043031197533027 9.786179251710351 9.695126005096434 9.695126005096434 0.0
24.5 30.0 30.0 30.0 30.0 30.0 24.699883143355724 13.643031197533027 9.786179251710351 9.604072758482516 9.604072758482516 0.0
24.6 30.0 30.0 30.0 30.0 30.0 25.299883143355725 14.243031197533027 9.786179251710351 9.513019511868599 9.513019511868599 0.0
24.7 30.0 30.0 30.0 30.0 30.0 25.899883143355726 14.843031197533026 9.786179251710351 9.421966265254682 9.421966265254682 0.0
24.8 30.0 30.0 30.0 30.0 30.0 26.499883143355728 15.443031197533026 9.786179251710351 9.330913018640764 9.330913018640764 0.0
24.9 30.0 30.0 30.0 30.0 30.0 27.09988314335573 16.043031197533026 9.786179251710351 9.239859772026847 9.239859772026847 0.0
25.0 30.0 30.0 30.0 30.0 30.0 27.69988314335573 16.643031197533027 9.786179251710351 9.14880652541293 9.14880652541293 0.0
25.1 30.0 30.0 30.0 30.0 30.0 28.299883143355732 17.24303119753303 9.786179251710351 9.057753278799012 9.057753278799012 0.0
25.2 30.0 30.0 30.0 30.0 30.0 28.899883143355733 17.84303119753303 9.786179251710351 8.966700032185095 8.966700032185095 0.0
25.3 30.0 30.0 30.0 30.0 30.0 29.499883143355735 18.44303119753303 9.786179251710351 8.875646785571178 8.875646785571178 0.0
25.4 30.0 30.0 30.0 30.0 30.0 30.0 19.043031197533033 9.786179251710351 8.78459353895726 8.78459353895726 0.0
25.5 30.0 30.0 30.0 30.0 30.0 30.0 19.643031197533034 9.786179251710351 8.693540292343343 8.693540292343343 0.0
25.6 30.0 30.0 30.0 30.0 30.0 30.0 20.243031197533035 9.786179251710351 8.602487045729426 8.602487045729426 0.0
25.7 30.0 30.0 30.0 30.0 30.0 30.0 20.843031197533037 9.786179251710351 8.511433799115508 8.511433799115508 0.0
25.8 30.0 30.0 30.0 30.0 30.0 30.0 21.44303119753304 10.38617925171035 8.420380552501591 8.420380552501591 0.0
25.9 30.0 30.0 30.0 30.0 30.0 30.0 22.04303119753304 10.98617925171035 8.329327305887674 8.329327305887674 0.0
26.0 30.0 30.0 30.0 30.0 30.0 30.0 22.64303119753304 11.58617925171035 8.329327305887674 8.238274059273756 0.0
26.1 30.0 30.0 30.0 30.0 30.0 30.0 23.243031197533043 12.18617925171035 8.329327305887674 8.147220812659839 0.0
26.2 30.0 30.0 30.0 30.0 30.0 30.0 23.843031197533044 12.78617925171035 8.329327305887674 8.056167566045922 0.0
26.3 30.0 30.0 30.0 30.0 30.0 30.0 24.443031197533045 13.386179251710349 8.329327305887674 7.965114319432003 0.0
26.4 30.0 30.0 30.0 30.0 30.0 30.0 25.043031197533047 13.986179251710348 8.329327305887674 7.874061072818085 0.0
26.5 30.0 30.0 30.0 30.0 30.0 30.0 25.64303119753305 14.586179251710348 8.329327305887674 7.783007826204167 0.0
26.6 30.0 30.0 30.0 30.0 30.0 30.0 26.24303119753305 15.186179251710348 8.329327305887674 7.691954579590249 0.0
26.7 30.0 30.0 30.0 30.0 30.0 30.0 26.84303119753305 15.786179251710347 8.329327305887674 7.60090133297633 0.0
26.8 30.0 30.0 30.0 30.0 30.0 30.0 27.443031197533053 16.38617925171035 8.329327305887674 7.509848086362412 0.0
26.9 30.0 30.0 30.0 30.0 30.0 30.0 28.043031197533054 16.98617925171035 8.329327305887674 7.418794839748494 0.0
27.0 30.0 30.0 30.0 30.0 30.0 30.0 28.643031197533055 17.58617925171035 8.329327305887674 7.327741593134576 0.0
27.1 30.0 30.0 30.0 30.0 30.0 30.0 29.243031197533057 18.186179251710353 8.329327305887674 7.2366883465206575 0.0
27.2 30.0 30.0 30.0 30.0 30.0 30.0 29.843031197533058 18.786179251710355 8.329327305887674 7.145635099906739 0.0
27.3 30.0 30.0 30.0 30.0 30.0 30.0 30.0 19.386179251710356 8.329327305887674 7.054581853292821 0.0
27.4 30.0 30.0 30.0 30.0 30.0 30.0 30.0 19.986179251710357 8.929327305887673 6.963528606678903 0.0
27.5 30.0 30.0 30.0 30.0 30.0 30.0 30.0 20.58617925171036 9.529327305887673 6.872475360064985 0.0
27.6 30.0 30.0 30.0 30.0 30.0 30.0 30.0 21.18617925171036 10.129327305887672 6.872475360064985 0.0
27.7 30.0 30.0 30.0 30.0 30.0 30.0 30.0 21.78617925171036 10.729327305887672 6.872475360064985 0.0
27.8 30.0 30.0 30.0 30.0 30.0 30.0 30.0 22.386179251710363 11.329327305887672 6.872475360064985 0.0
27.9 30.0 30.0 30.0 30.0 30.0 30.0 30.0 22.986179251710364 11.929327305887671 6.872475360064985 0.0
28.0 30.0 30.0 30.0 30.0 30.0 30.0 30.0 23.586179251710366 12.529327305887671 6.872475360064985 0.0
28.1 30.0 30.0 30.0 30.0 30.0 30.0 30.0 24.186179251710367 13.12932730588767 6.872475360064985 0.0
28.2 30.0 30.0 30.0 30.0 30.0 30.0 30.0 24.78617925171037 13.72932730588767 6.872475360064985 0.0
28.3 30.0 30.0 30.0 30.0 30.0 30.0 30.0 25.38617925171037 14.32932730588767 6.872475360064985 0.0
28.4 30.0 30.0 30.0 30.0 30.0 30.0 30.0 25.98617925171037 14.92932730588767 6.872475360064985 0.0
28.5 30.0 30.0 30.0 30.0 30.0 30.0 30.0 26.586179251710373 15.52932730588767 6.872475360064985 0.0
28.6 30.0 30.0 30.0 30.0 30.0 30.0 30.0 27.186179251710374 16.12932730588767 6.872475360064985 0.0
28.7 30.0 30.0 30.0 30.0 30.0 30.0 30.0 27.786179251710376 16.729327305887672 6.872475360064985 0.0
28.8 30.0 30.0 30.0 30.0 30.0 30.0 30.0 28.386179251710377 17.329327305887674 6.872475360064985 0.0
28.9 30.0 30.0 30.0 30.0 30.0 30.0 30.0 28.98617925171038 17.929327305887675 6.872475360064985 0.0
29.0 30.0 30.0 30.0 30.0 30.0 30.0 30.0 29.58617925171038 18.529327305887676 7.472475360064984 0.0
29.1 30.0 30.0 30.0 30.0 30.0 30.0 30.0 30.0 19.129327305887678 8.072475360064985 0.0
29.2 30.0 30.0 30.0 30.0 30.0 30.0 30.0 30.0 19.72932730588768 8.672475360064984 0.0
29.3 30.0 30.0 30.0 30.0 30.0 30.0 30.0 30.0 20.32932730588768 9.272475360064984 0.0
29.4 30.0 30.0 30.0 30.0 30.0 30.0 30.0 30.0 20.929327305887682 9.872475360064984 0.0
29.5 30.0 30.0 30.0 30.0 30.0 30.0 30.0 30.0 21.529327305887684 10.472475360064983 0.0
29.6 30.0 30.0 30.0 30.0 30.0 30.0 30.0 30.0 22.129327305887685 11.072475360064983 0.0
29.7 30.0 30.0 30.0 30.0 30.0 30.0 30.0 30.0 22.729327305887686 11.672475360064983 0.0
29.8 30.0 30.0 30.0 30.0 30.0 30.0 30.0 30.0 23.329327305887688 12.272475360064982 0.0
29.9 30.0 30.0 30.0 30.0 30.0 30.0 30.0 30.0 23.92932730588769 12.872475360064982 0.0
30.0 30.0 30.0 30.0 30.0 30.0 30.0 30.0 30.0 24.52932730588769 13.472475360064982 0.0
30.1 30.0 30.0 30.0 30.0 30.0 30.0 30.0 30.0 25.129327305887692 14.072475360064981 0.0
30.2 30.0 30.0 30.0 30.0 30.0 30.0 30.0 30.0 25.729327305887693 14.67247536006498 0.0
30.3 30.0 30.0 30.0 30.0 30.0 30.0 30.0 30.0 26.329327305887695 15.27247536006498 0.0
30.4 30.0 30.0 30.0 30.0 30.0 30.0 30.0 30.0 26.929327305887696 15.87247536006498 0.0
30.5 30.0 30.0 30.0 30.0 30.0 30.0 30.0 30.0 27.529327305887698 16.47247536006498 0.0
30.6 30.0 30.0 30.0 30.0 30.0 30.0 30.0 30.0 28.1293273058877 17.07247536006498 0.0
30.7 30.0 30.0 30.0 30.0 30.0 30.0 30.0 30.0 28.7293273058877 17.672475360064983 0.0
30.8 30.0 30.0 30.0 30.0 30.0 30.0 30.0 30.0 29.329327305887702 18.272475360064984 0.0
30.9 30.0 30.0 30.0 30.0 30.0 30.0 30.0 30.0 29.929327305887703 18.872475360064985 0.0
31.0 30.0 30.0 30.0 30.0 30.0 30.0 30.0 30.0 30.0 19.472475360064987 0.0
31.1 30.0 30.0 30.0 30.0 30.0 30.0 30.0 30.0 30.0 20.07247536006499 0.0
31.2 30.0 30.0 30.0 30.0 30.0 30.0 30.0 30.0 30.0 20.67247536006499 0.0
31.3 30.0 30.0 30.0 30.0 30.0 30.0 30.0 30.0 30.0 21.27247536006499 0.0
31.4 30.0 30.0 30.0 30.0 30.0 30.0 30.0 30.0 30.0 21.872475360064993 0.0
31.5 30.0 30.0 30.0 30.0 30.0 30.0 30.0 30.0 30.0 22.472475360064994 0.0
31.6 30.0 30.0 30.0 30.0 30.0 30.0 30.0 30.0 30.0 23.072475360064995 0.0
31.7 30.0 30.0 30.0 30.0 30.0 30.0 30.0 30.0 30.0 23.672475360064997 0.0
31.8 30.0 30.0 30.0 30.0 30.0 30.0 30.0 30.0 30.0 24.272475360065 0.0
31.9 30.0 30.0 30.0 30.0 30.0 30.0 30.0 30.0 30.0 24.872475360065 0.0
32.0 30.0 30.0 30.0 30.0 30.0 30.0 30.0 30.0 30.0 25.472475360065 0.0
32.1 30.0 30.0 30.0 30.0 30.0 30.0 30.0 30.0 30.0 26.072475360065003 0.0
32.2 30.0 30.0 30.0 30.0 30.0 30.0 30.0 30.0 30.0 26.672475360065004 0.0
32.3 30.0 30.0 30.0 30.0 30.0 30.0 30.0 30.0 30.0 27.272475360065005 0.0
32.4 30.0 30.0 30.0 30.0 30.0 30.0 30.0 30.0 30.0 27.872475360065007 0.0
32.5 30.0 30.0 30.0 30.0 30.0 30.0 30.0 30.0 30.0 28.47247536006501 0.0
32.6 30.0 30.0 30.0 30.0 30.0 30.0 30.0 30.0 30.0 29.07247536006501 0.0
32.7 30.0 30.0 30.0 30.0 30.0 30.0 30.0 30.0 30.0 29.67247536006501 0.0
32.8 30.0 30.0 30.0 30.0 30.0 30.0 30.0 30.0 30.0 30.0 0.0
32.9 30.0 30.0 30.0 30.0 30.0 30.0 30.0 30.0 30.0 30.0 0.0
33.0 30.0 30.0 30.0 30.0 30.0 30.0 30.0 30.0 30.0 30.0 0.0
33.1 30.0 30.0 30.0 30.0 30.0 30.0 30.0 30.0 30.0 30.0 0.0
33.2 30.0 30.0 30.0 30.0 30.0 30.0 30.0 30.0 30.0 30.0 0.0
33.3 30.0 30.0 30.0 30.0 30.0 30.0 30.0 30.0 30.0 30.0 0.0
33.4 30.0 30.0 30.0 30.0 30.0 30.0 30.0 30.0 30.0 30.0 0.0
33.5 30.0 30.0 30.0 30.0 30.0 30.0 30.0 30.0 30.0 30.0 0.0
33.6 30.0 30.0 30.0 30.0 30.0 30.0 30.0 30.0 30.0 30.0 0.0
33.7 30.0 30.0 30.0 30.0 30.0 30.0 30.0 30.0 30.0 30.0 0.0
33.8 30.0 30.0 30.0 30.0 30.0 30.0 30.0 30.0 30.0 30.0 0.0
33.9 30.0 30.0 30.0 30.0 30.0 30.0 30.0 30.0 30.0 30.0 0.0
34.0 30.0 30.0 30.0 30.0 30.0 30.0 30.0 30.0 30.0 30.0 0.0
34.1 30.0 30.0 30.0 30.0 30.0 30.0 30.0 30.0 30.0 30.0 0.0
34.2 30.0 30.0 30.0 30.0 30.0 30.0 30.0 30.0 30.0 30.0 0.0
34.3 30.0 30.0 30.0 30.0 30.0 30.0 30.0 30.0 30.0 30.0 0.0
34.4 30.0 30.0 30.0 30.0 30.0 30.0 30.0 30.0 30.0 30.0 0.0
34.5 30.0 30.0 30.0 30.0 30.0 30.0 30.0 30.0 30.0 30.0 0.0
34.6 30.0 30.0 30.0 30.0 30.0 30.0 30.0 30.0 30.0 30.0 0.0
34.7 30.0 30.0 30.0 30.0 30.0 30.0 30.0 30.0 30.0 30.0 0.0
34.8 30.0 30.0 30.0 30.0 30.0 30.0 30.0 30.0 30.0 30.0 0.0
34.9 30.0 30.0 30.0 30.0 30.0 30.0 30.0 30.0 30.0 30.0 0.0
35.0 30.0 30.0 30.0 30.0 30.0 30.0 30.0 30.0 30.0 30.0 0.0
35.1 30.0 30.0 30.0 30.0 30.0 30.0 30.0 30.0 30.0 30.0 0.0
35.2 30.0 30.0 30.0 30.0 30.0 30.0 30.0 30.0 30.0 30.0 0.0
35.3 30.0 30.0 30.0 30.0 30.0 30.0 30.0 30.0 30.0 30.0 0.0
35.4 30.0 30.0 30.0 30.0 30.0 30.0 30.0 30.0 30.0 30.0 0.0
35.5 30.0 30.0 30.0 30.0 30.0 30.0 30.0 30.0 30.0 30.0 0.0
35.6 30.0 30.0 30.0 30.0 30.0 30.0 30.0 30.0 30.0 30.0 0.0
35.7 30.0 30.0 30.0 30.0 30.0 30.0 30.0 30.0 30.0 30.0 0.0
35.8 30.0 30.0 30.0 30.0 30.0 30.0 30.0 30.0 30.0 30.0 0.0
35.9 30.0 30.0 30.0 30.0 30.0 30.0 30.0 30.0 30.0 30.0 0.0
36.0 30.0 30.0 30.0 30.0 30.0 30.0 30.0 30.0 30.0 30.0 0.0
36.1 30.0 30.0 30.0 30.0 30.0 30.0 30.0 30.0 30.0 30.0 0.0
36.2 30.0 30.0 30.0 30.0 30.0 30.0 30.0 30.0 30.0 30.0 0.0
36.3 30.0 30.0 30.0 30.0 30.0 30.0 30.0 30.0 30.0 30.0 0.0
36.4 30.0 30.0 30.0 30.0 30.0 30.0 30.0 30.0 30.0 30.0 0.0
36.5 30.0 30.0 30.0 30.0 30.0 30.0 30.0 30.0 30.0 30.0 0.0
36.6 30.0 30.0 30.0 30.0 30.0 30.0 30.0 30.0 30.0 30.0 0.0
36.7 30.0 30.0 30.0 30.0 30.0 30.0 30.0 30.0 30.0 30.0 0.0
36.8 30.0 30.0 30.0 30.0 30.0 30.0 30.0 30.0 30.0 30.0 0.0
36.9 30.0 30.0 30.0 30.0 30.0 30.0 30.0 30.0 30.0 30.0 0.0
37.0 30.0 30.0 30.0 30.0 30.0 30.0 30.0 30.0 30.0 30.0 0.0
37.1 30.0 30.0 30.0 30.0 30.0 30.0 30.0 30.0 30.0 30.0 0.0
37.2 30.0 30.0 30.0 30.0 30.0 30.0 30.0 30.0 30.0 30.0 0.0
37.3 30.0 30.0 30.0 30.0 30.0 30.0 30.0 30.0 30.0 30.0 0.0
37.4 30.0 30.0 30.0 30.0 30.0 30.0 30.0 30.0 30.0 30.0 0.0
37.5 30.0 30.0 30.0 30.0 30.0 30.0 30.0 30.0 30.0 30.0 0.0
37.6 30.0 30.0 30.0 30.0 30.0 30.0 30.0 30.0 30.0 30.0 0.0
37.7 30.0 30.0 30.0 30.0 30.0 30.0 30.0 30.0 30.0 30.0 0.0
37.8 30.0 30.0 30.0 30.0 30.0 30.0 30.0 30.0 30.0 30.0 0.0
37.9 30.0 30.0 30.0 30.0 30.0 30.0 30.0 30.0 30.0 30.0 0.0
38.0 30.0 30.0 30.0 30.0 30.0 30.0 30.0 30.0 30.0 30.0 0.0
38.1 30.0 30.0 30.0 30.0 30.0 30.0 30.0 30.0 30.0 30.0 0.0
38.2 30.0 30.0 30.0 30.0 30.0 30.0 30.0 30.0 30.0 30.0 0.0
38.3 30.0 30.0 30.0 30.0 30.0 30.0 30.0 30.0 30.0 30.0 0.0
38.4 30.0 30.0 30.0 30.0 30.0 30.0 30.0 30.0 30.0 30.0 0.0
38.5 30.0 30.0 30.0 30.0 30.0 30.0 30.0 30.0 30.0 30.0 0.0
38.6 30.0 30.0 30.0 30.0 30.0 30.0 30.0 30.0 30.0 30.0 0.0
38.7 30.0 30.0 30.0 30.0 30.0 30.0 30.0 30.0 30.0 30.0 0.0
38.8 30.0 30.0 30.0 30.0 30.0 30.0 30.0 30.0 30.0 30.0 0.0
38.9 30.0 30.0 30.0 30.0 30.0 30.0 30.0 30.0 30.0 30.0 0.0
39.0 30.0 30.0 30.0 30.0 30.0 30.0 30.0 30.0 30.0 30.0 0.0
39.1 30.0 30.0 30.0 30.0 30.0 30.0 30.0 30.0 30.0 30.0 0.0
39.2 30.0 30.0 30.0 30.0 30.0 30.0 30.0 30.0 30.0 30.0 0.0
39.3 30.0 30.0 30.0 30.0 30.0 30.0 30.0 30.0 30.0 30.0 0.0
39.4 30.0 30.0 30.0 30.0 30.0 30.0 30.0 30.0 30.0 30.0 0.0
39.5 30.0 30.0 30.0 30.0 30.0 30.0 30.0 30.0 30.0 30.0 0.0
39.6 30.0 30.0 30.0 30.0 30.0 30.0 30.0 30.0 30.0 30.0 0.0
39.7 30.0 30.0 30.0 30.0 30.0 30.0 30.0 30.0 30.0 30.0 0.0
39.8 30.0 30.0 30.0 30.0 30.0 30.0 30.0 30.0 30.0 30.0 0.0
39.9 30.0 30.0 30.0 30.0 30.0 30.0 30.0 30.0 30.0 30.0 0.0
40.0 30.0 30.0 30.0 30.0 30.0 30.0 30.0 30.0 30.0 30.0 0.0
40.1 30.0 30.0 30.0 30.0 30.0 30.0 30.0 30.0 30.0 30.0 0.0
40.2 30.0 30.0 30.0 30.0 30.0 30.0 30.0 30.0 30.0 30.0 0.0
40.3 30.0 30.0 30.0 30.0 30.0 30.0 30.0 30.0 30.0 30.0 0.0
40.4 30.0 30.0 30.0 30.0 30.0 30.0 30.0 30.0 30.0 30.0 0.0
40.5 30.0 30.0 30.0 30.0 30.0 30.0 30.0 30.0 30.0 30.0 0.0
40.6 30.0 30.0 30.0 30.0 30.0 30.0 30.0 30.0 30.0 30.0 0.0
40.7 30.0 30.0 30.0 30.0 30.0 30.0 30.0 30.0 30.0 30.0 0.0
40.8 30.0 30.0 30.0 30.0 30.0 30.0 30.0 30.0 30.0 30.0 0.0
40.9 30.0 30.0 30.0 30.0 30.0 30.0 30.0 30.0 30.0 30.0 0.0
41.0 30.0 30.0 30.0 30.0 30.0 30.0 30.0 30.0 30.0 30.0 0.0
41.1 30.0 30.0 30.0 30.0 30.0 30.0 30.0 30.0 30.0 30.0 0.0
41.2 30.0 30.0 30.0 30.0 30.0 30.0 30.0 30.0 30.0 30.0 0.0
41.3 30.0 30.0 30.0 30.0 30.0 30.0 30.0 30.0 30.0 30.0 0.0
41.4 30.0 30.0 30.0 30.0 30.0 30.0 30.0 30.0 30.0 30.0 0.0
41.5 30.0 30.0 30.0 30.0 30.0 30.0 30.0 30.0 30.0 30.0 0.0
41.6 30.0 30.0 30.0 30.0 30.0 30.0 30.0 30.0 30.0 30.0 0.0
41.7 30.0 30.0 30.0 30.0 30.0 30.0 30.0 30.0 30.0 30.0 0.0
41.8 30.0 30.0 30.0 30.0 30.0 30.0 30.0 30.0 30.0 30.0 0.0
41.9 30.0 30.0 30.0 30.0 30.0 30.0 30.0 30.0 30.0 30.0 0.0
42.0 30.0 30.0 30.0 30.0 30.0 30.0 30.0 30.0 30.0 30.0 0.0
42.1 30.0 30.0 30.0 30.0 30.0 30.0 30.0 30.0 30.0 30.0 0.0
42.2 30.0 30.0 30.0 30.0 30.0 30.0 30.0 30.0 30.0 30.0 0.0
42.3 30.0 30.0 30.0 30.0 30.0 30.0 30.0 30.0 30.0 30.0 0.0
42.4 30.0 30.0 30.0 30.0 30.0 30.0 30.0 30.0 30.0 30.0 0.0
42.5 30.0 30.0 30.0 30.0 30.0 30.0 30.0 30.0 30.0 30.0 0.0
42.6 30.0 30.0 30.0 30.0 30.0 30.0 30.0 30.0 30.0 30.0 0.0
42.7 30.0 30.0 30.0 30.0 30.0 30.0 30.0 30.0 30.0 30.0 0.0
42.8 30.0 30.0 30.0 30.0 30.0 30.0 30.0 30.0 30.0 30.0 0.0
42.9 30.0 30.0 30.0 30.0 30.0 30.0 30.0 30.0 30.0 30.0 0.0
43.0 30.0 30.0 30.0 30.0 30.0 30.0 30.0 30.0 30.0 30.0 0.0
43.1 30.0 30.0 30.0 30.0 30.0 30.0 30.0 30.0 30.0 30.0 0.0
43.2 30.0 30.0 30.0 30.0 30.0 30.0 30.0 30.0 30.0 30.0 0.0
43.3 30.0 30.0 30.0 30.0 30.0 30.0 30.0 30.0 30.0 30.0 0.0
43.4 30.0 30.0 30.0 30.0 30.0 30.0 30.0 30.0 30.0 30.0 0.0
43.5 30.0 30.0 30.0 30.0 30.0 30.0 30.0 30.0 30.0 30.0 0.0
43.6 30.0 30.0 30.0 30.0 30.0 30.0 30.0 30.0 30.0 30.0 0.0
43.7 30.0 30.0 30.0 30.0 30.0 30.0 30.0 30.0 30.0 30.0 0.0
43.8 30.0 30.0 30.0 30.0 30.0 30.0 30.0 30.0 30.0 30.0 0.0
43.9 30.0 30.0 30.0 30.0 30.0 30.0 30.0 30.0 30.0 30.0 0.0
44.0 30.0 30.0 30.0 30.0 30.0 30.0 30.0 30.0 30.0 30.0 0.0
44.1 30.0 30.0 30.0 30.0 30.0 30.0 30.0 30.0 30.0 30.0 0.0
44.2 30.0 30.0 30.0 30.0 30.0 30.0 30.0 30.0 30.0 30.0 0.0
44.3 30.0 30.0 30.0 30.0 30.0 30.0 30.0 30.0 30.0 30.0 0.0
44.4 30.0 30.0 30.0 30.0 30.0 30.0 30.0 30.0 30.0 30.0 0.0
44.5 30.0 30.0 30.0 30.0 30.0 30.0 30.0 30.0 30.0 30.0 0.0
44.6 30.0 30.0 30.0 30.0 30.0 30.0 30.0 30.0 30.0 30.0 0.0
44.7 30.0 30.0 30.0 30.0 30.0 30.0 30.0 30.0 30.0 30.0 0.0
44.8 30.0 30.0 30.0 30.0 30.0 30.0 30.0 30.0 30.0 30.0 0.0
44.9 30.0 30.0 30.0 30.0 30.0 30.0 30.0 30.0 30.0 30.0 0.0
45.0 30.0 30.0 30.0 30.0 30.0 30.0 30.0 30.0 30.0 30.0 0.0
45.1 30.0 30.0 30.0 30.0 30.0 30.0 30.0 30.0 30.0 30.0 0.0
45.2 30.0 30.0 30.0 30.0 30.0 30.0 30.0 30.0 30.0 30.0 0.0
45.3 30.0 30.0 30.0 30.0 30.0 30.0 30.0 30.0 30.0 30.0 0.0
45.4 30.0 30.0 30.0 30.0 30.0 30.0 30.0 30.0 30.0 30.0 0.0
45.5 30.0 30.0 30.0 30.0 30.0 30.0 30.0 30.0 30.0 30.0 0.0
45.6 30.0 30.0 30.0 30.0 30.0 30.0 30.0 30.0 30.0 30.0 0.0
45.7 30.0 30.0 30.0 30.0 30.0 30.0 30.0 30.0 30.0 30.0 0.0
45.8 30.0 30.0 30.0 30.0 30.0 30.0 30.0 30.0 30.0 30.0 0.0
45.9 30.0 30.0 30.0 30.0 30.0 30.0 30.0 30.0 30.0 30.0 0.0
46.0 30.0 30.0 30.0 30.0 30.0 30.0 30.0 30.0 30.0 30.0 0.0
46.1 30.0 30.0 30.0 30.0 30.0 30.0 30.0 30.0 30.0 30.0 0.0
46.2 30.0 30.0 30.0 30.0 30.0 30.0 30.0 30.0 30.0 30.0 0.0
46.3 30.0 30.0 30.0 30.0 30.0 30.0 30.0 30.0 30.0 30.0 0.0
46.4 30.0 30.0 30.0 30.0 30.0 30.0 30.0 30.0 30.0 30.0 0.0
46.5 30.0 30.0 30.0 30.0 30.0 30.0 30.0 30.0 30.0 30.0 0.0
46.6 30.0 30.0 30.0 30.0 30.0 30.0 30.0 30.0 30.0 30.0 0.0
46.7 30.0 30.0 30.0 30.0 30.0 30.0 30.0 30.0 30.0 30.0 0.0
46.8 30.0 30.0 30.0 30.0 30.0 30.0 30.0 30.0 30.0 30.0 0.0
46.9 30.0 30.0 30.0 30.0 30.0 30.0 30.0 30.0 30.0 30.0 0.0
47.0 30.0 30.0 30.0 30.0 30.0 30.0 30.0 30.0 30.0 30.0 0.0
47.1 30.0 30.0 30.0 30.0 30.0 30.0 30.0 30.0 30.0 30.0 0.0
47.2 30.0 30.0 30.0 30.0 30.0 30.0 30.0 30.0 30.0 30.0 0.0
47.3 30.0 30.0 30.0 30.0 30.0 30.0 30.0 30.0 30.0 30.0 0.0
47.4 30.0 30.0 30.0 30.0 30.0 30.0 30.0 30.0 30.0 30.0 0.0
47.5 30.0 30.0 30.0 30.0 30.0 30.0 30.0 30.0 30.0 30.0 0.0
47.6 30.0 30.0 30.0 30.0 30.0 30.0 30.0 30.0 30.0 30.0 0.0
47.7 30.0 30.0 30.0 30.0 30.0 30.0 30.0 30.0 30.0 30.0 0.0
47.8 30.0 30.0 30.0 30.0 30.0 30.0 30.0 30.0 30.0 30.0 0.0
47.9 30.0 30.0 30.0 30.0 30.0 30.0 30.0 30.0 30.0 30.0 0.0
48.0 30.0 30.0 30.0 30.0 30.0 30.0 30.0 30.0 30.0 30.0 0.0
48.1 30.0 30.0 30.0 30.0 30.0 30.0 30.0 30.0 30.0 30.0 0.0
48.2 30.0 30.0 30.0 30.0 30.0 30.0 30.0 30.0 30.0 30.0 0.0
48.3 30.0 30.0 30.0 30.0 30.0 30.0 30.0 30.0 30.0 30.0 0.0
48.4 30.0 30.0 30.0 30.0 30.0 30.0 30.0 30.0 30.0 30.0 0.0
48.5 30.0 30.0 30.0 30.0 30.0 30.0 30.0 30.0 30.0 30.0 0.0
48.6 30.0 30.0 30.0 30.0 30.0 30.0 30.0 30.0 30.0 30.0 0.0
48.7 30.0 30.0 30.0 30.0 30.0 30.0 30.0 30.0 30.0 30.0 0.0
48.8 30.0 30.0 30.0 30.0 30.0 30.0 30.0 30.0 30.0 30.0 0.0
48.9 30.0 30.0 30.0 30.0 30.0 30.0 30.0 30.0 30.0 30.0 0.0
49.0 30.0 30.0 30.0 30.0 30.0 30.0 30.0 30.0 30.0 30.0 0.0
49.1 30.0 30.0 30.0 30.0 30.0 30.0 30.0 30.0 30.0 30.0 0.0
49.2 30.0 30.0 30.0 30.0 30.0 30.0 30.0 30.0 30.0 30.0 0.0
49.3 30.0 30.0 30.0 30.0 30.0 30.0 30.0 30.0 30.0 30.0 0.0
49.4 30.0 30.0 30.0 30.0 30.0 30.0 30.0 30.0 30.0 30.0 0.0
49.5 30.0 30.0 30.0 30.0 30.0 30.0 30.0 30.0 30.0 30.0 0.0
49.6 30.0 30.0 30.0 30.0 30.0 30.0 30.0 30.0 30.0 30.0 0.0
49.7 30.0 30.0 30.0 30.0 30.0 30.0 30.0 30.0 30.0 30.0 0.0
49.8 30.0 30.0 30.0 30.0 30.0 30.0 30.0 30.0 30.0 30.0 0.0
49.9 30.0 30.0 30.0 30.0 30.0 30.0 30.0 30.0 30.0 30.0 0.0
50.0 30.0 30.0 30.0 30.0 30.0 30.0 30.0 30.0 30.0 30.0 0.0
50.1 30.0 30.0 30.0 30.0 30.0 30.0 30.0 30.0 30.0 30.0 0.0
50.2 30.0 30.0 30.0 30.0 30.0 30.0 30.0 30.0 30.0 30.0 0.0
50.3 30.0 30.0 30.0 30.0 30.0 30.0 30.0 30.0 30.0 30.0 0.0
50.4 30.0 30.0 30.0 30.0 30.0 30.0 30.0 30.0 30.0 30.0 0.0
50.5 30.0 30.0 30.0 30.0 30.0 30.0 30.0 30.0 30.0 30.0 0.0
50.6 30.0 30.0 30.0 30.0 30.0 30.0 30.0 30.0 30.0 30.0 0.0
50.7 30.0 30.0 30.0 30.0 30.0 30.0 30.0 30.0 30.0 30.0 0.0
50.8 30.0 30.0 30.0 30.0 30.0 30.0 30.0 30.0 30.0 30.0 0.0
50.9 30.0 30.0 30.0 30.0 30.0 30.0 30.0 30.0 30.0 30.0 0.0
51.0 30.0 30.0 30.0 30.0 30.0 30.0 30.0 30.0 30.0 30.0 0.0
51.1 30.0 30.0 30.0 30.0 30.0 30.0 30.0 30.0 30.0 30.0 0.0
51.2 30.0 30.0 30.0 30.0 30.0 30.0 30.0 30.0 30.0 30.0 0.0
51.3 30.0 30.0 30.0 30.0 30.0 30.0 30.0 30.0 30.0 30.0 0.0
51.4 30.0 30.0 30.0 30.0 30.0 30.0 30.0 30.0 30.0 30.0 0.0
51.5 30.0 30.0 30.0 30.0 30.0 30.0 30.0 30.0 30.0 30.0 0.0
51.6 30.0 30.0 30.0 30.0 30.0 30.0 30.0 30.0 30.0 30.0 0.0
51.7 30.0 30.0 30.0 30.0 30.0 30.0 30.0 30.0 30.0 30.0 0.0
51.8 30.0 30.0 30.0 30.0 30.0 30.0 30.0 30.0 30.0 30.0 0.0
51.9 30.0 30.0 30.0 30.0 30.0 30.0 30.0 30.0 30.0 30.0 0.0
52.0 30.0 30.0 30.0 30.0 30.0 30.0 30.0 30.0 30.0 30.0 0.0
52.1 30.0 30.0 30.0 30.0 30.0 30.0 30.0 30.0 30.0 30.0 0.0
52.2 30.0 30.0 30.0 30.0 30.0 30.0 30.0 30.0 30.0 30.0 0.0
52.3 30.0 30.0 30.0 30.0 30.0 30.0 30.0 30.0 30.0 30.0 0.0
52.4 30.0 30.0 30.0 30.0 30.0 30.0 30.0 30.0 30.0 30.0 0.0
52.5 30.0 30.0 30.0 30.0 30.0 30.0 30.0 30.0 30.0 30.0 0.0
52.6 30.0 30.0 30.0 30.0 30.0 30.0 30.0 30.0 30.0 30.0 0.0
52.7 30.0 30.0 30.0 30.0 30.0 30.0 30.0 30.0 30.0 30.0 0.0
52.8 30.0 30.0 30.0 30.0 30.0 30.0 30.0 30.0 30.0 30.0 0.0
52.9 30.0 30.0 30.0 30.0 30.0 30.0 30.0 30.0 30.0 30.0 0.0
53.0 30.0 30.0 30.0 30.0 30.0 30.0 30.0 30.0 30.0 30.0 0.0
53.1 30.0 30.0 30.0 30.0 30.0 30.0 30.0 30.0 30.0 30.0 0.0
53.2 30.0 30.0 30.0 30.0 30.0 30.0 30.0 30.0 30.0 30.0 0.0
53.3 30.0 30.0 30.0 30.0 30.0 30.0 30.0 30.0 30.0 30.0 0.0
53.4 30.0 30.0 30.0 30.0 30.0 30.0 30.0 30.0 30.0 30.0 0.0
53.5 30.0 30.0 30.0 30.0 30.0 30.0 30.0 30.0 30.0 30.0 0.0
53.6 30.0 30.0 30.0 30.0 30.0 30.0 30.0 30.0 30.0 30.0 0.0
53.7 30.0 30.0 30.0 30.0 30.0 30.0 30.0 30.0 30.0 30.0 0.0
53.8 30.0 30.0 30.0 30.0 30.0 30.0 30.0 30.0 30.0 30.0 0.0
53.9 30.0 30.0 30.0 30.0 30.0 30.0 30.0 30.0 30.0 30.0 0.0
54.0 30.0 30.0 30.0 30.0 30.0 30.0 30.0 30.0 30.0 30.0 0.0
54.1 30.0 30.0 30.0 30.0 30.0 30.0 30.0 30.0 30.0 30.0 0.0
54.2 30.0 30.0 30.0 30.0 30.0 30.0 30.0 30.0 30.0 30.0 0.0
54.3 30.0 30.0 30.0 30.0 30.0 30.0 30.0 30.0 30.0 30.0 0.0
54.4 30.0 30.0 30.0 30.0 30.0 30.0 30.0 30.0 30.0 30.0 0.0
54.5 30.0 30.0 30.0 30.0 30.0 30.0 30.0 30.0 30.0 30.0 0.0
54.6 30.0 30.0 30.0 30.0 30.0 30.0 30.0 30.0 30.0 30.0 0.0
54.7 30.0 30.0 30.0 30.0 30.0 30.0 30.0 30.0 30.0 30.0 0.0
54.8 30.0 30.0 30.0 30.0 30.0 30.0 30.0 30.0 30.0 30.0 0.0
54.9 30.0 30.0 30.0 30.0 30.0 30.0 30.0 30.0 30.0 30.0 0.0
55.0 30.0 30.0 30.0 30.0 30.0 30.0 30.0 30.0 30.0 30.0 0.0
55.1 30.0 30.0 30.0 30.0 30.0 30.0 30.0 30.0 30.0 30.0 0.0
55.2 30.0 30.0 30.0 30.0 30.0 30.0 30.0 30.0 30.0 30.0 0.0
55.3 30.0 30.0 30.0 30.0 30.0 30.0 30.0 30.0 30.0 30.0 0.0
55.4 30.0 30.0 30.0 30.0 30.0 30.0 30.0 30.0 30.0 30.0 0.0
55.5 30.0 30.0 30.0 30.0 30.0 30.0 30.0 30.0 30.0 30.0 0.0
55.6 30.0 30.0 30.0 30.0 30.0 30.0 30.0 30.0 30.0 30.0 0.0
55.7 30.0 30.0 30.0 30.0 30.0 30.0 30.0 30.0 30.0 30.0 0.0
55.8 30.0 30.0 30.0 30.0 30.0 30.0 30.0 30.0 30.0 30.0 0.0
55.9 30.0 30.0 30.0 30.0 30.0 30.0 30.0 30.0 30.0 30.0 0.0
56.0 30.0 30.0 30.0 30.0 30.0 30.0 30.0 30.0 30.0 30.0 0.0
56.1 30.0 30.0 30.0 30.0 30.0 30.0 30.0 30.0 30.0 30.0 0.0
56.2 30.0 30.0 30.0 30.0 30.0 30.0 30.0 30.0 30.0 30.0 0.0
56.3 30.0 30.0 30.0 30.0 30.0 30.0 30.0 30.0 30.0 30.0 0.0
56.4 30.0 30.0 30.0 30.0 30.0 30.0 30.0 30.0 30.0 30.0 0.0
56.5 30.0 30.0 30.0 30.0 30.0 30.0 30.0 30.0 30.0 30.0 0.0
56.6 30.0 30.0 30.0 30.0 30.0 30.0 30.0 30.0 30.0 30.0 0.0
56.7 30.0 30.0 30.0 30.0 30.0 30.0 30.0 30.0 30.0 30.0 0.0
56.8 30.0 30.0 30.0 30.0 30.0 30.0 30.0 30.0 30.0 30.0 0.0
56.9 30.0 30.0 30.0 30.0 30.0 30.0 30.0 30.0 30.0 30.0 0.0
57.0 30.0 30.0 30.0 30.0 30.0 30.0 30.0 30.0 30.0 30.0 0.0
57.1 30.0 30.0 30.0 30.0 30.0 30.0 30.0 30.0 30.0 30.0 0.0
57.2 30.0 30.0 30.0 30.0 30.0 30.0 30.0 30.0 30.0 30.0 0.0
57.3 30.0 30.0 30.0 30.0 30.0 30.0 30.0 30.0 30.0 30.0 0.0
57.4 30.0 30.0 30.0 30.0 30.0 30.0 30.0 30.0 30.0 30.0 0.0
57.5 30.0 30.0 30.0 30.0 30.0 30.0 30.0 30.0 30.0 30.0 0.0
57.6 30.0 30.0 30.0 30.0 30.0 30.0 30.0 30.0 30.0 30.0 0.0
57.7 30.0 30.0 30.0 30.0 30.0 30.0 30.0 30.0 30.0 30.0 0.0
57.8 30.0 30.0 30.0 30.0 30.0 30.0 30.0 30.0 30.0 30.0 0.0
57.9 30.0 30.0 30.0 30.0 30.0 30.0 30.0 30.0 30.0 30.0 0.0
58.0 30.0 30.0 30.0 30.0 30.0 30.0 30.0 30.0 30.0 30.0 0.0
58.1 30.0 30.0 30.0 30.0 30.0 30.0 30.0 30.0 30.0 30.0 0.0
58.2 30.0 30.0 30.0 30.0 30.0 30.0 30.0 30.0 30.0 30.0 0.0
58.3 30.0 30.0 30.0 30.0 30.0 30.0 30.0 30.0 30.0 30.0 0.0
58.4 30.0 30.0 30.0 30.0 30.0 30.0 30.0 30.0 30.0 30.0 0.0
58.5 30.0 30.0 30.0 30.0 30.0 30.0 30.0 30.0 30.0 30.0 0.0
58.6 30.0 30.0 30.0 30.0 30.0 30.0 30.0 30.0 30.0 30.0 0.0
58.7 30.0 30.0 30.0 30.0 30.0 30.0 30.0 30.0 30.0 30.0 0.0
58.8 30.0 30.0 30.0 30.0 30.0 30.0 30.0 30.0 30.0 30.0 0.0
58.9 30.0 30.0 30.0 30.0 30.0 30.0 30.0 30.0 30.0 30.0 0.0
59.0 30.0 30.0 30.0 30.0 30.0 30.0 30.0 30.0 30.0 30.0 0.0
59.1 30.0 30.0 30.0 30.0 30.0 30.0 30.0 30.0 30.0 30.0 0.0
59.2 30.0 30.0 30.0 30.0 30.0 30.0 30.0 30.0 30.0 30.0 0.0
59.3 30.0 30.0 30.0 30.0 30.0 30.0 30.0 30.0 30.0 30.0 0.0
59.4 30.0 30.0 30.0 30.0 30.0 30.0 30.0 30.0 30.0 30.0 0.0
59.5 30.0 30.0 30.0 30.0 30.0 30.0 30.0 30.0 30.0 30.0 0.0
59.6 30.0 30.0 30.0 30.0 30.0 30.0 30.0 30.0 30.0 30.0 0.0
59.7 30.0 30.0 30.0 30.0 30.0 30.0 30.0 30.0 30.0 30.0 0.0
59.8 30.0 30.0 30.0 30.0 30.0 30.0 30.0 30.0 30.0 30.0 0.0
59.9 30.0 30.0 30.0 30.0 30.0 30.0 30.0 30.0 30.0 30.0 0.0
60.0 30.0 30.0 30.0 30.0 30.0 30.0 30.0 30.0 30.0 30.0 0.0
60.1 30.0 30.0 30.0 30.0 30.0 30.0 30.0 30.0 30.0 30.0 0.0
60.2 30.0 30.0 30.0 30.0 30.0 30.0 30.0 30.0 30.0 30.0 0.0
60.3 30.0 30.0 30.0 30.0 30.0 30.0 30.0 30.0 30.0 30.0 0.0
60.4 30.0 30.0 30.0 30.0 30.0 30.0 30.0 30.0 30.0 30.0 0.0
60.5 30.0 30.0 30.0 30.0 30.0 30.0 30.0 30.0 30.0 30.0 0.0
60.6 30.0 30.0 30.0 30.0 30.0 30.0 30.0 30.0 30.0 30.0 0.0
60.7 30.0 30.0 30.0 30.0 30.0 30.0 30.0 30.0 30.0 30.0 0.0
60.8 30.0 30.0 30.0 30.0 30.0 30.0 30.0 30.0 30.0 30.0 0.0
60.9 30.0 30.0 30.0 30.0 30.0 30.0 30.0 30.0 30.0 30.0 0.0
61.0 30.0 30.0 30.0 30.0 30.0 30.0 30.0 30.0 30.0 30.0 0.0
61.1 30.0 30.0 30.0 30.0 30.0 30.0 30.0 30.0 30.0 30.0 0.0
61.2 30.0 30.0 30.0 30.0 30.0 30.0 30.0 30.0 30.0 30.0 0.0
61.3 30.0 30.0 30.0 30.0 30.0 30.0 30.0 30.0 30.0 30.0 0.0
61.4 30.0 30.0 30.0 30.0 30.0 30.0 30.0 30.0 30.0 30.0 0.0
61.5 30.0 30.0 30.0 30.0 30.0 30.0 30.0 30.0 30.0 30.0 0.0
61.6 30.0 30.0 30.0 30.0 30.0 30.0 30.0 30.0 30.0 30.0 0.0
61.7 30.0 30.0 30.0 30.0 30.0 30.0 30.0 30.0 30.0 30.0 0.0
61.8 30.0 30.0 30.0 30.0 30.0 30.0 30.0 30.0 30.0 30.0 0.0
61.9 30.0 30.0 30.0 30.0 30.0 30.0 30.0 30.0 30.0 30.0 0.0
62.0 30.0 30.0 30.0 30.0 30.0 30.0 30.0 30.0 30.0 30.0 0.0
62.1 30.0 30.0 30.0 30.0 30.0 30.0 30.0 30.0 30.0 30.0 0.0
62.2 30.0 30.0 30.0 30.0 30.0 30.0 30.0 30.0 30.0 30.0 0.0
62.3 30.0 30.0 30.0 30.0 30.0 30.0 30.0 30.0 30.0 30.0 0.0
62.4 30.0 30.0 30.0 30.0 30.0 30.0 30.0 30.0 30.0 30.0 0.0
62.5 30.0 30.0 30.0 30.0 30.0 30.0 30.0 30.0 30.0 30.0 0.0
62.6 30.0 30.0 30.0 30.0 30.0 30.0 30.0 30.0 30.0 30.0 0.0
62.7 30.0 30.0 30.0 30.0 30.0 30.0 30.0 30.0 30.0 30.0 0.0
62.8 30.0 30.0 30.0 30.0 30.0 30.0 30.0 30.0 30.0 30.0 0.0
62.9 30.0 30.0 30.0 30.0 30.0 30.0 30.0 30.0 30.0 30.0 0.0
63.0 30.0 30.0 30.0 30.0 30.0 30.0 30.0 30.0 30.0 30.0 0.0
63.1 30.0 30.0 30.0 30.0 30.0 30.0 30.0 30.0 30.0 30.0 0.0
63.2 30.0 30.0 30.0 30.0 30.0 30.0 30.0 30.0 30.0 30.0 0.0
63.3 30.0 30.0 30.0 30.0 30.0 30.0 30.0 30.0 30.0 30.0 0.0
63.4 30.0 30.0 30.0 30.0 30.0 30.0 30.0 30.0 30.0 30.0 0.0
63.5 30.0 30.0 30.0 30.0 30.0 30.0 30.0 30.0 30.0 30.0 0.0
63.6 30.0 30.0 30.0 30.0 30.0 30.0 30.0 30.0 30.0 30.0 0.0
63.7 30.0 30.0 30.0 30.0 30.0 30.0 30.0 30.0 30.0 30.0 0.0
63.8 30.0 30.0 30.0 30.0 30.0 30.0 30.0 30.0 30.0 30.0 0.0
63.9 30.0 30.0 30.0 30.0 30.0 30.0 30.0 30.0 30.0 30.0 0.0
64.0 30.0 30.0 30.0 30.0 30.0 30.0 30.0 30.0 30.0 30.0 0.0
64.1 30.0 30.0 30.0 30.0 30.0 30.0 30.0 30.0 30.0 30.0 0.0
64.2 30.0 30.0 30.0 30.0 30.0 30.0 30.0 30.0 30.0 30.0 0.0
64.3 30.0 30.0 30.0 30.0 30.0 30.0 30.0 30.0 30.0 30.0 0.0
64.4 30.0 30.0 30.0 30.0 30.0 30.0 30.0 30.0 30.0 30.0 0.0
64.5 30.0 30.0 30.0 30.0 30.0 30.0 30.0 30.0 30.0 30.0 0.0
64.6 30.0 30.0 30.0 30.0 30.0 30.0 30.0 30.0 30.0 30.0 0.0
64.7 30.0 30.0 30.0 30.0 30.0 30.0 30.0 30.0 30.0 30.0 0.0
64.8 30.0 30.0 30.0 30.0 30.0 30.0 30.0 30.0 30.0 30.0 0.0
64.9 30.0 30.0 30.0 30.0 30.0 30.0 30.0 30.0 30.0 30.0 0.0
65.0 30.0 30.0 30.0 30.0 30.0 30.0 30.0 30.0 30.0 30.0 0.0
65.1 30.0 30.0 30.0 30.0 30.0 30.0 30.0 30.0 30.0 30.0 0.0
65.2 30.0 30.0 30.0 30.0 30.0 30.0 30.0 30.0 30.0 30.0 0.0
65.3 30.0 30.0 30.0 30.0 30.0 30.0 30.0 30.0 30.0 30.0 0.0
65.4 30.0 30.0 30.0 30.0 30.0 30.0 30.0 30.0 30.0 30.0 0.0
65.5 30.0 30.0 30.0 30.0 30.0 30.0 30.0 30.0 30.0 30.0 0.0
65.6 30.0 30.0 30.0 30.0 30.0 30.0 30.0 30.0 30.0 30.0 0.0
65.7 30.0 30.0 30.0 30.0 30.0 30.0 30.0 30.0 30.0 30.0 0.0
65.8 30.0 30.0 30.0 30.0 30.0 30.0 30.0 30.0 30.0 30.0 0.0
65.9 30.0 30.0 30.0 30.0 30.0 30.0 30.0 30.0 30.0 30.0 0.0
66.0 30.0 30.0 30.0 30.0 30.0 30.0 30.0 30.0 30.0 30.0 0.0
66.1 30.0 30.0 30.0 30.0 30.0 30.0 30.0 30.0 30.0 30.0 0.0
66.2 30.0 30.0 30.0 30.0 30.0 30.0 30.0 30.0 30.0 30.0 0.0
66.3 30.0 30.0 30.0 30.0 30.0 30.0 30.0 30.0 30.0 30.0 0.0
66.4 30.0 30.0 30.0 30.0 30.0 30.0 30.0 30.0 30.0 30.0 0.0
66.5 30.0 30.0 30.0 30.0 30.0 30.0 30.0 30.0 30.0 30.0 0.0
66.6 30.0 30.0 30.0 30.0 30.0 30.0 30.0 30.0 30.0 30.0 0.0
66.7 30.0 30.0 30.0 30.0 30.0 30.0 30.0 30.0 30.0 30.0 0.0
66.8 30.0 30.0 30.0 30.0 30.0 30.0 30.0 30.0 30.0 30.0 0.0
66.9 30.0 30.0 30.0 30.0 30.0 30.0 30.0 30.0 30.0 30.0 0.0
67.0 30.0 30.0 30.0 30.0 30.0 30.0 30.0 30.0 30.0 30.0 0.0
67.1 30.0 30.0 30.0 30.0 30.0 30.0 30.0 30.0 30.0 30.0 0.0
67.2 30.0 30.0 30.0 30.0 30.0 30.0 30.0 30.0 30.0 30.0 0.0
67.3 30.0 30.0 30.0 30.0 30.0 30.0 30.0 30.0 30.0 30.0 0.0
67.4 30.0 30.0 30.0 30.0 30.0 30.0 30.0 30.0 30.0 30.0 0.0
67.5 30.0 30.0 30.0 30.0 30.0 30.0 30.0 30.0 30.0 30.0 0.0
67.6 30.0 30.0 30.0 30.0 30.0 30.0 30.0 30.0 30.0 30.0 0.0
67.7 30.0 30.0 30.0 30.0 30.0 30.0 30.0 30.0 30.0 30.0 0.0
67.8 30.0 30.0 30.0 30.0 30.0 30.0 30.0 30.0 30.0 30.0 0.0
67.9 30.0 30.0 30.0 30.0 30.0 30.0 30.0 30.0 30.0 30.0 0.0
68.0 30.0 30.0 30.0 30.0 30.0 30.0 30.0 30.0 30.0 30.0 0.0
68.1 30.0 30.0 30.0 30.0 30.0 30.0 30.0 30.0 30.0 30.0 0.0
68.2 30.0 30.0 30.0 30.0 30.0 30.0 30.0 30.0 30.0 30.0 0.0
68.3 30.0 30.0 30.0 30.0 30.0 30.0 30.0 30.0 30.0 30.0 0.0
68.4 30.0 30.0 30.0 30.0 30.0 30.0 30.0 30.0 30.0 30.0 0.0
68.5 30.0 30.0 30.0 30.0 30.0 30.0 30.0 30.0 30.0 30.0 0.0
68.6 30.0 30.0 30.0 30.0 30.0 30.0 30.0 30.0 30.0 30.0 0.0
68.7 30.0 30.0 30.0 30.0 30.0 30.0 30.0 30.0 30.0 30.0 0.0
68.8 30.0 30.0 30.0 30.0 30.0 30.0 30.0 30.0 30.0 30.0 0.0
68.9 30.0 30.0 30.0 30.0 30.0 30.0 30.0 30.0 30.0 30.0 0.0
69.0 30.0 30.0 30.0 30.0 30.0 30.0 30.0 30.0 30.0 30.0 0.0
69.1 30.0 30.0 30.0 30.0 30.0 30.0 30.0 30.0 30.0 30.0 0.0
69.2 30.0 30.0 30.0 30.0 30.0 30.0 30.0 30.0 30.0 30.0 0.0
69.3 30.0 30.0 30.0 30.0 30.0 30.0 30.0 30.0 30.0 30.0 0.0
69.4 30.0 30.0 30.0 30.0 30.0 30.0 30.0 30.0 30.0 30.0 0.0
69.5 30.0 30.0 30.0 30.0 30.0 30.0 30.0 30.0 30.0 30.0 0.0
69.6 30.0 30.0 30.0 30.0 30.0 30.0 30.0 30.0 30.0 30.0 0.0
69.7 30.0 30.0 30.0 30.0 30.0 30.0 30.0 30.0 30.0 30.0 0.0
69.8 30.0 30.0 30.0 30.0 30.0 30.0 30.0 30.0 30.0 30.0 0.0
69.9 30.0 30.0 30.0 30.0 30.0 30.0 30.0 30.0 30.0 30.0 0.0
70.0 30.0 30.0 30.0 30.0 30.0 30.0 30.0 30.0 30.0 30.0 0.0
70.1 30.0 30.0 30.0 30.0 30.0 30.0 30.0 30.0 30.0 30.0 0.0
70.2 30.0 30.0 30.0 30.0 30.0 30.0 30.0 30.0 30.0 30.0 0.0
70.3 30.0 30.0 30.0 30.0 30.0 30.0 30.0 30.0 30.0 30.0 0.0
70.4 30.0 30.0 30.0 30.0 30.0 30.0 30.0 30.0 30.0 30.0 0.0
70.5 30.0 30.0 30.0 30.0 30.0 30.0 30.0 30.0 30.0 30.0 0.0
70.6 30.0 30.0 30.0 30.0 30.0 30.0 30.0 30.0 30.0 30.0 0.0
70.7 30.0 30.0 30.0 30.0 30.0 30.0 30.0 30.0 30.0 30.0 0.0
70.8 30.0 30.0 30.0 30.0 30.0 30.0 30.0 30.0 30.0 30.0 0.0
70.9 30.0 30.0 30.0 30.0 30.0 30.0 30.0 30.0 30.0 30.0 0.0
71.0 30.0 30.0 30.0 30.0 30.0 30.0 30.0 30.0 30.0 30.0 0.0
71.1 30.0 30.0 30.0 30.0 30.0 30.0 30.0 30.0 30.0 30.0 0.0
71.2 30.0 30.0 30.0 30.0 30.0 30.0 30.0 30.0 30.0 30.0 0.0
71.3 30.0 30.0 30.0 30.0 30.0 30.0 30.0 30.0 30.0 30.0 0.0
71.4 30.0 30.0 30.0 30.0 30.0 30.0 30.0 30.0 30.0 30.0 0.0
71.5 30.0 30.0 30.0 30.0 30.0 30.0 30.0 30.0 30.0 30.0 0.0
71.6 30.0 30.0 30.0 30.0 30.0 30.0 30.0 30.0 30.0 30.0 0.0
71.7 30.0 30.0 30.0 30.0 30.0 30.0 30.0 30.0 30.0 30.0 0.0
71.8 30.0 30.0 30.0 30.0 30.0 30.0 30.0 30.0 30.0 30.0 0.0
71.9 30.0 30.0 30.0 30.0 30.0 30.0 30.0 30.0 30.0 30.0 0.0
72.0 30.0 30.0 30.0 30.0 30.0 30.0 30.0 30.0 30.0 30.0 0.0
72.1 30.0 30.0 30.0 30.0 30.0 30.0 30.0 30.0 30.0 30.0 0.0
72.2 30.0 30.0 30.0 30.0 30.0 30.0 30.0 30.0 30.0 30.0 0.0
72.3 30.0 30.0 30.0 30.0 30.0 30.0 30.0 30.0 30.0 30.0 0.0
72.4 30.0 30.0 30.0 30.0 30.0 30.0 30.0 30.0 30.0 30.0 0.0
72.5 30.0 30.0 30.0 30.0 30.0 30.0 30.0 30.0 30.0 30.0 0.0
72.6 30.0 30.0 30.0 30.0 30.0 30.0 30.0 30.0 30.0 30.0 0.0
72.7 30.0 30.0 30.0 30.0 30.0 30.0 30.0 30.0 30.0 30.0 0.0
72.8 30.0 30.0 30.0 30.0 30.0 30.0 30.0 30.0 30.0 30.0 0.0
72.9 30.0 30.0 30.0 30.0 30.0 30.0 30.0 30.0 30.0 30.0 0.0
73.0 30.0 30.0 30.0 30.0 30.0 30.0 30.0 30.0 30.0 30.0 0.0
73.1 30.0 30.0 30.0 30.0 30.0 30.0 30.0 30.0 30.0 30.0 0.0
73.2 30.0 30.0 30.0 30.0 30.0 30.0 30.0 30.0 30.0 30.0 0.0
73.3 30.0 30.0 30.0 30.0 30.0 30.0 30.0 30.0 30.0 30.0 0.0
73.4 30.0 30.0 30.0 30.0 30.0 30.0 30.0 30.0 30.0 30.0 0.0
73.5 30.0 30.0 30.0 30.0 30.0 30.0 30.0 30.0 30.0 30.0 0.0
73.6 30.0 30.0 30.0 30.0 30.0 30.0 30.0 30.0 30.0 30.0 0.0
73.7 30.0 30.0 30.0 30.0 30.0 30.0 30.0 30.0 30.0 30.0 0.0
73.8 30.0 30.0 30.0 30.0 30.0 30.0 30.0 30.0 30.0 30.0 0.0
73.9 30.0 30.0 30.0 30.0 30.0 30.0 30.0 30.0 30.0 30.0 0.0
74.0 30.0 30.0 30.0 30.0 30.0 30.0 30.0 30.0 30.0 30.0 0.0
74.1 30.0 30.0 30.0 30.0 30.0 30.0 30.0 30.0 30.0 30.0 0.0
74.2 30.0 30.0 30.0 30.0 30.0 30.0 30.0 30.0 30.0 30.0 0.0
74.3 30.0 30.0 30.0 30.0 30.0 30.0 30.0 30.0 30.0 30.0 0.0
74.4 30.0 30.0 30.0 30.0 30.0 30.0 30.0 30.0 30.0 30.0 0.0
74.5 30.0 30.0 30.0 30.0 30.0 30.0 30.0 30.0 30.0 30.0 0.0
74.6 30.0 30.0 30.0 30.0 30.0 30.0 30.0 30.0 30.0 30.0 0.0
74.7 30.0 30.0 30.0 30.0 30.0 30.0 30.0 30.0 30.0 30.0 0.0
74.8 30.0 30.0 30.0 30.0 30.0 30.0 30.0 30.0 30.0 30.0 0.0
74.9 30.0 30.0 30.0 30.0 30.0 30.0 30.0 30.0 30.0 30.0 0.0
75.0 30.0 30.0 30.0 30.0 30.0 30.0 30.0 30.0 30.0 30.0 0.0
75.1 30.0 30.0 30.0 30.0 30.0 30.0 30.0 30.0 30.0 30.0 0.0
75.2 30.0 30.0 30.0 30.0 30.0 30.0 30.0 30.0 30.0 30.0 0.0
75.3 30.0 30.0 30.0 30.0 30.0 30.0 30.0 30.0 30.0 30.0 0.0
75.4 30.0 30.0 30.0 30.0 30.0 30.0 30.0 30.0 30.0 30.0 0.0
75.5 30.0 30.0 30.0 30.0 30.0 30.0 30.0 30.0 30.0 30.0 0.0
75.6 30.0 30.0 30.0 30.0 30.0 30.0 30.0 30.0 30.0 30.0 0.0
75.7 30.0 30.0 30.0 30.0 30.0 30.0 30.0 30.0 30.0 30.0 0.0
75.8 30.0 30.0 30.0 30.0 30.0 30.0 30.0 30.0 30.0 30.0 0.0
75.9 30.0 30.0 30.0 30.0 30.0 30.0 30.0 30.0 30.0 30.0 0.0
76.0 30.0 30.0 30.0 30.0 30.0 30.0 30.0 30.0 30.0 30.0 0.0
76.1 30.0 30.0 30.0 30.0 30.0 30.0 30.0 30.0 30.0 30.0 0.0
76.2 30.0 30.0 30.0 30.0 30.0 30.0 30.0 30.0 30.0 30.0 0.0
76.3 30.0 30.0 30.0 30.0 30.0 30.0 30.0 30.0 30.0 30.0 0.0
76.4 30.0 30.0 30.0 30.0 30.0 30.0 30.0 30.0 30.0 30.0 0.0
76.5 30.0 30.0 30.0 30.0 30.0 30.0 30.0 30.0 30.0 30.0 0.0
76.6 30.0 30.0 30.0 30.0 30.0 30.0 30.0 30.0 30.0 30.0 0.0
76.7 30.0 30.0 30.0 30.0 30.0 30.0 30.0 30.0 30.0 30.0 0.0
76.8 30.0 30.0 30.0 30.0 30.0 30.0 30.0 30.0 30.0 30.0 0.0
76.9 30.0 30.0 30.0 30.0 30.0 30.0 30.0 30.0 30.0 30.0 0.0
77.0 30.0 30.0 30.0 30.0 30.0 30.0 30.0 30.0 30.0 30.0 0.0
77.1 30.0 30.0 30.0 30.0 30.0 30.0 30.0 30.0 30.0 30.0 0.0
77.2 30.0 30.0 30.0 30.0 30.0 30.0 30.0 30.0 30.0 30.0 0.0
77.3 30.0 30.0 30.0 30.0 30.0 30.0 30.0 30.0 30.0 30.0 0.0
77.4 30.0 30.0 30.0 30.0 30.0 30.0 30.0 30.0 30.0 30.0 0.0
77.5 30.0 30.0 30.0 30.0 30.0 30.0 30.0 30.0 30.0 30.0 0.0
77.6 30.0 30.0 30.0 30.0 30.0 30.0 30.0 30.0 30.0 30.0 0.0
77.7 30.0 30.0 30.0 30.0 30.0 30.0 30.0 30.0 30.0 30.0 0.0
77.8 30.0 30.0 30.0 30.0 30.0 30.0 30.0 30.0 30.0 30.0 0.0
77.9 30.0 30.0 30.0 30.0 30.0 30.0 30.0 30.0 30.0 30.0 0.0
78.0 30.0 30.0 30.0 30.0 30.0 30.0 30.0 30.0 30.0 30.0 0.0
78.1 30.0 30.0 30.0 30.0 30.0 30.0 30.0 30.0 30.0 30.0 0.0
78.2 30.0 30.0 30.0 30.0 30.0 30.0 30.0 30.0 30.0 30.0 0.0
78.3 30.0 30.0 30.0 30.0 30.0 30.0 30.0 30.0 30.0 30.0 0.0
78.4 30.0 30.0 30.0 30.0 30.0 30.0 30.0 30.0 30.0 30.0 0.0
78.5 30.0 30.0 30.0 30.0 30.0 30.0 30.0 30.0 30.0 30.0 0.0
78.6 30.0 30.0 30.0 30.0 30.0 30.0 30.0 30.0 30.0 30.0 0.0
78.7 30.0 30.0 30.0 30.0 30.0 30.0 30.0 30.0 30.0 30.0 0.0
78.8 30.0 30.0 30.0 30.0 30.0 30.0 30.0 30.0 30.0 30.0 0.0
78.9 30.0 30.0 30.0 30.0 30.0 30.0 30.0 30.0 30.0 30.0 0.0
79.0 30.0 30.0 30.0 30.0 30.0 30.0 30.0 30.0 30.0 30.0 0.0
79.1 30.0 30.0 30.0 30.0 30.0 30.0 30.0 30.0 30.0 30.0 0.0
79.2 30.0 30.0 30.0 30.0 30.0 30.0 30.0 30.0 30.0 30.0 0.0
79.3 30.0 30.0 30.0 30.0 30.0 30.0 30.0 30.0 30.0 30.0 0.0
79.4 30.0 30.0 30.0 30.0 30.0 30.0 30.0 30.0 30.0 30.0 0.0
79.5 30.0 30.0 30.0 30.0 30.0 30.0 30.0 30.0 30.0 30.0 0.0
79.6 30.0 30.0 30.0 30.0 30.0 30.0 30.0 30.0 30.0 30.0 0.0
79.7 30.0 30.0 30.0 30.0 30.0 30.0 30.0 30.0 30.0 30.0 0.0
79.8 30.0 30.0 30.0 30.0 30.0 30.0 30.0 30.0 30.0 30.0 0.0
79.9 30.0 30.0 30.0 30.0 30.0 30.0 30.0 30.0 30.0 30.0 0.0
80.0 30.0 30.0 30.0 30.0 30.0 30.0 30.0 30.0 30.0 30.0 0.0
80.1 30.0 30.0 30.0 30.0 30.0 30.0 30.0 30.0 30.0 30.0 0.0
80.2 30.0 30.0 30.0 30.0 30.0 30.0 30.0 30.0 30.0 30.0 0.0
80.3 30.0 30.0 30.0 30.0 30.0 30.0 30.0 30.0 30.0 30.0 0.0
80.4 30.0 30.0 30.0 30.0 30.0 30.0 30.0 30.0 30.0 30.0 0.0
80.5 30.0 30.0 30.0 30.0 30.0 30.0 30.0 30.0 30.0 30.0 0.0
80.6 30.0 30.0 30.0 30.0 30.0 30.0 30.0 30.0 30.0 30.0 0.0
80.7 30.0 30.0 30.0 30.0 30.0 30.0 30.0 30.0 30.0 30.0 0.0
80.8 30.0 30.0 30.0 30.0 30.0 30.0 30.0 30.0 30.0 30.0 0.0
80.9 30.0 30.0 30.0 30.0 30.0 30.0 30.0 30.0 30.0 30.0 0.0
81.0 30.0 30.0 30.0 30.0 30.0 30.0 30.0 30.0 30.0 30.0 0.0
81.1 30.0 30.0 30.0 30.0 30.0 30.0 30.0 30.0 30.0 30.0 0.0
81.2 30.0 30.0 30.0 30.0 30.0 30.0 30.0 30.0 30.0 30.0 0.0
81.3 30.0 30.0 30.0 30.0 30.0 30.0 30.0 30.0 30.0 30.0 0.0
81.4 30.0 30.0 30.0 30.0 30.0 30.0 30.0 30.0 30.0 30.0 0.0
81.5 30.0 30.0 30.0 30.0 30.0 30.0 30.0 30.0 30.0 30.0 0.0
81.6 30.0 30.0 30.0 30.0 30.0 30.0 30.0 30.0 30.0 30.0 0.0
81.7 30.0 30.0 30.0 30.0 30.0 30.0 30.0 30.0 30.0 30.0 0.0
81.8 30.0 30.0 30.0 30.0 30.0 30.0 30.0 30.0 30.0 30.0 0.0
81.9 30.0 30.0 30.0 30.0 30.0 30.0 30.0 30.0 30.0 30.0 0.0
82.0 30.0 30.0 30.0 30.0 30.0 30.0 30.0 30.0 30.0 30.0 0.0
82.1 30.0 30.0 30.0 30.0 30.0 30.0 30.0 30.0 30.0 30.0 0.0
82.2 30.0 30.0 30.0 30.0 30.0 30.0 30.0 30.0 30.0 30.0 0.0
82.3 30.0 30.0 30.0 30.0 30.0 30.0 30.0 30.0 30.0 30.0 0.0
82.4 30.0 30.0 30.0 30.0 30.0 30.0 30.0 30.0 30.0 30.0 0.0
82.5 30.0 30.0 30.0 30.0 30.0 30.0 30.0 30.0 30.0 30.0 0.0
82.6 30.0 30.0 30.0 30.0 30.0 30.0 30.0 30.0 30.0 30.0 0.0
82.7 30.0 30.0 30.0 30.0 30.0 30.0 30.0 30.0 30.0 30.0 0.0
82.8 30.0 30.0 30.0 30.0 30.0 30.0 30.0 30.0 30.0 30.0 0.0
82.9 30.0 30.0 30.0 30.0 30.0 30.0 30.0 30.0 30.0 30.0 0.0
83.0 30.0 30.0 30.0 30.0 30.0 30.0 30.0 30.0 30.0 30.0 0.0
83.1 30.0 30.0 30.0 30.0 30.0 30.0 30.0 30.0 30.0 30.0 0.0
83.2 30.0 30.0 30.0 30.0 30.0 30.0 30.0 30.0 30.0 30.0 0.0
83.3 30.0 30.0 30.0 30.0 30.0 30.0 30.0 30.0 30.0 30.0 0.0
83.4 30.0 30.0 30.0 30.0 30.0 30.0 30.0 30.0 30.0 30.0 0.0
83.5 30.0 30.0 30.0 30.0 30.0 30.0 30.0 30.0 30.0 30.0 0.0
83.6 30.0 30.0 30.0 30.0 30.0 30.0 30.0 30.0 30.0 30.0 0.0
83.7 30.0 30.0 30.0 30.0 30.0 30.0 30.0 30.0 30.0 30.0 0.0
83.8 30.0 30.0 30.0 30.0 30.0 30.0 30.0 30.0 30.0 30.0 0.0
83.9 30.0 30.0 30.0 30.0 30.0 30.0 30.0 30.0 30.0 30.0 0.0
84.0 30.0 30.0 30.0 30.0 30.0 30.0 30.0 30.0 30.0 30.0 0.0
84.1 30.0 30.0 30.0 30.0 30.0 30.0 30.0 30.0 30.0 30.0 0.0
84.2 30.0 30.0 30.0 30.0 30.0 30.0 30.0 30.0 30.0 30.0 0.0
84.3 30.0 30.0 30.0 30.0 30.0 30.0 30.0 30.0 30.0 30.0 0.0
84.4 30.0 30.0 30.0 30.0 30.0 30.0 30.0 30.0 30.0 30.0 0.0
84.5 30.0 30.0 30.0 30.0 30.0 30.0 30.0 30.0 30.0 30.0 0.0
84.6 30.0 30.0 30.0 30.0 30.0 30.0 30.0 30.0 30.0 30.0 0.0
84.7 30.0 30.0 30.0 30.0 30.0 30.0 30.0 30.0 30.0 30.0 0.0
84.8 30.0 30.0 30.0 30.0 30.0 30.0 30.0 30.0 30.0 30.0 0.0
84.9 30.0 30.0 30.0 30.0 30.0 30.0 30.0 30.0 30.0 30.0 0.0
85.0 30.0 30.0 30.0 30.0 30.0 30.0 30.0 30.0 30.0 30.0 0.0
85.1 30.0 30.0 30.0 30.0 30.0 30.0 30.0 30.0 30.0 30.0 0.0
85.2 30.0 30.0 30.0 30.0 30.0 30.0 30.0 30.0 30.0 30.0 0.0
85.3 30.0 30.0 30.0 30.0 30.0 30.0 30.0 30.0 30.0 30.0 0.0
85.4 30.0 30.0 30.0 30.0 30.0 30.0 30.0 30.0 30.0 30.0 0.0
85.5 30.0 30.0 30.0 30.0 30.0 30.0 30.0 30.0 30.0 30.0 0.0
85.6 30.0 30.0 30.0 30.0 30.0 30.0 30.0 30.0 30.0 30.0 0.0
85.7 30.0 30.0 30.0 30.0 30.0 30.0 30.0 30.0 30.0 30.0 0.0
85.8 30.0 30.0 30.0 30.0 30.0 30.0 30.0 30.0 30.0 30.0 0.0
85.9 30.0 30.0 30.0 30.0 30.0 30.0 30.0 30.0 30.0 30.0 0.0
86.0 30.0 30.0 30.0 30.0 30.0 30.0 30.0 30.0 30.0 30.0 0.0
86.1 30.0 30.0 30.0 30.0 30.0 30.0 30.0 30.0 30.0 30.0 0.0
86.2 30.0 30.0 30.0 30.0 30.0 30.0 30.0 30.0 30.0 30.0 0.0
86.3 30.0 30.0 30.0 30.0 30.0 30.0 30.0 30.0 30.0 30.0 0.0
86.4 30.0 30.0 30.0 30.0 30.0 30.0 30.0 30.0 30.0 30.0 0.0
86.5 30.0 30.0 30.0 30.0 30.0 30.0 30.0 30.0 30.0 30.0 0.0
86.6 30.0 30.0 30.0 30.0 30.0 30.0 30.0 30.0 30.0 30.0 0.0
86.7 30.0 30.0 30.0 30.0 30.0 30.0 30.0 30.0 30.0 30.0 0.0
86.8 30.0 30.0 30.0 30.0 30.0 30.0 30.0 30.0 30.0 30.0 0.0
86.9 30.0 30.0 30.0 30.0 30.0 30.0 30.0 30.0 30.0 30.0 0.0
87.0 30.0 30.0 30.0 30.0 30.0 30.0 30.0 30.0 30.0 30.0 0.0
87.1 30.0 30.0 30.0 30.0 30.0 30.0 30.0 30.0 30.0 30.0 0.0
87.2 30.0 30.0 30.0 30.0 30.0 30.0 30.0 30.0 30.0 30.0 0.0
87.3 30.0 30.0 30.0 30.0 30.0 30.0 30.0 30.0 30.0 30.0 0.0
87.4 30.0 30.0 30.0 30.0 30.0 30.0 30.0 30.0 30.0 30.0 0.0
87.5 30.0 30.0 30.0 30.0 30.0 30.0 30.0 30.0 30.0 30.0 0.0
87.6 30.0 30.0 30.0 30.0 30.0 30.0 30.0 30.0 30.0 30.0 0.0
87.7 30.0 30.0 30.0 30.0 30.0 30.0 30.0 30.0 30.0 30.0 0.0
87.8 30.0 30.0 30.0 30.0 30.0 30.0 30.0 30.0 30.0 30.0 0.0
87.9 30.0 30.0 30.0 30.0 30.0 30.0 30.0 30.0 30.0 30.0 0.0
88.0 30.0 30.0 30.0 30.0 30.0 30.0 30.0 30.0 30.0 30.0 0.0
88.1 30.0 30.0 30.0 30.0 30.0 30.0 30.0 30.0 30.0 30.0 0.0
88.2 30.0 30.0 30.0 30.0 30.0 30.0 30.0 30.0 30.0 30.0 0.0
88.3 30.0 30.0 30.0 30.0 30.0 30.0 30.0 30.0 30.0 30.0 0.0
88.4 30.0 30.0 30.0 30.0 30.0 30.0 30.0 30.0 30.0 30.0 0.0
88.5 30.0 30.0 30.0 30.0 30.0 30.0 30.0 30.0 30.0 30.0 0.0
88.6 30.0 30.0 30.0 30.0 30.0 30.0 30.0 30.0 30.0 30.0 0.0
88.7 30.0 30.0 30.0 30.0 30.0 30.0 30.0 30.0 30.0 30.0 0.0
88.8 30.0 30.0 30.0 30.0 30.0 30.0 30.0 30.0 30.0 30.0 0.0
88.9 30.0 30.0 30.0 30.0 30.0 30.0 30.0 30.0 30.0 30.0 0.0
89.0 30.0 30.0 30.0 30.0 30.0 30.0 30.0 30.0 30.0 30.0 0.0
89.1 30.0 30.0 30.0 30.0 30.0 30.0 30.0 30.0 30.0 30.0 0.0
89.2 30.0 30.0 30.0 30.0 30.0 30.0 30.0 30.0 30.0 30.0 0.0
89.3 30.0 30.0 30.0 30.0 30.0 30.0 30.0 30.0 30.0 30.0 0.0
89.4 30.0 30.0 30.0 30.0 30.0 30.0 30.0 30.0 30.0 30.0 0.0
89.5 30.0 30.0 30.0 30.0 30.0 30.0 30.0 30.0 30.0 30.0 0.0
89.6 30.0 30.0 30.0 30.0 30.0 30.0 30.0 30.0 30.0 30.0 0.0
89.7 30.0 30.0 30.0 30.0 30.0 30.0 30.0 30.0 30.0 30.0 0.0
89.8 30.0 30.0 30.0 30.0 30.0 30.0 30.0 30.0 30.0 30.0 0.0
89.9 30.0 30.0 30.0 30.0 30.0 30.0 30.0 30.0 30.0 30.0 0.0
90.0 30.0 30.0 30.0 30.0 30.0 30.0 30.0 30.0 30.0 30.0 0.0
90.1 30.0 30.0 30.0 30.0 30.0 30.0 30.0 30.0 30.0 30.0 0.0
90.2 30.0 30.0 30.0 30.0 30.0 30.0 30.0 30.0 30.0 30.0 0.0
90.3 30.0 30.0 30.0 30.0 30.0 30.0 30.0 30.0 30.0 30.0 0.0
90.4 30.0 30.0 30.0 30.0 30.0 30.0 30.0 30.0 30.0 30.0 0.0
90.5 30.0 30.0 30.0 30.0 30.0 30.0 30.0 30.0 30.0 30.0 0.0
90.6 30.0 30.0 30.0 30.0 30.0 30.0 30.0 30.0 30.0 30.0 0.0
90.7 30.0 30.0 30.0 30.0 30.0 30.0 30.0 30.0 30.0 30.0 0.0
90.8 30.0 30.0 30.0 30.0 30.0 30.0 30.0 30.0 30.0 30.0 0.0
90.9 30.0 30.0 30.0 30.0 30.0 30.0 30.0 30.0 30.0 30.0 0.0
91.0 30.0 30.0 30.0 30.0 30.0 30.0 30.0 30.0 30.0 30.0 0.0
91.1 30.0 30.0 30.0 30.0 30.0 30.0 30.0 30.0 30.0 30.0 0.0
91.2 30.0 30.0 30.0 30.0 30.0 30.0 30.0 30.0 30.0 30.0 0.0
91.3 30.0 30.0 30.0 30.0 30.0 30.0 30.0 30.0 30.0 30.0 0.0
91.4 30.0 30.0 30.0 30.0 30.0 30.0 30.0 30.0 30.0 30.0 0.0
91.5 30.0 30.0 30.0 30.0 30.0 30.0 30.0 30.0 30.0 30.0 0.0
91.6 30.0 30.0 30.0 30.0 30.0 30.0 30.0 30.0 30.0 30.0 0.0
91.7 30.0 30.0 30.0 30.0 30.0 30.0 30.0 30.0 30.0 30.0 0.0
91.8 30.0 30.0 30.0 30.0 30.0 30.0 30.0 30.0 30.0 30.0 0.0
91.9 30.0 30.0 30.0 30.0 30.0 30.0 30.0 30.0 30.0 30.0 0.0
92.0 30.0 30.0 30.0 30.0 30.0 30.0 30.0 30.0 30.0 30.0 0.0
92.1 30.0 30.0 30.0 30.0 30.0 30.0 30.0 30.0 30.0 30.0 0.0
92.2 30.0 30.0 30.0 30.0 30.0 30.0 30.0 30.0 30.0 30.0 0.0
92.3 30.0 30.0 30.0 30.0 30.0 30.0 30.0 30.0 30.0 30.0 0.0
92.4 30.0 30.0 30.0 30.0 30.0 30.0 30.0 30.0 30.0 30.0 0.0
92.5 30.0 30.0 30.0 30.0 30.0 30.0 30.0 30.0 30.0 30.0 0.0
92.6 30.0 30.0 30.0 30.0 30.0 30.0 30.0 30.0 30.0 30.0 0.0
92.7 30.0 30.0 30.0 30.0 30.0 30.0 30.0 30.0 30.0 30.0 0.0
92.8 30.0 30.0 30.0 30.0 30.0 30.0 30.0 30.0 30.0 30.0 0.0
92.9 30.0 30.0 30.0 30.0 30.0 30.0 30.0 30.0 30.0 30.0 0.0
93.0 30.0 30.0 30.0 30.0 30.0 30.0 30.0 30.0 30.0 30.0 0.0
93.1 30.0 30.0 30.0 30.0 30.0 30.0 30.0 30.0 30.0 30.0 0.0
93.2 30.0 30.0 30.0 30.0 30.0 30.0 30.0 30.0 30.0 30.0 0.0
93.3 30.0 30.0 30.0 30.0 30.0 30.0 30.0 30.0 30.0 30.0 0.0
93.4 30.0 30.0 30.0 30.0 30.0 30.0 30.0 30.0 30.0 30.0 0.0
93.5 30.0 30.0 30.0 30.0 30.0 30.0 30.0 30.0 30.0 30.0 0.0
93.6 30.0 30.0 30.0 30.0 30.0 30.0 30.0 30.0 30.0 30.0 0.0
93.7 30.0 30.0 30.0 30.0 30.0 30.0 30.0 30.0 30.0 30.0 0.0
93.8 30.0 30.0 30.0 30.0 30.0 30.0 30.0 30.0 30.0 30.0 0.0
93.9 30.0 30.0 30.0 30.0 30.0 30.0 30.0 30.0 30.0 30.0 0.0
94.0 30.0 30.0 30.0 30.0 30.0 30.0 30.0 30.0 30.0 30.0 0.0
94.1 30.0 30.0 30.0 30.0 30.0 30.0 30.0 30.0 30.0 30.0 0.0
94.2 30.0 30.0 30.0 30.0 30.0 30.0 30.0 30.0 30.0 30.0 0.0
94.3 30.0 30.0 30.0 30.0 30.0 30.0 30.0 30.0 30.0 30.0 0.0
94.4 30.0 30.0 30.0 30.0 30.0 30.0 30.0 30.0 30.0 30.0 0.0
94.5 30.0 30.0 30.0 30.0 30.0 30.0 30.0 30.0 30.0 30.0 0.0
94.6 30.0 30.0 30.0 30.0 30.0 30.0 30.0 30.0 30.0 30.0 0.0
94.7 30.0 30.0 30.0 30.0 30.0 30.0 30.0 30.0 30.0 30.0 0.0
94.8 30.0 30.0 30.0 30.0 30.0 30.0 30.0 30.0 30.0 30.0 0.0
94.9 30.0 30.0 30.0 30.0 30.0 30.0 30.0 30.0 30.0 30.0 0.0
95.0 30.0 30.0 30.0 30.0 30.0 30.0 30.0 30.0 30.0 30.0 0.0
95.1 30.0 30.0 30.0 30.0 30.0 30.0 30.0 30.0 30.0 30.0 0.0
95.2 30.0 30.0 30.0 30.0 30.0 30.0 30.0 30.0 30.0 30.0 0.0
95.3 30.0 30.0 30.0 30.0 30.0 30.0 30.0 30.0 30.0 30.0 0.0
95.4 30.0 30.0 30.0 30.0 30.0 30.0 30.0 30.0 30.0 30.0 0.0
95.5 30.0 30.0 30.0 30.0 30.0 30.0 30.0 30.0 30.0 30.0 0.0
95.6 30.0 30.0 30.0 30.0 30.0 30.0 30.0 30.0 30.0 30.0 0.0
95.7 30.0 30.0 30.0 30.0 30.0 30.0 30.0 30.0 30.0 30.0 0.0
95.8 30.0 30.0 30.0 30.0 30.0 30.0 30.0 30.0 30.0 30.0 0.0
95.9 30.0 30.0 30.0 30.0 30.0 30.0 30.0 30.0 30.0 30.0 0.0
96.0 30.0 30.0 30.0 30.0 30.0 30.0 30.0 30.0 30.0 30.0 0.0
96.1 30.0 30.0 30.0 30.0 30.0 30.0 30.0 30.0 30.0 30.0 0.0
96.2 30.0 30.0 30.0 30.0 30.0 30.0 30.0 30.0 30.0 30.0 0.0
96.3 30.0 30.0 30.0 30.0 30.0 30.0 30.0 30.0 30.0 30.0 0.0
96.4 30.0 30.0 30.0 30.0 30.0 30.0 30.0 30.0 30.0 30.0 0.0
96.5 30.0 30.0 30.0 30.0 30.0 30.0 30.0 30.0 30.0 30.0 0.0
96.6 30.0 30.0 30.0 30.0 30.0 30.0 30.0 30.0 30.0 30.0 0.0
96.7 30.0 30.0 30.0 30.0 30.0 30.0 30.0 30.0 30.0 30.0 0.0
96.8 30.0 30.0 30.0 30.0 30.0 30.0 30.0 30.0 30.0 30.0 0.0
96.9 30.0 30.0 30.0 30.0 30.0 30.0 30.0 30.0 30.0 30.0 0.0
97.0 30.0 30.0 30.0 30.0 30.0 30.0 30.0 30.0 30.0 30.0 0.0
97.1 30.0 30.0 30.0 30.0 30.0 30.0 30.0 30.0 30.0 30.0 0.0
97.2 30.0 30.0 30.0 30.0 30.0 30.0 30.0 30.0 30.0 30.0 0.0
97.3 30.0 30.0 30.0 30.0 30.0 30.0 30.0 30.0 30.0 30.0 0.0
97.4 30.0 30.0 30.0 30.0 30.0 30.0 30.0 30.0 30.0 30.0 0.0
97.5 30.0 30.0 30.0 30.0 30.0 30.0 30.0 30.0 30.0 30.0 0.0
97.6 30.0 30.0 30.0 30.0 30.0 30.0 30.0 30.0 30.0 30.0 0.0
97.7 30.0 30.0 30.0 30.0 30.0 30.0 30.0 30.0 30.0 30.0 0.0
97.8 30.0 30.0 30.0 30.0 30.0 30.0 30.0 30.0 30.0 30.0 0.0
97.9 30.0 30.0 30.0 30.0 30.0 30.0 30.0 30.0 30.0 30.0 0.0
98.0 30.0 30.0 30.0 30.0 30.0 30.0 30.0 30.0 30.0 30.0 0.0
98.1 30.0 30.0 30.0 30.0 30.0 30.0 30.0 30.0 30.0 30.0 0.0
98.2 30.0 30.0 30.0 30.0 30.0 30.0 30.0 30.0 30.0 30.0 0.0
98.3 30.0 30.0 30.0 30.0 30.0 30.0 30.0 30.0 30.0 30.0 0.0
98.4 30.0 30.0 30.0 30.0 30.0 30.0 30.0 30.0 30.0 30.0 0.0
98.5 30.0 30.0 30.0 30.0 30.0 30.0 30.0 30.0 30.0 30.0 0.0
98.6 30.0 30.0 30.0 30.0 30.0 30.0 30.0 30.0 30.0 30.0 0.0
98.7 30.0 30.0 30.0 30.0 30.0 30.0 30.0 30.0 30.0 30.0 0.0
98.8 30.0 30.0 30.0 30.0 30.0 30.0 30.0 30.0 30.0 30.0 0.0
98.9 30.0 30.0 30.0 30.0 30.0 30.0 30.0 30.0 30.0 30.0 0.0
99.0 30.0 30.0 30.0 30.0 30.0 30.0 30.0 30.0 30.0 30.0 0.0
99.1 30.0 30.0 30.0 30.0 30.0 30.0 30.0 30.0 30.0 30.0 0.0
99.2 30.0 30.0 30.0 30.0 30.0 30.0 30.0 30.0 30.0 30.0 0.0
99.3 30.0 30.0 30.0 30.0 30.0 30.0 30.0 30.0 30.0 30.0 0.0
99.4 30.0 30.0 30.0 30.0 30.0 30.0 30.0 30.0 30.0 30.0 0.0
99.5 30.0 30.0 30.0 30.0 30.0 30.0 30.0 30.0 30.0 30.0 0.0
99.6 30.0 30.0 30.0 30.0 30.0 30.0 30.0 30.0 30.0 30.0 0.0
99.7 30.0 30.0 30.0 30.0 30.0 30.0 30.0 30.0 30.0 30.0 0.0
99.8 30.0 30.0 30.0 30.0 30.0 30.0 30.0 30.0 30.0 30.0 0.0
99.9 30.0 30.0 30.0 30.0 30.0 30.0 30.0 30.0 30.0 30.0 0.0
