0.0 30.0 30.0 30.0 30.0 30.0 30.0 30.0 30.0 30.0 30.0 30.0
0.1 30.0 30.0 30.0 30.0 30.0 30.0 30.0 30.0 30.0 30.0 30.0
0.2 30.0 30.0 30.0 30.0 30.0 30.0 30.0 30.0 30.0 30.0 30.0
0.3 30.0 30.0 30.0 30.0 30.0 30.0 30.0 30.0 30.0 30.0 30.0
0.4 30.0 30.0 30.0 30.0 30.0 30.0 30.0 30.0 30.0 30.0 30.0
0.5 30.0 30.0 30.0 30.0 30.0 30.0 30.0 30.0 30.0 30.0 30.0
0.6 30.0 30.0 30.0 30.0 30.0 30.0 30.0 30.0 30.0 30.0 30.0
0.7 30.0 30.0 30.0 30.0 30.0 30.0 30.0 30.0 30.0 30.0 30.0
0.8 30.0 30.0 30.0 30.0 30.0 30.0 30.0 30.0 30.0 30.0 30.0
0.9 30.0 30.0 30.0 30.0 30.0 30.0 30.0 30.0 30.0 30.0 30.0
1.0 30.0 30.0 30.0 30.0 30.0 30.0 30.0 30.0 30.0 30.0 30.0
1.1 30.0 30.0 30.0 30.0 30.0 30.0 30.0 30.0 30.0 30.0 30.0
1.2 30.0 30.0 30.0 30.0 30.0 30.0 30.0 30.0 30.0 30.0 30.0
1.3 30.0 30.0 30.0 30.0 30.0 30.0 30.0 30.0 30.0 30.0 30.0
1.4 30.0 30.0 30.0 30.0 30.0 30.0 30.0 30.0 30.0 30.0 30.0
1.5 30.0 30.0 30.0 30.0 30.0 30.0 30.0 30.0 30.0 30.0 30.0
1.6 30.0 30.0 30.0 30.0 30.0 30.0 30.0 30.0 30.0 30.0 30.0
1.7 30.0 30.0 30.0 30.0 30.0 30.0 30.0 30.0 30.0 30.0 30.0
1.8 30.0 30.0 30.0 30.0 30.0 30.0 30.0 30.0 30.0 30.0 30.0
1.9 30.0 30.0 30.0 30.0 30.0 30.0 30.0 30.0 30.0 30.0 30.0
2.0 30.0 30.0 30.0 30.0 30.0 30.0 30.0 30.0 30.0 30.0 30.0
2.1 30.0 30.0 30.0 30.0 30.0 30.0 30.0 30.0 30.0 30.0 30.0
2.2 30.0 30.0 30.0 30.0 30.0 30.0 30.0 30.0 30.0 30.0 30.0
2.3 30.0 30.0 30.0 30.0 30.0 30.0 30.0 30.0 30.0 30.0 30.0
2.4 30.0 30.0 30.0 30.0 30.0 30.0 30.0 30.0 30.0 30.0 30.0
2.5 30.0 30.0 30.0 30.0 30.0 30.0 30.0 30.0 30.0 30.0 30.0
2.6 30.0 30.0 30.0 30.0 30.0 30.0 30.0 30.0 30.0 30.0 30.0
2.7 30.0 30.0 30.0 30.0 30.0 30.0 30.0 30.0 30.0 30.0 30.0
2.8 30.0 30.0 30.0 30.0 30.0 30.0 30.0 30.0 30.0 30.0 30.0
2.9 30.0 30.0 30.0 30.0 30.0 30.0 30.0 30.0 30.0 30.0 30.0
3.0 30.0 30.0 30.0 30.0 30.0 30.0 30.0 30.0 30.0 30.0 30.0
3.1 30.0 30.0 30.0 30.0 30.0 30.0 30.0 30.0 30.0 30.0 30.0
3.2 30.0 30.0 30.0 30.0 30.0 30.0 30.0 30.0 30.0 30.0 30.0
3.3 30.0 30.0 30.0 30.0 30.0 30.0 30.0 30.0 30.0 30.0 30.0
3.4 30.0 30.0 30.0 30.0 30.0 30.0 30.0 30.0 30.0 30.0 30.0
3.5 30.0 30.0 30.0 30.0 30.0 30.0 30.0 30.0 30.0 30.0 30.0
3.6 30.0 30.0 30.0 30.0 30.0 30.0 30.0 30.0 30.0 30.0 30.0
3.7 30.0 30.0 30.0 30.0 30.0 30.0 30.0 30.0 30.0 30.0 30.0
3.8 30.0 30.0 30.0 30.0 30.0 30.0 30.0 30.0 30.0 30.0 30.0
3.9 30.0 30.0 30.0 30.0 30.0 30.0 30.0 30.0 30.0 30.0 30.0
4.0 30.0 30.0 30.0 30.0 30.0 30.0 30.0 30.0 30.0 30.0 30.0
4.1 30.0 30.0 30.0 30.0 30.0 30.0 30.0 30.0 30.0 30.0 30.0
4.2 30.0 30.0 30.0 30.0 30.0 30.0 30.0 30.0 30.0 30.0 30.0
4.3 30.0 30.0 30.0 30.0 30.0 30.0 30.0 30.0 30.0 30.0 30.0
4.4 30.0 30.0 30.0 30.0 30.0 30.0 30.0 30.0 30.0 30.0 30.0
4.5 30.0 30.0 30.0 30.0 30.0 30.0 30.0 30.0 30.0 30.0 30.0
4.6 30.0 30.0 30.0 30.0 30.0 30.0 30.0 30.0 30.0 30.0 30.0
4.7 30.0 30.0 30.0 30.0 30.0 30.0 30.0 30.0 30.0 30.0 30.0
4.8 30.0 30.0 30.0 30.0 30.0 30.0 30.0 30.0 30.0 30.0 30.0
4.9 30.0 30.0 30.0 30.0 30.0 30.0 30.0 30.0 30.0 30.0 30.0
5.0 30.0 30.0 30.0 30.0 30.0 30.0 30.0 30.0 30.0 30.0 30.0
5.1 30.0 30.0 30.0 30.0 30.0 30.0 30.0 30.0 30.0 30.0 30.0
5.2 30.0 30.0 30.0 30.0 30.0 30.0 30.0 30.0 30.0 30.0 30.0
5.3 30.0 30.0 30.0 30.0 30.0 30.0 30.0 30.0 30.0 30.0 30.0
5.4 30.0 30.0 30.0 30.0 30.0 30.0 30.0 30.0 30.0 30.0 30.0
5.5 30.0 30.0 30.0 30.0 30.0 30.0 30.0 30.0 30.0 30.0 30.0
5.6 30.0 30.0 30.0 30.0 30.0 30.0 30.0 30.0 30.0 30.0 30.0
5.7 30.0 30.0 30.0 30.0 30.0 30.0 30.0 30.0 30.0 30.0 30.0
5.8 30.0 30.0 30.0 30.0 30.0 30.0 30.0 30.0 30.0 30.0 30.0
5.9 30.0 30.0 30.0 30.0 30.0 30.0 30.0 30.0 30.0 30.0 30.0
6.0 30.0 30.0 30.0 30.0 30.0 30.0 30.0 30.0 30.0 30.0 30.0
6.1 30.0 30.0 30.0 30.0 30.0 30.0 30.0 30.0 30.0 30.0 30.0
6.2 30.0 30.0 30.0 30.0 30.0 30.0 30.0 30.0 30.0 30.0 30.0
6.3 30.0 30.0 30.0 30.0 30.0 30.0 30.0 30.0 30.0 30.0 30.0
6.4 30.0 30.0 30.0 30.0 30.0 30.0 30.0 30.0 30.0 30.0 30.0
6.5 30.0 30.0 30.0 30.0 30.0 30.0 30.0 30.0 30.0 30.0 30.0
6.6 30.0 30.0 30.0 30.0 30.0 30.0 30.0 30.0 30.0 30.0 30.0
6.7 30.0 30.0 30.0 30.0 30.0 30.0 30.0 30.0 30.0 30.0 30.0
6.8 30.0 30.0 30.0 30.0 30.0 30.0 30.0 30.0 30.0 30.0 30.0
6.9 30.0 30.0 30.0 30.0 30.0 30.0 30.0 30.0 30.0 30.0 30.0
7.0 30.0 30.0 30.0 30.0 30.0 30.0 30.0 30.0 30.0 30.0 30.0
7.1 30.0 30.0 30.0 30.0 30.0 30.0 30.0 30.0 30.0 30.0 30.0
7.2 30.0 30.0 30.0 30.0 30.0 30.0 30.0 30.0 30.0 30.0 30.0
7.3 30.0 30.0 30.0 30.0 30.0 30.0 30.0 30.0 30.0 30.0 30.0
7.4 30.0 30.0 30.0 30.0 30.0 30.0 30.0 30.0 30.0 30.0 30.0
7.5 30.0 30.0 30.0 30.0 30.0 30.0 30.0 30.0 30.0 30.0 30.0
7.6 30.0 30.0 30.0 30.0 30.0 30.0 30.0 30.0 30.0 30.0 30.0
7.7 30.0 30.0 30.0 30.0 30.0 30.0 30.0 30.0 30.0 30.0 30.0
7.8 30.0 30.0 30.0 30.0 30.0 30.0 30.0 30.0 30.0 30.0 30.0
7.9 30.0 30.0 30.0 30.0 30.0 30.0 30.0 30.0 30.0 30.0 30.0
8.0 30.0 30.0 30.0 30.0 30.0 30.0 30.0 30.0 30.0 30.0 30.0
8.1 30.0 30.0 30.0 30.0 30.0 30.0 30.0 30.0 30.0 30.0 30.0
8.2 30.0 30.0 30.0 30.0 30.0 30.0 30.0 30.0 30.0 30.0 30.0
8.3 30.0 30.0 30.0 30.0 30.0 30.0 30.0 30.0 30.0 30.0 30.0
8.4 30.0 30.0 30.0 30.0 30.0 30.0 30.0 30.0 30.0 30.0 30.0
8.5 30.0 30.0 30.0 30.0 30.0 30.0 30.0 30.0 30.0 30.0 30.0
8.6 30.0 30.0 30.0 30.0 30.0 30.0 30.0 30.0 30.0 30.0 30.0
8.7 30.0 30.0 30.0 30.0 30.0 30.0 30.0 30.0 30.0 30.0 30.0
8.8 30.0 30.0 30.0 30.0 30.0 30.0 30.0 30.0 30.0 30.0 30.0
8.9 30.0 30.0 30.0 30.0 30.0 30.0 30.0 30.0 30.0 30.0 30.0
9.0 30.0 30.0 30.0 30.0 30.0 30.0 30.0 30.0 30.0 30.0 30.0
9.1 30.0 30.0 30.0 30.0 30.0 30.0 30.0 30.0 30.0 30.0 30.0
9.2 30.0 30.0 30.0 30.0 30.0 30.0 30.0 30.0 30.0 30.0 30.0
9.3 30.0 30.0 30.0 30.0 30.0 30.0 30.0 30.0 30.0 30.0 30.0
9.4 30.0 30.0 30.0 30.0 30.0 30.0 30.0 30.0 30.0 30.0 30.0
9.5 30.0 30.0 30.0 30.0 30.0 30.0 30.0 30.0 30.0 30.0 30.0
9.6 30.0 30.0 30.0 30.0 30.0 30.0 30.0 30.0 30.0 30.0 30.0
9.7 30.0 30.0 30.0 30.0 30.0 30.0 30.0 30.0 30.0 30.0 30.0
9.8 30.0 30.0 30.0 30.0 30.0 30.0 30.0 30.0 30.0 30.0 30.0
9.9 30.0 30.0 30.0 30.0 30.0 30.0 30.0 30.0 30.0 30.0 30.0
10.0 30.0 30.0 30.0 30.0 30.0 30.0 30.0 30.0 30.0 30.0 30.0
10.1 30.0 30.0 30.0 30.0 30.0 30.0 30.0 30.0 30.0 30.0 30.0
10.2 30.0 30.0 30.0 30.0 30.0 30.0 30.0 30.0 30.0 30.0 30.0
10.3 30.0 30.0 30.0 30.0 30.0 30.0 30.0 30.0 30.0 30.0 30.0
10.4 30.0 30.0 30.0 30.0 30.0 30.0 30.0 30.0 30.0 30.0 30.0
10.5 30.0 30.0 30.0 30.0 30.0 30.0 30.0 30.0 30.0 30.0 30.0
10.6 30.0 30.0 30.0 30.0 30.0 30.0 30.0 30.0 30.0 30.0 30.0
10.7 30.0 30.0 30.0 30.0 30.0 30.0 30.0 30.0 30.0 30.0 30.0
10.8 30.0 30.0 30.0 30.0 30.0 30.0 30.0 30.0 30.0 30.0 30.0
10.9 30.0 30.0 30.0 30.0 30.0 30.0 30.0 30.0 30.0 30.0 30.0
11.0 30.0 30.0 30.0 30.0 30.0 30.0 30.0 30.0 30.0 30.0 30.0
11.1 30.0 30.0 30.0 30.0 30.0 30.0 30.0 30.0 30.0 30.0 30.0
11.2 30.0 30.0 30.0 30.0 30.0 30.0 30.0 30.0 30.0 30.0 30.0
11.3 30.0 30.0 30.0 30.0 30.0 30.0 30.0 30.0 30.0 30.0 30.0
11.4 30.0 30.0 30.0 30.0 30.0 30.0 30.0 30.0 30.0 30.0 30.0
11.5 30.0 30.0 30.0 30.0 30.0 30.0 30.0 30.0 30.0 30.0 30.0
11.6 30.0 30.0 30.0 30.0 30.0 30.0 30.0 30.0 30.0 30.0 30.0
11.7 30.0 30.0 30.0 30.0 30.0 30.0 30.0 30.0 30.0 30.0 30.0
11.8 30.0 30.0 30.0 30.0 30.0 30.0 30.0 30.0 30.0 30.0 30.0
11.9 30.0 30.0 30.0 30.0 30.0 30.0 30.0 30.0 30.0 30.0 30.0
12.0 30.0 30.0 30.0 30.0 30.0 30.0 30.0 30.0 30.0 30.0 30.0
12.1 30.0 30.0 30.0 30.0 30.0 30.0 30.0 30.0 30.0 30.0 30.0
12.2 30.0 30.0 30.0 30.0 30.0 30.0 30.0 30.0 30.0 30.0 30.0
12.3 30.0 30.0 30.0 30.0 30.0 30.0 30.0 30.0 30.0 30.0 30.0
12.4 30.0 30.0 30.0 30.0 30.0 30.0 30.0 30.0 30.0 30.0 30.0
12.5 30.0 30.0 30.0 30.0 30.0 30.0 30.0 30.0 30.0 30.0 30.0
12.6 30.0 30.0 30.0 30.0 30.0 30.0 30.0 30.0 30.0 30.0 30.0
12.7 30.0 30.0 30.0 30.0 30.0 30.0 30.0 30.0 30.0 30.0 30.0
12.8 30.0 30.0 30.0 30.0 30.0 30.0 30.0 30.0 30.0 30.0 30.0
12.9 30.0 30.0 30.0 30.0 30.0 30.0 30.0 30.0 30.0 30.0 30.0
13.0 30.0 30.0 30.0 30.0 30.0 30.0 30.0 30.0 30.0 30.0 30.0
13.1 30.0 30.0 30.0 30.0 30.0 30.0 30.0 30.0 30.0 30.0 30.0
13.2 30.0 30.0 30.0 30.0 30.0 30.0 30.0 30.0 30.0 30.0 30.0
13.3 30.0 30.0 30.0 30.0 30.0 30.0 30.0 30.0 30.0 30.0 30.0
13.4 30.0 30.0 30.0 30.0 30.0 30.0 30.0 30.0 30.0 30.0 30.0
13.5 30.0 30.0 30.0 30.0 30.0 30.0 30.0 30.0 30.0 30.0 30.0
13.6 30.0 30.0 30.0 30.0 30.0 30.0 30.0 30.0 30.0 30.0 30.0
13.7 30.0 30.0 30.0 30.0 30.0 30.0 30.0 30.0 30.0 30.0 30.0
13.8 30.0 30.0 30.0 30.0 30.0 30.0 30.0 30.0 30.0 30.0 30.0
13.9 30.0 30.0 30.0 30.0 30.0 30.0 30.0 30.0 30.0 30.0 30.0
14.0 30.0 30.0 30.0 30.0 30.0 30.0 30.0 30.0 30.0 30.0 30.0
14.1 30.0 30.0 30.0 30.0 30.0 30.0 30.0 30.0 30.0 30.0 30.0
14.2 30.0 30.0 30.0 30.0 30.0 30.0 30.0 30.0 30.0 30.0 30.0
14.3 30.0 30.0 30.0 30.0 30.0 30.0 30.0 30.0 30.0 30.0 30.0
14.4 30.0 30.0 30.0 30.0 30.0 30.0 30.0 30.0 30.0 30.0 30.0
14.5 30.0 30.0 30.0 30.0 30.0 30.0 30.0 30.0 30.0 30.0 30.0
14.6 30.0 30.0 30.0 30.0 30.0 30.0 30.0 30.0 30.0 30.0 30.0
14.7 30.0 30.0 30.0 30.0 30.0 30.0 30.0 30.0 30.0 30.0 30.0
14.8 30.0 30.0 30.0 30.0 30.0 30.0 30.0 30.0 30.0 30.0 30.0
14.9 30.0 30.0 30.0 30.0 30.0 30.0 30.0 30.0 30.0 30.0 30.0
15.0 30.0 30.0 30.0 30.0 30.0 30.0 30.0 30.0 30.0 30.0 30.0
15.1 30.0 30.0 30.0 30.0 30.0 30.0 30.0 30.0 30.0 30.0 30.0
15.2 30.0 30.0 30.0 30.0 30.0 30.0 30.0 30.0 30.0 30.0 30.0
15.3 30.0 30.0 30.0 30.0 30.0 30.0 30.0 30.0 30.0 30.0 30.0
15.4 30.0 30.0 30.0 30.0 30.0 30.0 30.0 30.0 30.0 30.0 30.0
15.5 30.0 30.0 30.0 30.0 30.0 30.0 30.0 30.0 30.0 30.0 30.0
15.6 30.0 30.0 30.0 30.0 30.0 30.0 30.0 30.0 30.0 30.0 30.0
15.7 30.0 30.0 30.0 30.0 30.0 30.0 30.0 30.0 30.0 30.0 30.0
15.8 30.0 30.0 30.0 30.0 30.0 30.0 30.0 30.0 30.0 30.0 30.0
15.9 30.0 30.0 30.0 30.0 30.0 30.0 30.0 30.0 30.0 30.0 30.0
16.0 30.0 30.0 30.0 30.0 30.0 30.0 30.0 30.0 30.0 30.0 30.0
16.1 30.0 29.82133501215645 30.0 30.0 30.0 30.0 30.0 30.0 30.0 30.0 30.0
16.2 30.0 29.583950934816222 30.0 30.0 30.0 30.0 30.0 30.0 30.0 30.0 30.0
16.3 30.0 29.346915750197393 30.0 30.0 30.0 30.0 30.0 30.0 30.0 30.0 30.0
16.4 30.0 29.115033504374615 30.0 30.0 30.0 30.0 30.0 30.0 30.0 30.0 30.0
16.5 30.0 29.20298201264247 30.0 30.0 30.0 30.0 30.0 30.0 30.0 30.0 30.0
16.6 30.0 28.402982012642468 30.0 30.0 30.0 30.0 30.0 30.0 30.0 30.0 30.0
16.7 30.0 27.602982012642467 30.0 30.0 30.0 30.0 30.0 30.0 30.0 30.0 30.0
16.8 30.0 26.802982012642467 30.0 30.0 30.0 30.0 30.0 30.0 30.0 30.0 30.0
16.9 30.0 26.002982012642466 30.0 30.0 30.0 30.0 30.0 30.0 30.0 30.0 30.0
17.0 30.0 25.597117548911225 30.0 30.0 30.0 30.0 30.0 30.0 30.0 30.0 30.0
17.1 30.0 25.393904291563267 30.0 30.0 30.0 30.0 30.0 30.0 30.0 30.0 30.0
17.2 30.0 25.195647455126185 30.0 30.0 30.0 30.0 30.0 30.0 30.0 30.0 30.0
17.3 30.0 25.002226151285157 30.0 30.0 30.0 30.0 30.0 30.0 30.0 30.0 30.0
17.4 30.0 24.813522440220677 30.0 30.0 30.0 30.0 30.0 30.0 30.0 30.0 30.0
17.5 30.0 24.625156790161718 30.0 30.0 30.0 30.0 30.0 30.0 30.0 30.0 30.0
17.6 30.0 24.44116222034875 30.0 30.0 30.0 30.0 30.0 30.0 30.0 30.0 30.0
17.7 30.0 24.261767514781063 30.0 30.0 30.0 30.0 30.0 30.0 30.0 30.0 30.0
17.8 30.0 24.08685767685261 30.0 30.0 30.0 30.0 30.0 30.0 30.0 30.0 30.0
17.9 30.0 23.91417495884346 30.0 30.0 30.0 30.0 30.0 30.0 30.0 30.0 30.0
18.0 30.0 23.7436928829152 30.0 30.0 30.0 30.0 30.0 30.0 30.0 30.0 30.0
18.1 30.0 23.92284814220667 30.0 30.0 30.0 30.0 30.0 30.0 30.0 30.0 30.0
18.2 30.0 23.12284814220667 30.0 30.0 30.0 30.0 30.0 30.0 30.0 30.0 30.0
18.3 30.0 22.32284814220667 30.0 30.0 30.0 30.0 30.0 30.0 30.0 30.0 30.0
18.4 30.0 21.52284814220667 30.0 30.0 30.0 30.0 30.0 30.0 30.0 30.0 30.0
18.5 30.0 20.72284814220667 30.0 30.0 30.0 30.0 30.0 30.0 30.0 30.0 30.0
18.6 30.0 20.283896966343967 30.0 30.0 30.0 30.0 30.0 30.0 30.0 30.0 30.0
18.7 30.0 20.157226068818048 30.0 30.0 30.0 30.0 30.0 30.0 30.0 30.0 30.0
18.8 30.0 20.034174339792852 30.0 30.0 30.0 30.0 30.0 30.0 30.0 30.0 30.0
18.9 30.0 19.912127738408596 30.0 30.0 30.0 30.0 30.0 30.0 30.0 30.0 30.0
19.0 30.0 19.792665615306504 30.0 30.0 30.0 30.0 30.0 30.0 30.0 30.0 30.0
19.1 30.0 19.676717084060368 30.0 30.0 30.0 30.0 30.0 30.0 30.0 30.0 30.0
19.2 30.0 19.564178803733135 30.0 30.0 30.0 30.0 30.0 30.0 30.0 30.0 30.0
19.3 30.0 19.454950472827303 30.0 30.0 30.0 30.0 30.0 30.0 30.0 30.0 30.0
19.4 30.0 19.348934739889327 30.0 30.0 30.0 30.0 30.0 30.0 30.0 30.0 30.0
19.5 30.0 19.24603711674371 30.0 30.0 30.0 30.0 30.0 30.0 30.0 30.0 30.0
19.6 30.0 19.14453455774173 30.0 30.0 30.0 30.0 30.0 30.0 30.0 30.0 30.0
19.7 30.0 19.415468733929654 30.0 30.0 30.0 30.0 30.0 30.0 30.0 30.0 30.0
19.8 30.0 18.615468733929653 30.0 30.0 30.0 30.0 30.0 30.0 30.0 30.0 30.0
19.9 30.0 17.815468733929652 30.0 30.0 30.0 30.0 30.0 30.0 30.0 30.0 30.0
20.0 30.0 17.01546873392965 30.0 30.0 30.0 30.0 30.0 30.0 30.0 30.0 30.0
20.1 30.0 16.21546873392965 30.0 30.0 30.0 30.0 30.0 30.0 30.0 30.0 30.0
20.2 30.0 15.725641633766013 30.0 30.0 30.0 30.0 30.0 30.0 30.0 30.0 30.0
20.3 30.0 14.925641633766013 29.2 29.2 29.2 29.2 29.2 29.2 29.2 29.2 29.2
20.4 30.0 14.125641633766012 28.4 28.4 28.4 28.4 28.4 28.4 28.4 28.4 28.4
20.5 30.0 13.325641633766011 27.599999999999998 27.599999999999998 27.599999999999998 27.599999999999998 27.599999999999998 27.599999999999998 27.599999999999998 27.599999999999998 27.599999999999998
20.6 30.0 12.52564163376601 26.799999999999997 26.799999999999997 26.799999999999997 26.799999999999997 26.799999999999997 26.799999999999997 26.799999999999997 26.799999999999997 26.799999999999997
20.7 30.0 11.72564163376601 25.999999999999996 25.999999999999996 25.999999999999996 25.999999999999996 25.999999999999996 25.999999999999996 25.999999999999996 25.999999999999996 25.999999999999996
20.8 30.0 10.92564163376601 25.199999999999996 25.199999999999996 25.199999999999996 25.199999999999996 25.199999999999996 25.199999999999996 25.199999999999996 25.199999999999996 25.199999999999996
20.9 30.0 10.125641633766008 24.399999999999995 24.399999999999995 24.399999999999995 24.399999999999995 24.399999999999995 24.399999999999995 24.399999999999995 24.399999999999995 24.399999999999995
21.0 30.0 9.325641633766008 23.599999999999994 23.599999999999994 23.599999999999994 23.599999999999994 23.599999999999994 23.599999999999994 23.599999999999994 23.599999999999994 23.599999999999994
21.1 30.0 8.525641633766007 22.799999999999994 22.799999999999994 22.799999999999994 22.799999999999994 22.799999999999994 22.799999999999994 22.799999999999994 22.799999999999994 22.799999999999994
21.2 30.0 7.725641633766007 21.999999999999993 21.999999999999993 21.999999999999993 21.999999999999993 21.999999999999993 21.999999999999993 21.999999999999993 21.999999999999993 21.999999999999993
21.3 30.0 6.925641633766007 21.199999999999992 21.199999999999992 21.199999999999992 21.199999999999992 21.199999999999992 21.199999999999992 21.199999999999992 21.199999999999992 21.199999999999992
21.4 30.0 6.125641633766008 20.39999999999999 20.39999999999999 20.39999999999999 20.39999999999999 20.39999999999999 20.39999999999999 20.39999999999999 20.39999999999999 20.39999999999999
21.5 30.0 5.325641633766008 19.59999999999999 19.59999999999999 19.59999999999999 19.59999999999999 19.59999999999999 19.59999999999999 19.59999999999999 19.59999999999999 19.59999999999999
21.6 30.0 4.525641633766008 18.79999999999999 18.79999999999999 18.79999999999999 18.79999999999999 18.79999999999999 18.79999999999999 18.79999999999999 18.79999999999999 18.79999999999999
21.7 30.0 3.725641633766008 17.99999999999999 17.99999999999999 17.99999999999999 17.99999999999999 17.99999999999999 17.99999999999999 17.99999999999999 17.99999999999999 17.99999999999999
21.8 30.0 2.9256416337660083 17.19999999999999 17.19999999999999 17.19999999999999 17.19999999999999 17.19999999999999 17.19999999999999 17.19999999999999 17.19999999999999 17.19999999999999
21.9 30.0 2.1256416337660085 16.399999999999988 16.399999999999988 16.399999999999988 16.399999999999988 16.399999999999988 16.399999999999988 16.399999999999988 16.399999999999988 16.399999999999988
22.0 30.0 2.1256416337660085 16.399999999999988 16.399999999999988 16.399999999999988 16.399999999999988 16.399999999999988 16.399999999999988 16.399999999999988 16.399999999999988 16.399999999999988
22.1 30.0 2.1256416337660085 16.399999999999988 16.399999999999988 16.399999999999988 16.399999999999988 16.399999999999988 16.399999999999988 16.399999999999988 16.399999999999988 16.399999999999988
22.2 30.0 2.1256416337660085 16.399999999999988 16.399999999999988 16.399999999999988 16.399999999999988 16.399999999999988 16.399999999999988 16.399999999999988 16.399999999999988 16.399999999999988
22.3 30.0 2.1256416337660085 16.399999999999988 16.399999999999988 16.399999999999988 16.399999999999988 16.399999999999988 16.399999999999988 16.399999999999988 16.399999999999988 16.399999999999988
22.4 30.0 2.1256416337660085 16.399999999999988 16.399999999999988 16.399999999999988 16.399999999999988 16.399999999999988 16.399999999999988 16.399999999999988 16.399999999999988 16.399999999999988
22.5 30.0 2.1256416337660085 16.399999999999988 16.399999999999988 16.399999999999988 16.399999999999988 16.399999999999988 16.399999999999988 16.399999999999988 16.399999999999988 16.399999999999988
22.6 30.0 2.1256416337660085 16.399999999999988 16.399999999999988 16.399999999999988 16.399999999999988 16.399999999999988 16.399999999999988 16.399999999999988 16.399999999999988 16.399999999999988
22.7 30.0 2.1256416337660085 16.399999999999988 16.399999999999988 16.399999999999988 16.399999999999988 16.399999999999988 16.399999999999988 16.399999999999988 16.399999999999988 16.399999999999988
22.8 30.0 2.1256416337660085 16.399999999999988 16.399999999999988 16.399999999999988 16.399999999999988 16.399999999999988 16.399999999999988 16.399999999999988 16.399999999999988 16.399999999999988
22.9 30.0 2.1256416337660085 16.399999999999988 16.399999999999988 16.399999999999988 16.399999999999988 16.399999999999988 16.399999999999988 16.399999999999988 16.399999999999988 16.399999999999988
23.0 30.0 2.1256416337660085 16.399999999999988 16.399999999999988 16.399999999999988 16.399999999999988 16.399999999999988 16.399999999999988 16.399999999999988 16.399999999999988 16.399999999999988
23.1 30.0 2.1256416337660085 16.399999999999988 16.399999999999988 16.399999999999988 16.399999999999988 16.399999999999988 16.399999999999988 16.399999999999988 16.399999999999988 16.399999999999988
23.2 30.0 2.1256416337660085 16.399999999999988 16.399999999999988 16.399999999999988 16.399999999999988 16.399999999999988 16.399999999999988 16.399999999999988 16.399999999999988 16.399999999999988
23.3 30.0 2.1256416337660085 16.399999999999988 16.399999999999988 16.399999999999988 16.399999999999988 16.399999999999988 16.399999999999988 16.399999999999988 16.399999999999988 16.399999999999988
23.4 30.0 2.1256416337660085 16.399999999999988 16.399999999999988 16.399999999999988 16.399999999999988 16.399999999999988 16.399999999999988 16.399999999999988 16.399999999999988 16.399999999999988
23.5 30.0 2.1256416337660085 16.399999999999988 16.399999999999988 16.399999999999988 16.399999999999988 16.399999999999988 16.399999999999988 16.399999999999988 16.399999999999988 16.399999999999988
23.6 30.0 2.1256416337660085 16.399999999999988 16.399999999999988 16.399999999999988 16.399999999999988 16.399999999999988 16.399999999999988 16.399999999999988 16.399999999999988 16.399999999999988
23.7 30.0 2.1256416337660085 16.399999999999988 16.399999999999988 16.399999999999988 16.399999999999988 16.399999999999988 16.399999999999988 16.399999999999988 16.399999999999988 16.399999999999988
23.8 30.0 2.1256416337660085 16.399999999999988 16.399999999999988 16.399999999999988 16.399999999999988 16.399999999999988 16.399999999999988 16.399999999999988 16.399999999999988 16.399999999999988
23.9 30.0 2.1256416337660085 16.399999999999988 16.399999999999988 16.399999999999988 16.399999999999988 16.399999999999988 16.399999999999988 16.399999999999988 16.399999999999988 16.399999999999988
24.0 30.0 2.1256416337660085 16.399999999999988 16.399999999999988 16.399999999999988 16.399999999999988 16.399999999999988 16.399999999999988 16.399999999999988 16.399999999999988 16.399999999999988
24.1 30.0 2.1256416337660085 16.399999999999988 16.399999999999988 16.399999999999988 16.399999999999988 16.399999999999988 16.399999999999988 16.399999999999988 16.399999999999988 16.399999999999988
24.2 30.0 2.1256416337660085 16.27104505661051 16.399999999999988 16.399999999999988 16.399999999999988 16.399999999999988 16.399999999999988 16.399999999999988 16.399999999999988 16.399999999999988
24.3 30.0 2.1256416337660085 15.792618906050716 16.399999999999988 16.399999999999988 16.399999999999988 16.399999999999988 16.399999999999988 16.399999999999988 16.399999999999988 16.399999999999988
24.4 30.0 2.1256416337660085 15.321343827695989 16.399999999999988 16.399999999999988 16.399999999999988 16.399999999999988 16.399999999999988 16.399999999999988 16.399999999999988 16.399999999999988
24.5 30.0 2.1256416337660085 14.854402457473356 16.399999999999988 16.399999999999988 16.399999999999988 16.399999999999988 16.399999999999988 16.399999999999988 16.399999999999988 16.399999999999988
24.6 30.0 2.1256416337660085 14.39979659205731 16.399999999999988 16.399999999999988 16.399999999999988 16.399999999999988 16.399999999999988 16.399999999999988 16.399999999999988 16.399999999999988
24.7 30.0 2.1256416337660085 13.945198260268768 16.399999999999988 16.399999999999988 16.399999999999988 16.399999999999988 16.399999999999988 16.399999999999988 16.399999999999988 16.399999999999988
24.8 30.0 2.1256416337660085 13.503876784644442 16.399999999999988 16.399999999999988 16.399999999999988 16.399999999999988 16.399999999999988 16.399999999999988 16.399999999999988 16.399999999999988
24.9 30.0 2.1256416337660085 13.066252355764517 16.399999999999988 16.399999999999988 16.399999999999988 16.399999999999988 16.399999999999988 16.399999999999988 16.399999999999988 16.399999999999988
25.0 30.0 2.1256416337660085 12.639278021115091 16.399999999999988 16.399999999999988 16.399999999999988 16.399999999999988 16.399999999999988 16.399999999999988 16.399999999999988 16.399999999999988
25.1 30.0 2.1256416337660085 12.218732565621098 16.399999999999988 16.399999999999988 16.399999999999988 16.399999999999988 16.399999999999988 16.399999999999988 16.399999999999988 16.399999999999988
25.2 30.0 2.1256416337660085 11.807300967028022 16.399999999999988 16.399999999999988 16.399999999999988 16.399999999999988 16.399999999999988 16.399999999999988 16.399999999999988 16.399999999999988
25.3 30.0 2.1256416337660085 11.403898494808681 16.399999999999988 16.399999999999988 16.399999999999988 16.399999999999988 16.399999999999988 16.399999999999988 16.399999999999988 16.399999999999988
25.4 30.0 2.1256416337660085 11.009361174537592 16.399999999999988 16.399999999999988 16.399999999999988 16.399999999999988 16.399999999999988 16.399999999999988 16.399999999999988 16.399999999999988
25.5 30.0 2.1256416337660085 10.62311249885184 16.399999999999988 16.399999999999988 16.399999999999988 16.399999999999988 16.399999999999988 16.399999999999988 16.399999999999988 16.399999999999988
25.6 30.0 2.1256416337660085 10.247005300386645 16.399999999999988 16.399999999999988 16.399999999999988 16.399999999999988 16.399999999999988 16.399999999999988 16.399999999999988 16.399999999999988
25.7 30.0 2.1256416337660085 9.877852406449422 16.399999999999988 16.399999999999988 16.399999999999988 16.399999999999988 16.399999999999988 16.399999999999988 16.399999999999988 16.399999999999988
25.8 30.0 2.1256416337660085 9.521930579485934 16.399999999999988 16.399999999999988 16.399999999999988 16.399999999999988 16.399999999999988 16.399999999999988 16.399999999999988 16.399999999999988
25.9 30.0 2.1256416337660085 9.169726343975467 16.399999999999988 16.399999999999988 16.399999999999988 16.399999999999988 16.399999999999988 16.399999999999988 16.399999999999988 16.399999999999988
26.0 30.0 2.1256416337660085 8.834293738727373 16.399999999999988 16.399999999999988 16.399999999999988 16.399999999999988 16.399999999999988 16.399999999999988 16.399999999999988 16.399999999999988
26.1 30.0 2.1256416337660085 8.500575820415627 16.399999999999988 16.399999999999988 16.399999999999988 16.399999999999988 16.399999999999988 16.399999999999988 16.399999999999988 16.399999999999988
26.2 30.0 2.1256416337660085 8.181829111083054 16.399999999999988 16.399999999999988 16.399999999999988 16.399999999999988 16.399999999999988 16.399999999999988 16.399999999999988 16.399999999999988
26.3 30.0 2.1256416337660085 7.872652354965547 16.399999999999988 16.399999999999988 16.399999999999988 16.399999999999988 16.399999999999988 16.399999999999988 16.399999999999988 16.399999999999988
26.4 30.0 2.1256416337660085 7.570178106481229 16.399999999999988 16.399999999999988 16.399999999999988 16.399999999999988 16.399999999999988 16.399999999999988 16.399999999999988 16.399999999999988
26.5 30.0 2.1256416337660085 7.283623555285734 16.399999999999988 16.399999999999988 16.399999999999988 16.399999999999988 16.399999999999988 16.399999999999988 16.399999999999988 16.399999999999988
26.6 30.0 2.1256416337660085 7.00171475716159 16.399999999999988 16.399999999999988 16.399999999999988 16.399999999999988 16.399999999999988 16.399999999999988 16.399999999999988 16.399999999999988
26.7 30.0 2.1256416337660085 6.730821805861809 16.399999999999988 16.399999999999988 16.399999999999988 16.399999999999988 16.399999999999988 16.399999999999988 16.399999999999988 16.399999999999988
26.8 30.0 2.1256416337660085 6.474978462967488 16.399999999999988 16.399999999999988 16.399999999999988 16.399999999999988 16.399999999999988 16.399999999999988 16.399999999999988 16.399999999999988
26.9 30.0 2.1256416337660085 6.223545617894976 16.399999999999988 16.399999999999988 16.399999999999988 16.399999999999988 16.399999999999988 16.399999999999988 16.399999999999988 16.399999999999988
27.0 30.0 2.1256416337660085 5.9824924423579455 16.399999999999988 16.399999999999988 16.399999999999988 16.399999999999988 16.399999999999988 16.399999999999988 16.399999999999988 16.399999999999988
27.1 30.0 2.1256416337660085 5.7556188653819005 16.399999999999988 16.399999999999988 16.399999999999988 16.399999999999988 16.399999999999988 16.399999999999988 16.399999999999988 16.399999999999988
27.2 30.0 2.1256416337660085 5.538471467492209 16.399999999999988 16.399999999999988 16.399999999999988 16.399999999999988 16.399999999999988 16.399999999999988 16.399999999999988 16.399999999999988
27.3 30.0 2.1256416337660085 5.325169602884196 16.399999999999988 16.399999999999988 16.399999999999988 16.399999999999988 16.399999999999988 16.399999999999988 16.399999999999988 16.399999999999988
27.4 30.0 2.1256416337660085 5.125199104814308 16.399999999999988 16.399999999999988 16.399999999999988 16.399999999999988 16.399999999999988 16.399999999999988 16.399999999999988 16.399999999999988
27.5 30.0 2.1256416337660085 4.937726762873788 16.399999999999988 16.399999999999988 16.399999999999988 16.399999999999988 16.399999999999988 16.399999999999988 16.399999999999988 16.399999999999988
27.6 30.0 2.1256416337660085 4.759436205124854 16.399999999999988 16.399999999999988 16.399999999999988 16.399999999999988 16.399999999999988 16.399999999999988 16.399999999999988 16.399999999999988
27.7 30.0 2.1256416337660085 4.583849900367437 16.399999999999988 16.399999999999988 16.399999999999988 16.399999999999988 16.399999999999988 16.399999999999988 16.399999999999988 16.399999999999988
27.8 30.0 2.1256416337660085 4.419969349260575 16.399999999999988 16.399999999999988 16.399999999999988 16.399999999999988 16.399999999999988 16.399999999999988 16.399999999999988 16.399999999999988
27.9 30.0 2.1256416337660085 4.267014168227606 16.399999999999988 16.399999999999988 16.399999999999988 16.399999999999988 16.399999999999988 16.399999999999988 16.399999999999988 16.399999999999988
28.0 30.0 2.1256416337660085 4.124255999263541 16.399999999999988 16.399999999999988 16.399999999999988 16.399999999999988 16.399999999999988 16.399999999999988 16.399999999999988 16.399999999999988
28.1 30.0 2.1256416337660085 3.9903732588182357 16.399999999999988 16.399999999999988 16.399999999999988 16.399999999999988 16.399999999999988 16.399999999999988 16.399999999999988 16.399999999999988
28.2 30.0 2.1256416337660085 3.857178142743178 16.399999999999988 16.399999999999988 16.399999999999988 16.399999999999988 16.399999999999988 16.399999999999988 16.399999999999988 16.399999999999988
28.3 30.0 2.1256416337660085 3.733496963530462 16.399999999999988 16.399999999999988 16.399999999999988 16.399999999999988 16.399999999999988 16.399999999999988 16.399999999999988 16.399999999999988
28.4 30.0 2.1256416337660085 3.6186501542614185 16.399999999999988 16.399999999999988 16.399999999999988 16.399999999999988 16.399999999999988 16.399999999999988 16.399999999999988 16.399999999999988
28.5 30.0 2.1256416337660085 3.5120066885116388 16.399999999999988 16.399999999999988 16.399999999999988 16.399999999999988 16.399999999999988 16.399999999999988 16.399999999999988 16.399999999999988
28.6 30.0 2.1256416337660085 3.4129806131726736 16.399999999999988 16.399999999999988 16.399999999999988 16.399999999999988 16.399999999999988 16.399999999999988 16.399999999999988 16.399999999999988
28.7 30.0 2.1256416337660085 3.321027828929465 16.399999999999988 16.399999999999988 16.399999999999988 16.399999999999988 16.399999999999988 16.399999999999988 16.399999999999988 16.399999999999988
28.8 30.0 2.1256416337660085 3.2356431007035127 16.399999999999988 16.399999999999988 16.399999999999988 16.399999999999988 16.399999999999988 16.399999999999988 16.399999999999988 16.399999999999988
28.9 30.0 2.1256416337660085 3.1530001494548276 16.399999999999988 16.399999999999988 16.399999999999988 16.399999999999988 16.399999999999988 16.399999999999988 16.399999999999988 16.399999999999988
29.0 30.0 2.1256416337660085 3.0739725713248873 16.399999999999988 16.399999999999988 16.399999999999988 16.399999999999988 16.399999999999988 16.399999999999988 16.399999999999988 16.399999999999988
29.1 30.0 2.1256416337660085 3.001024037666561 16.399999999999988 16.399999999999988 16.399999999999988 16.399999999999988 16.399999999999988 16.399999999999988 16.399999999999988 16.399999999999988
29.2 30.0 2.1256416337660085 2.9336869296741526 16.399999999999988 16.399999999999988 16.399999999999988 16.399999999999988 16.399999999999988 16.399999999999988 16.399999999999988 16.399999999999988
29.3 30.0 2.1256416337660085 2.871529599219729 16.399999999999988 16.399999999999988 16.399999999999988 16.399999999999988 16.399999999999988 16.399999999999988 16.399999999999988 16.399999999999988
29.4 30.0 2.1256416337660085 2.8141536018771034 16.399999999999988 16.399999999999988 16.399999999999988 16.399999999999988 16.399999999999988 16.399999999999988 16.399999999999988 16.399999999999988
29.5 30.0 2.1256416337660085 2.7611911427917106 16.399999999999988 16.399999999999988 16.399999999999988 16.399999999999988 16.399999999999988 16.399999999999988 16.399999999999988 16.399999999999988
29.6 30.0 2.1256416337660085 2.712302719020579 16.399999999999988 16.399999999999988 16.399999999999988 16.399999999999988 16.399999999999988 16.399999999999988 16.399999999999988 16.399999999999988
29.7 30.0 2.1256416337660085 2.667174943231842 16.399999999999988 16.399999999999988 16.399999999999988 16.399999999999988 16.399999999999988 16.399999999999988 16.399999999999988 16.399999999999988
29.8 30.0 2.1256416337660085 2.6255185348114423 16.399999999999988 16.399999999999988 16.399999999999988 16.399999999999988 16.399999999999988 16.399999999999988 16.399999999999988 16.399999999999988
29.9 30.0 2.1256416337660085 2.5870664655003313 16.399999999999988 16.399999999999988 16.399999999999988 16.399999999999988 16.399999999999988 16.399999999999988 16.399999999999988 16.399999999999988
30.0 30.0 2.1256416337660085 2.5515722476747174 16.399999999999988 16.399999999999988 16.399999999999988 16.399999999999988 16.399999999999988 16.399999999999988 16.399999999999988 16.399999999999988
30.1 30.0 2.1256416337660085 2.518808354297012 16.399999999999988 16.399999999999988 16.399999999999988 16.399999999999988 16.399999999999988 16.399999999999988 16.399999999999988 16.399999999999988
30.2 30.0 2.1256416337660085 2.4885647604098993 16.399999999999988 16.399999999999988 16.399999999999988 16.399999999999988 16.399999999999988 16.399999999999988 16.399999999999988 16.399999999999988
30.3 30.0 2.1256416337660085 2.4606475968218224 16.399999999999988 16.399999999999988 16.399999999999988 16.399999999999988 16.399999999999988 16.399999999999988 16.399999999999988 16.399999999999988
30.4 30.0 2.1256416337660085 2.434877907355932 16.399999999999988 16.399999999999988 16.399999999999988 16.399999999999988 16.399999999999988 16.399999999999988 16.399999999999988 16.399999999999988
30.5 30.0 2.1256416337660085 2.411090501694976 16.399999999999988 16.399999999999988 16.399999999999988 16.399999999999988 16.399999999999988 16.399999999999988 16.399999999999988 16.399999999999988
30.6 30.0 2.1256416337660085 2.388227304508688 16.399999999999988 16.399999999999988 16.399999999999988 16.399999999999988 16.399999999999988 16.399999999999988 16.399999999999988 16.399999999999988
30.7 30.0 2.1256416337660085 2.366345165280051 16.399999999999988 16.399999999999988 16.399999999999988 16.399999999999988 16.399999999999988 16.399999999999988 16.399999999999988 16.399999999999988
30.8 30.0 2.1256416337660085 2.34628653765399 16.399999999999988 16.399999999999988 16.399999999999988 16.399999999999988 16.399999999999988 16.399999999999988 16.399999999999988 16.399999999999988
30.9 30.0 2.1256416337660085 2.3278994623299423 16.399999999999988 16.399999999999988 16.399999999999988 16.399999999999988 16.399999999999988 16.399999999999988 16.399999999999988 16.399999999999988
31.0 30.0 2.1256416337660085 2.3110446432829304 16.399999999999988 16.399999999999988 16.399999999999988 16.399999999999988 16.399999999999988 16.399999999999988 16.399999999999988 16.399999999999988
31.1 30.0 2.1256416337660085 2.2955943924897415 16.399999999999988 16.399999999999988 16.399999999999988 16.399999999999988 16.399999999999988 16.399999999999988 16.399999999999988 16.399999999999988
31.2 30.0 2.1256416337660085 2.281431662596048 16.399999999999988 16.399999999999988 16.399999999999988 16.399999999999988 16.399999999999988 16.399999999999988 16.399999999999988 16.399999999999988
31.3 30.0 2.1256416337660085 2.268449160193559 16.399999999999988 16.399999999999988 16.399999999999988 16.399999999999988 16.399999999999988 16.399999999999988 16.399999999999988 16.399999999999988
31.4 30.0 2.1256416337660085 2.2565485329913404 16.399999999999988 16.399999999999988 16.399999999999988 16.399999999999988 16.399999999999988 16.399999999999988 16.399999999999988 16.399999999999988
31.5 30.0 2.1256416337660085 2.2456396247225134 16.399999999999988 16.399999999999988 16.399999999999988 16.399999999999988 16.399999999999988 16.399999999999988 16.399999999999988 16.399999999999988
31.6 30.0 2.1256416337660085 2.235639792142914 16.399999999999988 16.399999999999988 16.399999999999988 16.399999999999988 16.399999999999988 16.399999999999988 16.399999999999988 16.399999999999988
31.7 30.0 2.1256416337660085 2.2264732789447894 16.399999999999988 16.399999999999988 16.399999999999988 16.399999999999988 16.399999999999988 16.399999999999988 16.399999999999988 16.399999999999988
31.8 30.0 2.1256416337660085 2.218070641846698 16.399999999999988 16.399999999999988 16.399999999999988 16.399999999999988 16.399999999999988 16.399999999999988 16.399999999999988 16.399999999999988
31.9 30.0 2.1256416337660085 2.2103682245065284 16.399999999999988 16.399999999999988 16.399999999999988 16.399999999999988 16.399999999999988 16.399999999999988 16.399999999999988 16.399999999999988
32.0 30.0 2.1256416337660085 2.203307675278229 16.399999999999988 16.399999999999988 16.399999999999988 16.399999999999988 16.399999999999988 16.399999999999988 16.399999999999988 16.399999999999988
32.1 30.0 2.1256416337660085 2.196835505152288 16.399999999999988 16.399999999999988 16.399999999999988 16.399999999999988 16.399999999999988 16.399999999999988 16.399999999999988 16.399999999999988
32.2 30.0 2.1256416337660085 2.1909026825368105 16.30918404065051 16.399999999999988 16.399999999999988 16.399999999999988 16.399999999999988 16.399999999999988 16.399999999999988 16.399999999999988
32.3 30.0 2.1256416337660085 2.185464261805861 15.832599110902407 16.399999999999988 16.399999999999988 16.399999999999988 16.399999999999988 16.399999999999988 16.399999999999988 16.399999999999988
32.4 30.0 2.1256416337660085 2.1804790428024594 15.361633190538283 16.399999999999988 16.399999999999988 16.399999999999988 16.399999999999988 16.399999999999988 16.399999999999988 16.399999999999988
32.5 30.0 2.1256416337660085 2.1759092587159135 14.896294212138239 16.399999999999988 16.399999999999988 16.399999999999988 16.399999999999988 16.399999999999988 16.399999999999988 16.399999999999988
32.6 30.0 2.1256416337660085 2.171720289969944 14.441668336366964 16.399999999999988 16.399999999999988 16.399999999999988 16.399999999999988 16.399999999999988 16.399999999999988 16.399999999999988
32.7 30.0 2.1256416337660085 2.1678804019528375 13.98845879386618 16.399999999999988 16.399999999999988 16.399999999999988 16.399999999999988 16.399999999999988 16.399999999999988 16.399999999999988
32.8 30.0 2.1256416337660085 2.164360504603886 13.548466510247717 16.399999999999988 16.399999999999988 16.399999999999988 16.399999999999988 16.399999999999988 16.399999999999988 16.399999999999988
32.9 30.0 2.7256416337660085 2.1611339320341085 13.11034551792688 16.99999999999999 16.99999999999999 16.99999999999999 16.99999999999999 16.99999999999999 16.99999999999999 16.99999999999999
33.0 30.0 3.3256416337660086 2.335313043325349 12.684532749402802 17.59999999999999 17.59999999999999 17.59999999999999 17.59999999999999 17.59999999999999 17.59999999999999 17.59999999999999
33.1 30.0 3.9256416337660087 2.5645943649313576 12.284498290063027 18.199999999999992 18.199999999999992 18.199999999999992 18.199999999999992 18.199999999999992 18.199999999999992 18.199999999999992
33.2 30.0 4.525641633766009 2.853905693303151 11.91732126394106 18.799999999999994 18.799999999999994 18.799999999999994 18.799999999999994 18.799999999999994 18.799999999999994 18.799999999999994
33.3 30.0 5.1256416337660085 3.2070108276549907 11.57584286454438 19.399999999999995 19.399999999999995 19.399999999999995 19.399999999999995 19.399999999999995 19.399999999999995 19.399999999999995
33.4 30.0 5.725641633766008 3.581601716217745 11.271571789286895 19.999999999999996 19.999999999999996 19.999999999999996 19.999999999999996 19.999999999999996 19.999999999999996 19.999999999999996
33.5 30.0 6.325641633766008 4.0008070385575 11.005483322785498 20.599999999999998 20.599999999999998 20.599999999999998 20.599999999999998 20.599999999999998 20.599999999999998 20.599999999999998
33.6 30.0 6.925641633766007 4.435796011571543 10.773872542076123 21.2 21.2 21.2 21.2 21.2 21.2 21.2
33.7 30.0 7.525641633766007 4.909526714345851 10.592866817491979 21.8 21.8 21.8 21.8 21.8 21.8 21.8
33.8 30.0 8.125641633766007 5.393386498919945 10.453512040321158 22.400000000000002 22.400000000000002 22.400000000000002 22.400000000000002 22.400000000000002 22.400000000000002 22.400000000000002
33.9 30.0 8.725641633766006 5.891298867725154 10.357900458792352 23.000000000000004 23.000000000000004 23.000000000000004 23.000000000000004 23.000000000000004 23.000000000000004 23.000000000000004
34.0 30.0 9.325641633766006 6.410356862076041 10.303908253768977 23.600000000000005 23.600000000000005 23.600000000000005 23.600000000000005 23.600000000000005 23.600000000000005 23.600000000000005
34.1 30.0 9.925641633766006 6.934852773490443 10.292554227898028 24.200000000000006 24.200000000000006 24.200000000000006 24.200000000000006 24.200000000000006 24.200000000000006 24.200000000000006
34.2 30.0 10.525641633766005 7.470725285098591 10.330657220484595 24.800000000000008 24.800000000000008 24.800000000000008 24.800000000000008 24.800000000000008 24.800000000000008 24.800000000000008
34.3 30.0 11.125641633766005 8.016216919965432 10.407488360575597 25.40000000000001 25.40000000000001 25.40000000000001 25.40000000000001 25.40000000000001 25.40000000000001 25.40000000000001
34.4 30.0 11.725641633766005 8.56168815565556 10.517678368973701 26.00000000000001 26.00000000000001 26.00000000000001 26.00000000000001 26.00000000000001 26.00000000000001 26.00000000000001
34.5 30.0 12.325641633766004 9.120159915475613 10.66979672304251 26.600000000000012 26.600000000000012 26.600000000000012 26.600000000000012 26.600000000000012 26.600000000000012 26.600000000000012
34.6 30.0 12.925641633766004 9.68429461713843 10.859155014612455 27.200000000000014 27.200000000000014 27.200000000000014 27.200000000000014 27.200000000000014 27.200000000000014 27.200000000000014
34.7 30.0 13.525641633766003 10.24643046488363 11.081542664088628 27.800000000000015 27.800000000000015 27.800000000000015 27.800000000000015 27.800000000000015 27.800000000000015 27.800000000000015
34.8 30.0 14.125641633766003 10.813073104187762 11.33274996865746 28.400000000000016 28.400000000000016 28.400000000000016 28.400000000000016 28.400000000000016 28.400000000000016 28.400000000000016
34.9 30.0 14.725641633766003 11.389120481652574 11.611629464964466 29.000000000000018 29.000000000000018 29.000000000000018 29.000000000000018 29.000000000000018 29.000000000000018 29.000000000000018
35.0 30.0 15.325641633766002 11.966710597730911 11.922263940188808 29.60000000000002 29.60000000000002 29.60000000000002 29.60000000000002 29.60000000000002 29.60000000000002 29.60000000000002
35.1 30.0 15.925641633766002 12.53942508061378 12.25060171388687 30.0 30.0 30.0 30.0 30.0 30.0 30.0
35.2 30.0 16.525641633766003 13.11814782955762 12.604451762194916 30.0 30.0 30.0 30.0 30.0 30.0 30.0
35.3 30.0 17.125641633766005 13.703888111350773 12.977845353305867 30.0 30.0 30.0 30.0 30.0 30.0 30.0
35.4 30.0 17.725641633766006 14.28712496898715 13.370221329386002 30.0 30.0 30.0 30.0 30.0 30.0 30.0
35.5 30.0 18.325641633766008 14.868447587899896 13.779914251239042 30.0 30.0 30.0 30.0 30.0 30.0 30.0
35.6 30.0 18.92564163376601 15.454266431277958 14.203598156649301 30.0 30.0 30.0 30.0 30.0 30.0 30.0
35.7 30.0 19.52564163376601 16.045691444777045 14.640958004151539 30.0 30.0 30.0 30.0 30.0 30.0 30.0
35.8 30.0 20.125641633766012 16.632544505535552 15.094083009218918 30.0 30.0 30.0 30.0 30.0 30.0 30.0
35.9 30.0 20.725641633766013 17.21919593316332 15.555511964469664 30.0 30.0 30.0 30.0 30.0 30.0 30.0
36.0 30.0 21.325641633766015 17.809422488395864 16.03085851413432 30.0 30.0 30.0 30.0 30.0 30.0 30.0
36.1 30.0 21.925641633766016 18.404344860842592 16.510283318218892 30.0 30.0 30.0 30.0 30.0 30.0 30.0
36.2 30.0 22.525641633766018 18.993646024681684 17.003070907866398 30.0 30.0 30.0 30.0 30.0 30.0 30.0
36.3 30.0 23.12564163376602 19.5837634134513 17.50450645254751 30.0 30.0 30.0 30.0 30.0 30.0 30.0
36.4 30.0 23.72564163376602 20.176852407933044 18.008606885782218 30.0 30.0 30.0 30.0 30.0 30.0 30.0
36.5 30.0 24.325641633766022 20.77326471820718 18.522868307353896 30.0 30.0 30.0 30.0 30.0 30.0 30.0
36.6 30.0 24.925641633766023 21.365063435738236 19.042889645769286 30.0 30.0 30.0 30.0 30.0 30.0 30.0
36.7 30.0 25.525641633766025 21.95752712211818 19.567575396304935 30.0 30.0 30.0 30.0 30.0 30.0 30.0
36.8 30.0 26.125641633766026 22.55254257973743 20.098545661947934 30.0 30.0 30.0 30.0 30.0 30.0 30.0
36.9 30.0 26.725641633766028 23.149877860995186 20.63203014346924 30.0 30.0 30.0 30.0 30.0 30.0 30.0
37.0 30.0 27.32564163376603 23.743506772419295 21.171230294837986 30.0 30.0 30.0 30.0 30.0 30.0 30.0
37.1 30.0 27.92564163376603 24.337613515486574 21.716261713082236 30.0 30.0 30.0 30.0 30.0 30.0 30.0
37.2 30.0 28.525641633766032 24.93396509116444 22.26188497975364 30.0 30.0 30.0 30.0 30.0 30.0 30.0
37.3 30.0 29.125641633766033 25.531948461319733 22.810166755889362 30.0 30.0 30.0 30.0 30.0 30.0 30.0
37.4 30.0 29.725641633766035 26.126886231436245 23.365271869334393 30.0 30.0 30.0 30.0 30.0 30.0 30.0
37.5 30.0 30.0 26.722177180381856 23.92249165054339 30.0 30.0 30.0 30.0 30.0 30.0 30.0
37.6 30.0 30.0 27.034481421551043 24.47870868619183 30.0 30.0 30.0 30.0 30.0 30.0 30.0
37.7 30.0 30.0 27.103446969887056 24.80024780833208 30.0 30.0 30.0 30.0 30.0 30.0 30.0
37.8 30.0 30.0 27.1708086682618 24.911932253616097 30.0 30.0 30.0 30.0 30.0 30.0 30.0
37.9 30.0 30.0 27.235771910613554 25.021244752665133 30.0 30.0 30.0 30.0 30.0 30.0 30.0
38.0 30.0 30.0 27.298595276281418 25.128417583547325 30.0 30.0 30.0 30.0 30.0 30.0 30.0
38.1 30.0 30.0 27.359990838184164 25.233446171972698 30.0 30.0 30.0 30.0 30.0 30.0 30.0
38.2 30.0 30.0 27.419991046407215 25.336226507848433 30.0 30.0 30.0 30.0 30.0 30.0 30.0
38.3 30.0 30.0 27.478627613534293 25.436806303412936 30.0 30.0 30.0 30.0 30.0 30.0 30.0
38.4 30.0 30.0 27.535931531408465 25.53523226908227 30.0 30.0 30.0 30.0 30.0 30.0 30.0
38.5 30.0 30.0 27.591933087512867 25.630798940533822 30.0 30.0 30.0 30.0 30.0 30.0 30.0
38.6 30.0 30.0 27.64666188097844 25.722827203736955 30.0 30.0 30.0 30.0 30.0 30.0 30.0
38.7 30.0 30.0 27.700146838228974 25.8129370526672 30.0 30.0 30.0 30.0 30.0 30.0 30.0
38.8 30.0 30.0 27.752416228269233 25.901167965335713 30.0 30.0 30.0 30.0 30.0 30.0 30.0
38.9 30.0 30.0 27.80349767762678 25.98755862067623 30.0 30.0 30.0 30.0 30.0 30.0 30.0
39.0 30.0 30.0 27.853418184953416 26.07214691436926 30.0 30.0 30.0 30.0 30.0 30.0 30.0
39.1 30.0 30.0 27.902204135295356 26.154969974361865 30.0 30.0 30.0 30.0 30.0 30.0 30.0
39.2 30.0 30.0 27.949881314038684 26.236064176089386 30.0 30.0 30.0 30.0 30.0 30.0 30.0
39.3 30.0 30.0 27.996474920537796 26.315465157404166 30.0 30.0 30.0 30.0 30.0 30.0 30.0
39.4 30.0 30.0 28.041076035180573 26.39320783321614 30.0 30.0 30.0 30.0 30.0 30.0 30.0
39.5 30.0 30.0 28.084607678843266 26.467909561164543 30.0 30.0 30.0 30.0 30.0 30.0 30.0
39.6 30.0 30.0 28.127171952646755 26.540939925022027 30.0 30.0 30.0 30.0 30.0 30.0 30.0
39.7 30.0 30.0 28.168790353699052 26.612474381085924 30.0 30.0 30.0 30.0 30.0 30.0 30.0
39.8 30.0 30.0 28.20948390139466 26.68254321851481 30.0 30.0 30.0 30.0 30.0 30.0 30.0
39.9 30.0 30.0 28.249273148030298 26.75117612205494 30.0 30.0 30.0 30.0 30.0 30.0 30.0
40.0 30.0 30.0 28.288178189185174 26.81840218387404 30.0 30.0 30.0 30.0 30.0 30.0 30.0
40.1 30.0 30.0 28.326218673869917 26.884249915170113 30.0 30.0 30.0 30.0 30.0 30.0 30.0
40.2 30.0 30.0 28.3634138144506 26.948747257557685 30.0 30.0 30.0 30.0 30.0 30.0 30.0
40.3 30.0 30.0 28.399782396351714 27.01192159423715 30.0 30.0 30.0 30.0 30.0 30.0 30.0
40.4 30.0 30.0 28.435342787543938 27.07379976095004 30.0 30.0 30.0 30.0 30.0 30.0 30.0
40.5 30.0 30.0 28.47011294782076 27.13440805672491 30.0 30.0 30.0 30.0 30.0 30.0 30.0
40.6 30.0 30.0 28.504110437869187 27.19377225441753 30.0 30.0 30.0 30.0 30.0 30.0 30.0
40.7 30.0 30.0 28.53735242813873 27.250737665343216 30.0 30.0 30.0 30.0 30.0 30.0 30.0
40.8 30.0 30.0 28.569855707513426 27.306421402212028 30.0 30.0 30.0 30.0 30.0 30.0 30.0
40.9 30.0 30.0 28.601636691790876 27.36099069956239 30.0 30.0 30.0 30.0 30.0 30.0 30.0
41.0 30.0 30.0 28.632711431973277 27.414467527788304 30.0 30.0 30.0 30.0 30.0 30.0 30.0
41.1 30.0 30.0 28.66309562237386 27.466873432573987 30.0 30.0 30.0 30.0 30.0 30.0 30.0
41.2 30.0 30.0 28.692804608543337 27.518229542888115 30.0 30.0 30.0 30.0 30.0 30.0 30.0
41.3 30.0 30.0 28.721853395020116 27.568556578833302 30.0 30.0 30.0 30.0 30.0 30.0 30.0
41.4 30.0 30.0 28.7502566529086 27.617874859353076 30.0 30.0 30.0 30.0 30.0 30.0 30.0
41.5 30.0 30.0 28.778028727288458 27.666204309799696 30.0 30.0 30.0 30.0 30.0 30.0 30.0
41.6 30.0 30.0 28.80507095653679 27.713564469362982 30.0 30.0 30.0 30.0 30.0 30.0 30.0
41.7 30.0 30.0 28.83104767487295 27.759997548167565 30.0 30.0 30.0 30.0 30.0 30.0 30.0
41.8 30.0 30.0 28.856459681940965 27.805593275140378 30.0 30.0 30.0 30.0 30.0 30.0 30.0
41.9 30.0 30.0 28.881319254072654 27.850268244714297 30.0 30.0 30.0 30.0 30.0 30.0 30.0
42.0 30.0 30.0 28.905638400723223 27.894040872125654 30.0 30.0 30.0 30.0 30.0 30.0 30.0
42.1 30.0 30.0 28.92942887027269 27.936929208671568 30.0 30.0 30.0 30.0 30.0 30.0 30.0
42.2 30.0 30.0 28.952702155701516 27.978950948793898 30.0 30.0 30.0 30.0 30.0 30.0 30.0
42.3 30.0 30.0 28.975469500142772 28.019676249539472 30.0 30.0 30.0 30.0 30.0 30.0 30.0
42.4 30.0 30.0 28.997741902313596 28.05912997510582 30.0 30.0 30.0 30.0 30.0 30.0 30.0
42.5 30.0 30.0 29.01953012182854 28.097805939669335 30.0 30.0 30.0 30.0 30.0 30.0 30.0
42.6 30.0 30.0 29.040844684397513 28.135719274884803 30.0 30.0 30.0 30.0 30.0 30.0 30.0
42.7 30.0 30.0 29.06169588691065 28.172884822929152 30.0 30.0 30.0 30.0 30.0 30.0 30.0
42.8 30.0 30.0 29.082093802412555 28.209317141917055 30.0 30.0 30.0 30.0 30.0 30.0 30.0
42.9 30.0 30.0 29.102048284968802 28.245030511218456 30.0 30.0 30.0 30.0 30.0 30.0 30.0
43.0 30.0 30.0 29.121568974426037 28.280038936680043 30.0 30.0 30.0 30.0 30.0 30.0 30.0
43.1 30.0 30.0 29.140665301068992 28.31435615575121 30.0 30.0 30.0 30.0 30.0 30.0 30.0
43.2 30.0 30.0 29.15934649017617 28.34799564251709 30.0 30.0 30.0 30.0 30.0 30.0 30.0
43.3 30.0 30.0 29.17762156647665 28.380970612639757 30.0 30.0 30.0 30.0 30.0 30.0 30.0
43.4 30.0 30.0 29.195499358509743 28.4132940282099 30.0 30.0 30.0 30.0 30.0 30.0 30.0
43.5 30.0 30.0 29.212988502889928 28.444978602509742 30.0 30.0 30.0 30.0 30.0 30.0 30.0
43.6 30.0 30.0 29.23009744847926 28.476036804689002 30.0 30.0 30.0 30.0 30.0 30.0 30.0
43.7 30.0 30.0 29.24683446046881 28.506480864355794 30.0 30.0 30.0 30.0 30.0 30.0 30.0
43.8 30.0 30.0 29.26320762437167 28.53632277608324 30.0 30.0 30.0 30.0 30.0 30.0 30.0
43.9 30.0 30.0 29.279224849928806 28.56557430383411 30.0 30.0 30.0 30.0 30.0 30.0 30.0
44.0 30.0 30.0 29.29489387493035 28.594246985304153 30.0 30.0 30.0 30.0 30.0 30.0 30.0
44.1 30.0 30.0 29.3102222689536 28.622352136185988 30.0 30.0 30.0 30.0 30.0 30.0 30.0
44.2 30.0 30.0 29.325217437019795 28.64990085435502 30.0 30.0 30.0 30.0 30.0 30.0 30.0
44.3 30.0 30.0 29.339886623171495 28.67690402397831 30.0 30.0 30.0 30.0 30.0 30.0 30.0
44.4 30.0 30.0 29.354236913972148 28.703372319548386 30.0 30.0 30.0 30.0 30.0 30.0 30.0
44.5 30.0 30.0 29.36827524192925 28.72931620984284 30.0 30.0 30.0 30.0 30.0 30.0 30.0
44.6 30.0 30.0 29.38200838884388 28.75474596181041 30.0 30.0 30.0 30.0 30.0 30.0 30.0
44.7 30.0 30.0 29.39544298908642 28.779671644387292 30.0 30.0 30.0 30.0 30.0 30.0 30.0
44.8 30.0 30.0 29.408585532801972 28.804013933714263 30.0 30.0 30.0 30.0 30.0 30.0 30.0
44.9 30.0 30.0 29.421442369045423 28.827442263558773 30.0 30.0 30.0 30.0 30.0 30.0 30.0
45.0 30.0 30.0 29.43401970884882 28.85041718117287 30.0 30.0 30.0 30.0 30.0 30.0 30.0
45.1 30.0 30.0 29.446323628221716 28.872947328142317 30.0 30.0 30.0 30.0 30.0 30.0 30.0
45.2 30.0 30.0 29.45836007108646 28.895041184609816 30.0 30.0 30.0 30.0 30.0 30.0 30.0
45.3 30.0 30.0 29.470134852149833 28.91670707220994 30.0 30.0 30.0 30.0 30.0 30.0 30.0
45.4 30.0 30.0 29.481653659711803 28.93795315695392 30.0 30.0 30.0 30.0 30.0 30.0 30.0
45.5 30.0 30.0 29.49292205841368 28.958787452062374 30.0 30.0 30.0 30.0 30.0 30.0 30.0
45.6 30.0 30.0 29.50394549192647 28.97921782074972 30.0 30.0 30.0 30.0 30.0 30.0 30.0
45.7 30.0 30.0 29.51472928558029 28.999251978959133 30.0 30.0 30.0 30.0 30.0 30.0 30.0
45.8 30.0 30.0 29.525278648937267 29.018897498049547 30.0 30.0 30.0 30.0 30.0 30.0 30.0
45.9 30.0 30.0 29.535598678308155 29.038161807435223 30.0 30.0 30.0 30.0 30.0 30.0 30.0
46.0 30.0 30.0 29.545694359214504 29.057052197179253 30.0 30.0 30.0 30.0 30.0 30.0 30.0
46.1 30.0 30.0 29.555570568796842 29.075575820541424 30.0 30.0 30.0 30.0 30.0 30.0 30.0
46.2 30.0 30.0 29.565232078170848 29.093739696480924 30.0 30.0 30.0 30.0 30.0 30.0 30.0
46.3 30.0 30.0 29.57468355473235 29.11155071211469 30.0 30.0 30.0 30.0 30.0 30.0 30.0
46.4 30.0 30.0 29.583929564412056 29.129015625132805 30.0 30.0 30.0 30.0 30.0 30.0 30.0
46.5 30.0 30.0 29.592974573881403 29.146141066170824 30.0 30.0 30.0 30.0 30.0 30.0 30.0
46.6 30.0 30.0 29.601784166482236 29.162933541140486 30.0 30.0 30.0 30.0 30.0 30.0 30.0
46.7 30.0 30.0 29.61025684379108 29.17940702212862 30.0 30.0 30.0 30.0 30.0 30.0 30.0
46.8 30.0 30.0 29.618549251370034 29.195588302173984 30.0 30.0 30.0 30.0 30.0 30.0 30.0
46.9 30.0 30.0 29.62666522474519 29.211453085426516 30.0 30.0 30.0 30.0 30.0 30.0 30.0
47.0 30.0 30.0 29.6346085178357 29.227007501822158 30.0 30.0 30.0 30.0 30.0 30.0 30.0
47.1 30.0 30.0 29.64238280469026 29.24225756400395 30.0 30.0 30.0 30.0 30.0 30.0 30.0
47.2 30.0 30.0 29.6499916811862 29.257209169532295 30.0 30.0 30.0 30.0 30.0 30.0 30.0
47.3 30.0 30.0 29.657438666692894 29.271868103054103 30.0 30.0 30.0 30.0 30.0 30.0 30.0
47.4 30.0 30.0 29.664727205699474 29.286240038431988 30.0 30.0 30.0 30.0 30.0 30.0 30.0
47.5 30.0 30.0 29.67186066940799 29.300330540834413 30.0 30.0 30.0 30.0 30.0 30.0 30.0
47.6 30.0 30.0 29.678842357292897 29.31414506878632 30.0 30.0 30.0 30.0 30.0 30.0 30.0
47.7 30.0 30.0 29.685675498627077 29.327688976182994 30.0 30.0 30.0 30.0 30.0 30.0 30.0
47.8 30.0 30.0 29.69236325397545 29.340967514265806 30.0 30.0 30.0 30.0 30.0 30.0 30.0
47.9 30.0 30.0 29.69890871665682 29.35398583356141 30.0 30.0 30.0 30.0 30.0 30.0 30.0
48.0 30.0 30.0 29.705314914174803 29.366748985785367 30.0 30.0 30.0 30.0 30.0 30.0 30.0
48.1 30.0 30.0 29.711584809617854 29.379261925710516 30.0 30.0 30.0 30.0 30.0 30.0 30.0
48.2 30.0 30.0 29.717721303030192 29.391529512999703 30.0 30.0 30.0 30.0 30.0 30.0 30.0
48.3 30.0 30.0 29.72372723275292 29.403556514005974 30.0 30.0 30.0 30.0 30.0 30.0 30.0
48.4 30.0 30.0 29.72960537673688 29.415347603538308 30.0 30.0 30.0 30.0 30.0 30.0 30.0
48.5 30.0 30.0 29.73535845382757 29.426907366594918 30.0 30.0 30.0 30.0 30.0 30.0 30.0
48.6 30.0 30.0 29.74098912502274 29.438240300064177 30.0 30.0 30.0 30.0 30.0 30.0 30.0
48.7 30.0 30.0 29.74649999470315 29.449350814394126 30.0 30.0 30.0 30.0 30.0 30.0 30.0
48.8 30.0 30.0 29.751893611837122 29.460243235230763 30.0 30.0 30.0 30.0 30.0 30.0 30.0
48.9 30.0 30.0 29.757172471159723 29.47092180502564 30.0 30.0 30.0 30.0 30.0 30.0 30.0
49.0 30.0 30.0 29.762339014326557 29.48139068461407 30.0 30.0 30.0 30.0 30.0 30.0 30.0
49.1 30.0 30.0 29.767395631042984 29.491653954763784 30.0 30.0 30.0 30.0 30.0 30.0 30.0
49.2 30.0 30.0 29.772344660169733 29.50171561769391 30.0 30.0 30.0 30.0 30.0 30.0 30.0
49.3 30.0 30.0 29.777188390804444 29.511579598567046 30.0 30.0 30.0 30.0 30.0 30.0 30.0
49.4 30.0 30.0 29.781929063340538 29.521249746952318 30.0 30.0 30.0 30.0 30.0 30.0 30.0
49.5 30.0 30.0 29.786568870503466 29.530729838261532 30.0 30.0 30.0 30.0 30.0 30.0 30.0
49.6 30.0 30.0 29.79110995836508 29.54002357515873 30.0 30.0 30.0 30.0 30.0 30.0 30.0
49.7 30.0 30.0 29.79555442733605 29.54913458894318 30.0 30.0 30.0 30.0 30.0 30.0 30.0
49.8 30.0 30.0 29.799904333137384 29.55806644090668 30.0 30.0 30.0 30.0 30.0 30.0 30.0
49.9 30.0 30.0 29.80416168775152 29.56682262366495 30.0 30.0 30.0 30.0 30.0 30.0 30.0
50.0 30.0 30.0 29.808328460352527 29.575406562465187 30.0 30.0 30.0 30.0 30.0 30.0 30.0
50.1 30.0 30.0 29.812406578217345 29.583821616467883 30.0 30.0 30.0 30.0 30.0 30.0 30.0
50.2 30.0 30.0 29.81639792761699 29.592071080005905 30.0 30.0 30.0 30.0 30.0 30.0 30.0
50.3 30.0 30.0 29.820304354688993 29.600154818205723 30.0 30.0 30.0 30.0 30.0 30.0 30.0
50.4 30.0 30.0 29.82412766629135 29.60791412327273 30.0 30.0 30.0 30.0 30.0 30.0 30.0
50.5 30.0 30.0 29.827869630838308 29.61552425247079 30.0 30.0 30.0 30.0 30.0 30.0 30.0
50.6 30.0 30.0 29.831531979118314 29.62298804112197 30.0 30.0 30.0 30.0 30.0 30.0 30.0
50.7 30.0 30.0 29.83511640509456 29.630308271427346 30.0 30.0 30.0 30.0 30.0 30.0 30.0
50.8 30.0 30.0 29.83862456668833 29.637487673444117 30.0 30.0 30.0 30.0 30.0 30.0 30.0
50.9 30.0 30.0 29.842058086546054 29.644528926044377 30.0 30.0 30.0 30.0 30.0 30.0 30.0
51.0 30.0 30.0 29.845418552789738 29.65143465785791 30.0 30.0 30.0 30.0 30.0 30.0 30.0
51.1 30.0 30.0 29.84870751975164 29.65820744819726 30.0 30.0 30.0 30.0 30.0 30.0 30.0
51.2 30.0 30.0 29.85192650869313 29.66484982796627 30.0 30.0 30.0 30.0 30.0 30.0 30.0
51.3 30.0 30.0 29.855077008508125 29.671364280552694 30.0 30.0 30.0 30.0 30.0 30.0 30.0
51.4 30.0 30.0 29.85816047641216 29.67775324270403 30.0 30.0 30.0 30.0 30.0 30.0 30.0
51.5 30.0 30.0 29.861178338616195 29.684019105388188 30.0 30.0 30.0 30.0 30.0 30.0 30.0
51.6 30.0 30.0 29.86413199098609 29.690164214638727 30.0 30.0 30.0 30.0 30.0 30.0 30.0
51.7 30.0 30.0 29.86702279968854 29.69619087238408 30.0 30.0 30.0 30.0 30.0 30.0 30.0
51.8 30.0 30.0 29.869852101822797 29.702101337262764 30.0 30.0 30.0 30.0 30.0 30.0 30.0
51.9 30.0 30.0 29.872621206039305 29.707897825422982 30.0 30.0 30.0 30.0 30.0 30.0 30.0
52.0 30.0 30.0 29.875331393144815 29.713582511308683 30.0 30.0 30.0 30.0 30.0 30.0 30.0
52.1 30.0 30.0 29.87798391669491 29.719157528430834 30.0 30.0 30.0 30.0 30.0 30.0 30.0
52.2 30.0 30.0 29.880580003573748 29.724624970124843 30.0 30.0 30.0 30.0 30.0 30.0 30.0
52.3 30.0 30.0 29.883120854561547 29.72998689029429 30.0 30.0 30.0 30.0 30.0 30.0 30.0
52.4 30.0 30.0 29.88560764489004 29.735245304141447 30.0 30.0 30.0 30.0 30.0 30.0 30.0
52.5 30.0 30.0 29.888041524785958 29.740402188884104 30.0 30.0 30.0 30.0 30.0 30.0 30.0
52.6 30.0 30.0 29.89042362000326 29.74545948445963 30.0 30.0 30.0 30.0 30.0 30.0 30.0
52.7 30.0 30.0 29.892755032343597 29.75041909421672 30.0 30.0 30.0 30.0 30.0 30.0 30.0
52.8 30.0 30.0 29.8950368401661 29.755282885593708 30.0 30.0 30.0 30.0 30.0 30.0 30.0
52.9 30.0 30.0 29.89727009888596 29.760052690785304 30.0 30.0 30.0 30.0 30.0 30.0 30.0
53.0 30.0 30.0 29.899455841462853 29.7647303073967 30.0 30.0 30.0 30.0 30.0 30.0 30.0
53.1 30.0 30.0 29.901595078878504 29.769317499086313 30.0 30.0 30.0 30.0 30.0 30.0 30.0
53.2 30.0 30.0 29.903688800604524 29.77381599619633 30.0 30.0 30.0 30.0 30.0 30.0 30.0
53.3 30.0 30.0 29.90573797505974 29.778227496372338 30.0 30.0 30.0 30.0 30.0 30.0 30.0
53.4 30.0 30.0 29.907743550058477 29.782553665170852 30.0 30.0 30.0 30.0 30.0 30.0 30.0
53.5 30.0 30.0 29.90970645324876 29.786796136656754 30.0 30.0 30.0 30.0 30.0 30.0 30.0
53.6 30.0 30.0 29.91162759254132 29.790956513989432 30.0 30.0 30.0 30.0 30.0 30.0 30.0
53.7 30.0 30.0 29.913507856529794 29.795036369997458 30.0 30.0 30.0 30.0 30.0 30.0 30.0
53.8 30.0 30.0 29.915348114901466 29.799037247744444 30.0 30.0 30.0 30.0 30.0 30.0 30.0
53.9 30.0 30.0 29.917149218839754 29.80296066108292 30.0 30.0 30.0 30.0 30.0 30.0 30.0
54.0 30.0 30.0 29.91891200141761 29.80680809519942 30.0 30.0 30.0 30.0 30.0 30.0 30.0
54.1 30.0 30.0 29.920637277983204 29.81058100714831 30.0 30.0 30.0 30.0 30.0 30.0 30.0
54.2 30.0 30.0 29.922325846536765 29.814280826377235 30.0 30.0 30.0 30.0 30.0 30.0 30.0
54.3 30.0 30.0 29.923978488099802 29.81790895524197 30.0 30.0 30.0 30.0 30.0 30.0 30.0
54.4 30.0 30.0 29.925595967076394 29.82146676951198 30.0 30.0 30.0 30.0 30.0 30.0 30.0
54.5 30.0 30.0 29.927179031606723 29.824955618867197 30.0 30.0 30.0 30.0 30.0 30.0 30.0
54.6 30.0 30.0 29.928728413912978 29.828376827385473 30.0 30.0 30.0 30.0 30.0 30.0 30.0
54.7 30.0 30.0 29.930244830638276 29.83173169402072 30.0 30.0 30.0 30.0 30.0 30.0 30.0
54.8 30.0 30.0 29.931728983177877 29.83502149307293 30.0 30.0 30.0 30.0 30.0 30.0 30.0
54.9 30.0 30.0 29.93318155800386 29.83824747464892 30.0 30.0 30.0 30.0 30.0 30.0 30.0
55.0 30.0 30.0 29.934603226982507 29.841410865115204 30.0 30.0 30.0 30.0 30.0 30.0 30.0
55.1 30.0 30.0 29.93599464768497 29.844512867542417 30.0 30.0 30.0 30.0 30.0 30.0 30.0
55.2 30.0 30.0 29.93735646369167 29.847554662140983 30.0 30.0 30.0 30.0 30.0 30.0 30.0
55.3 30.0 30.0 29.9386893048897 29.850537406689885 30.0 30.0 30.0 30.0 30.0 30.0 30.0
55.4 30.0 30.0 29.939993787764372 29.853462236956386 30.0 30.0 30.0 30.0 30.0 30.0 30.0
55.5 30.0 30.0 29.94127051568424 29.856330267109005 30.0 30.0 30.0 30.0 30.0 30.0 30.0
55.6 30.0 30.0 29.94252007918035 29.859142590121994 30.0 30.0 30.0 30.0 30.0 30.0 30.0
55.7 30.0 30.0 29.94374305621907 29.86190027817338 30.0 30.0 30.0 30.0 30.0 30.0 30.0
55.8 30.0 30.0 29.944940012469722 29.864604383034607 30.0 30.0 30.0 30.0 30.0 30.0 30.0
55.9 30.0 30.0 29.94611150156612 29.867255936453976 30.0 30.0 30.0 30.0 30.0 30.0 30.0
56.0 30.0 30.0 29.947258065362554 29.869855950532237 30.0 30.0 30.0 30.0 30.0 30.0 30.0
56.1 30.0 30.0 29.948380234184622 29.87240541809177 30.0 30.0 30.0 30.0 30.0 30.0 30.0
56.2 30.0 30.0 29.949478527074273 29.87490531303883 30.0 30.0 30.0 30.0 30.0 30.0 30.0
56.3 30.0 30.0 29.950553452030153 29.87735659071862 30.0 30.0 30.0 30.0 30.0 30.0 30.0
56.4 30.0 30.0 29.951605506242256 29.87976018826501 30.0 30.0 30.0 30.0 30.0 30.0 30.0
56.5 30.0 30.0 29.95263517632217 29.882117024942193 30.0 30.0 30.0 30.0 30.0 30.0 30.0
56.6 30.0 30.0 29.953642938528052 29.884428002481336 30.0 30.0 30.0 30.0 30.0 30.0 30.0
56.7 30.0 30.0 29.954629258984944 29.886694005410288 30.0 30.0 30.0 30.0 30.0 30.0 30.0
56.8 30.0 30.0 29.95559459390012 29.888915901378017 30.0 30.0 30.0 30.0 30.0 30.0 30.0
56.9 30.0 30.0 29.956539389774626 29.891094541471222 30.0 30.0 30.0 30.0 30.0 30.0 30.0
57.0 30.0 30.0 29.957464083609246 29.89323076052777 30.0 30.0 30.0 30.0 30.0 30.0 30.0
57.1 30.0 30.0 29.95836910310693 29.89532537744189 30.0 30.0 30.0 30.0 30.0 30.0 30.0
57.2 30.0 30.0 29.959254866870637 29.89737919546481 30.0 30.0 30.0 30.0 30.0 30.0 30.0
57.3 30.0 30.0 29.960121784596772 29.899393002500254 30.0 30.0 30.0 30.0 30.0 30.0 30.0
57.4 30.0 30.0 29.96097025726491 29.901367571393077 30.0 30.0 30.0 30.0 30.0 30.0 30.0
57.5 30.0 30.0 29.96180067732308 29.903303660214245 30.0 30.0 30.0 30.0 30.0 30.0 30.0
57.6 30.0 30.0 29.962613428869368 29.90520201253902 30.0 30.0 30.0 30.0 30.0 30.0 30.0
57.7 30.0 30.0 29.96340888782958 29.907063357720837 30.0 30.0 30.0 30.0 30.0 30.0 30.0
57.8 30.0 30.0 29.964187422131083 29.908888411159865 30.0 30.0 30.0 30.0 30.0 30.0 30.0
57.9 30.0 30.0 29.964949391873024 29.910677874566773 30.0 30.0 30.0 30.0 30.0 30.0 30.0
58.0 30.0 30.0 29.965695149492724 29.912432436221195 30.0 30.0 30.0 30.0 30.0 30.0 30.0
58.1 30.0 30.0 29.966425039929014 29.91415277122548 30.0 30.0 30.0 30.0 30.0 30.0 30.0
58.2 30.0 30.0 29.967139400781583 29.915839541754124 30.0 30.0 30.0 30.0 30.0 30.0 30.0
58.3 30.0 30.0 29.967838562467055 29.91749339729824 30.0 30.0 30.0 30.0 30.0 30.0 30.0
58.4 30.0 30.0 29.968522848372043 29.91911497490528 30.0 30.0 30.0 30.0 30.0 30.0 30.0
58.5 30.0 30.0 29.969192575002438 29.920704899414876 30.0 30.0 30.0 30.0 30.0 30.0 30.0
58.6 30.0 30.0 29.969848052130015 29.922263783689658 30.0 30.0 30.0 30.0 30.0 30.0 30.0
58.7 30.0 30.0 29.970489582935794 29.923792228842025 30.0 30.0 30.0 30.0 30.0 30.0 30.0
58.8 30.0 30.0 29.971117464149973 29.92529082445703 30.0 30.0 30.0 30.0 30.0 30.0 30.0
58.9 30.0 30.0 29.9717319861893 29.92676014881061 30.0 30.0 30.0 30.0 30.0 30.0 30.0
59.0 30.0 30.0 29.972333433291677 29.928200769083666 30.0 30.0 30.0 30.0 30.0 30.0 30.0
59.1 30.0 30.0 29.972922083647145 29.92961324157301 30.0 30.0 30.0 30.0 30.0 30.0 30.0
59.2 30.0 30.0 29.973498209526976 29.930998111896955 30.0 30.0 30.0 30.0 30.0 30.0 30.0
59.3 30.0 30.0 29.974062077409343 29.93235591519882 30.0 30.0 30.0 30.0 30.0 30.0 30.0
59.4 30.0 30.0 29.974613948102782 29.933687176344726 30.0 30.0 30.0 30.0 30.0 30.0 30.0
59.5 30.0 30.0 29.975154076866566 29.934992410119513 30.0 30.0 30.0 30.0 30.0 30.0 30.0
59.6 30.0 30.0 29.975682713529018 29.936272121417453 30.0 30.0 30.0 30.0 30.0 30.0 30.0
59.7 30.0 30.0 29.976200102602853 29.93752680543071 30.0 30.0 30.0 30.0 30.0 30.0 30.0
59.8 30.0 30.0 29.976706483398576 29.938756947832918 30.0 30.0 30.0 30.0 30.0 30.0 30.0
59.9 30.0 30.0 29.977202090134774 29.93996302496077 30.0 30.0 30.0 30.0 30.0 30.0 30.0
60.0 30.0 30.0 29.977687152046787 29.941145503990818 30.0 30.0 30.0 30.0 30.0 30.0 30.0
60.1 30.0 30.0 29.97816189349263 29.94230484311422 30.0 30.0 30.0 30.0 30.0 30.0 30.0
60.2 30.0 30.0 29.978626534056648 29.943441491707222 30.0 30.0 30.0 30.0 30.0 30.0 30.0
60.3 30.0 30.0 29.979081288651173 29.944555890499156 30.0 30.0 30.0 30.0 30.0 30.0 30.0
60.4 30.0 30.0 29.97952636761602 29.945648471736444 30.0 30.0 30.0 30.0 30.0 30.0 30.0
60.5 30.0 30.0 29.9799619768157 29.946719659344524 30.0 30.0 30.0 30.0 30.0 30.0 30.0
60.6 30.0 30.0 29.980388317734537 29.94776986908623 30.0 30.0 30.0 30.0 30.0 30.0 30.0
60.7 30.0 30.0 29.980805587569954 29.94879950871701 30.0 30.0 30.0 30.0 30.0 30.0 30.0
60.8 30.0 30.0 29.98121397932378 29.949808978137533 30.0 30.0 30.0 30.0 30.0 30.0 30.0
60.9 30.0 30.0 29.981613681891396 29.950798669543452 30.0 30.0 30.0 30.0 30.0 30.0 30.0
61.0 30.0 30.0 29.982004880148978 29.951768967572235 30.0 30.0 30.0 30.0 30.0 30.0 30.0
61.1 30.0 30.0 29.982387755039436 29.952720249446866 30.0 30.0 30.0 30.0 30.0 30.0 30.0
61.2 30.0 30.0 29.982762483655613 29.9536528851179 30.0 30.0 30.0 30.0 30.0 30.0 30.0
61.3 30.0 30.0 29.98312923932252 29.95456723740161 30.0 30.0 30.0 30.0 30.0 30.0 30.0
61.4 30.0 30.0 29.983488191677374 29.95546366211643 30.0 30.0 30.0 30.0 30.0 30.0 30.0
61.5 30.0 30.0 29.98383950674804 29.956342508216228 30.0 30.0 30.0 30.0 30.0 30.0 30.0
61.6 30.0 30.0 29.984183347029976 29.957204117921485 30.0 30.0 30.0 30.0 30.0 30.0 30.0
61.7 30.0 30.0 29.984519871561293 29.9580488268478 30.0 30.0 30.0 30.0 30.0 30.0 30.0
61.8 30.0 30.0 29.9848492359962 29.95887696413228 30.0 30.0 30.0 30.0 30.0 30.0 30.0
61.9 30.0 30.0 29.985171592677094 29.959688852556887 30.0 30.0 30.0 30.0 30.0 30.0 30.0
62.0 30.0 30.0 29.985487090705284 29.960484808669936 30.0 30.0 30.0 30.0 30.0 30.0 30.0
62.1 30.0 30.0 29.98579587600938 29.96126514290567 30.0 30.0 30.0 30.0 30.0 30.0 30.0
62.2 30.0 30.0 29.986098091413435 29.96203015970045 30.0 30.0 30.0 30.0 30.0 30.0 30.0
62.3 30.0 30.0 29.986393876702525 29.962780157608176 30.0 30.0 30.0 30.0 30.0 30.0 30.0
62.4 30.0 30.0 29.986683368687586 29.96351542941225 30.0 30.0 30.0 30.0 30.0 30.0 30.0
62.5 30.0 30.0 29.98696670126869 29.96423626223614 30.0 30.0 30.0 30.0 30.0 30.0 30.0
62.6 30.0 30.0 29.987244005497043 29.964942937651724 30.0 30.0 30.0 30.0 30.0 30.0 30.0
62.7 30.0 30.0 29.987515409635407 29.9656357317857 30.0 30.0 30.0 30.0 30.0 30.0 30.0
62.8 30.0 30.0 29.987781039217655 29.966314915423283 30.0 30.0 30.0 30.0 30.0 30.0 30.0
62.9 30.0 30.0 29.98804101710665 29.96698075411131 30.0 30.0 30.0 30.0 30.0 30.0 30.0
63.0 30.0 30.0 29.988295463551236 29.967633508257823 30.0 30.0 30.0 30.0 30.0 30.0 30.0
63.1 30.0 30.0 29.98854449624167 29.96827343323103 30.0 30.0 30.0 30.0 30.0 30.0 30.0
63.2 30.0 30.0 29.9887882303642 29.968900779455584 30.0 30.0 30.0 30.0 30.0 30.0 30.0
63.3 30.0 30.0 29.989026778654374 29.969515792507536 30.0 30.0 30.0 30.0 30.0 30.0 30.0
63.4 30.0 30.0 29.989260251448986 29.97011871320712 30.0 30.0 30.0 30.0 30.0 30.0 30.0
63.5 30.0 30.0 29.98948875673728 29.970709777710148 30.0 30.0 30.0 30.0 30.0 30.0 30.0
63.6 30.0 30.0 29.989712400210962 29.971289217597292 30.0 30.0 30.0 30.0 30.0 30.0 30.0
63.7 30.0 30.0 29.989931285312856 29.971857259961983 30.0 30.0 30.0 30.0 30.0 30.0 30.0
63.8 30.0 30.0 29.99014551328492 29.972414127496492 30.0 30.0 30.0 30.0 30.0 30.0 30.0
63.9 30.0 30.0 29.990355183215048 29.972960038576364 30.0 30.0 30.0 30.0 30.0 30.0 30.0
64.0 30.0 30.0 29.990560392082855 29.97349520734341 30.0 30.0 30.0 30.0 30.0 30.0 30.0
64.1 30.0 30.0 29.990761234804467 29.97401984378707 30.0 30.0 30.0 30.0 30.0 30.0 30.0
64.2 30.0 30.0 29.990957804276736 29.974534153823623 30.0 30.0 30.0 30.0 30.0 30.0 30.0
64.3 30.0 30.0 29.991150191419813 29.975038339375192 30.0 30.0 30.0 30.0 30.0 30.0 30.0
64.4 30.0 30.0 29.99133848521944 29.97553259844617 30.0 30.0 30.0 30.0 30.0 30.0 30.0
64.5 30.0 30.0 29.991522772767954 29.976017125198506 30.0 30.0 30.0 30.0 30.0 30.0 30.0
64.6 30.0 30.0 29.99170313930485 29.976492110025333 30.0 30.0 30.0 30.0 30.0 30.0 30.0
64.7 30.0 30.0 29.99187966825584 29.97695773962409 30.0 30.0 30.0 30.0 30.0 30.0 30.0
64.8 30.0 30.0 29.992052441271692 29.97741419706705 30.0 30.0 30.0 30.0 30.0 30.0 30.0
64.9 30.0 30.0 29.992221538265927 29.97786166187105 30.0 30.0 30.0 30.0 30.0 30.0 30.0
65.0 30.0 30.0 29.9923870374518 29.978300310066317 30.0 30.0 30.0 30.0 30.0 30.0 30.0
65.1 30.0 30.0 29.992549015378383 29.978730314263345 30.0 30.0 30.0 30.0 30.0 30.0 30.0
65.2 30.0 30.0 29.99270754696608 29.979151843718604 30.0 30.0 30.0 30.0 30.0 30.0 30.0
65.3 30.0 30.0 29.992862705541256 29.97956506439932 30.0 30.0 30.0 30.0 30.0 30.0 30.0
65.4 30.0 30.0 29.993014562870197 29.979970139046582 30.0 30.0 30.0 30.0 30.0 30.0 30.0
65.5 30.0 30.0 29.993163189192124 29.980367227237913 30.0 30.0 30.0 30.0 30.0 30.0 30.0
65.6 30.0 30.0 29.993308653251862 29.980756485447777 30.0 30.0 30.0 30.0 30.0 30.0 30.0
65.7 30.0 30.0 29.99345102233161 29.98113806710767 30.0 30.0 30.0 30.0 30.0 30.0 30.0
65.8 30.0 30.0 29.99359036228197 29.981512122664558 30.0 30.0 30.0 30.0 30.0 30.0 30.0
65.9 30.0 30.0 29.993726737552553 29.981878799638665 30.0 30.0 30.0 30.0 30.0 30.0 30.0
66.0 30.0 30.0 29.993860211221644 29.982238242679603 30.0 30.0 30.0 30.0 30.0 30.0 30.0
66.1 30.0 30.0 29.99399084502546 29.982590593622135 30.0 30.0 30.0 30.0 30.0 30.0 30.0
66.2 30.0 30.0 29.994118699386668 29.982935991540053 30.0 30.0 30.0 30.0 30.0 30.0 30.0
66.3 30.0 30.0 29.994243833442255 29.983274572799917 30.0 30.0 30.0 30.0 30.0 30.0 30.0
66.4 30.0 30.0 29.99436630507111 29.983606471112676 30.0 30.0 30.0 30.0 30.0 30.0 30.0
66.5 30.0 30.0 29.99448617092063 29.983931817585567 30.0 30.0 30.0 30.0 30.0 30.0 30.0
66.6 30.0 30.0 29.994603486432933 29.984250740772094 30.0 30.0 30.0 30.0 30.0 30.0 30.0
66.7 30.0 30.0 29.9947183058705 29.9845633667214 30.0 30.0 30.0 30.0 30.0 30.0 30.0
66.8 30.0 30.0 29.994830682341348 29.98486981902651 30.0 30.0 30.0 30.0 30.0 30.0 30.0
66.9 30.0 30.0 29.994940667823478 29.985170218871914 30.0 30.0 30.0 30.0 30.0 30.0 30.0
67.0 30.0 30.0 29.9950483131889 29.985464685080306 30.0 30.0 30.0 30.0 30.0 30.0 30.0
67.1 30.0 30.0 29.995153668227417 29.985753334157582 30.0 30.0 30.0 30.0 30.0 30.0 30.0
67.2 30.0 30.0 29.995256781669365 29.986036280338332 30.0 30.0 30.0 30.0 30.0 30.0 30.0
67.3 30.0 30.0 29.995357701208363 29.986313635629415 30.0 30.0 30.0 30.0 30.0 30.0 30.0
67.4 30.0 30.0 29.995456473523056 29.98658550985326 30.0 30.0 30.0 30.0 30.0 30.0 30.0
67.5 30.0 30.0 29.995553144299212 29.98685201068963 30.0 30.0 30.0 30.0 30.0 30.0 30.0
67.6 30.0 30.0 29.99564775825029 29.987113243717893 30.0 30.0 30.0 30.0 30.0 30.0 30.0
67.7 30.0 30.0 29.99574035913857 29.987369312456654 30.0 30.0 30.0 30.0 30.0 30.0 30.0
67.8 30.0 30.0 29.995830989795152 29.987620318404517 30.0 30.0 30.0 30.0 30.0 30.0 30.0
67.9 30.0 30.0 29.995919692139903 29.98786636107863 30.0 30.0 30.0 30.0 30.0 30.0 30.0
68.0 30.0 30.0 29.99600650720072 29.98810753805348 30.0 30.0 30.0 30.0 30.0 30.0 30.0
68.1 30.0 30.0 29.99609147513265 29.98834394499811 30.0 30.0 30.0 30.0 30.0 30.0 30.0
68.2 30.0 30.0 29.99617463523623 29.988575675713356 30.0 30.0 30.0 30.0 30.0 30.0 30.0
68.3 30.0 30.0 29.996256025975917 29.988802822167735 30.0 30.0 30.0 30.0 30.0 30.0 30.0
68.4 30.0 30.0 29.996335684997735 29.98902547453317 30.0 30.0 30.0 30.0 30.0 30.0 30.0
68.5 30.0 30.0 29.99641364914676 29.989243721219758 30.0 30.0 30.0 30.0 30.0 30.0 30.0
68.6 30.0 30.0 29.996489954484076 29.989457648909973 30.0 30.0 30.0 30.0 30.0 30.0 30.0
68.7 30.0 30.0 29.996564636303585 29.98966734259201 30.0 30.0 30.0 30.0 30.0 30.0 30.0
68.8 30.0 30.0 29.996637729148194 29.989872885592707 30.0 30.0 30.0 30.0 30.0 30.0 30.0
68.9 30.0 30.0 29.996709266825846 29.990074359609864 30.0 30.0 30.0 30.0 30.0 30.0 30.0
69.0 30.0 30.0 29.99677928242532 29.990271844743614 30.0 30.0 30.0 30.0 30.0 30.0 30.0
69.1 30.0 30.0 29.9968478083312 29.990465419527858 30.0 30.0 30.0 30.0 30.0 30.0 30.0
69.2 30.0 30.0 29.99691487623909 29.990655160960173 30.0 30.0 30.0 30.0 30.0 30.0 30.0
69.3 30.0 30.0 29.996980517170204 29.99084114453188 30.0 30.0 30.0 30.0 30.0 30.0 30.0
69.4 30.0 30.0 29.997044761485707 29.991023444257227 30.0 30.0 30.0 30.0 30.0 30.0 30.0
69.5 30.0 30.0 29.99710763890092 29.991202132701904 30.0 30.0 30.0 30.0 30.0 30.0 30.0
69.6 30.0 30.0 29.99716917849877 29.99137728101176 30.0 30.0 30.0 30.0 30.0 30.0 30.0
69.7 30.0 30.0 29.997229408743443 29.9915489589396 30.0 30.0 30.0 30.0 30.0 30.0 30.0
69.8 30.0 30.0 29.997288357493535 29.991717234872812 30.0 30.0 30.0 30.0 30.0 30.0 30.0
69.9 30.0 30.0 29.997346052014926 29.991882175859473 30.0 30.0 30.0 30.0 30.0 30.0 30.0
70.0 30.0 30.0 29.997402518993347 29.99204384763493 30.0 30.0 30.0 30.0 30.0 30.0 30.0
70.1 30.0 30.0 29.997457784546686 29.992202314646878 30.0 30.0 30.0 30.0 30.0 30.0 30.0
70.2 30.0 30.0 29.99751187423716 29.99235764008037 30.0 30.0 30.0 30.0 30.0 30.0 30.0
70.3 30.0 30.0 29.997564813083223 29.992509885882534 30.0 30.0 30.0 30.0 30.0 30.0 30.0
70.4 30.0 30.0 29.9976166255708 29.992659112786903 30.0 30.0 30.0 30.0 30.0 30.0 30.0
70.5 30.0 30.0 29.99766733566507 29.992805380336343 30.0 30.0 30.0 30.0 30.0 30.0 30.0
70.6 30.0 30.0 29.997716966821134 29.992948746906958 30.0 30.0 30.0 30.0 30.0 30.0 30.0
70.7 30.0 30.0 29.99776554199512 29.993089269730127 30.0 30.0 30.0 30.0 30.0 30.0 30.0
70.8 30.0 30.0 29.997813083654833 29.993227004915287 30.0 30.0 30.0 30.0 30.0 30.0 30.0
70.9 30.0 30.0 29.997859613789828 29.993362007471646 30.0 30.0 30.0 30.0 30.0 30.0 30.0
71.0 30.0 30.0 29.997905153921938 29.99349433132939 30.0 30.0 30.0 30.0 30.0 30.0 30.0
71.1 30.0 30.0 29.997949725115063 29.99362402936092 30.0 30.0 30.0 30.0 30.0 30.0 30.0
71.2 30.0 30.0 29.997993347984934 29.993751153401345 30.0 30.0 30.0 30.0 30.0 30.0 30.0
71.3 30.0 30.0 29.99803604270869 29.993875754268725 30.0 30.0 30.0 30.0 30.0 30.0 30.0
71.4 30.0 30.0 29.99807782903407 29.993997881784033 30.0 30.0 30.0 30.0 30.0 30.0 30.0
71.5 30.0 30.0 29.998118726288713 29.99411758479014 30.0 30.0 30.0 30.0 30.0 30.0 30.0
71.6 30.0 30.0 29.99815875338894 29.994234911171482 30.0 30.0 30.0 30.0 30.0 30.0 30.0
71.7 30.0 30.0 29.99819792884878 29.994349907871957 30.0 30.0 30.0 30.0 30.0 30.0 30.0
71.8 30.0 30.0 29.99823627078817 29.994462620914362 30.0 30.0 30.0 30.0 30.0 30.0 30.0
71.9 30.0 30.0 29.998273796941582 29.99457309541714 30.0 30.0 30.0 30.0 30.0 30.0 30.0
72.0 30.0 30.0 29.998310524666234 29.994681375612863 30.0 30.0 30.0 30.0 30.0 30.0 30.0
72.1 30.0 30.0 29.998346470949947 29.994787504865258 30.0 30.0 30.0 30.0 30.0 30.0 30.0
72.2 30.0 30.0 29.99838165241905 29.994891525686196 30.0 30.0 30.0 30.0 30.0 30.0 30.0
72.3 30.0 30.0 29.998416085346342 29.994993479751926 30.0 30.0 30.0 30.0 30.0 30.0 30.0
72.4 30.0 30.0 29.99844978565814 29.995093407920038 30.0 30.0 30.0 30.0 30.0 30.0 30.0
72.5 30.0 30.0 29.99848276894202 29.995191350245026 30.0 30.0 30.0 30.0 30.0 30.0 30.0
72.6 30.0 30.0 29.998515050453886 29.99528734599399 30.0 30.0 30.0 30.0 30.0 30.0 30.0
72.7 30.0 30.0 29.998546645125128 29.99538143366196 30.0 30.0 30.0 30.0 30.0 30.0 30.0
72.8 30.0 30.0 29.99857756756929 29.99547365098741 30.0 30.0 30.0 30.0 30.0 30.0 30.0
72.9 30.0 30.0 29.998607832089046 29.995564034966502 30.0 30.0 30.0 30.0 30.0 30.0 30.0
73.0 30.0 30.0 29.99863745268288 29.995652621867666 30.0 30.0 30.0 30.0 30.0 30.0 30.0
73.1 30.0 30.0 29.998666443051356 29.995739447246052 30.0 30.0 30.0 30.0 30.0 30.0 30.0
73.2 30.0 30.0 29.99869481660343 29.995824545957564 30.0 30.0 30.0 30.0 30.0 30.0 30.0
73.3 30.0 30.0 29.99872258646291 29.995907952171876 30.0 30.0 30.0 30.0 30.0 30.0 30.0
73.4 30.0 30.0 29.99874976547439 29.995989699386584 30.0 30.0 30.0 30.0 30.0 30.0 30.0
73.5 30.0 30.0 29.998776366209007 29.99606982044 30.0 30.0 30.0 30.0 30.0 30.0 30.0
73.6 30.0 30.0 29.998802400970494 29.996148347524056 30.0 30.0 30.0 30.0 30.0 30.0 30.0
73.7 30.0 30.0 29.99882788180094 29.99622531219685 30.0 30.0 30.0 30.0 30.0 30.0 30.0
73.8 30.0 30.0 29.998852820486043 29.99630074539534 30.0 30.0 30.0 30.0 30.0 30.0 30.0
73.9 30.0 30.0 29.998877228560815 29.996374677447204 30.0 30.0 30.0 30.0 30.0 30.0 30.0
74.0 30.0 30.0 29.998901117314883 29.996447138082885 30.0 30.0 30.0 30.0 30.0 30.0 30.0
74.1 30.0 30.0 29.99892449779755 29.996518156447408 30.0 30.0 30.0 30.0 30.0 30.0 30.0
74.2 30.0 30.0 29.99894738082309 29.996587761111424 30.0 30.0 30.0 30.0 30.0 30.0 30.0
74.3 30.0 30.0 29.998969776975795 29.996655980082842 30.0 30.0 30.0 30.0 30.0 30.0 30.0
74.4 30.0 30.0 29.998991696614624 29.996722840817736 30.0 30.0 30.0 30.0 30.0 30.0 30.0
74.5 30.0 30.0 29.99901314987811 29.996788370231208 30.0 30.0 30.0 30.0 30.0 30.0 30.0
74.6 30.0 30.0 29.999034146689237 29.9968525947077 30.0 30.0 30.0 30.0 30.0 30.0 30.0
74.7 30.0 30.0 29.99905469675966 29.996915540111804 30.0 30.0 30.0 30.0 30.0 30.0 30.0
74.8 30.0 30.0 29.99907480959457 29.996977231797995 30.0 30.0 30.0 30.0 30.0 30.0 30.0
74.9 30.0 30.0 29.999094494496838 29.9970376946211 30.0 30.0 30.0 30.0 30.0 30.0 30.0
75.0 30.0 30.0 29.99911376057138 29.997096952945785 30.0 30.0 30.0 30.0 30.0 30.0 30.0
75.1 30.0 30.0 29.9991326167294 29.99715503065607 30.0 30.0 30.0 30.0 30.0 30.0 30.0
75.2 30.0 30.0 29.999151071692573 29.997211951165056 30.0 30.0 30.0 30.0 30.0 30.0 30.0
75.3 30.0 30.0 29.999169133996983 29.997267737423925 30.0 30.0 30.0 30.0 30.0 30.0 30.0
75.4 30.0 30.0 29.999186811997017 29.997322411931158 30.0 30.0 30.0 30.0 30.0 30.0 30.0
75.5 30.0 30.0 29.999204113869425 29.997375996741074 30.0 30.0 30.0 30.0 30.0 30.0 30.0
75.6 30.0 30.0 29.999221047616885 29.997428513473153 30.0 30.0 30.0 30.0 30.0 30.0 30.0
75.7 30.0 30.0 29.999237621071888 29.997479983319877 30.0 30.0 30.0 30.0 30.0 30.0 30.0
75.8 30.0 30.0 29.999253841900124 29.997530427055757 30.0 30.0 30.0 30.0 30.0 30.0 30.0
75.9 30.0 30.0 29.99926971760434 29.997579865044965 30.0 30.0 30.0 30.0 30.0 30.0 30.0
76.0 30.0 30.0 29.99928525552764 29.997628317249582 30.0 30.0 30.0 30.0 30.0 30.0 30.0
76.1 30.0 30.0 29.99930046285687 29.99767580323761 30.0 30.0 30.0 30.0 30.0 30.0 30.0
76.2 30.0 30.0 29.999315346625913 29.997722342190766 30.0 30.0 30.0 30.0 30.0 30.0 30.0
76.3 30.0 30.0 29.999329913718963 29.997767952911833 30.0 30.0 30.0 30.0 30.0 30.0 30.0
76.4 30.0 30.0 29.999344170873925 29.997812653831957 30.0 30.0 30.0 30.0 30.0 30.0 30.0
76.5 30.0 30.0 29.99935812468512 29.997856463018657 30.0 30.0 30.0 30.0 30.0 30.0 30.0
76.6 30.0 30.0 29.99937178160667 29.99789939818211 30.0 30.0 30.0 30.0 30.0 30.0 30.0
76.7 30.0 30.0 29.999385147955497 29.99794147668256 30.0 30.0 30.0 30.0 30.0 30.0 30.0
76.8 30.0 30.0 29.999398229913847 29.997982715537514 30.0 30.0 30.0 30.0 30.0 30.0 30.0
76.9 30.0 30.0 29.999411033532663 29.998023131427704 30.0 30.0 30.0 30.0 30.0 30.0 30.0
77.0 30.0 30.0 29.99942356473411 29.99806274070427 30.0 30.0 30.0 30.0 30.0 30.0 30.0
77.1 30.0 30.0 29.999435829314283 29.99810155939533 30.0 30.0 30.0 30.0 30.0 30.0 30.0
77.2 30.0 30.0 29.999447832945915 29.99813960321203 30.0 30.0 30.0 30.0 30.0 30.0 30.0
77.3 30.0 30.0 29.99945958118108 29.99817688755469 30.0 30.0 30.0 30.0 30.0 30.0 30.0
77.4 30.0 30.0 29.999471079453816 29.99821342751906 30.0 30.0 30.0 30.0 30.0 30.0 30.0
77.5 30.0 30.0 29.999482333082447 29.998249237902577 30.0 30.0 30.0 30.0 30.0 30.0 30.0
77.6 30.0 30.0 29.99949334727218 29.998284333209824 30.0 30.0 30.0 30.0 30.0 30.0 30.0
77.7 30.0 30.0 29.99950412711744 29.99831872765839 30.0 30.0 30.0 30.0 30.0 30.0 30.0
77.8 30.0 30.0 29.9995146776043 29.998352435184668 30.0 30.0 30.0 30.0 30.0 30.0 30.0
77.9 30.0 30.0 29.999525003612675 29.99838546944921 30.0 30.0 30.0 30.0 30.0 30.0 30.0
78.0 30.0 30.0 29.999535109918767 29.9984178438423 30.0 30.0 30.0 30.0 30.0 30.0 30.0
78.1 30.0 30.0 29.99954500119709 29.998449571489104 30.0 30.0 30.0 30.0 30.0 30.0 30.0
78.2 30.0 30.0 29.999554682022698 29.998480665255162 30.0 30.0 30.0 30.0 30.0 30.0 30.0
78.3 30.0 30.0 29.999564156873294 29.998511137751237 30.0 30.0 30.0 30.0 30.0 30.0 30.0
78.4 30.0 30.0 29.999573430131296 29.998541001338367 30.0 30.0 30.0 30.0 30.0 30.0 30.0
78.5 30.0 30.0 29.999582506085936 29.99857026813286 30.0 30.0 30.0 30.0 30.0 30.0 30.0
78.6 30.0 30.0 29.99959138893521 29.998598950011054 30.0 30.0 30.0 30.0 30.0 30.0 30.0
78.7 30.0 30.0 29.999600082787616 29.99862705861425 30.0 30.0 30.0 30.0 30.0 30.0 30.0
78.8 30.0 30.0 29.99960859166447 29.99865460535285 30.0 30.0 30.0 30.0 30.0 30.0 30.0
78.9 30.0 30.0 29.999616919501374 29.99868160141153 30.0 30.0 30.0 30.0 30.0 30.0 30.0
79.0 30.0 30.0 29.999625070150326 29.998708057753117 30.0 30.0 30.0 30.0 30.0 30.0 30.0
79.1 30.0 30.0 29.999633047381185 29.998733985123536 30.0 30.0 30.0 30.0 30.0 30.0 30.0
79.2 30.0 30.0 29.99964085488369 29.99875939405551 30.0 30.0 30.0 30.0 30.0 30.0 30.0
79.3 30.0 30.0 29.999648496269113 29.998784294872976 30.0 30.0 30.0 30.0 30.0 30.0 30.0
79.4 30.0 30.0 29.999655975071914 29.998808697695484 30.0 30.0 30.0 30.0 30.0 30.0 30.0
79.5 30.0 30.0 29.999663294751258 29.99883261244182 30.0 30.0 30.0 30.0 30.0 30.0 30.0
79.6 30.0 30.0 29.9996704586927 29.998856048834313 30.0 30.0 30.0 30.0 30.0 30.0 30.0
79.7 30.0 30.0 29.999677470209893 29.998879016402235 30.0 30.0 30.0 30.0 30.0 30.0 30.0
79.8 30.0 30.0 29.99968433254586 29.998901524486133 30.0 30.0 30.0 30.0 30.0 30.0 30.0
79.9 30.0 30.0 29.999691048874645 29.998923582241268 30.0 30.0 30.0 30.0 30.0 30.0 30.0
80.0 30.0 30.0 29.99969762230285 29.99894519864119 30.0 30.0 30.0 30.0 30.0 30.0 30.0
80.1 30.0 30.0 29.999704055870893 29.998966382481733 30.0 30.0 30.0 30.0 30.0 30.0 30.0
80.2 30.0 30.0 29.99971035255447 29.998987142384024 30.0 30.0 30.0 30.0 30.0 30.0 30.0
80.3 30.0 30.0 29.99971651526609 29.999007486798085 30.0 30.0 30.0 30.0 30.0 30.0 30.0
80.4 30.0 30.0 29.99972254685615 29.999027424006556 30.0 30.0 30.0 30.0 30.0 30.0 30.0
80.5 30.0 30.0 29.999728450114574 29.99904696212743 30.0 30.0 30.0 30.0 30.0 30.0 30.0
80.6 30.0 30.0 29.99973422777168 29.999066109117905 30.0 30.0 30.0 30.0 30.0 30.0 30.0
80.7 30.0 30.0 29.999739882499934 29.999084872776802 30.0 30.0 30.0 30.0 30.0 30.0 30.0
80.8 30.0 30.0 29.999745416914813 29.99910326074853 30.0 30.0 30.0 30.0 30.0 30.0 30.0
80.9 30.0 30.0 29.99975083357615 29.999121280525546 30.0 30.0 30.0 30.0 30.0 30.0 30.0
81.0 30.0 30.0 29.99975613498942 29.99913893945152 30.0 30.0 30.0 30.0 30.0 30.0 30.0
81.1 30.0 30.0 29.99976132360667 29.99915624472446 30.0 30.0 30.0 30.0 30.0 30.0 30.0
81.2 30.0 30.0 29.999766401827813 29.999173203399334 30.0 30.0 30.0 30.0 30.0 30.0 30.0
81.3 30.0 30.0 29.999771372001657 29.999189822391056 30.0 30.0 30.0 30.0 30.0 30.0 30.0
81.4 30.0 30.0 29.999776236427202 29.999206108476997 30.0 30.0 30.0 30.0 30.0 30.0 30.0
81.5 30.0 30.0 29.99978099735428 29.99922206830029 30.0 30.0 30.0 30.0 30.0 30.0 30.0
81.6 30.0 30.0 29.99978565698503 29.999237708371712 30.0 30.0 30.0 30.0 30.0 30.0 30.0
81.7 30.0 30.0 29.999790217474665 29.99925303507286 30.0 30.0 30.0 30.0 30.0 30.0 30.0
81.8 30.0 30.0 29.999794680932634 29.999268054658415 30.0 30.0 30.0 30.0 30.0 30.0 30.0
81.9 30.0 30.0 29.99979904942339 29.99928277325888 30.0 30.0 30.0 30.0 30.0 30.0 30.0
82.0 30.0 30.0 29.999803324967562 29.999297196882747 30.0 30.0 30.0 30.0 30.0 30.0 30.0
82.1 30.0 30.0 29.99980750954272 29.99931133141933 30.0 30.0 30.0 30.0 30.0 30.0 30.0
82.2 30.0 30.0 29.999811605084343 29.99932518264068 30.0 30.0 30.0 30.0 30.0 30.0 30.0
82.3 30.0 30.0 29.999815613486795 29.999338756204207 30.0 30.0 30.0 30.0 30.0 30.0 30.0
82.4 30.0 30.0 29.999819536604093 29.999352057654665 30.0 30.0 30.0 30.0 30.0 30.0 30.0
82.5 30.0 30.0 29.999823376250774 29.99936509242686 30.0 30.0 30.0 30.0 30.0 30.0 30.0
82.6 30.0 30.0 29.999827134202864 29.999377865847134 30.0 30.0 30.0 30.0 30.0 30.0 30.0
82.7 30.0 30.0 29.999830812198567 29.999390383136117 30.0 30.0 30.0 30.0 30.0 30.0 30.0
82.8 30.0 30.0 29.999834411939023 29.999402649410648 30.0 30.0 30.0 30.0 30.0 30.0 30.0
82.9 30.0 30.0 29.99983793508929 29.999414669685642 30.0 30.0 30.0 30.0 30.0 30.0 30.0
83.0 30.0 30.0 29.999841383278902 29.9994264488763 30.0 30.0 30.0 30.0 30.0 30.0 30.0
83.1 30.0 30.0 29.999844758102768 29.999437991800082 30.0 30.0 30.0 30.0 30.0 30.0 30.0
83.2 30.0 30.0 29.99984806112184 29.999449303178515 30.0 30.0 30.0 30.0 30.0 30.0 30.0
83.3 30.0 30.0 29.99985129386396 29.99946038763912 30.0 30.0 30.0 30.0 30.0 30.0 30.0
83.4 30.0 30.0 29.999854457824288 29.999471249717498 30.0 30.0 30.0 30.0 30.0 30.0 30.0
83.5 30.0 30.0 29.999857554466335 29.999481893858768 30.0 30.0 30.0 30.0 30.0 30.0 30.0
83.6 30.0 30.0 29.999860585222358 29.999492324419666 30.0 30.0 30.0 30.0 30.0 30.0 30.0
83.7 30.0 30.0 29.99986355149424 29.999502545670218 30.0 30.0 30.0 30.0 30.0 30.0 30.0
83.8 30.0 30.0 29.99986645465396 29.999512561795378 30.0 30.0 30.0 30.0 30.0 30.0 30.0
83.9 30.0 30.0 29.999869296044288 29.999522376896866 30.0 30.0 30.0 30.0 30.0 30.0 30.0
84.0 30.0 30.0 29.999872076979532 29.99953199499449 30.0 30.0 30.0 30.0 30.0 30.0 30.0
84.1 30.0 30.0 29.999874798745957 29.99954142002826 30.0 30.0 30.0 30.0 30.0 30.0 30.0
84.2 30.0 30.0 29.99987746260243 29.999550655859622 30.0 30.0 30.0 30.0 30.0 30.0 30.0
84.3 30.0 30.0 29.999880069781135 29.999559706273004 30.0 30.0 30.0 30.0 30.0 30.0 30.0
84.4 30.0 30.0 29.999882621487913 29.999568574977644 30.0 30.0 30.0 30.0 30.0 30.0 30.0
84.5 30.0 30.0 29.999885118903087 29.99957726560874 30.0 30.0 30.0 30.0 30.0 30.0 30.0
84.6 30.0 30.0 29.99988756318171 29.999585781729138 30.0 30.0 30.0 30.0 30.0 30.0 30.0
84.7 30.0 30.0 29.999889955454456 29.999594126830424 30.0 30.0 30.0 30.0 30.0 30.0 30.0
84.8 30.0 30.0 29.999892296827717 29.99960230433507 30.0 30.0 30.0 30.0 30.0 30.0 30.0
84.9 30.0 30.0 29.99989458838457 29.999610317596893 30.0 30.0 30.0 30.0 30.0 30.0 30.0
85.0 30.0 30.0 29.999896831184863 29.999618169903158 30.0 30.0 30.0 30.0 30.0 30.0 30.0
85.1 30.0 30.0 29.999899026266 29.999625864475348 30.0 30.0 30.0 30.0 30.0 30.0 30.0
85.2 30.0 30.0 29.999901174643327 29.999633404470934 30.0 30.0 30.0 30.0 30.0 30.0 30.0
85.3 30.0 30.0 29.999903277310512 29.99964079298435 30.0 30.0 30.0 30.0 30.0 30.0 30.0
85.4 30.0 30.0 29.99990533524004 29.999648033048462 30.0 30.0 30.0 30.0 30.0 30.0 30.0
85.5 30.0 30.0 29.999907349383882 29.99965512763533 30.0 30.0 30.0 30.0 30.0 30.0 30.0
85.6 30.0 30.0 29.999909320673595 29.999662079658105 30.0 30.0 30.0 30.0 30.0 30.0 30.0
85.7 30.0 30.0 29.999911250020986 29.999668891971584 30.0 30.0 30.0 30.0 30.0 30.0 30.0
85.8 30.0 30.0 29.999913138318433 29.99967556737371 30.0 30.0 30.0 30.0 30.0 30.0 30.0
85.9 30.0 30.0 29.99991498643934 29.99968210860667 30.0 30.0 30.0 30.0 30.0 30.0 30.0
86.0 30.0 30.0 29.999916795238533 29.999688518357868 30.0 30.0 30.0 30.0 30.0 30.0 30.0
86.1 30.0 30.0 29.99991856555265 29.99969479926099 30.0 30.0 30.0 30.0 30.0 30.0 30.0
86.2 30.0 30.0 29.999920298200433 29.999700953897467 30.0 30.0 30.0 30.0 30.0 30.0 30.0
86.3 30.0 30.0 29.999921993983396 29.999706984796816 30.0 30.0 30.0 30.0 30.0 30.0 30.0
86.4 30.0 30.0 29.999923653685833 29.99971289443852 30.0 30.0 30.0 30.0 30.0 30.0 30.0
86.5 30.0 30.0 29.99992527807549 29.99971868525212 30.0 30.0 30.0 30.0 30.0 30.0 30.0
86.6 30.0 30.0 29.999926867903675 29.999724359618916 30.0 30.0 30.0 30.0 30.0 30.0 30.0
86.7 30.0 30.0 29.99992842390572 29.999729919872717 30.0 30.0 30.0 30.0 30.0 30.0 30.0
86.8 30.0 30.0 29.999929946801384 29.99973536830051 30.0 30.0 30.0 30.0 30.0 30.0 30.0
86.9 30.0 30.0 29.999931437294943 29.999740707143943 30.0 30.0 30.0 30.0 30.0 30.0 30.0
87.0 30.0 30.0 29.999932896075872 29.999745938599553 30.0 30.0 30.0 30.0 30.0 30.0 30.0
87.1 30.0 30.0 29.99993432381894 29.999751064820227 30.0 30.0 30.0 30.0 30.0 30.0 30.0
87.2 30.0 30.0 29.999935721184503 29.999756087915802 30.0 30.0 30.0 30.0 30.0 30.0 30.0
87.3 30.0 30.0 29.999937088818875 29.999761009954025 30.0 30.0 30.0 30.0 30.0 30.0 30.0
87.4 30.0 30.0 29.99993842735464 29.999765832961206 30.0 30.0 30.0 30.0 30.0 30.0 30.0
87.5 30.0 30.0 29.999939737410934 29.999770558923213 30.0 30.0 30.0 30.0 30.0 30.0 30.0
87.6 30.0 30.0 29.99994101959363 29.99977518978643 30.0 30.0 30.0 30.0 30.0 30.0 30.0
87.7 30.0 30.0 29.99994227449594 29.999779727458044 30.0 30.0 30.0 30.0 30.0 30.0 30.0
87.8 30.0 30.0 29.999943502698194 29.999784173807413 30.0 30.0 30.0 30.0 30.0 30.0 30.0
87.9 30.0 30.0 29.999944704768442 29.99978853066648 30.0 30.0 30.0 30.0 30.0 30.0 30.0
88.0 30.0 30.0 29.99994588126273 29.999792799830306 30.0 30.0 30.0 30.0 30.0 30.0 30.0
88.1 30.0 30.0 29.999947032725206 29.999796983058417 30.0 30.0 30.0 30.0 30.0 30.0 30.0
88.2 30.0 30.0 29.999948159688508 29.999801082075013 30.0 30.0 30.0 30.0 30.0 30.0 30.0
88.3 30.0 30.0 29.999949262673855 29.999805098569794 30.0 30.0 30.0 30.0 30.0 30.0 30.0
88.4 30.0 30.0 29.99995034219143 29.99980903419879 30.0 30.0 30.0 30.0 30.0 30.0 30.0
88.5 30.0 30.0 29.99995139874059 29.999812890584792 30.0 30.0 30.0 30.0 30.0 30.0 30.0
88.6 30.0 30.0 29.99995243280994 29.99981666931834 30.0 30.0 30.0 30.0 30.0 30.0 30.0
88.7 30.0 30.0 29.999953444877843 29.999820371957814 30.0 30.0 30.0 30.0 30.0 30.0 30.0
88.8 30.0 30.0 29.99995443541239 29.999824000030785 30.0 30.0 30.0 30.0 30.0 30.0 30.0
88.9 30.0 30.0 29.999955404871724 29.999827555034212 30.0 30.0 30.0 30.0 30.0 30.0 30.0
89.0 30.0 30.0 29.9999563537042 29.999831038434948 30.0 30.0 30.0 30.0 30.0 30.0 30.0
89.1 30.0 30.0 29.9999572823488 29.999834451670484 30.0 30.0 30.0 30.0 30.0 30.0 30.0
89.2 30.0 30.0 29.99995819123501 29.99983779614983 30.0 30.0 30.0 30.0 30.0 30.0 30.0
89.3 30.0 30.0 29.999959080783235 29.99984107325354 30.0 30.0 30.0 30.0 30.0 30.0 30.0
89.4 30.0 30.0 29.999959951404875 29.999844284334664 30.0 30.0 30.0 30.0 30.0 30.0 30.0
89.5 30.0 30.0 29.999960803502624 29.99984743071918 30.0 30.0 30.0 30.0 30.0 30.0 30.0
89.6 30.0 30.0 29.99996163747066 29.99985051370644 30.0 30.0 30.0 30.0 30.0 30.0 30.0
89.7 30.0 30.0 29.999962453694646 29.999853534569954 30.0 30.0 30.0 30.0 30.0 30.0 30.0
89.8 30.0 30.0 29.99996325255222 29.999856494557466 30.0 30.0 30.0 30.0 30.0 30.0 30.0
89.9 30.0 30.0 29.99996403441279 29.999859394892113 30.0 30.0 30.0 30.0 30.0 30.0 30.0
90.0 30.0 30.0 29.999964799638025 29.99986223677215 30.0 30.0 30.0 30.0 30.0 30.0 30.0
90.1 30.0 30.0 29.99996554858185 29.99986502137217 30.0 30.0 30.0 30.0 30.0 30.0 30.0
90.2 30.0 30.0 29.99996628159075 29.99986774984303 30.0 30.0 30.0 30.0 30.0 30.0 30.0
90.3 30.0 30.0 29.999966999003753 29.999870423312707 30.0 30.0 30.0 30.0 30.0 30.0 30.0
90.4 30.0 30.0 29.999967701152627 29.999873042886577 30.0 30.0 30.0 30.0 30.0 30.0 30.0
90.5 30.0 30.0 29.99996838836218 29.999875609647656 30.0 30.0 30.0 30.0 30.0 30.0 30.0
90.6 30.0 30.0 29.99996906095025 29.999878124657602 30.0 30.0 30.0 30.0 30.0 30.0 30.0
90.7 30.0 30.0 29.999969719227906 29.999880588956543 30.0 30.0 30.0 30.0 30.0 30.0 30.0
90.8 30.0 30.0 29.99997036349963 29.99988300356388 30.0 30.0 30.0 30.0 30.0 30.0 30.0
90.9 30.0 30.0 29.999970994063435 29.999885369478548 30.0 30.0 30.0 30.0 30.0 30.0 30.0
91.0 30.0 30.0 29.99997161121103 29.999887687679486 30.0 30.0 30.0 30.0 30.0 30.0 30.0
91.1 30.0 30.0 29.999972215227846 29.999889959126065 30.0 30.0 30.0 30.0 30.0 30.0 30.0
91.2 30.0 30.0 29.99997280639321 29.99989218475848 30.0 30.0 30.0 30.0 30.0 30.0 30.0
91.3 30.0 30.0 29.999973384980553 29.999894365497916 30.0 30.0 30.0 30.0 30.0 30.0 30.0
91.4 30.0 30.0 29.999973951257594 29.999896502247154 30.0 30.0 30.0 30.0 30.0 30.0 30.0
91.5 30.0 30.0 29.99997450548615 29.999898595891054 30.0 30.0 30.0 30.0 30.0 30.0 30.0
91.6 30.0 30.0 29.99997504792263 29.99990064729636 30.0 30.0 30.0 30.0 30.0 30.0 30.0
91.7 30.0 30.0 29.999975578817907 29.999902657312894 30.0 30.0 30.0 30.0 30.0 30.0 30.0
91.8 30.0 30.0 29.99997609841755 29.999904626773063 30.0 30.0 30.0 30.0 30.0 30.0 30.0
91.9 30.0 30.0 29.9999766069619 29.999906556492796 30.0 30.0 30.0 30.0 30.0 30.0 30.0
92.0 30.0 30.0 29.999977104686067 29.999908447271824 30.0 30.0 30.0 30.0 30.0 30.0 30.0
92.1 30.0 30.0 29.99997759182043 29.999910299893276 30.0 30.0 30.0 30.0 30.0 30.0 30.0
92.2 30.0 30.0 29.999978068590227 29.999912115125138 30.0 30.0 30.0 30.0 30.0 30.0 30.0
92.3 30.0 30.0 29.999978535215966 29.999913893719725 30.0 30.0 30.0 30.0 30.0 30.0 30.0
92.4 30.0 30.0 29.999978991913505 29.999915636414347 30.0 30.0 30.0 30.0 30.0 30.0 30.0
92.5 30.0 30.0 29.999979438894062 29.99991734393158 30.0 30.0 30.0 30.0 30.0 30.0 30.0
92.6 30.0 30.0 29.9999798763644 29.999919016979334 30.0 30.0 30.0 30.0 30.0 30.0 30.0
92.7 30.0 30.0 29.999980304526833 29.999920656251476 30.0 30.0 30.0 30.0 30.0 30.0 30.0
92.8 30.0 30.0 29.99998072357942 29.999922262427816 30.0 30.0 30.0 30.0 30.0 30.0 30.0
92.9 30.0 30.0 29.999981133716055 29.99992383617455 30.0 30.0 30.0 30.0 30.0 30.0 30.0
93.0 30.0 30.0 29.99998153512638 29.99992537814464 30.0 30.0 30.0 30.0 30.0 30.0 30.0
93.1 30.0 30.0 29.999981927996064 29.999926888977924 30.0 30.0 30.0 30.0 30.0 30.0 30.0
93.2 30.0 30.0 29.999982312506816 29.99992836930124 30.0 30.0 30.0 30.0 30.0 30.0 30.0
93.3 30.0 30.0 29.99998268883647 29.99992981972894 30.0 30.0 30.0 30.0 30.0 30.0 30.0
93.4 30.0 30.0 29.99998305715909 29.999931240863113 30.0 30.0 30.0 30.0 30.0 30.0 30.0
93.5 30.0 30.0 29.99998341764505 29.9999326332936 30.0 30.0 30.0 30.0 30.0 30.0 30.0
93.6 30.0 30.0 29.999983770461075 29.99993399759854 30.0 30.0 30.0 30.0 30.0 30.0 30.0
93.7 30.0 30.0 29.99998411577038 29.999935334344475 30.0 30.0 30.0 30.0 30.0 30.0 30.0
93.8 30.0 30.0 29.999984453732708 29.999936644086393 30.0 30.0 30.0 30.0 30.0 30.0 30.0
93.9 30.0 30.0 29.99998478450432 29.999937927368418 30.0 30.0 30.0 30.0 30.0 30.0 30.0
94.0 30.0 30.0 29.999985108238285 29.999939184723413 30.0 30.0 30.0 30.0 30.0 30.0 30.0
94.1 30.0 30.0 29.999985425084272 29.999940416673898 30.0 30.0 30.0 30.0 30.0 30.0 30.0
94.2 30.0 30.0 29.999985735188876 29.999941623731587 30.0 30.0 30.0 30.0 30.0 30.0 30.0
94.3 30.0 30.0 29.999986038695482 29.99994280639813 30.0 30.0 30.0 30.0 30.0 30.0 30.0
94.4 30.0 30.0 29.999986335744484 29.999943965165002 30.0 30.0 30.0 30.0 30.0 30.0 30.0
94.5 30.0 30.0 29.999986626473365 29.999945100513784 30.0 30.0 30.0 30.0 30.0 30.0 30.0
94.6 30.0 30.0 29.999986911016524 29.9999462129165 30.0 30.0 30.0 30.0 30.0 30.0 30.0
94.7 30.0 30.0 29.999987189505543 29.9999473028356 30.0 30.0 30.0 30.0 30.0 30.0 30.0
94.8 30.0 30.0 29.999987462069303 29.999948370724145 30.0 30.0 30.0 30.0 30.0 30.0 30.0
94.9 30.0 30.0 29.999987728833773 29.999949417026393 30.0 30.0 30.0 30.0 30.0 30.0 30.0
95.0 30.0 30.0 29.999987989922417 29.999950442177344 30.0 30.0 30.0 30.0 30.0 30.0 30.0
95.1 30.0 30.0 29.999988245455985 29.99995144660336 30.0 30.0 30.0 30.0 30.0 30.0 30.0
95.2 30.0 30.0 29.999988495552707 29.99995243072237 30.0 30.0 30.0 30.0 30.0 30.0 30.0
95.3 30.0 30.0 29.99998874032821 29.999953394943834 30.0 30.0 30.0 30.0 30.0 30.0 30.0
95.4 30.0 30.0 29.999988979895694 29.99995433966887 30.0 30.0 30.0 30.0 30.0 30.0 30.0
95.5 30.0 30.0 29.99998921436604 29.999955265290616 30.0 30.0 30.0 30.0 30.0 30.0 30.0
95.6 30.0 30.0 29.999989443847614 29.99995617219444 30.0 30.0 30.0 30.0 30.0 30.0 30.0
95.7 30.0 30.0 29.999989668446556 29.999957060757673 30.0 30.0 30.0 30.0 30.0 30.0 30.0
95.8 30.0 30.0 29.999989888266878 29.999957931350163 30.0 30.0 30.0 30.0 30.0 30.0 30.0
95.9 30.0 30.0 29.999990103410173 29.999958784334574 30.0 30.0 30.0 30.0 30.0 30.0 30.0
96.0 30.0 30.0 29.9999903139759 29.99995962006605 30.0 30.0 30.0 30.0 30.0 30.0 30.0
96.1 30.0 30.0 29.9999905200615 29.999960438892458 30.0 30.0 30.0 30.0 30.0 30.0 30.0
96.2 30.0 30.0 29.999990721762366 29.999961241154924 30.0 30.0 30.0 30.0 30.0 30.0 30.0
96.3 30.0 30.0 29.999990919171672 29.999962027187667 30.0 30.0 30.0 30.0 30.0 30.0 30.0
96.4 30.0 30.0 29.99999111238076 29.99996279731811 30.0 30.0 30.0 30.0 30.0 30.0 30.0
96.5 30.0 30.0 29.999991301479028 29.99996355186701 30.0 30.0 30.0 30.0 30.0 30.0 30.0
96.6 30.0 30.0 29.99999148655394 29.99996429114886 30.0 30.0 30.0 30.0 30.0 30.0 30.0
96.7 30.0 30.0 29.999991667691134 29.99996501547169 30.0 30.0 30.0 30.0 30.0 30.0 30.0
96.8 30.0 30.0 29.999991844974293 29.99996572513755 30.0 30.0 30.0 30.0 30.0 30.0 30.0
96.9 30.0 30.0 29.999992018485464 29.999966420442114 30.0 30.0 30.0 30.0 30.0 30.0 30.0
97.0 30.0 30.0 29.99999218830496 29.999967101675207 30.0 30.0 30.0 30.0 30.0 30.0 30.0
97.1 30.0 30.0 29.99999235451125 29.999967769120957 30.0 30.0 30.0 30.0 30.0 30.0 30.0
97.2 30.0 30.0 29.999992517181244 29.999968423057563 30.0 30.0 30.0 30.0 30.0 30.0 30.0
97.3 30.0 30.0 29.999992676390132 29.99996906375787 30.0 30.0 30.0 30.0 30.0 30.0 30.0
97.4 30.0 30.0 29.999992832211632 29.999969691488978 30.0 30.0 30.0 30.0 30.0 30.0 30.0
97.5 30.0 30.0 29.999992984717736 29.999970306512797 30.0 30.0 30.0 30.0 30.0 30.0 30.0
97.6 30.0 30.0 29.999993133978975 29.99997090908589 30.0 30.0 30.0 30.0 30.0 30.0 30.0
97.7 30.0 30.0 29.99999328006453 29.999971499459516 30.0 30.0 30.0 30.0 30.0 30.0 30.0
97.8 30.0 30.0 29.999993423041936 29.999972077880095 30.0 30.0 30.0 30.0 30.0 30.0 30.0
97.9 30.0 30.0 29.999993562977178 29.99997264458919 30.0 30.0 30.0 30.0 30.0 30.0 30.0
98.0 30.0 30.0 29.999993699935082 29.999973199823042 30.0 30.0 30.0 30.0 30.0 30.0 30.0
98.1 30.0 30.0 29.999993833978927 29.999973743813626 30.0 30.0 30.0 30.0 30.0 30.0 30.0
98.2 30.0 30.0 29.999993965170827 29.999974276787828 30.0 30.0 30.0 30.0 30.0 30.0 30.0
98.3 30.0 30.0 29.999994093571356 29.9999747989684 30.0 30.0 30.0 30.0 30.0 30.0 30.0
98.4 30.0 30.0 29.999994219240108 29.999975310573028 30.0 30.0 30.0 30.0 30.0 30.0 30.0
98.5 30.0 30.0 29.999994342234945 29.99997581181583 30.0 30.0 30.0 30.0 30.0 30.0 30.0
98.6 30.0 30.0 29.999994462612957 29.99997630290576 30.0 30.0 30.0 30.0 30.0 30.0 30.0
98.7 30.0 30.0 29.999994580429675 29.999976784048194 30.0 30.0 30.0 30.0 30.0 30.0 30.0
98.8 30.0 30.0 29.99999469573967 29.999977255443973 30.0 30.0 30.0 30.0 30.0 30.0 30.0
98.9 30.0 30.0 29.99999480859635 29.99997771728989 30.0 30.0 30.0 30.0 30.0 30.0 30.0
99.0 30.0 30.0 29.999994919051773 29.99997816977933 30.0 30.0 30.0 30.0 30.0 30.0 30.0
99.1 30.0 30.0 29.999995027157023 29.9999786131011 30.0 30.0 30.0 30.0 30.0 30.0 30.0
99.2 30.0 30.0 29.99999513296222 29.999979047440362 30.0 30.0 30.0 30.0 30.0 30.0 30.0
99.3 30.0 30.0 29.999995236516124 29.999979472978993 30.0 30.0 30.0 30.0 30.0 30.0 30.0
99.4 30.0 30.0 29.999995337866924 29.99997988989451 30.0 30.0 30.0 30.0 30.0 30.0 30.0
99.5 30.0 30.0 29.999995437061255 29.999980298361475 30.0 30.0 30.0 30.0 30.0 30.0 30.0
99.6 30.0 30.0 29.999995534144976 29.99998069855069 30.0 30.0 30.0 30.0 30.0 30.0 30.0
99.7 30.0 30.0 29.999995629163177 29.999981090629277 30.0 30.0 30.0 30.0 30.0 30.0 30.0
99.8 30.0 30.0 29.999995722159785 29.99998147476121 30.0 30.0 30.0 30.0 30.0 30.0 30.0
99.9 30.0 30.0 29.999995813177755 29.999981851107435 30.0 30.0 30.0 30.0 30.0 30.0 30.0
