0.0 0.0 -1073741824.0 -1073741824.0 -1073741824.0 -1073741824.0 -1073741824.0 -1073741824.0 -1073741824.0 -1073741824.0 -1073741824.0 -1073741824.0
0.1 0.6000000000000001 -1073741824.0 -1073741824.0 -1073741824.0 -1073741824.0 -1073741824.0 -1073741824.0 -1073741824.0 -1073741824.0 -1073741824.0 -1073741824.0
0.2 25.0 0.0 0.0 0.0 0.0 0.0 0.0 0.0 0.0 0.0 0.0
0.3 25.0 25.0 25.0 25.0 25.0 25.0 25.0 25.0 25.0 25.0 0.0
0.4 25.0 25.0 25.0 25.0 25.0 25.0 25.0 25.0 25.0 25.0 0.0
0.5 25.0 25.0 25.0 25.0 25.0 25.0 25.0 25.0 25.0 25.0 0.0
0.6 25.0 25.0 25.0 25.0 25.0 25.0 25.0 25.0 25.0 25.0 0.0
0.7 25.0 25.0 25.0 25.0 25.0 25.0 25.0 25.0 25.0 25.0 0.0
0.8 25.0 25.0 25.0 25.0 25.0 25.0 25.0 25.0 25.0 25.0 0.0
0.9 25.0 25.0 25.0 25.0 25.0 25.0 25.0 25.0 25.0 25.0 0.0
1.0 25.0 25.0 25.0 25.0 25.0 25.0 25.0 25.0 25.0 25.0 0.0
1.1 25.0 25.0 25.0 25.0 25.0 25.0 25.0 25.0 25.0 25.0 0.0
1.2 25.0 25.0 25.0 25.0 25.0 25.0 25.0 25.0 25.0 25.0 0.0
1.3 25.0 25.0 25.0 25.0 25.0 25.0 25.0 25.0 25.0 25.0 0.0
1.4 25.0 25.0 25.0 25.0 25.0 25.0 25.0 25.0 25.0 25.0 0.0
1.5 25.0 25.0 25.0 25.0 25.0 25.0 25.0 25.0 25.0 25.0 0.0
1.6 25.0 25.0 25.0 25.0 25.0 25.0 25.0 25.0 25.0 25.0 0.0
1.7 25.0 25.0 25.0 25.0 25.0 25.0 25.0 25.0 25.0 25.0 0.0
1.8 25.0 25.0 25.0 25.0 25.0 25.0 25.0 25.0 25.0 25.0 0.0
1.9 25.0 25.0 25.0 25.0 25.0 25.0 25.0 25.0 25.0 25.0 0.0
2.0 25.0 25.0 25.0 25.0 25.0 25.0 25.0 25.0 25.0 25.0 0.0
2.1 25.0 25.0 25.0 25.0 25.0 25.0 25.0 25.0 25.0 25.0 0.0
2.2 24.979066286037266 24.979066286037266 24.979066286037266 24.979066286037266 24.979066286037266 24.979066286037266 24.979066286037266 24.979066286037266 24.979066286037266 24.979066286037266 0.0
2.3 24.958132572074533 24.958132572074533 24.958132572074533 24.958132572074533 24.958132572074533 24.958132572074533 24.958132572074533 24.958132572074533 24.958132572074533 24.958132572074533 0.0
2.4 24.9371988581118 24.9371988581118 24.9371988581118 24.9371988581118 24.9371988581118 24.9371988581118 24.9371988581118 24.9371988581118 24.9371988581118 24.9371988581118 0.0
2.5 24.916265144149065 24.916265144149065 24.916265144149065 24.916265144149065 24.916265144149065 24.916265144149065 24.916265144149065 24.916265144149065 24.916265144149065 24.916265144149065 0.0
2.6 24.89533143018633 24.89533143018633 24.89533143018633 24.89533143018633 24.89533143018633 24.89533143018633 24.89533143018633 24.89533143018633 24.89533143018633 24.89533143018633 0.0
2.7 24.874397716223598 24.874397716223598 24.874397716223598 24.874397716223598 24.874397716223598 24.874397716223598 24.874397716223598 24.874397716223598 24.874397716223598 24.874397716223598 0.0
2.8 24.853464002260864 24.853464002260864 24.853464002260864 24.853464002260864 24.853464002260864 24.853464002260864 24.853464002260864 24.853464002260864 24.853464002260864 24.853464002260864 0.0
2.9 24.83253028829813 24.83253028829813 24.83253028829813 24.83253028829813 24.83253028829813 24.83253028829813 24.83253028829813 24.83253028829813 24.83253028829813 24.83253028829813 0.0
3.0 24.811596574335397 24.811596574335397 24.811596574335397 24.811596574335397 24.811596574335397 24.811596574335397 24.811596574335397 24.811596574335397 24.811596574335397 24.811596574335397 0.0
3.1 24.790662860372663 24.790662860372663 24.790662860372663 24.790662860372663 24.790662860372663 24.790662860372663 24.790662860372663 24.790662860372663 24.790662860372663 24.790662860372663 0.0
3.2 24.76972914640993 24.76972914640993 24.76972914640993 24.76972914640993 24.76972914640993 24.76972914640993 24.76972914640993 24.76972914640993 24.76972914640993 24.76972914640993 0.0
3.3 24.748795432447196 24.748795432447196 24.748795432447196 24.748795432447196 24.748795432447196 24.748795432447196 24.748795432447196 24.748795432447196 24.748795432447196 24.748795432447196 0.0
3.4 24.727861718484462 24.727861718484462 24.727861718484462 24.727861718484462 24.727861718484462 24.727861718484462 24.727861718484462 24.727861718484462 24.727861718484462 24.727861718484462 0.0
3.5 24.70692800452173 24.70692800452173 24.70692800452173 24.70692800452173 24.70692800452173 24.70692800452173 24.70692800452173 24.70692800452173 24.70692800452173 24.70692800452173 0.0
3.6 24.685994290558995 24.685994290558995 24.685994290558995 24.685994290558995 24.685994290558995 24.685994290558995 24.685994290558995 24.685994290558995 24.685994290558995 24.685994290558995 0.0
3.7 24.66506057659626 24.66506057659626 24.66506057659626 24.66506057659626 24.66506057659626 24.66506057659626 24.66506057659626 24.66506057659626 24.66506057659626 24.66506057659626 0.0
3.8 24.644126862633527 24.644126862633527 24.644126862633527 24.644126862633527 24.644126862633527 24.644126862633527 24.644126862633527 24.644126862633527 24.644126862633527 24.644126862633527 0.0
3.9 24.623193148670794 24.623193148670794 24.623193148670794 24.623193148670794 24.623193148670794 24.623193148670794 24.623193148670794 24.623193148670794 24.623193148670794 24.623193148670794 0.0
4.0 24.60225943470806 24.60225943470806 24.60225943470806 24.60225943470806 24.60225943470806 24.60225943470806 24.60225943470806 24.60225943470806 24.60225943470806 24.60225943470806 0.0
4.1 24.581325720745326 24.581325720745326 24.581325720745326 24.581325720745326 24.581325720745326 24.581325720745326 24.581325720745326 24.581325720745326 24.581325720745326 24.581325720745326 0.0
4.2 24.560392006782592 24.560392006782592 24.560392006782592 24.560392006782592 24.560392006782592 24.560392006782592 24.560392006782592 24.560392006782592 24.560392006782592 24.560392006782592 0.0
4.3 24.53945829281986 24.53945829281986 24.53945829281986 24.53945829281986 24.53945829281986 24.53945829281986 24.53945829281986 24.53945829281986 24.53945829281986 24.53945829281986 0.0
4.4 24.518524578857125 24.518524578857125 24.518524578857125 24.518524578857125 24.518524578857125 24.518524578857125 24.518524578857125 24.518524578857125 24.518524578857125 24.518524578857125 0.0
4.5 24.49759086489439 24.49759086489439 24.49759086489439 24.49759086489439 24.49759086489439 24.49759086489439 24.49759086489439 24.49759086489439 24.49759086489439 24.49759086489439 0.0
4.6 24.476657150931658 24.476657150931658 24.476657150931658 24.476657150931658 24.476657150931658 24.476657150931658 24.476657150931658 24.476657150931658 24.476657150931658 24.476657150931658 0.0
4.7 24.455723436968924 24.455723436968924 24.455723436968924 24.455723436968924 24.455723436968924 24.455723436968924 24.455723436968924 24.455723436968924 24.455723436968924 24.455723436968924 0.0
4.8 24.43478972300619 24.43478972300619 24.43478972300619 24.43478972300619 24.43478972300619 24.43478972300619 24.43478972300619 24.43478972300619 24.43478972300619 24.43478972300619 0.0
4.9 24.413856009043457 24.413856009043457 24.413856009043457 24.413856009043457 24.413856009043457 24.413856009043457 24.413856009043457 24.413856009043457 24.413856009043457 24.413856009043457 0.0
5.0 24.392922295080723 24.392922295080723 24.392922295080723 24.392922295080723 24.392922295080723 24.392922295080723 24.392922295080723 24.392922295080723 24.392922295080723 24.392922295080723 0.0
5.1 24.37198858111799 24.37198858111799 24.37198858111799 24.37198858111799 24.37198858111799 24.37198858111799 24.37198858111799 24.37198858111799 24.37198858111799 24.37198858111799 0.0
5.2 24.351054867155256 24.351054867155256 24.351054867155256 24.351054867155256 24.351054867155256 24.351054867155256 24.351054867155256 24.351054867155256 24.351054867155256 24.351054867155256 0.0
5.3 24.330121153192522 24.330121153192522 24.330121153192522 24.330121153192522 24.330121153192522 24.330121153192522 24.330121153192522 24.330121153192522 24.330121153192522 24.330121153192522 0.0
5.4 24.309187439229788 24.309187439229788 24.309187439229788 24.309187439229788 24.309187439229788 24.309187439229788 24.309187439229788 24.309187439229788 24.309187439229788 24.309187439229788 0.0
5.5 24.288253725267055 24.288253725267055 24.288253725267055 24.288253725267055 24.288253725267055 24.288253725267055 24.288253725267055 24.288253725267055 24.288253725267055 24.288253725267055 0.0
5.6 24.26732001130432 24.26732001130432 24.26732001130432 24.26732001130432 24.26732001130432 24.26732001130432 24.26732001130432 24.26732001130432 24.26732001130432 24.26732001130432 0.0
5.7 24.246386297341587 24.246386297341587 24.246386297341587 24.246386297341587 24.246386297341587 24.246386297341587 24.246386297341587 24.246386297341587 24.246386297341587 24.246386297341587 0.0
5.8 24.225452583378853 24.225452583378853 24.225452583378853 24.225452583378853 24.225452583378853 24.225452583378853 24.225452583378853 24.225452583378853 24.225452583378853 24.225452583378853 0.0
5.9 24.20451886941612 24.20451886941612 24.20451886941612 24.20451886941612 24.20451886941612 24.20451886941612 24.20451886941612 24.20451886941612 24.20451886941612 24.20451886941612 0.0
6.0 24.183585155453386 24.183585155453386 24.183585155453386 24.183585155453386 24.183585155453386 24.183585155453386 24.183585155453386 24.183585155453386 24.183585155453386 24.183585155453386 0.0
6.1 24.162651441490652 24.162651441490652 24.162651441490652 24.162651441490652 24.162651441490652 24.162651441490652 24.162651441490652 24.162651441490652 24.162651441490652 24.162651441490652 0.0
6.2 24.14171772752792 24.14171772752792 24.14171772752792 24.14171772752792 24.14171772752792 24.14171772752792 24.14171772752792 24.14171772752792 24.14171772752792 24.14171772752792 0.0
6.3 24.120784013565185 24.120784013565185 24.120784013565185 24.120784013565185 24.120784013565185 24.120784013565185 24.120784013565185 24.120784013565185 24.120784013565185 24.120784013565185 0.0
6.4 24.09985029960245 24.09985029960245 24.09985029960245 24.09985029960245 24.09985029960245 24.09985029960245 24.09985029960245 24.09985029960245 24.09985029960245 24.09985029960245 0.0
6.5 24.078916585639718 24.078916585639718 24.078916585639718 24.078916585639718 24.078916585639718 24.078916585639718 24.078916585639718 24.078916585639718 24.078916585639718 24.078916585639718 0.0
6.6 24.057982871676984 24.057982871676984 24.057982871676984 24.057982871676984 24.057982871676984 24.057982871676984 24.057982871676984 24.057982871676984 24.057982871676984 24.057982871676984 0.0
6.7 24.03704915771425 24.03704915771425 24.03704915771425 24.03704915771425 24.03704915771425 24.03704915771425 24.03704915771425 24.03704915771425 24.03704915771425 24.03704915771425 0.0
6.8 24.016115443751517 24.016115443751517 24.016115443751517 24.016115443751517 24.016115443751517 24.016115443751517 24.016115443751517 24.016115443751517 24.016115443751517 24.016115443751517 0.0
6.9 23.995181729788783 23.995181729788783 23.995181729788783 23.995181729788783 23.995181729788783 23.995181729788783 23.995181729788783 23.995181729788783 23.995181729788783 23.995181729788783 0.0
7.0 23.97424801582605 23.97424801582605 23.97424801582605 23.97424801582605 23.97424801582605 23.97424801582605 23.97424801582605 23.97424801582605 23.97424801582605 23.97424801582605 0.0
7.1 23.953314301863315 23.953314301863315 23.953314301863315 23.953314301863315 23.953314301863315 23.953314301863315 23.953314301863315 23.953314301863315 23.953314301863315 23.953314301863315 0.0
7.2 23.93238058790058 23.93238058790058 23.93238058790058 23.93238058790058 23.93238058790058 23.93238058790058 23.93238058790058 23.93238058790058 23.93238058790058 23.93238058790058 0.0
7.3 23.911446873937848 23.911446873937848 23.911446873937848 23.911446873937848 23.911446873937848 23.911446873937848 23.911446873937848 23.911446873937848 23.911446873937848 23.911446873937848 0.0
7.4 23.911446873937848 23.890513159975114 23.890513159975114 23.890513159975114 23.890513159975114 23.890513159975114 23.890513159975114 23.890513159975114 23.890513159975114 23.890513159975114 0.0
7.5 23.911446873937848 23.86957944601238 23.86957944601238 23.86957944601238 23.86957944601238 23.86957944601238 23.86957944601238 23.86957944601238 23.86957944601238 23.86957944601238 0.0
7.6 23.911446873937848 23.848645732049647 23.848645732049647 23.848645732049647 23.848645732049647 23.848645732049647 23.848645732049647 23.848645732049647 23.848645732049647 23.848645732049647 0.0
7.7 23.911446873937848 23.827712018086913 23.827712018086913 23.827712018086913 23.827712018086913 23.827712018086913 23.827712018086913 23.827712018086913 23.827712018086913 23.827712018086913 0.0
7.8 23.911446873937848 23.80677830412418 23.80677830412418 23.80677830412418 23.80677830412418 23.80677830412418 23.80677830412418 23.80677830412418 23.80677830412418 23.80677830412418 0.0
7.9 23.911446873937848 23.785844590161446 23.785844590161446 23.785844590161446 23.785844590161446 23.785844590161446 23.785844590161446 23.785844590161446 23.785844590161446 23.785844590161446 0.0
8.0 23.911446873937848 23.764910876198712 23.764910876198712 23.764910876198712 23.764910876198712 23.764910876198712 23.764910876198712 23.764910876198712 23.764910876198712 23.764910876198712 0.0
8.1 23.911446873937848 23.74397716223598 23.74397716223598 23.74397716223598 23.74397716223598 23.74397716223598 23.74397716223598 23.74397716223598 23.74397716223598 23.74397716223598 0.0
8.2 23.911446873937848 23.723043448273245 23.723043448273245 23.723043448273245 23.723043448273245 23.723043448273245 23.723043448273245 23.723043448273245 23.723043448273245 23.723043448273245 0.0
8.3 23.911446873937848 23.70210973431051 23.70210973431051 23.70210973431051 23.70210973431051 23.70210973431051 23.70210973431051 23.70210973431051 23.70210973431051 23.70210973431051 0.0
8.4 23.911446873937848 23.681176020347777 23.681176020347777 23.681176020347777 23.681176020347777 23.681176020347777 23.681176020347777 23.681176020347777 23.681176020347777 23.681176020347777 0.0
8.5 23.911446873937848 23.660242306385044 23.660242306385044 23.660242306385044 23.660242306385044 23.660242306385044 23.660242306385044 23.660242306385044 23.660242306385044 23.660242306385044 0.0
8.6 23.911446873937848 23.63930859242231 23.63930859242231 23.63930859242231 23.63930859242231 23.63930859242231 23.63930859242231 23.63930859242231 23.63930859242231 23.63930859242231 0.0
8.7 23.911446873937848 23.618374878459576 23.618374878459576 23.618374878459576 23.618374878459576 23.618374878459576 23.618374878459576 23.618374878459576 23.618374878459576 23.618374878459576 0.0
8.8 24.51144687393785 23.597441164496843 23.597441164496843 23.597441164496843 23.597441164496843 23.597441164496843 23.597441164496843 23.597441164496843 23.597441164496843 23.597441164496843 0.0
8.9 25.11144687393785 23.57650745053411 23.57650745053411 23.57650745053411 23.57650745053411 23.57650745053411 23.57650745053411 23.57650745053411 23.57650745053411 23.57650745053411 0.0
9.0 25.711446873937852 23.555573736571375 23.555573736571375 23.555573736571375 23.555573736571375 23.555573736571375 23.555573736571375 23.555573736571375 23.555573736571375 23.555573736571375 0.0
9.1 26.311446873937854 23.53464002260864 23.53464002260864 23.53464002260864 23.53464002260864 23.53464002260864 23.53464002260864 23.53464002260864 23.53464002260864 23.53464002260864 0.0
9.2 26.911446873937855 23.513706308645908 23.513706308645908 23.513706308645908 23.513706308645908 23.513706308645908 23.513706308645908 23.513706308645908 23.513706308645908 23.513706308645908 0.0
9.3 27.511446873937857 23.513706308645908 23.492772594683174 23.492772594683174 23.492772594683174 23.492772594683174 23.492772594683174 23.492772594683174 23.492772594683174 23.492772594683174 0.0
9.4 28.111446873937858 23.513706308645908 23.47183888072044 23.47183888072044 23.47183888072044 23.47183888072044 23.47183888072044 23.47183888072044 23.47183888072044 23.47183888072044 0.0
9.5 28.71144687393786 23.513706308645908 23.450905166757707 23.450905166757707 23.450905166757707 23.450905166757707 23.450905166757707 23.450905166757707 23.450905166757707 23.450905166757707 0.0
9.6 29.31144687393786 23.513706308645908 23.429971452794973 23.429971452794973 23.429971452794973 23.429971452794973 23.429971452794973 23.429971452794973 23.429971452794973 23.429971452794973 0.0
9.7 29.911446873937862 23.513706308645908 23.40903773883224 23.40903773883224 23.40903773883224 23.40903773883224 23.40903773883224 23.40903773883224 23.40903773883224 23.40903773883224 0.0
9.8 30.0 23.513706308645908 23.388104024869506 23.388104024869506 23.388104024869506 23.388104024869506 23.388104024869506 23.388104024869506 23.388104024869506 23.388104024869506 0.0
9.9 30.0 23.513706308645908 23.367170310906772 23.367170310906772 23.367170310906772 23.367170310906772 23.367170310906772 23.367170310906772 23.367170310906772 23.367170310906772 0.0
10.0 30.0 23.513706308645908 23.34623659694404 23.34623659694404 23.34623659694404 23.34623659694404 23.34623659694404 23.34623659694404 23.34623659694404 23.34623659694404 0.0
10.1 30.0 23.513706308645908 23.325302882981305 23.325302882981305 23.325302882981305 23.325302882981305 23.325302882981305 23.325302882981305 23.325302882981305 23.325302882981305 0.0
10.2 30.0 23.513706308645908 23.30436916901857 23.30436916901857 23.30436916901857 23.30436916901857 23.30436916901857 23.30436916901857 23.30436916901857 23.30436916901857 0.0
10.3 30.0 23.513706308645908 23.283435455055837 23.283435455055837 23.283435455055837 23.283435455055837 23.283435455055837 23.283435455055837 23.283435455055837 23.283435455055837 0.0
10.4 30.0 23.513706308645908 23.262501741093104 23.262501741093104 23.262501741093104 23.262501741093104 23.262501741093104 23.262501741093104 23.262501741093104 23.262501741093104 0.0
10.5 30.0 23.513706308645908 23.24156802713037 23.24156802713037 23.24156802713037 23.24156802713037 23.24156802713037 23.24156802713037 23.24156802713037 23.24156802713037 0.0
10.6 30.0 23.513706308645908 23.220634313167636 23.220634313167636 23.220634313167636 23.220634313167636 23.220634313167636 23.220634313167636 23.220634313167636 23.220634313167636 0.0
10.7 30.0 24.11370630864591 23.199700599204903 23.199700599204903 23.199700599204903 23.199700599204903 23.199700599204903 23.199700599204903 23.199700599204903 23.199700599204903 0.0
10.8 30.0 24.71370630864591 23.17876688524217 23.17876688524217 23.17876688524217 23.17876688524217 23.17876688524217 23.17876688524217 23.17876688524217 23.17876688524217 0.0
10.9 30.0 25.313706308645912 23.157833171279435 23.157833171279435 23.157833171279435 23.157833171279435 23.157833171279435 23.157833171279435 23.157833171279435 23.157833171279435 0.0
11.0 30.0 25.913706308645914 23.1368994573167 23.1368994573167 23.1368994573167 23.1368994573167 23.1368994573167 23.1368994573167 23.1368994573167 23.1368994573167 0.0
11.1 30.0 26.513706308645915 23.115965743353968 23.115965743353968 23.115965743353968 23.115965743353968 23.115965743353968 23.115965743353968 23.115965743353968 23.115965743353968 0.0
11.2 30.0 27.113706308645916 23.115965743353968 23.095032029391234 23.095032029391234 23.095032029391234 23.095032029391234 23.095032029391234 23.095032029391234 23.095032029391234 0.0
11.3 30.0 27.713706308645918 23.115965743353968 23.0740983154285 23.0740983154285 23.0740983154285 23.0740983154285 23.0740983154285 23.0740983154285 23.0740983154285 0.0
11.4 30.0 28.31370630864592 23.115965743353968 23.053164601465767 23.053164601465767 23.053164601465767 23.053164601465767 23.053164601465767 23.053164601465767 23.053164601465767 0.0
11.5 30.0 28.91370630864592 23.115965743353968 23.032230887503033 23.032230887503033 23.032230887503033 23.032230887503033 23.032230887503033 23.032230887503033 23.032230887503033 0.0
11.6 30.0 29.513706308645922 23.115965743353968 23.0112971735403 23.0112971735403 23.0112971735403 23.0112971735403 23.0112971735403 23.0112971735403 23.0112971735403 0.0
11.7 30.0 30.0 23.115965743353968 22.990363459577566 22.990363459577566 22.990363459577566 22.990363459577566 22.990363459577566 22.990363459577566 22.990363459577566 0.0
11.8 30.0 30.0 23.115965743353968 22.969429745614832 22.969429745614832 22.969429745614832 22.969429745614832 22.969429745614832 22.969429745614832 22.969429745614832 0.0
11.9 30.0 30.0 23.115965743353968 22.9484960316521 22.9484960316521 22.9484960316521 22.9484960316521 22.9484960316521 22.9484960316521 22.9484960316521 0.0
12.0 30.0 30.0 23.115965743353968 22.927562317689365 22.927562317689365 22.927562317689365 22.927562317689365 22.927562317689365 22.927562317689365 22.927562317689365 0.0
12.1 30.0 30.0 23.115965743353968 22.90662860372663 22.90662860372663 22.90662860372663 22.90662860372663 22.90662860372663 22.90662860372663 22.90662860372663 0.0
12.2 30.0 30.0 23.115965743353968 22.885694889763897 22.885694889763897 22.885694889763897 22.885694889763897 22.885694889763897 22.885694889763897 22.885694889763897 0.0
12.3 30.0 30.0 23.115965743353968 22.864761175801164 22.864761175801164 22.864761175801164 22.864761175801164 22.864761175801164 22.864761175801164 22.864761175801164 0.0
12.4 30.0 30.0 23.115965743353968 22.84382746183843 22.84382746183843 22.84382746183843 22.84382746183843 22.84382746183843 22.84382746183843 22.84382746183843 0.0
12.5 30.0 30.0 23.115965743353968 22.822893747875696 22.822893747875696 22.822893747875696 22.822893747875696 22.822893747875696 22.822893747875696 22.822893747875696 0.0
12.6 30.0 30.0 23.71596574335397 22.801960033912962 22.801960033912962 22.801960033912962 22.801960033912962 22.801960033912962 22.801960033912962 22.801960033912962 0.0
12.7 30.0 30.0 24.31596574335397 22.78102631995023 22.78102631995023 22.78102631995023 22.78102631995023 22.78102631995023 22.78102631995023 22.78102631995023 0.0
12.8 30.0 30.0 24.915965743353972 22.760092605987495 22.760092605987495 22.760092605987495 22.760092605987495 22.760092605987495 22.760092605987495 22.760092605987495 0.0
12.9 30.0 30.0 25.515965743353973 22.73915889202476 22.73915889202476 22.73915889202476 22.73915889202476 22.73915889202476 22.73915889202476 22.73915889202476 0.0
13.0 30.0 30.0 26.115965743353975 22.718225178062028 22.718225178062028 22.718225178062028 22.718225178062028 22.718225178062028 22.718225178062028 22.718225178062028 0.0
13.1 30.0 30.0 26.715965743353976 22.718225178062028 22.697291464099294 22.697291464099294 22.697291464099294 22.697291464099294 22.697291464099294 22.697291464099294 0.0
13.2 30.0 30.0 27.315965743353978 22.718225178062028 22.67635775013656 22.67635775013656 22.67635775013656 22.67635775013656 22.67635775013656 22.67635775013656 0.0
13.3 30.0 30.0 27.91596574335398 22.718225178062028 22.655424036173827 22.655424036173827 22.655424036173827 22.655424036173827 22.655424036173827 22.655424036173827 0.0
13.4 30.0 30.0 28.51596574335398 22.718225178062028 22.634490322211093 22.634490322211093 22.634490322211093 22.634490322211093 22.634490322211093 22.634490322211093 0.0
13.5 30.0 30.0 29.115965743353982 22.718225178062028 22.61355660824836 22.61355660824836 22.61355660824836 22.61355660824836 22.61355660824836 22.61355660824836 0.0
13.6 30.0 30.0 29.715965743353983 22.718225178062028 22.592622894285626 22.592622894285626 22.592622894285626 22.592622894285626 22.592622894285626 22.592622894285626 0.0
13.7 30.0 30.0 30.0 22.718225178062028 22.571689180322892 22.571689180322892 22.571689180322892 22.571689180322892 22.571689180322892 22.571689180322892 0.0
13.8 30.0 30.0 30.0 22.718225178062028 22.550755466360158 22.550755466360158 22.550755466360158 22.550755466360158 22.550755466360158 22.550755466360158 0.0
13.9 30.0 30.0 30.0 22.718225178062028 22.529821752397424 22.529821752397424 22.529821752397424 22.529821752397424 22.529821752397424 22.529821752397424 0.0
14.0 30.0 30.0 30.0 22.718225178062028 22.50888803843469 22.50888803843469 22.50888803843469 22.50888803843469 22.50888803843469 22.50888803843469 0.0
14.1 30.0 30.0 30.0 22.718225178062028 22.487954324471957 22.487954324471957 22.487954324471957 22.487954324471957 22.487954324471957 22.487954324471957 0.0
14.2 30.0 30.0 30.0 22.718225178062028 22.467020610509223 22.467020610509223 22.467020610509223 22.467020610509223 22.467020610509223 22.467020610509223 0.0
14.3 30.0 30.0 30.0 22.718225178062028 22.44608689654649 22.44608689654649 22.44608689654649 22.44608689654649 22.44608689654649 22.44608689654649 0.0
14.4 30.0 30.0 30.0 22.718225178062028 22.425153182583756 22.425153182583756 22.425153182583756 22.425153182583756 22.425153182583756 22.425153182583756 0.0
14.5 30.0 30.0 30.0 23.31822517806203 22.404219468621022 22.404219468621022 22.404219468621022 22.404219468621022 22.404219468621022 22.404219468621022 0.0
14.6 30.0 30.0 30.0 23.91822517806203 22.38328575465829 22.38328575465829 22.38328575465829 22.38328575465829 22.38328575465829 22.38328575465829 0.0
14.7 30.0 30.0 30.0 24.518225178062032 22.362352040695555 22.362352040695555 22.362352040695555 22.362352040695555 22.362352040695555 22.362352040695555 0.0
14.8 30.0 30.0 30.0 25.118225178062033 22.34141832673282 22.34141832673282 22.34141832673282 22.34141832673282 22.34141832673282 22.34141832673282 0.0
14.9 30.0 30.0 30.0 25.718225178062035 22.320484612770088 22.320484612770088 22.320484612770088 22.320484612770088 22.320484612770088 22.320484612770088 0.0
15.0 30.0 30.0 30.0 26.318225178062036 22.320484612770088 22.299550898807354 22.299550898807354 22.299550898807354 22.299550898807354 22.299550898807354 0.0
15.1 30.0 30.0 30.0 26.918225178062038 22.320484612770088 22.27861718484462 22.27861718484462 22.27861718484462 22.27861718484462 22.27861718484462 0.0
15.2 30.0 30.0 30.0 27.51822517806204 22.320484612770088 22.257683470881886 22.257683470881886 22.257683470881886 22.257683470881886 22.257683470881886 0.0
15.3 30.0 30.0 30.0 28.11822517806204 22.320484612770088 22.236749756919153 22.236749756919153 22.236749756919153 22.236749756919153 22.236749756919153 0.0
15.4 30.0 30.0 30.0 28.718225178062042 22.320484612770088 22.21581604295642 22.21581604295642 22.21581604295642 22.21581604295642 22.21581604295642 0.0
15.5 30.0 30.0 30.0 29.318225178062043 22.320484612770088 22.194882328993685 22.194882328993685 22.194882328993685 22.194882328993685 22.194882328993685 0.0
15.6 30.0 30.0 30.0 29.918225178062045 22.320484612770088 22.17394861503095 22.17394861503095 22.17394861503095 22.17394861503095 22.17394861503095 0.0
15.7 30.0 30.0 30.0 30.0 22.320484612770088 22.153014901068218 22.153014901068218 22.153014901068218 22.153014901068218 22.153014901068218 0.0
15.8 30.0 30.0 30.0 30.0 22.320484612770088 22.132081187105484 22.132081187105484 22.132081187105484 22.132081187105484 22.132081187105484 0.0
15.9 30.0 30.0 30.0 30.0 22.320484612770088 22.11114747314275 22.11114747314275 22.11114747314275 22.11114747314275 22.11114747314275 0.0
16.0 30.0 30.0 30.0 30.0 22.320484612770088 22.090213759180017 22.090213759180017 22.090213759180017 22.090213759180017 22.090213759180017 0.0
16.1 30.0 30.0 30.0 30.0 22.320484612770088 22.069280045217283 22.069280045217283 22.069280045217283 22.069280045217283 22.069280045217283 0.0
16.2 30.0 30.0 30.0 30.0 22.320484612770088 22.04834633125455 22.04834633125455 22.04834633125455 22.04834633125455 22.04834633125455 0.0
16.3 30.0 30.0 30.0 30.0 22.320484612770088 22.027412617291816 22.027412617291816 22.027412617291816 22.027412617291816 22.027412617291816 0.0
16.4 30.0 30.0 30.0 30.0 22.92048461277009 22.006478903329082 22.006478903329082 22.006478903329082 22.006478903329082 22.006478903329082 0.0
16.5 30.0 30.0 30.0 30.0 23.52048461277009 21.98554518936635 21.98554518936635 21.98554518936635 21.98554518936635 21.98554518936635 0.0
16.6 30.0 30.0 30.0 30.0 24.120484612770092 21.964611475403615 21.964611475403615 21.964611475403615 21.964611475403615 21.964611475403615 0.0
16.7 30.0 30.0 30.0 30.0 24.720484612770093 21.94367776144088 21.94367776144088 21.94367776144088 21.94367776144088 21.94367776144088 0.0
16.8 30.0 30.0 30.0 30.0 25.320484612770095 21.922744047478147 21.922744047478147 21.922744047478147 21.922744047478147 21.922744047478147 0.0
16.9 30.0 30.0 30.0 30.0 25.920484612770096 21.922744047478147 21.901810333515414 21.901810333515414 21.901810333515414 21.901810333515414 0.0
17.0 30.0 30.0 30.0 30.0 26.520484612770097 21.922744047478147 21.88087661955268 21.88087661955268 21.88087661955268 21.88087661955268 0.0
17.1 30.0 30.0 30.0 30.0 27.1204846127701 21.922744047478147 21.859942905589946 21.859942905589946 21.859942905589946 21.859942905589946 0.0
17.2 30.0 30.0 30.0 30.0 27.7204846127701 21.922744047478147 21.839009191627213 21.839009191627213 21.839009191627213 21.839009191627213 0.0
17.3 30.0 30.0 30.0 30.0 28.3204846127701 21.922744047478147 21.81807547766448 21.81807547766448 21.81807547766448 21.81807547766448 0.0
17.4 30.0 30.0 30.0 30.0 28.920484612770103 21.922744047478147 21.797141763701745 21.797141763701745 21.797141763701745 21.797141763701745 0.0
17.5 30.0 30.0 30.0 30.0 29.520484612770105 21.922744047478147 21.77620804973901 21.77620804973901 21.77620804973901 21.77620804973901 0.0
17.6 30.0 30.0 30.0 30.0 30.0 21.922744047478147 21.755274335776278 21.755274335776278 21.755274335776278 21.755274335776278 0.0
17.7 30.0 30.0 30.0 30.0 30.0 21.922744047478147 21.734340621813544 21.734340621813544 21.734340621813544 21.734340621813544 0.0
17.8 30.0 30.0 30.0 30.0 30.0 21.922744047478147 21.71340690785081 21.71340690785081 21.71340690785081 21.71340690785081 0.0
17.9 30.0 30.0 30.0 30.0 30.0 21.922744047478147 21.692473193888077 21.692473193888077 21.692473193888077 21.692473193888077 0.0
18.0 30.0 30.0 30.0 30.0 30.0 21.922744047478147 21.671539479925343 21.671539479925343 21.671539479925343 21.671539479925343 0.0
18.1 30.0 30.0 30.0 30.0 30.0 21.922744047478147 21.65060576596261 21.65060576596261 21.65060576596261 21.65060576596261 0.0
18.2 30.0 30.0 30.0 30.0 30.0 21.922744047478147 21.629672051999876 21.629672051999876 21.629672051999876 21.629672051999876 0.0
18.3 30.0 30.0 30.0 30.0 30.0 22.52274404747815 21.608738338037142 21.608738338037142 21.608738338037142 21.608738338037142 0.0
18.4 30.0 30.0 30.0 30.0 30.0 23.12274404747815 21.58780462407441 21.58780462407441 21.58780462407441 21.58780462407441 0.0
18.5 30.0 30.0 30.0 30.0 30.0 23.72274404747815 21.566870910111675 21.566870910111675 21.566870910111675 21.566870910111675 0.0
18.6 30.0 30.0 30.0 30.0 30.0 24.322744047478153 21.54593719614894 21.54593719614894 21.54593719614894 21.54593719614894 0.0
18.7 30.0 30.0 30.0 30.0 30.0 24.922744047478155 21.525003482186207 21.525003482186207 21.525003482186207 21.525003482186207 0.0
18.8 30.0 30.0 30.0 30.0 30.0 25.522744047478156 21.525003482186207 21.504069768223474 21.504069768223474 21.504069768223474 0.0
18.9 30.0 30.0 30.0 30.0 30.0 26.122744047478157 21.525003482186207 21.48313605426074 21.48313605426074 21.48313605426074 0.0
19.0 30.0 30.0 30.0 30.0 30.0 26.72274404747816 21.525003482186207 21.462202340298006 21.462202340298006 21.462202340298006 0.0
19.1 30.0 30.0 30.0 30.0 30.0 27.32274404747816 21.525003482186207 21.441268626335273 21.441268626335273 21.441268626335273 0.0
19.2 30.0 30.0 30.0 30.0 30.0 27.92274404747816 21.525003482186207 21.42033491237254 21.42033491237254 21.42033491237254 0.0
19.3 30.0 30.0 30.0 30.0 30.0 28.522744047478163 21.525003482186207 21.399401198409805 21.399401198409805 21.399401198409805 0.0
19.4 30.0 30.0 30.0 30.0 30.0 29.122744047478164 21.525003482186207 21.37846748444707 21.37846748444707 21.37846748444707 0.0
19.5 30.0 30.0 30.0 30.0 30.0 29.722744047478166 21.525003482186207 21.357533770484338 21.357533770484338 21.357533770484338 0.0
19.6 30.0 30.0 30.0 30.0 30.0 30.0 21.525003482186207 21.336600056521604 21.336600056521604 21.336600056521604 0.0
19.7 30.0 30.0 30.0 30.0 30.0 30.0 21.525003482186207 21.31566634255887 21.31566634255887 21.31566634255887 0.0
19.8 30.0 30.0 30.0 30.0 30.0 30.0 21.525003482186207 21.294732628596137 21.294732628596137 21.294732628596137 0.0
19.9 30.0 30.0 30.0 30.0 30.0 30.0 21.525003482186207 21.273798914633403 21.273798914633403 21.273798914633403 0.0
20.0 30.0 30.0 30.0 30.0 30.0 30.0 21.525003482186207 21.25286520067067 21.25286520067067 21.25286520067067 0.0
20.1 30.0 30.0 30.0 30.0 30.0 30.0 21.525003482186207 21.231931486707936 21.231931486707936 21.231931486707936 0.0
20.2 30.0 30.0 30.0 30.0 30.0 30.0 22.12500348218621 21.210997772745202 21.210997772745202 21.210997772745202 0.0
20.3 30.0 30.0 30.0 30.0 30.0 30.0 22.72500348218621 21.19006405878247 21.19006405878247 21.19006405878247 0.0
20.4 30.0 30.0 30.0 30.0 30.0 30.0 23.32500348218621 21.169130344819735 21.169130344819735 21.169130344819735 0.0
20.5 30.0 30.0 30.0 30.0 30.0 30.0 23.925003482186213 21.148196630857 21.148196630857 21.148196630857 0.0
20.6 30.0 30.0 30.0 30.0 30.0 30.0 24.525003482186214 21.127262916894267 21.127262916894267 21.127262916894267 0.0
20.7 30.0 30.0 30.0 30.0 30.0 30.0 25.125003482186216 21.127262916894267 21.106329202931533 21.106329202931533 0.0
20.8 30.0 30.0 30.0 30.0 30.0 30.0 25.725003482186217 21.127262916894267 21.0853954889688 21.0853954889688 0.0
20.9 30.0 30.0 30.0 30.0 30.0 30.0 26.32500348218622 21.127262916894267 21.064461775006066 21.064461775006066 0.0
21.0 30.0 30.0 30.0 30.0 30.0 30.0 26.92500348218622 21.127262916894267 21.043528061043332 21.043528061043332 0.0
21.1 30.0 30.0 30.0 30.0 30.0 30.0 27.52500348218622 21.127262916894267 21.0225943470806 21.0225943470806 0.0
21.2 30.0 30.0 30.0 30.0 30.0 30.0 28.125003482186223 21.127262916894267 21.001660633117865 21.001660633117865 0.0
21.3 30.0 30.0 30.0 30.0 30.0 30.0 28.725003482186224 21.127262916894267 20.98072691915513 20.98072691915513 0.0
21.4 30.0 30.0 30.0 30.0 30.0 30.0 29.325003482186226 21.127262916894267 20.959793205192398 20.959793205192398 0.0
21.5 30.0 30.0 30.0 30.0 30.0 30.0 29.925003482186227 21.127262916894267 20.938859491229664 20.938859491229664 0.0
21.6 30.0 30.0 30.0 30.0 30.0 30.0 30.0 21.127262916894267 20.91792577726693 20.91792577726693 0.0
21.7 30.0 30.0 30.0 30.0 30.0 30.0 30.0 21.127262916894267 20.896992063304197 20.896992063304197 0.0
21.8 30.0 30.0 30.0 30.0 30.0 30.0 30.0 21.127262916894267 20.876058349341463 20.876058349341463 0.0
21.9 30.0 30.0 30.0 30.0 30.0 30.0 30.0 21.127262916894267 20.85512463537873 20.85512463537873 0.0
22.0 30.0 30.0 30.0 30.0 30.0 30.0 30.0 21.127262916894267 20.834190921415995 20.834190921415995 0.0
22.1 30.0 30.0 30.0 30.0 30.0 30.0 30.0 21.72726291689427 20.813257207453262 20.813257207453262 0.0
22.2 30.0 30.0 30.0 30.0 30.0 30.0 30.0 22.32726291689427 20.792323493490528 20.792323493490528 0.0
22.3 30.0 30.0 30.0 30.0 30.0 30.0 30.0 22.92726291689427 20.771389779527794 20.771389779527794 0.0
22.4 30.0 30.0 30.0 30.0 30.0 30.0 30.0 23.527262916894273 20.75045606556506 20.75045606556506 0.0
22.5 30.0 30.0 30.0 30.0 30.0 30.0 30.0 24.127262916894274 20.729522351602327 20.729522351602327 0.0
22.6 30.0 30.0 30.0 30.0 30.0 30.0 30.0 24.727262916894276 20.729522351602327 20.708588637639593 0.0
22.7 30.0 30.0 30.0 30.0 30.0 30.0 30.0 25.327262916894277 20.729522351602327 20.68765492367686 0.0
22.8 30.0 30.0 30.0 30.0 30.0 30.0 30.0 25.92726291689428 20.729522351602327 20.666721209714126 0.0
22.9 30.0 30.0 30.0 30.0 30.0 30.0 30.0 26.52726291689428 20.729522351602327 20.645787495751392 0.0
23.0 30.0 30.0 30.0 30.0 30.0 30.0 30.0 27.12726291689428 20.729522351602327 20.62485378178866 0.0
23.1 30.0 30.0 30.0 30.0 30.0 30.0 30.0 27.727262916894283 20.729522351602327 20.603920067825925 0.0
23.2 30.0 30.0 30.0 30.0 30.0 30.0 30.0 28.327262916894284 20.729522351602327 20.58298635386319 0.0
23.3 30.0 30.0 30.0 30.0 30.0 30.0 30.0 28.927262916894286 20.729522351602327 20.562052639900458 0.0
23.4 30.0 30.0 30.0 30.0 30.0 30.0 30.0 29.527262916894287 20.729522351602327 20.541118925937724 0.0
23.5 30.0 30.0 30.0 30.0 30.0 30.0 30.0 30.0 20.729522351602327 20.52018521197499 0.0
23.6 30.0 30.0 30.0 30.0 30.0 30.0 30.0 30.0 20.729522351602327 20.499251498012256 0.0
23.7 30.0 30.0 30.0 30.0 30.0 30.0 30.0 30.0 20.729522351602327 20.478317784049523 0.0
23.8 30.0 30.0 30.0 30.0 30.0 30.0 30.0 30.0 20.729522351602327 20.45738407008679 0.0
23.9 30.0 30.0 30.0 30.0 30.0 30.0 30.0 30.0 20.729522351602327 20.436450356124055 0.0
24.0 30.0 30.0 30.0 30.0 30.0 30.0 30.0 30.0 21.32952235160233 20.41551664216132 0.0
24.1 30.0 30.0 30.0 30.0 30.0 30.0 30.0 30.0 21.92952235160233 20.394582928198588 0.0
24.2 30.0 30.0 30.0 30.0 30.0 30.0 30.0 30.0 22.52952235160233 20.373649214235854 0.0
24.3 30.0 30.0 30.0 30.0 30.0 30.0 30.0 30.0 23.129522351602333 20.35271550027312 0.0
24.4 30.0 30.0 30.0 30.0 30.0 30.0 30.0 30.0 23.729522351602334 20.331781786310387 0.0
24.5 30.0 30.0 30.0 30.0 30.0 30.0 30.0 30.0 24.329522351602336 20.331781786310387 0.0
24.6 30.0 30.0 30.0 30.0 30.0 30.0 30.0 30.0 24.929522351602337 20.331781786310387 0.0
24.7 30.0 30.0 30.0 30.0 30.0 30.0 30.0 30.0 25.52952235160234 20.331781786310387 0.0
24.8 30.0 30.0 30.0 30.0 30.0 30.0 30.0 30.0 26.12952235160234 20.331781786310387 0.0
24.9 30.0 30.0 30.0 30.0 30.0 30.0 30.0 30.0 26.72952235160234 20.331781786310387 0.0
25.0 30.0 30.0 30.0 30.0 30.0 30.0 30.0 30.0 27.329522351602343 20.331781786310387 0.0
25.1 30.0 30.0 30.0 30.0 30.0 30.0 30.0 30.0 27.929522351602344 20.331781786310387 0.0
25.2 30.0 30.0 30.0 30.0 30.0 30.0 30.0 30.0 28.529522351602346 20.331781786310387 0.0
25.3 30.0 30.0 30.0 30.0 30.0 30.0 30.0 30.0 29.129522351602347 20.331781786310387 0.0
25.4 30.0 30.0 30.0 30.0 30.0 30.0 30.0 30.0 29.72952235160235 20.331781786310387 0.0
25.5 30.0 30.0 30.0 30.0 30.0 30.0 30.0 30.0 30.0 20.331781786310387 0.0
25.6 30.0 30.0 30.0 30.0 30.0 30.0 30.0 30.0 30.0 20.331781786310387 0.0
25.7 30.0 30.0 30.0 30.0 30.0 30.0 30.0 30.0 30.0 20.331781786310387 0.0
25.8 30.0 30.0 30.0 30.0 30.0 30.0 30.0 30.0 30.0 20.331781786310387 0.0
25.9 30.0 30.0 30.0 30.0 30.0 30.0 30.0 30.0 30.0 20.93178178631039 0.0
26.0 30.0 30.0 30.0 30.0 30.0 30.0 30.0 30.0 30.0 21.53178178631039 0.0
26.1 30.0 30.0 30.0 30.0 30.0 30.0 30.0 30.0 30.0 22.13178178631039 0.0
26.2 30.0 30.0 30.0 30.0 30.0 30.0 30.0 30.0 30.0 22.731781786310393 0.0
26.3 30.0 30.0 30.0 30.0 30.0 30.0 30.0 30.0 30.0 23.331781786310394 0.0
26.4 30.0 30.0 30.0 30.0 30.0 30.0 30.0 30.0 30.0 23.931781786310395 0.0
26.5 30.0 30.0 30.0 30.0 30.0 30.0 30.0 30.0 30.0 24.531781786310397 0.0
26.6 30.0 30.0 30.0 30.0 30.0 30.0 30.0 30.0 30.0 25.1317817863104 0.0
26.7 30.0 30.0 30.0 30.0 30.0 30.0 30.0 30.0 30.0 25.7317817863104 0.0
26.8 30.0 30.0 30.0 30.0 30.0 30.0 30.0 30.0 30.0 26.3317817863104 0.0
26.9 30.0 30.0 30.0 30.0 30.0 30.0 30.0 30.0 30.0 26.931781786310403 0.0
27.0 30.0 30.0 30.0 30.0 30.0 30.0 30.0 30.0 30.0 27.531781786310404 0.0
27.1 30.0 30.0 30.0 30.0 30.0 30.0 30.0 30.0 30.0 28.131781786310405 0.0
27.2 30.0 30.0 30.0 30.0 30.0 30.0 30.0 30.0 30.0 28.731781786310407 0.0
27.3 30.0 30.0 30.0 30.0 30.0 30.0 30.0 30.0 30.0 29.331781786310408 0.0
27.4 30.0 30.0 30.0 30.0 30.0 30.0 30.0 30.0 30.0 29.93178178631041 0.0
27.5 30.0 30.0 30.0 30.0 30.0 30.0 30.0 30.0 30.0 30.0 0.0
27.6 30.0 30.0 30.0 30.0 30.0 30.0 30.0 30.0 30.0 30.0 0.0
27.7 30.0 30.0 30.0 30.0 30.0 30.0 30.0 30.0 30.0 30.0 0.0
27.8 30.0 30.0 30.0 30.0 30.0 30.0 30.0 30.0 30.0 30.0 0.0
27.9 30.0 30.0 30.0 30.0 30.0 30.0 30.0 30.0 30.0 30.0 0.0
28.0 30.0 30.0 30.0 30.0 30.0 30.0 30.0 30.0 30.0 30.0 0.0
28.1 30.0 30.0 30.0 30.0 30.0 30.0 30.0 30.0 30.0 30.0 0.0
28.2 30.0 30.0 30.0 30.0 30.0 30.0 30.0 30.0 30.0 30.0 0.0
28.3 30.0 30.0 30.0 30.0 30.0 30.0 30.0 30.0 30.0 30.0 0.0
28.4 30.0 30.0 30.0 30.0 30.0 30.0 30.0 30.0 30.0 30.0 0.0
28.5 30.0 30.0 30.0 30.0 30.0 30.0 30.0 30.0 30.0 30.0 0.0
28.6 30.0 30.0 30.0 30.0 30.0 30.0 30.0 30.0 30.0 30.0 0.0
28.7 30.0 30.0 30.0 30.0 30.0 30.0 30.0 30.0 30.0 30.0 0.0
28.8 30.0 30.0 30.0 30.0 30.0 30.0 30.0 30.0 30.0 30.0 0.0
28.9 30.0 30.0 30.0 30.0 30.0 30.0 30.0 30.0 30.0 30.0 0.0
29.0 30.0 30.0 30.0 30.0 30.0 30.0 30.0 30.0 30.0 30.0 0.0
29.1 30.0 30.0 30.0 30.0 30.0 30.0 30.0 30.0 30.0 30.0 0.0
29.2 30.0 30.0 30.0 30.0 30.0 30.0 30.0 30.0 30.0 30.0 0.0
29.3 30.0 30.0 30.0 30.0 30.0 30.0 30.0 30.0 30.0 30.0 0.0
29.4 30.0 30.0 30.0 30.0 30.0 30.0 30.0 30.0 30.0 30.0 0.0
29.5 30.0 30.0 30.0 30.0 30.0 30.0 30.0 30.0 30.0 30.0 0.0
29.6 30.0 30.0 30.0 30.0 30.0 30.0 30.0 30.0 30.0 30.0 0.0
29.7 30.0 30.0 30.0 30.0 30.0 30.0 30.0 30.0 30.0 30.0 0.0
29.8 30.0 30.0 30.0 30.0 30.0 30.0 30.0 30.0 30.0 30.0 0.0
29.9 30.0 30.0 30.0 30.0 30.0 30.0 30.0 30.0 30.0 30.0 0.0
30.0 30.0 30.0 30.0 30.0 30.0 30.0 30.0 30.0 30.0 30.0 0.0
30.1 30.0 30.0 30.0 30.0 30.0 30.0 30.0 30.0 30.0 30.0 0.0
30.2 30.0 30.0 30.0 30.0 30.0 30.0 30.0 30.0 30.0 30.0 0.0
30.3 30.0 30.0 30.0 30.0 30.0 30.0 30.0 30.0 30.0 30.0 0.0
30.4 30.0 30.0 30.0 30.0 30.0 30.0 30.0 30.0 30.0 30.0 0.0
30.5 30.0 30.0 30.0 30.0 30.0 30.0 30.0 30.0 30.0 30.0 0.0
30.6 30.0 30.0 30.0 30.0 30.0 30.0 30.0 30.0 30.0 30.0 0.0
30.7 30.0 30.0 30.0 30.0 30.0 30.0 30.0 30.0 30.0 30.0 0.0
30.8 30.0 30.0 30.0 30.0 30.0 30.0 30.0 30.0 30.0 30.0 0.0
30.9 30.0 30.0 30.0 30.0 30.0 30.0 30.0 30.0 30.0 30.0 0.0
31.0 30.0 30.0 30.0 30.0 30.0 30.0 30.0 30.0 30.0 30.0 0.0
31.1 30.0 30.0 30.0 30.0 30.0 30.0 30.0 30.0 30.0 30.0 0.0
31.2 30.0 30.0 30.0 30.0 30.0 30.0 30.0 30.0 30.0 30.0 0.0
31.3 30.0 30.0 30.0 30.0 30.0 30.0 30.0 30.0 30.0 30.0 0.0
31.4 30.0 30.0 30.0 30.0 30.0 30.0 30.0 30.0 30.0 30.0 0.0
31.5 30.0 30.0 30.0 30.0 30.0 30.0 30.0 30.0 30.0 30.0 0.0
31.6 30.0 30.0 30.0 30.0 30.0 30.0 30.0 30.0 30.0 30.0 0.0
31.7 30.0 30.0 30.0 30.0 30.0 30.0 30.0 30.0 30.0 30.0 0.0
31.8 30.0 30.0 30.0 30.0 30.0 30.0 30.0 30.0 30.0 30.0 0.0
31.9 30.0 30.0 30.0 30.0 30.0 30.0 30.0 30.0 30.0 30.0 0.0
32.0 30.0 30.0 30.0 30.0 30.0 30.0 30.0 30.0 30.0 30.0 0.0
32.1 30.0 30.0 30.0 30.0 30.0 30.0 30.0 30.0 30.0 30.0 0.0
32.2 30.0 30.0 30.0 30.0 30.0 30.0 30.0 30.0 30.0 30.0 0.0
32.3 30.0 30.0 30.0 30.0 30.0 30.0 30.0 30.0 30.0 30.0 0.0
32.4 30.0 30.0 30.0 30.0 30.0 30.0 30.0 30.0 30.0 30.0 0.0
32.5 30.0 30.0 30.0 30.0 30.0 30.0 30.0 30.0 30.0 30.0 0.0
32.6 30.0 30.0 30.0 30.0 30.0 30.0 30.0 30.0 30.0 30.0 0.0
32.7 30.0 30.0 30.0 30.0 30.0 30.0 30.0 30.0 30.0 30.0 0.0
32.8 30.0 30.0 30.0 30.0 30.0 30.0 30.0 30.0 30.0 30.0 0.0
32.9 30.0 30.0 30.0 30.0 30.0 30.0 30.0 30.0 30.0 30.0 0.0
33.0 30.0 30.0 30.0 30.0 30.0 30.0 30.0 30.0 30.0 30.0 0.0
33.1 30.0 30.0 30.0 30.0 30.0 30.0 30.0 30.0 30.0 30.0 0.0
33.2 30.0 30.0 30.0 30.0 30.0 30.0 30.0 30.0 30.0 30.0 0.0
33.3 30.0 30.0 30.0 30.0 30.0 30.0 30.0 30.0 30.0 30.0 0.0
33.4 30.0 30.0 30.0 30.0 30.0 30.0 30.0 30.0 30.0 30.0 0.0
33.5 30.0 30.0 30.0 30.0 30.0 30.0 30.0 30.0 30.0 30.0 0.0
33.6 30.0 30.0 30.0 30.0 30.0 30.0 30.0 30.0 30.0 30.0 0.0
33.7 30.0 30.0 30.0 30.0 30.0 30.0 30.0 30.0 30.0 30.0 0.0
33.8 30.0 30.0 30.0 30.0 30.0 30.0 30.0 30.0 30.0 30.0 0.0
33.9 30.0 30.0 30.0 30.0 30.0 30.0 30.0 30.0 30.0 30.0 0.0
34.0 30.0 30.0 30.0 30.0 30.0 30.0 30.0 30.0 30.0 30.0 0.0
34.1 30.0 30.0 30.0 30.0 30.0 30.0 30.0 30.0 30.0 30.0 0.0
34.2 30.0 30.0 30.0 30.0 30.0 30.0 30.0 30.0 30.0 30.0 0.0
34.3 30.0 30.0 30.0 30.0 30.0 30.0 30.0 30.0 30.0 30.0 0.0
34.4 30.0 30.0 30.0 30.0 30.0 30.0 30.0 30.0 30.0 30.0 0.0
34.5 30.0 30.0 30.0 30.0 30.0 30.0 30.0 30.0 30.0 30.0 0.0
34.6 30.0 30.0 30.0 30.0 30.0 30.0 30.0 30.0 30.0 30.0 0.0
34.7 30.0 30.0 30.0 30.0 30.0 30.0 30.0 30.0 30.0 30.0 0.0
34.8 30.0 30.0 30.0 30.0 30.0 30.0 30.0 30.0 30.0 30.0 0.0
34.9 30.0 30.0 30.0 30.0 30.0 30.0 30.0 30.0 30.0 30.0 0.0
35.0 30.0 30.0 30.0 30.0 30.0 30.0 30.0 30.0 30.0 30.0 0.0
35.1 30.0 30.0 30.0 30.0 30.0 30.0 30.0 30.0 30.0 30.0 0.0
35.2 30.0 30.0 30.0 30.0 30.0 30.0 30.0 30.0 30.0 30.0 0.0
35.3 30.0 30.0 30.0 30.0 30.0 30.0 30.0 30.0 30.0 30.0 0.0
35.4 30.0 30.0 30.0 30.0 30.0 30.0 30.0 30.0 30.0 30.0 0.0
35.5 30.0 30.0 30.0 30.0 30.0 30.0 30.0 30.0 30.0 30.0 0.0
35.6 30.0 30.0 30.0 30.0 30.0 30.0 30.0 30.0 30.0 30.0 0.0
35.7 30.0 30.0 30.0 30.0 30.0 30.0 30.0 30.0 30.0 30.0 0.0
35.8 30.0 30.0 30.0 30.0 30.0 30.0 30.0 30.0 30.0 30.0 0.0
35.9 30.0 30.0 30.0 30.0 30.0 30.0 30.0 30.0 30.0 30.0 0.0
36.0 30.0 30.0 30.0 30.0 30.0 30.0 30.0 30.0 30.0 30.0 0.0
36.1 30.0 30.0 30.0 30.0 30.0 30.0 30.0 30.0 30.0 30.0 0.0
36.2 30.0 30.0 30.0 30.0 30.0 30.0 30.0 30.0 30.0 30.0 0.0
36.3 30.0 30.0 30.0 30.0 30.0 30.0 30.0 30.0 30.0 30.0 0.0
36.4 30.0 30.0 30.0 30.0 30.0 30.0 30.0 30.0 30.0 30.0 0.0
36.5 30.0 30.0 30.0 30.0 30.0 30.0 30.0 30.0 30.0 30.0 0.0
36.6 30.0 30.0 30.0 30.0 30.0 30.0 30.0 30.0 30.0 30.0 0.0
36.7 30.0 30.0 30.0 30.0 30.0 30.0 30.0 30.0 30.0 30.0 0.0
36.8 30.0 30.0 30.0 30.0 30.0 30.0 30.0 30.0 30.0 30.0 0.0
36.9 30.0 30.0 30.0 30.0 30.0 30.0 30.0 30.0 30.0 30.0 0.0
37.0 30.0 30.0 30.0 30.0 30.0 30.0 30.0 30.0 30.0 30.0 0.0
37.1 30.0 30.0 30.0 30.0 30.0 30.0 30.0 30.0 30.0 30.0 0.0
37.2 30.0 30.0 30.0 30.0 30.0 30.0 30.0 30.0 30.0 30.0 0.0
37.3 30.0 30.0 30.0 30.0 30.0 30.0 30.0 30.0 30.0 30.0 0.0
37.4 30.0 30.0 30.0 30.0 30.0 30.0 30.0 30.0 30.0 30.0 0.0
37.5 30.0 30.0 30.0 30.0 30.0 30.0 30.0 30.0 30.0 30.0 0.0
37.6 30.0 30.0 30.0 30.0 30.0 30.0 30.0 30.0 30.0 30.0 0.0
37.7 30.0 30.0 30.0 30.0 30.0 30.0 30.0 30.0 30.0 30.0 0.0
37.8 30.0 30.0 30.0 30.0 30.0 30.0 30.0 30.0 30.0 30.0 0.0
37.9 30.0 30.0 30.0 30.0 30.0 30.0 30.0 30.0 30.0 30.0 0.0
38.0 30.0 30.0 30.0 30.0 30.0 30.0 30.0 30.0 30.0 30.0 0.0
38.1 30.0 30.0 30.0 30.0 30.0 30.0 30.0 30.0 30.0 30.0 0.0
38.2 30.0 30.0 30.0 30.0 30.0 30.0 30.0 30.0 30.0 30.0 0.0
38.3 30.0 30.0 30.0 30.0 30.0 30.0 30.0 30.0 30.0 30.0 0.0
38.4 30.0 30.0 30.0 30.0 30.0 30.0 30.0 30.0 30.0 30.0 0.0
38.5 30.0 30.0 30.0 30.0 30.0 30.0 30.0 30.0 30.0 30.0 0.0
38.6 30.0 30.0 30.0 30.0 30.0 30.0 30.0 30.0 30.0 30.0 0.0
38.7 30.0 30.0 30.0 30.0 30.0 30.0 30.0 30.0 30.0 30.0 0.0
38.8 30.0 30.0 30.0 30.0 30.0 30.0 30.0 30.0 30.0 30.0 0.0
38.9 30.0 30.0 30.0 30.0 30.0 30.0 30.0 30.0 30.0 30.0 0.0
39.0 30.0 30.0 30.0 30.0 30.0 30.0 30.0 30.0 30.0 30.0 0.0
39.1 30.0 30.0 30.0 30.0 30.0 30.0 30.0 30.0 30.0 30.0 0.0
39.2 30.0 30.0 30.0 30.0 30.0 30.0 30.0 30.0 30.0 30.0 0.0
39.3 30.0 30.0 30.0 30.0 30.0 30.0 30.0 30.0 30.0 30.0 0.0
39.4 30.0 30.0 30.0 30.0 30.0 30.0 30.0 30.0 30.0 30.0 0.0
39.5 30.0 30.0 30.0 30.0 30.0 30.0 30.0 30.0 30.0 30.0 0.0
39.6 30.0 30.0 30.0 30.0 30.0 30.0 30.0 30.0 30.0 30.0 0.0
39.7 30.0 30.0 30.0 30.0 30.0 30.0 30.0 30.0 30.0 30.0 0.0
39.8 30.0 30.0 30.0 30.0 30.0 30.0 30.0 30.0 30.0 30.0 0.0
39.9 30.0 30.0 30.0 30.0 30.0 30.0 30.0 30.0 30.0 30.0 0.0
40.0 30.0 30.0 30.0 30.0 30.0 30.0 30.0 30.0 30.0 30.0 0.0
40.1 30.0 30.0 30.0 30.0 30.0 30.0 30.0 30.0 30.0 30.0 0.0
40.2 30.0 30.0 30.0 30.0 30.0 30.0 30.0 30.0 30.0 30.0 0.0
40.3 30.0 30.0 30.0 30.0 30.0 30.0 30.0 30.0 30.0 30.0 0.0
40.4 30.0 30.0 30.0 30.0 30.0 30.0 30.0 30.0 30.0 30.0 0.0
40.5 30.0 30.0 30.0 30.0 30.0 30.0 30.0 30.0 30.0 30.0 0.0
40.6 30.0 30.0 30.0 30.0 30.0 30.0 30.0 30.0 30.0 30.0 0.0
40.7 30.0 30.0 30.0 30.0 30.0 30.0 30.0 30.0 30.0 30.0 0.0
40.8 30.0 30.0 30.0 30.0 30.0 30.0 30.0 30.0 30.0 30.0 0.0
40.9 30.0 30.0 30.0 30.0 30.0 30.0 30.0 30.0 30.0 30.0 0.0
41.0 30.0 30.0 30.0 30.0 30.0 30.0 30.0 30.0 30.0 30.0 0.0
41.1 30.0 30.0 30.0 30.0 30.0 30.0 30.0 30.0 30.0 30.0 0.0
41.2 30.0 30.0 30.0 30.0 30.0 30.0 30.0 30.0 30.0 30.0 0.0
41.3 30.0 30.0 30.0 30.0 30.0 30.0 30.0 30.0 30.0 30.0 0.0
41.4 30.0 30.0 30.0 30.0 30.0 30.0 30.0 30.0 30.0 30.0 0.0
41.5 30.0 30.0 30.0 30.0 30.0 30.0 30.0 30.0 30.0 30.0 0.0
41.6 30.0 30.0 30.0 30.0 30.0 30.0 30.0 30.0 30.0 30.0 0.0
41.7 30.0 30.0 30.0 30.0 30.0 30.0 30.0 30.0 30.0 30.0 0.0
41.8 30.0 30.0 30.0 30.0 30.0 30.0 30.0 30.0 30.0 30.0 0.0
41.9 30.0 30.0 30.0 30.0 30.0 30.0 30.0 30.0 30.0 30.0 0.0
42.0 30.0 30.0 30.0 30.0 30.0 30.0 30.0 30.0 30.0 30.0 0.0
42.1 30.0 30.0 30.0 30.0 30.0 30.0 30.0 30.0 30.0 30.0 0.0
42.2 30.0 30.0 30.0 30.0 30.0 30.0 30.0 30.0 30.0 30.0 0.0
42.3 30.0 30.0 30.0 30.0 30.0 30.0 30.0 30.0 30.0 30.0 0.0
42.4 30.0 30.0 30.0 30.0 30.0 30.0 30.0 30.0 30.0 30.0 0.0
42.5 30.0 30.0 30.0 30.0 30.0 30.0 30.0 30.0 30.0 30.0 0.0
42.6 30.0 30.0 30.0 30.0 30.0 30.0 30.0 30.0 30.0 30.0 0.0
42.7 30.0 30.0 30.0 30.0 30.0 30.0 30.0 30.0 30.0 30.0 0.0
42.8 30.0 30.0 30.0 30.0 30.0 30.0 30.0 30.0 30.0 30.0 0.0
42.9 30.0 30.0 30.0 30.0 30.0 30.0 30.0 30.0 30.0 30.0 0.0
43.0 30.0 30.0 30.0 30.0 30.0 30.0 30.0 30.0 30.0 30.0 0.0
43.1 30.0 30.0 30.0 30.0 30.0 30.0 30.0 30.0 30.0 30.0 0.0
43.2 30.0 30.0 30.0 30.0 30.0 30.0 30.0 30.0 30.0 30.0 0.0
43.3 30.0 30.0 30.0 30.0 30.0 30.0 30.0 30.0 30.0 30.0 0.0
43.4 30.0 30.0 30.0 30.0 30.0 30.0 30.0 30.0 30.0 30.0 0.0
43.5 30.0 30.0 30.0 30.0 30.0 30.0 30.0 30.0 30.0 30.0 0.0
43.6 30.0 30.0 30.0 30.0 30.0 30.0 30.0 30.0 30.0 30.0 0.0
43.7 30.0 30.0 30.0 30.0 30.0 30.0 30.0 30.0 30.0 30.0 0.0
43.8 30.0 30.0 30.0 30.0 30.0 30.0 30.0 30.0 30.0 30.0 0.0
43.9 30.0 30.0 30.0 30.0 30.0 30.0 30.0 30.0 30.0 30.0 0.0
44.0 30.0 30.0 30.0 30.0 30.0 30.0 30.0 30.0 30.0 30.0 0.0
44.1 30.0 30.0 30.0 30.0 30.0 30.0 30.0 30.0 30.0 30.0 0.0
44.2 30.0 30.0 30.0 30.0 30.0 30.0 30.0 30.0 30.0 30.0 0.0
44.3 30.0 30.0 30.0 30.0 30.0 30.0 30.0 30.0 30.0 30.0 0.0
44.4 30.0 30.0 30.0 30.0 30.0 30.0 30.0 30.0 30.0 30.0 0.0
44.5 30.0 30.0 30.0 30.0 30.0 30.0 30.0 30.0 30.0 30.0 0.0
44.6 30.0 30.0 30.0 30.0 30.0 30.0 30.0 30.0 30.0 30.0 0.0
44.7 30.0 30.0 30.0 30.0 30.0 30.0 30.0 30.0 30.0 30.0 0.0
44.8 30.0 30.0 30.0 30.0 30.0 30.0 30.0 30.0 30.0 30.0 0.0
44.9 30.0 30.0 30.0 30.0 30.0 30.0 30.0 30.0 30.0 30.0 0.0
45.0 30.0 30.0 30.0 30.0 30.0 30.0 30.0 30.0 30.0 30.0 0.0
45.1 30.0 30.0 30.0 30.0 30.0 30.0 30.0 30.0 30.0 30.0 0.0
45.2 30.0 30.0 30.0 30.0 30.0 30.0 30.0 30.0 30.0 30.0 0.0
45.3 30.0 30.0 30.0 30.0 30.0 30.0 30.0 30.0 30.0 30.0 0.0
45.4 30.0 30.0 30.0 30.0 30.0 30.0 30.0 30.0 30.0 30.0 0.0
45.5 30.0 30.0 30.0 30.0 30.0 30.0 30.0 30.0 30.0 30.0 0.0
45.6 30.0 30.0 30.0 30.0 30.0 30.0 30.0 30.0 30.0 30.0 0.0
45.7 30.0 30.0 30.0 30.0 30.0 30.0 30.0 30.0 30.0 30.0 0.0
45.8 30.0 30.0 30.0 30.0 30.0 30.0 30.0 30.0 30.0 30.0 0.0
45.9 30.0 30.0 30.0 30.0 30.0 30.0 30.0 30.0 30.0 30.0 0.0
46.0 30.0 30.0 30.0 30.0 30.0 30.0 30.0 30.0 30.0 30.0 0.0
46.1 30.0 30.0 30.0 30.0 30.0 30.0 30.0 30.0 30.0 30.0 0.0
46.2 30.0 30.0 30.0 30.0 30.0 30.0 30.0 30.0 30.0 30.0 0.0
46.3 30.0 30.0 30.0 30.0 30.0 30.0 30.0 30.0 30.0 30.0 0.0
46.4 30.0 30.0 30.0 30.0 30.0 30.0 30.0 30.0 30.0 30.0 0.0
46.5 30.0 30.0 30.0 30.0 30.0 30.0 30.0 30.0 30.0 30.0 0.0
46.6 30.0 30.0 30.0 30.0 30.0 30.0 30.0 30.0 30.0 30.0 0.0
46.7 30.0 30.0 30.0 30.0 30.0 30.0 30.0 30.0 30.0 30.0 0.0
46.8 30.0 30.0 30.0 30.0 30.0 30.0 30.0 30.0 30.0 30.0 0.0
46.9 30.0 30.0 30.0 30.0 30.0 30.0 30.0 30.0 30.0 30.0 0.0
47.0 30.0 30.0 30.0 30.0 30.0 30.0 30.0 30.0 30.0 30.0 0.0
47.1 30.0 30.0 30.0 30.0 30.0 30.0 30.0 30.0 30.0 30.0 0.0
47.2 30.0 30.0 30.0 30.0 30.0 30.0 30.0 30.0 30.0 30.0 0.0
47.3 30.0 30.0 30.0 30.0 30.0 30.0 30.0 30.0 30.0 30.0 0.0
47.4 30.0 30.0 30.0 30.0 30.0 30.0 30.0 30.0 30.0 30.0 0.0
47.5 30.0 30.0 30.0 30.0 30.0 30.0 30.0 30.0 30.0 30.0 0.0
47.6 30.0 30.0 30.0 30.0 30.0 30.0 30.0 30.0 30.0 30.0 0.0
47.7 30.0 30.0 30.0 30.0 30.0 30.0 30.0 30.0 30.0 30.0 0.0
47.8 30.0 30.0 30.0 30.0 30.0 30.0 30.0 30.0 30.0 30.0 0.0
47.9 30.0 30.0 30.0 30.0 30.0 30.0 30.0 30.0 30.0 30.0 0.0
48.0 30.0 30.0 30.0 30.0 30.0 30.0 30.0 30.0 30.0 30.0 0.0
48.1 30.0 30.0 30.0 30.0 30.0 30.0 30.0 30.0 30.0 30.0 0.0
48.2 30.0 30.0 30.0 30.0 30.0 30.0 30.0 30.0 30.0 30.0 0.0
48.3 30.0 30.0 30.0 30.0 30.0 30.0 30.0 30.0 30.0 30.0 0.0
48.4 30.0 30.0 30.0 30.0 30.0 30.0 30.0 30.0 30.0 30.0 0.0
48.5 30.0 30.0 30.0 30.0 30.0 30.0 30.0 30.0 30.0 30.0 0.0
48.6 30.0 30.0 30.0 30.0 30.0 30.0 30.0 30.0 30.0 30.0 0.0
48.7 30.0 30.0 30.0 30.0 30.0 30.0 30.0 30.0 30.0 30.0 0.0
48.8 30.0 30.0 30.0 30.0 30.0 30.0 30.0 30.0 30.0 30.0 0.0
48.9 30.0 30.0 30.0 30.0 30.0 30.0 30.0 30.0 30.0 30.0 0.0
49.0 30.0 30.0 30.0 30.0 30.0 30.0 30.0 30.0 30.0 30.0 0.0
49.1 30.0 30.0 30.0 30.0 30.0 30.0 30.0 30.0 30.0 30.0 0.0
49.2 30.0 30.0 30.0 30.0 30.0 30.0 30.0 30.0 30.0 30.0 0.0
49.3 30.0 30.0 30.0 30.0 30.0 30.0 30.0 30.0 30.0 30.0 0.0
49.4 30.0 30.0 30.0 30.0 30.0 30.0 30.0 30.0 30.0 30.0 0.0
49.5 30.0 30.0 30.0 30.0 30.0 30.0 30.0 30.0 30.0 30.0 0.0
49.6 30.0 30.0 30.0 30.0 30.0 30.0 30.0 30.0 30.0 30.0 0.0
49.7 30.0 30.0 30.0 30.0 30.0 30.0 30.0 30.0 30.0 30.0 0.0
49.8 30.0 30.0 30.0 30.0 30.0 30.0 30.0 30.0 30.0 30.0 0.0
49.9 30.0 30.0 30.0 30.0 30.0 30.0 30.0 30.0 30.0 30.0 0.0
50.0 30.0 30.0 30.0 30.0 30.0 30.0 30.0 30.0 30.0 30.0 0.0
50.1 30.0 30.0 30.0 30.0 30.0 30.0 30.0 30.0 30.0 30.0 0.0
50.2 30.0 30.0 30.0 30.0 30.0 30.0 30.0 30.0 30.0 30.0 0.0
50.3 30.0 30.0 30.0 30.0 30.0 30.0 30.0 30.0 30.0 30.0 0.0
50.4 30.0 30.0 30.0 30.0 30.0 30.0 30.0 30.0 30.0 30.0 0.0
50.5 30.0 30.0 30.0 30.0 30.0 30.0 30.0 30.0 30.0 30.0 0.0
50.6 30.0 30.0 30.0 30.0 30.0 30.0 30.0 30.0 30.0 30.0 0.0
50.7 30.0 30.0 30.0 30.0 30.0 30.0 30.0 30.0 30.0 30.0 0.0
50.8 30.0 30.0 30.0 30.0 30.0 30.0 30.0 30.0 30.0 30.0 0.0
50.9 30.0 30.0 30.0 30.0 30.0 30.0 30.0 30.0 30.0 30.0 0.0
51.0 30.0 30.0 30.0 30.0 30.0 30.0 30.0 30.0 30.0 30.0 0.0
51.1 30.0 30.0 30.0 30.0 30.0 30.0 30.0 30.0 30.0 30.0 0.0
51.2 30.0 30.0 30.0 30.0 30.0 30.0 30.0 30.0 30.0 30.0 0.0
51.3 30.0 30.0 30.0 30.0 30.0 30.0 30.0 30.0 30.0 30.0 0.0
51.4 30.0 30.0 30.0 30.0 30.0 30.0 30.0 30.0 30.0 30.0 0.0
51.5 30.0 30.0 30.0 30.0 30.0 30.0 30.0 30.0 30.0 30.0 0.0
51.6 30.0 30.0 30.0 30.0 30.0 30.0 30.0 30.0 30.0 30.0 0.0
51.7 30.0 30.0 30.0 30.0 30.0 30.0 30.0 30.0 30.0 30.0 0.0
51.8 30.0 30.0 30.0 30.0 30.0 30.0 30.0 30.0 30.0 30.0 0.0
51.9 30.0 30.0 30.0 30.0 30.0 30.0 30.0 30.0 30.0 30.0 0.0
52.0 30.0 30.0 30.0 30.0 30.0 30.0 30.0 30.0 30.0 30.0 0.0
52.1 30.0 30.0 30.0 30.0 30.0 30.0 30.0 30.0 30.0 30.0 0.0
52.2 30.0 30.0 30.0 30.0 30.0 30.0 30.0 30.0 30.0 30.0 0.0
52.3 30.0 30.0 30.0 30.0 30.0 30.0 30.0 30.0 30.0 30.0 0.0
52.4 30.0 30.0 30.0 30.0 30.0 30.0 30.0 30.0 30.0 30.0 0.0
52.5 30.0 30.0 30.0 30.0 30.0 30.0 30.0 30.0 30.0 30.0 0.0
52.6 30.0 30.0 30.0 30.0 30.0 30.0 30.0 30.0 30.0 30.0 0.0
52.7 30.0 30.0 30.0 30.0 30.0 30.0 30.0 30.0 30.0 30.0 0.0
52.8 30.0 30.0 30.0 30.0 30.0 30.0 30.0 30.0 30.0 30.0 0.0
52.9 30.0 30.0 30.0 30.0 30.0 30.0 30.0 30.0 30.0 30.0 0.0
53.0 30.0 30.0 30.0 30.0 30.0 30.0 30.0 30.0 30.0 30.0 0.0
53.1 30.0 30.0 30.0 30.0 30.0 30.0 30.0 30.0 30.0 30.0 0.0
53.2 30.0 30.0 30.0 30.0 30.0 30.0 30.0 30.0 30.0 30.0 0.0
53.3 30.0 30.0 30.0 30.0 30.0 30.0 30.0 30.0 30.0 30.0 0.0
53.4 30.0 30.0 30.0 30.0 30.0 30.0 30.0 30.0 30.0 30.0 0.0
53.5 30.0 30.0 30.0 30.0 30.0 30.0 30.0 30.0 30.0 30.0 0.0
53.6 30.0 30.0 30.0 30.0 30.0 30.0 30.0 30.0 30.0 30.0 0.0
53.7 30.0 30.0 30.0 30.0 30.0 30.0 30.0 30.0 30.0 30.0 0.0
53.8 30.0 30.0 30.0 30.0 30.0 30.0 30.0 30.0 30.0 30.0 0.0
53.9 30.0 30.0 30.0 30.0 30.0 30.0 30.0 30.0 30.0 30.0 0.0
54.0 30.0 30.0 30.0 30.0 30.0 30.0 30.0 30.0 30.0 30.0 0.0
54.1 30.0 30.0 30.0 30.0 30.0 30.0 30.0 30.0 30.0 30.0 0.0
54.2 30.0 30.0 30.0 30.0 30.0 30.0 30.0 30.0 30.0 30.0 0.0
54.3 30.0 30.0 30.0 30.0 30.0 30.0 30.0 30.0 30.0 30.0 0.0
54.4 30.0 30.0 30.0 30.0 30.0 30.0 30.0 30.0 30.0 30.0 0.0
54.5 30.0 30.0 30.0 30.0 30.0 30.0 30.0 30.0 30.0 30.0 0.0
54.6 30.0 30.0 30.0 30.0 30.0 30.0 30.0 30.0 30.0 30.0 0.0
54.7 30.0 30.0 30.0 30.0 30.0 30.0 30.0 30.0 30.0 30.0 0.0
54.8 30.0 30.0 30.0 30.0 30.0 30.0 30.0 30.0 30.0 30.0 0.0
54.9 30.0 30.0 30.0 30.0 30.0 30.0 30.0 30.0 30.0 30.0 0.0
55.0 30.0 30.0 30.0 30.0 30.0 30.0 30.0 30.0 30.0 30.0 0.0
55.1 30.0 30.0 30.0 30.0 30.0 30.0 30.0 30.0 30.0 30.0 0.0
55.2 30.0 30.0 30.0 30.0 30.0 30.0 30.0 30.0 30.0 30.0 0.0
55.3 30.0 30.0 30.0 30.0 30.0 30.0 30.0 30.0 30.0 30.0 0.0
55.4 30.0 30.0 30.0 30.0 30.0 30.0 30.0 30.0 30.0 30.0 0.0
55.5 30.0 30.0 30.0 30.0 30.0 30.0 30.0 30.0 30.0 30.0 0.0
55.6 30.0 30.0 30.0 30.0 30.0 30.0 30.0 30.0 30.0 30.0 0.0
55.7 30.0 30.0 30.0 30.0 30.0 30.0 30.0 30.0 30.0 30.0 0.0
55.8 30.0 30.0 30.0 30.0 30.0 30.0 30.0 30.0 30.0 30.0 0.0
55.9 30.0 30.0 30.0 30.0 30.0 30.0 30.0 30.0 30.0 30.0 0.0
56.0 30.0 30.0 30.0 30.0 30.0 30.0 30.0 30.0 30.0 30.0 0.0
56.1 30.0 30.0 30.0 30.0 30.0 30.0 30.0 30.0 30.0 30.0 0.0
56.2 30.0 30.0 30.0 30.0 30.0 30.0 30.0 30.0 30.0 30.0 0.0
56.3 30.0 30.0 30.0 30.0 30.0 30.0 30.0 30.0 30.0 30.0 0.0
56.4 30.0 30.0 30.0 30.0 30.0 30.0 30.0 30.0 30.0 30.0 0.0
56.5 30.0 30.0 30.0 30.0 30.0 30.0 30.0 30.0 30.0 30.0 0.0
56.6 30.0 30.0 30.0 30.0 30.0 30.0 30.0 30.0 30.0 30.0 0.0
56.7 30.0 30.0 30.0 30.0 30.0 30.0 30.0 30.0 30.0 30.0 0.0
56.8 30.0 30.0 30.0 30.0 30.0 30.0 30.0 30.0 30.0 30.0 0.0
56.9 30.0 30.0 30.0 30.0 30.0 30.0 30.0 30.0 30.0 30.0 0.0
57.0 30.0 30.0 30.0 30.0 30.0 30.0 30.0 30.0 30.0 30.0 0.0
57.1 30.0 30.0 30.0 30.0 30.0 30.0 30.0 30.0 30.0 30.0 0.0
57.2 30.0 30.0 30.0 30.0 30.0 30.0 30.0 30.0 30.0 30.0 0.0
57.3 30.0 30.0 30.0 30.0 30.0 30.0 30.0 30.0 30.0 30.0 0.0
57.4 30.0 30.0 30.0 30.0 30.0 30.0 30.0 30.0 30.0 30.0 0.0
57.5 30.0 30.0 30.0 30.0 30.0 30.0 30.0 30.0 30.0 30.0 0.0
57.6 30.0 30.0 30.0 30.0 30.0 30.0 30.0 30.0 30.0 30.0 0.0
57.7 30.0 30.0 30.0 30.0 30.0 30.0 30.0 30.0 30.0 30.0 0.0
57.8 30.0 30.0 30.0 30.0 30.0 30.0 30.0 30.0 30.0 30.0 0.0
57.9 30.0 30.0 30.0 30.0 30.0 30.0 30.0 30.0 30.0 30.0 0.0
58.0 30.0 30.0 30.0 30.0 30.0 30.0 30.0 30.0 30.0 30.0 0.0
58.1 30.0 30.0 30.0 30.0 30.0 30.0 30.0 30.0 30.0 30.0 0.0
58.2 30.0 30.0 30.0 30.0 30.0 30.0 30.0 30.0 30.0 30.0 0.0
58.3 30.0 30.0 30.0 30.0 30.0 30.0 30.0 30.0 30.0 30.0 0.0
58.4 30.0 30.0 30.0 30.0 30.0 30.0 30.0 30.0 30.0 30.0 0.0
58.5 30.0 30.0 30.0 30.0 30.0 30.0 30.0 30.0 30.0 30.0 0.0
58.6 30.0 30.0 30.0 30.0 30.0 30.0 30.0 30.0 30.0 30.0 0.0
58.7 30.0 30.0 30.0 30.0 30.0 30.0 30.0 30.0 30.0 30.0 0.0
58.8 30.0 30.0 30.0 30.0 30.0 30.0 30.0 30.0 30.0 30.0 0.0
58.9 30.0 30.0 30.0 30.0 30.0 30.0 30.0 30.0 30.0 30.0 0.0
59.0 30.0 30.0 30.0 30.0 30.0 30.0 30.0 30.0 30.0 30.0 0.0
59.1 30.0 30.0 30.0 30.0 30.0 30.0 30.0 30.0 30.0 30.0 0.0
59.2 30.0 30.0 30.0 30.0 30.0 30.0 30.0 30.0 30.0 30.0 0.0
59.3 30.0 30.0 30.0 30.0 30.0 30.0 30.0 30.0 30.0 30.0 0.0
59.4 30.0 30.0 30.0 30.0 30.0 30.0 30.0 30.0 30.0 30.0 0.0
59.5 30.0 30.0 30.0 30.0 30.0 30.0 30.0 30.0 30.0 30.0 0.0
59.6 30.0 30.0 30.0 30.0 30.0 30.0 30.0 30.0 30.0 30.0 0.0
59.7 30.0 30.0 30.0 30.0 30.0 30.0 30.0 30.0 30.0 30.0 0.0
59.8 30.0 30.0 30.0 30.0 30.0 30.0 30.0 30.0 30.0 30.0 0.0
59.9 30.0 30.0 30.0 30.0 30.0 30.0 30.0 30.0 30.0 30.0 0.0
60.0 30.0 30.0 30.0 30.0 30.0 30.0 30.0 30.0 30.0 30.0 0.0
60.1 30.0 30.0 30.0 30.0 30.0 30.0 30.0 30.0 30.0 30.0 0.0
60.2 30.0 30.0 30.0 30.0 30.0 30.0 30.0 30.0 30.0 30.0 0.0
60.3 30.0 30.0 30.0 30.0 30.0 30.0 30.0 30.0 30.0 30.0 0.0
60.4 30.0 30.0 30.0 30.0 30.0 30.0 30.0 30.0 30.0 30.0 0.0
60.5 30.0 30.0 30.0 30.0 30.0 30.0 30.0 30.0 30.0 30.0 0.0
60.6 30.0 30.0 30.0 30.0 30.0 30.0 30.0 30.0 30.0 30.0 0.0
60.7 30.0 30.0 30.0 30.0 30.0 30.0 30.0 30.0 30.0 30.0 0.0
60.8 30.0 30.0 30.0 30.0 30.0 30.0 30.0 30.0 30.0 30.0 0.0
60.9 30.0 30.0 30.0 30.0 30.0 30.0 30.0 30.0 30.0 30.0 0.0
61.0 30.0 30.0 30.0 30.0 30.0 30.0 30.0 30.0 30.0 30.0 0.0
61.1 30.0 30.0 30.0 30.0 30.0 30.0 30.0 30.0 30.0 30.0 0.0
61.2 30.0 30.0 30.0 30.0 30.0 30.0 30.0 30.0 30.0 30.0 0.0
61.3 30.0 30.0 30.0 30.0 30.0 30.0 30.0 30.0 30.0 30.0 0.0
61.4 30.0 30.0 30.0 30.0 30.0 30.0 30.0 30.0 30.0 30.0 0.0
61.5 30.0 30.0 30.0 30.0 30.0 30.0 30.0 30.0 30.0 30.0 0.0
61.6 30.0 30.0 30.0 30.0 30.0 30.0 30.0 30.0 30.0 30.0 0.0
61.7 30.0 30.0 30.0 30.0 30.0 30.0 30.0 30.0 30.0 30.0 0.0
61.8 30.0 30.0 30.0 30.0 30.0 30.0 30.0 30.0 30.0 30.0 0.0
61.9 30.0 30.0 30.0 30.0 30.0 30.0 30.0 30.0 30.0 30.0 0.0
62.0 30.0 30.0 30.0 30.0 30.0 30.0 30.0 30.0 30.0 30.0 0.0
62.1 30.0 30.0 30.0 30.0 30.0 30.0 30.0 30.0 30.0 30.0 0.0
62.2 30.0 30.0 30.0 30.0 30.0 30.0 30.0 30.0 30.0 30.0 0.0
62.3 30.0 30.0 30.0 30.0 30.0 30.0 30.0 30.0 30.0 30.0 0.0
62.4 30.0 30.0 30.0 30.0 30.0 30.0 30.0 30.0 30.0 30.0 0.0
62.5 30.0 30.0 30.0 30.0 30.0 30.0 30.0 30.0 30.0 30.0 0.0
62.6 30.0 30.0 30.0 30.0 30.0 30.0 30.0 30.0 30.0 30.0 0.0
62.7 30.0 30.0 30.0 30.0 30.0 30.0 30.0 30.0 30.0 30.0 0.0
62.8 30.0 30.0 30.0 30.0 30.0 30.0 30.0 30.0 30.0 30.0 0.0
62.9 30.0 30.0 30.0 30.0 30.0 30.0 30.0 30.0 30.0 30.0 0.0
63.0 30.0 30.0 30.0 30.0 30.0 30.0 30.0 30.0 30.0 30.0 0.0
63.1 30.0 30.0 30.0 30.0 30.0 30.0 30.0 30.0 30.0 30.0 0.0
63.2 30.0 30.0 30.0 30.0 30.0 30.0 30.0 30.0 30.0 30.0 0.0
63.3 30.0 30.0 30.0 30.0 30.0 30.0 30.0 30.0 30.0 30.0 0.0
63.4 30.0 30.0 30.0 30.0 30.0 30.0 30.0 30.0 30.0 30.0 0.0
63.5 30.0 30.0 30.0 30.0 30.0 30.0 30.0 30.0 30.0 30.0 0.0
63.6 30.0 30.0 30.0 30.0 30.0 30.0 30.0 30.0 30.0 30.0 0.0
63.7 30.0 30.0 30.0 30.0 30.0 30.0 30.0 30.0 30.0 30.0 0.0
63.8 30.0 30.0 30.0 30.0 30.0 30.0 30.0 30.0 30.0 30.0 0.0
63.9 30.0 30.0 30.0 30.0 30.0 30.0 30.0 30.0 30.0 30.0 0.0
64.0 30.0 30.0 30.0 30.0 30.0 30.0 30.0 30.0 30.0 30.0 0.0
64.1 30.0 30.0 30.0 30.0 30.0 30.0 30.0 30.0 30.0 30.0 0.0
64.2 30.0 30.0 30.0 30.0 30.0 30.0 30.0 30.0 30.0 30.0 0.0
64.3 30.0 30.0 30.0 30.0 30.0 30.0 30.0 30.0 30.0 30.0 0.0
64.4 30.0 30.0 30.0 30.0 30.0 30.0 30.0 30.0 30.0 30.0 0.0
64.5 30.0 30.0 30.0 30.0 30.0 30.0 30.0 30.0 30.0 30.0 0.0
64.6 30.0 30.0 30.0 30.0 30.0 30.0 30.0 30.0 30.0 30.0 0.0
64.7 30.0 30.0 30.0 30.0 30.0 30.0 30.0 30.0 30.0 30.0 0.0
64.8 30.0 30.0 30.0 30.0 30.0 30.0 30.0 30.0 30.0 30.0 0.0
64.9 30.0 30.0 30.0 30.0 30.0 30.0 30.0 30.0 30.0 30.0 0.0
65.0 30.0 30.0 30.0 30.0 30.0 30.0 30.0 30.0 30.0 30.0 0.0
65.1 30.0 30.0 30.0 30.0 30.0 30.0 30.0 30.0 30.0 30.0 0.0
65.2 30.0 30.0 30.0 30.0 30.0 30.0 30.0 30.0 30.0 30.0 0.0
65.3 30.0 30.0 30.0 30.0 30.0 30.0 30.0 30.0 30.0 30.0 0.0
65.4 30.0 30.0 30.0 30.0 30.0 30.0 30.0 30.0 30.0 30.0 0.0
65.5 30.0 30.0 30.0 30.0 30.0 30.0 30.0 30.0 30.0 30.0 0.0
65.6 30.0 30.0 30.0 30.0 30.0 30.0 30.0 30.0 30.0 30.0 0.0
65.7 30.0 30.0 30.0 30.0 30.0 30.0 30.0 30.0 30.0 30.0 0.0
65.8 30.0 30.0 30.0 30.0 30.0 30.0 30.0 30.0 30.0 30.0 0.0
65.9 30.0 30.0 30.0 30.0 30.0 30.0 30.0 30.0 30.0 30.0 0.0
66.0 30.0 30.0 30.0 30.0 30.0 30.0 30.0 30.0 30.0 30.0 0.0
66.1 30.0 30.0 30.0 30.0 30.0 30.0 30.0 30.0 30.0 30.0 0.0
66.2 30.0 30.0 30.0 30.0 30.0 30.0 30.0 30.0 30.0 30.0 0.0
66.3 30.0 30.0 30.0 30.0 30.0 30.0 30.0 30.0 30.0 30.0 0.0
66.4 30.0 30.0 30.0 30.0 30.0 30.0 30.0 30.0 30.0 30.0 0.0
66.5 30.0 30.0 30.0 30.0 30.0 30.0 30.0 30.0 30.0 30.0 0.0
66.6 30.0 30.0 30.0 30.0 30.0 30.0 30.0 30.0 30.0 30.0 0.0
66.7 30.0 30.0 30.0 30.0 30.0 30.0 30.0 30.0 30.0 30.0 0.0
66.8 30.0 30.0 30.0 30.0 30.0 30.0 30.0 30.0 30.0 30.0 0.0
66.9 30.0 30.0 30.0 30.0 30.0 30.0 30.0 30.0 30.0 30.0 0.0
67.0 30.0 30.0 30.0 30.0 30.0 30.0 30.0 30.0 30.0 30.0 0.0
67.1 30.0 30.0 30.0 30.0 30.0 30.0 30.0 30.0 30.0 30.0 0.0
67.2 30.0 30.0 30.0 30.0 30.0 30.0 30.0 30.0 30.0 30.0 0.0
67.3 30.0 30.0 30.0 30.0 30.0 30.0 30.0 30.0 30.0 30.0 0.0
67.4 30.0 30.0 30.0 30.0 30.0 30.0 30.0 30.0 30.0 30.0 0.0
67.5 30.0 30.0 30.0 30.0 30.0 30.0 30.0 30.0 30.0 30.0 0.0
67.6 30.0 30.0 30.0 30.0 30.0 30.0 30.0 30.0 30.0 30.0 0.0
67.7 30.0 30.0 30.0 30.0 30.0 30.0 30.0 30.0 30.0 30.0 0.0
67.8 30.0 30.0 30.0 30.0 30.0 30.0 30.0 30.0 30.0 30.0 0.0
67.9 30.0 30.0 30.0 30.0 30.0 30.0 30.0 30.0 30.0 30.0 0.0
68.0 30.0 30.0 30.0 30.0 30.0 30.0 30.0 30.0 30.0 30.0 0.0
68.1 30.0 30.0 30.0 30.0 30.0 30.0 30.0 30.0 30.0 30.0 0.0
68.2 30.0 30.0 30.0 30.0 30.0 30.0 30.0 30.0 30.0 30.0 0.0
68.3 30.0 30.0 30.0 30.0 30.0 30.0 30.0 30.0 30.0 30.0 0.0
68.4 30.0 30.0 30.0 30.0 30.0 30.0 30.0 30.0 30.0 30.0 0.0
68.5 30.0 30.0 30.0 30.0 30.0 30.0 30.0 30.0 30.0 30.0 0.0
68.6 30.0 30.0 30.0 30.0 30.0 30.0 30.0 30.0 30.0 30.0 0.0
68.7 30.0 30.0 30.0 30.0 30.0 30.0 30.0 30.0 30.0 30.0 0.0
68.8 30.0 30.0 30.0 30.0 30.0 30.0 30.0 30.0 30.0 30.0 0.0
68.9 30.0 30.0 30.0 30.0 30.0 30.0 30.0 30.0 30.0 30.0 0.0
69.0 30.0 30.0 30.0 30.0 30.0 30.0 30.0 30.0 30.0 30.0 0.0
69.1 30.0 30.0 30.0 30.0 30.0 30.0 30.0 30.0 30.0 30.0 0.0
69.2 30.0 30.0 30.0 30.0 30.0 30.0 30.0 30.0 30.0 30.0 0.0
69.3 30.0 30.0 30.0 30.0 30.0 30.0 30.0 30.0 30.0 30.0 0.0
69.4 30.0 30.0 30.0 30.0 30.0 30.0 30.0 30.0 30.0 30.0 0.0
69.5 30.0 30.0 30.0 30.0 30.0 30.0 30.0 30.0 30.0 30.0 0.0
69.6 30.0 30.0 30.0 30.0 30.0 30.0 30.0 30.0 30.0 30.0 0.0
69.7 30.0 30.0 30.0 30.0 30.0 30.0 30.0 30.0 30.0 30.0 0.0
69.8 30.0 30.0 30.0 30.0 30.0 30.0 30.0 30.0 30.0 30.0 0.0
69.9 30.0 30.0 30.0 30.0 30.0 30.0 30.0 30.0 30.0 30.0 0.0
70.0 30.0 30.0 30.0 30.0 30.0 30.0 30.0 30.0 30.0 30.0 0.0
70.1 30.0 30.0 30.0 30.0 30.0 30.0 30.0 30.0 30.0 30.0 0.0
70.2 30.0 30.0 30.0 30.0 30.0 30.0 30.0 30.0 30.0 30.0 0.0
70.3 30.0 30.0 30.0 30.0 30.0 30.0 30.0 30.0 30.0 30.0 0.0
70.4 30.0 30.0 30.0 30.0 30.0 30.0 30.0 30.0 30.0 30.0 0.0
70.5 30.0 30.0 30.0 30.0 30.0 30.0 30.0 30.0 30.0 30.0 0.0
70.6 30.0 30.0 30.0 30.0 30.0 30.0 30.0 30.0 30.0 30.0 0.0
70.7 30.0 30.0 30.0 30.0 30.0 30.0 30.0 30.0 30.0 30.0 0.0
70.8 30.0 30.0 30.0 30.0 30.0 30.0 30.0 30.0 30.0 30.0 0.0
70.9 30.0 30.0 30.0 30.0 30.0 30.0 30.0 30.0 30.0 30.0 0.0
71.0 30.0 30.0 30.0 30.0 30.0 30.0 30.0 30.0 30.0 30.0 0.0
71.1 30.0 30.0 30.0 30.0 30.0 30.0 30.0 30.0 30.0 30.0 0.0
71.2 30.0 30.0 30.0 30.0 30.0 30.0 30.0 30.0 30.0 30.0 0.0
71.3 30.0 30.0 30.0 30.0 30.0 30.0 30.0 30.0 30.0 30.0 0.0
71.4 30.0 30.0 30.0 30.0 30.0 30.0 30.0 30.0 30.0 30.0 0.0
71.5 30.0 30.0 30.0 30.0 30.0 30.0 30.0 30.0 30.0 30.0 0.0
71.6 30.0 30.0 30.0 30.0 30.0 30.0 30.0 30.0 30.0 30.0 0.0
71.7 30.0 30.0 30.0 30.0 30.0 30.0 30.0 30.0 30.0 30.0 0.0
71.8 30.0 30.0 30.0 30.0 30.0 30.0 30.0 30.0 30.0 30.0 0.0
71.9 30.0 30.0 30.0 30.0 30.0 30.0 30.0 30.0 30.0 30.0 0.0
72.0 30.0 30.0 30.0 30.0 30.0 30.0 30.0 30.0 30.0 30.0 0.0
72.1 30.0 30.0 30.0 30.0 30.0 30.0 30.0 30.0 30.0 30.0 0.0
72.2 30.0 30.0 30.0 30.0 30.0 30.0 30.0 30.0 30.0 30.0 0.0
72.3 30.0 30.0 30.0 30.0 30.0 30.0 30.0 30.0 30.0 30.0 0.0
72.4 30.0 30.0 30.0 30.0 30.0 30.0 30.0 30.0 30.0 30.0 0.0
72.5 30.0 30.0 30.0 30.0 30.0 30.0 30.0 30.0 30.0 30.0 0.0
72.6 30.0 30.0 30.0 30.0 30.0 30.0 30.0 30.0 30.0 30.0 0.0
72.7 30.0 30.0 30.0 30.0 30.0 30.0 30.0 30.0 30.0 30.0 0.0
72.8 30.0 30.0 30.0 30.0 30.0 30.0 30.0 30.0 30.0 30.0 0.0
72.9 30.0 30.0 30.0 30.0 30.0 30.0 30.0 30.0 30.0 30.0 0.0
73.0 30.0 30.0 30.0 30.0 30.0 30.0 30.0 30.0 30.0 30.0 0.0
73.1 30.0 30.0 30.0 30.0 30.0 30.0 30.0 30.0 30.0 30.0 0.0
73.2 30.0 30.0 30.0 30.0 30.0 30.0 30.0 30.0 30.0 30.0 0.0
73.3 30.0 30.0 30.0 30.0 30.0 30.0 30.0 30.0 30.0 30.0 0.0
73.4 30.0 30.0 30.0 30.0 30.0 30.0 30.0 30.0 30.0 30.0 0.0
73.5 30.0 30.0 30.0 30.0 30.0 30.0 30.0 30.0 30.0 30.0 0.0
73.6 30.0 30.0 30.0 30.0 30.0 30.0 30.0 30.0 30.0 30.0 0.0
73.7 30.0 30.0 30.0 30.0 30.0 30.0 30.0 30.0 30.0 30.0 0.0
73.8 30.0 30.0 30.0 30.0 30.0 30.0 30.0 30.0 30.0 30.0 0.0
73.9 30.0 30.0 30.0 30.0 30.0 30.0 30.0 30.0 30.0 30.0 0.0
74.0 30.0 30.0 30.0 30.0 30.0 30.0 30.0 30.0 30.0 30.0 0.0
74.1 30.0 30.0 30.0 30.0 30.0 30.0 30.0 30.0 30.0 30.0 0.0
74.2 30.0 30.0 30.0 30.0 30.0 30.0 30.0 30.0 30.0 30.0 0.0
74.3 30.0 30.0 30.0 30.0 30.0 30.0 30.0 30.0 30.0 30.0 0.0
74.4 30.0 30.0 30.0 30.0 30.0 30.0 30.0 30.0 30.0 30.0 0.0
74.5 30.0 30.0 30.0 30.0 30.0 30.0 30.0 30.0 30.0 30.0 0.0
74.6 30.0 30.0 30.0 30.0 30.0 30.0 30.0 30.0 30.0 30.0 0.0
74.7 30.0 30.0 30.0 30.0 30.0 30.0 30.0 30.0 30.0 30.0 0.0
74.8 30.0 30.0 30.0 30.0 30.0 30.0 30.0 30.0 30.0 30.0 0.0
74.9 30.0 30.0 30.0 30.0 30.0 30.0 30.0 30.0 30.0 30.0 0.0
75.0 30.0 30.0 30.0 30.0 30.0 30.0 30.0 30.0 30.0 30.0 0.0
75.1 30.0 30.0 30.0 30.0 30.0 30.0 30.0 30.0 30.0 30.0 0.0
75.2 30.0 30.0 30.0 30.0 30.0 30.0 30.0 30.0 30.0 30.0 0.0
75.3 30.0 30.0 30.0 30.0 30.0 30.0 30.0 30.0 30.0 30.0 0.0
75.4 30.0 30.0 30.0 30.0 30.0 30.0 30.0 30.0 30.0 30.0 0.0
75.5 30.0 30.0 30.0 30.0 30.0 30.0 30.0 30.0 30.0 30.0 0.0
75.6 30.0 30.0 30.0 30.0 30.0 30.0 30.0 30.0 30.0 30.0 0.0
75.7 30.0 30.0 30.0 30.0 30.0 30.0 30.0 30.0 30.0 30.0 0.0
75.8 30.0 30.0 30.0 30.0 30.0 30.0 30.0 30.0 30.0 30.0 0.0
75.9 30.0 30.0 30.0 30.0 30.0 30.0 30.0 30.0 30.0 30.0 0.0
76.0 30.0 30.0 30.0 30.0 30.0 30.0 30.0 30.0 30.0 30.0 0.0
76.1 30.0 30.0 30.0 30.0 30.0 30.0 30.0 30.0 30.0 30.0 0.0
76.2 30.0 30.0 30.0 30.0 30.0 30.0 30.0 30.0 30.0 30.0 0.0
76.3 30.0 30.0 30.0 30.0 30.0 30.0 30.0 30.0 30.0 30.0 0.0
76.4 30.0 30.0 30.0 30.0 30.0 30.0 30.0 30.0 30.0 30.0 0.0
76.5 30.0 30.0 30.0 30.0 30.0 30.0 30.0 30.0 30.0 30.0 0.0
76.6 30.0 30.0 30.0 30.0 30.0 30.0 30.0 30.0 30.0 30.0 0.0
76.7 30.0 30.0 30.0 30.0 30.0 30.0 30.0 30.0 30.0 30.0 0.0
76.8 30.0 30.0 30.0 30.0 30.0 30.0 30.0 30.0 30.0 30.0 0.0
76.9 30.0 30.0 30.0 30.0 30.0 30.0 30.0 30.0 30.0 30.0 0.0
77.0 30.0 30.0 30.0 30.0 30.0 30.0 30.0 30.0 30.0 30.0 0.0
77.1 30.0 30.0 30.0 30.0 30.0 30.0 30.0 30.0 30.0 30.0 0.0
77.2 30.0 30.0 30.0 30.0 30.0 30.0 30.0 30.0 30.0 30.0 0.0
77.3 30.0 30.0 30.0 30.0 30.0 30.0 30.0 30.0 30.0 30.0 0.0
77.4 30.0 30.0 30.0 30.0 30.0 30.0 30.0 30.0 30.0 30.0 0.0
77.5 30.0 30.0 30.0 30.0 30.0 30.0 30.0 30.0 30.0 30.0 0.0
77.6 30.0 30.0 30.0 30.0 30.0 30.0 30.0 30.0 30.0 30.0 0.0
77.7 30.0 30.0 30.0 30.0 30.0 30.0 30.0 30.0 30.0 30.0 0.0
77.8 30.0 30.0 30.0 30.0 30.0 30.0 30.0 30.0 30.0 30.0 0.0
77.9 30.0 30.0 30.0 30.0 30.0 30.0 30.0 30.0 30.0 30.0 0.0
78.0 30.0 30.0 30.0 30.0 30.0 30.0 30.0 30.0 30.0 30.0 0.0
78.1 30.0 30.0 30.0 30.0 30.0 30.0 30.0 30.0 30.0 30.0 0.0
78.2 30.0 30.0 30.0 30.0 30.0 30.0 30.0 30.0 30.0 30.0 0.0
78.3 30.0 30.0 30.0 30.0 30.0 30.0 30.0 30.0 30.0 30.0 0.0
78.4 30.0 30.0 30.0 30.0 30.0 30.0 30.0 30.0 30.0 30.0 0.0
78.5 30.0 30.0 30.0 30.0 30.0 30.0 30.0 30.0 30.0 30.0 0.0
78.6 30.0 30.0 30.0 30.0 30.0 30.0 30.0 30.0 30.0 30.0 0.0
78.7 30.0 30.0 30.0 30.0 30.0 30.0 30.0 30.0 30.0 30.0 0.0
78.8 30.0 30.0 30.0 30.0 30.0 30.0 30.0 30.0 30.0 30.0 0.0
78.9 30.0 30.0 30.0 30.0 30.0 30.0 30.0 30.0 30.0 30.0 0.0
79.0 30.0 30.0 30.0 30.0 30.0 30.0 30.0 30.0 30.0 30.0 0.0
79.1 30.0 30.0 30.0 30.0 30.0 30.0 30.0 30.0 30.0 30.0 0.0
79.2 30.0 30.0 30.0 30.0 30.0 30.0 30.0 30.0 30.0 30.0 0.0
79.3 30.0 30.0 30.0 30.0 30.0 30.0 30.0 30.0 30.0 30.0 0.0
79.4 30.0 30.0 30.0 30.0 30.0 30.0 30.0 30.0 30.0 30.0 0.0
79.5 30.0 30.0 30.0 30.0 30.0 30.0 30.0 30.0 30.0 30.0 0.0
79.6 30.0 30.0 30.0 30.0 30.0 30.0 30.0 30.0 30.0 30.0 0.0
79.7 30.0 30.0 30.0 30.0 30.0 30.0 30.0 30.0 30.0 30.0 0.0
79.8 30.0 30.0 30.0 30.0 30.0 30.0 30.0 30.0 30.0 30.0 0.0
79.9 30.0 30.0 30.0 30.0 30.0 30.0 30.0 30.0 30.0 30.0 0.0
80.0 30.0 30.0 30.0 30.0 30.0 30.0 30.0 30.0 30.0 30.0 0.0
80.1 30.0 30.0 30.0 30.0 30.0 30.0 30.0 30.0 30.0 30.0 0.0
80.2 30.0 30.0 30.0 30.0 30.0 30.0 30.0 30.0 30.0 30.0 0.0
80.3 30.0 30.0 30.0 30.0 30.0 30.0 30.0 30.0 30.0 30.0 0.0
80.4 30.0 30.0 30.0 30.0 30.0 30.0 30.0 30.0 30.0 30.0 0.0
80.5 30.0 30.0 30.0 30.0 30.0 30.0 30.0 30.0 30.0 30.0 0.0
80.6 30.0 30.0 30.0 30.0 30.0 30.0 30.0 30.0 30.0 30.0 0.0
80.7 30.0 30.0 30.0 30.0 30.0 30.0 30.0 30.0 30.0 30.0 0.0
80.8 30.0 30.0 30.0 30.0 30.0 30.0 30.0 30.0 30.0 30.0 0.0
80.9 30.0 30.0 30.0 30.0 30.0 30.0 30.0 30.0 30.0 30.0 0.0
81.0 30.0 30.0 30.0 30.0 30.0 30.0 30.0 30.0 30.0 30.0 0.0
81.1 30.0 30.0 30.0 30.0 30.0 30.0 30.0 30.0 30.0 30.0 0.0
81.2 30.0 30.0 30.0 30.0 30.0 30.0 30.0 30.0 30.0 30.0 0.0
81.3 30.0 30.0 30.0 30.0 30.0 30.0 30.0 30.0 30.0 30.0 0.0
81.4 30.0 30.0 30.0 30.0 30.0 30.0 30.0 30.0 30.0 30.0 0.0
81.5 30.0 30.0 30.0 30.0 30.0 30.0 30.0 30.0 30.0 30.0 0.0
81.6 30.0 30.0 30.0 30.0 30.0 30.0 30.0 30.0 30.0 30.0 0.0
81.7 30.0 30.0 30.0 30.0 30.0 30.0 30.0 30.0 30.0 30.0 0.0
81.8 30.0 30.0 30.0 30.0 30.0 30.0 30.0 30.0 30.0 30.0 0.0
81.9 30.0 30.0 30.0 30.0 30.0 30.0 30.0 30.0 30.0 30.0 0.0
82.0 30.0 30.0 30.0 30.0 30.0 30.0 30.0 30.0 30.0 30.0 0.0
82.1 30.0 30.0 30.0 30.0 30.0 30.0 30.0 30.0 30.0 30.0 0.0
82.2 30.0 30.0 30.0 30.0 30.0 30.0 30.0 30.0 30.0 30.0 0.0
82.3 30.0 30.0 30.0 30.0 30.0 30.0 30.0 30.0 30.0 30.0 0.0
82.4 30.0 30.0 30.0 30.0 30.0 30.0 30.0 30.0 30.0 30.0 0.0
82.5 30.0 30.0 30.0 30.0 30.0 30.0 30.0 30.0 30.0 30.0 0.0
82.6 30.0 30.0 30.0 30.0 30.0 30.0 30.0 30.0 30.0 30.0 0.0
82.7 30.0 30.0 30.0 30.0 30.0 30.0 30.0 30.0 30.0 30.0 0.0
82.8 30.0 30.0 30.0 30.0 30.0 30.0 30.0 30.0 30.0 30.0 0.0
82.9 30.0 30.0 30.0 30.0 30.0 30.0 30.0 30.0 30.0 30.0 0.0
83.0 30.0 30.0 30.0 30.0 30.0 30.0 30.0 30.0 30.0 30.0 0.0
83.1 30.0 30.0 30.0 30.0 30.0 30.0 30.0 30.0 30.0 30.0 0.0
83.2 30.0 30.0 30.0 30.0 30.0 30.0 30.0 30.0 30.0 30.0 0.0
83.3 30.0 30.0 30.0 30.0 30.0 30.0 30.0 30.0 30.0 30.0 0.0
83.4 30.0 30.0 30.0 30.0 30.0 30.0 30.0 30.0 30.0 30.0 0.0
83.5 30.0 30.0 30.0 30.0 30.0 30.0 30.0 30.0 30.0 30.0 0.0
83.6 30.0 30.0 30.0 30.0 30.0 30.0 30.0 30.0 30.0 30.0 0.0
83.7 30.0 30.0 30.0 30.0 30.0 30.0 30.0 30.0 30.0 30.0 0.0
83.8 30.0 30.0 30.0 30.0 30.0 30.0 30.0 30.0 30.0 30.0 0.0
83.9 30.0 30.0 30.0 30.0 30.0 30.0 30.0 30.0 30.0 30.0 0.0
84.0 30.0 30.0 30.0 30.0 30.0 30.0 30.0 30.0 30.0 30.0 0.0
84.1 30.0 30.0 30.0 30.0 30.0 30.0 30.0 30.0 30.0 30.0 0.0
84.2 30.0 30.0 30.0 30.0 30.0 30.0 30.0 30.0 30.0 30.0 0.0
84.3 30.0 30.0 30.0 30.0 30.0 30.0 30.0 30.0 30.0 30.0 0.0
84.4 30.0 30.0 30.0 30.0 30.0 30.0 30.0 30.0 30.0 30.0 0.0
84.5 30.0 30.0 30.0 30.0 30.0 30.0 30.0 30.0 30.0 30.0 0.0
84.6 30.0 30.0 30.0 30.0 30.0 30.0 30.0 30.0 30.0 30.0 0.0
84.7 30.0 30.0 30.0 30.0 30.0 30.0 30.0 30.0 30.0 30.0 0.0
84.8 30.0 30.0 30.0 30.0 30.0 30.0 30.0 30.0 30.0 30.0 0.0
84.9 30.0 30.0 30.0 30.0 30.0 30.0 30.0 30.0 30.0 30.0 0.0
85.0 30.0 30.0 30.0 30.0 30.0 30.0 30.0 30.0 30.0 30.0 0.0
85.1 30.0 30.0 30.0 30.0 30.0 30.0 30.0 30.0 30.0 30.0 0.0
85.2 30.0 30.0 30.0 30.0 30.0 30.0 30.0 30.0 30.0 30.0 0.0
85.3 30.0 30.0 30.0 30.0 30.0 30.0 30.0 30.0 30.0 30.0 0.0
85.4 30.0 30.0 30.0 30.0 30.0 30.0 30.0 30.0 30.0 30.0 0.0
85.5 30.0 30.0 30.0 30.0 30.0 30.0 30.0 30.0 30.0 30.0 0.0
85.6 30.0 30.0 30.0 30.0 30.0 30.0 30.0 30.0 30.0 30.0 0.0
85.7 30.0 30.0 30.0 30.0 30.0 30.0 30.0 30.0 30.0 30.0 0.0
85.8 30.0 30.0 30.0 30.0 30.0 30.0 30.0 30.0 30.0 30.0 0.0
85.9 30.0 30.0 30.0 30.0 30.0 30.0 30.0 30.0 30.0 30.0 0.0
86.0 30.0 30.0 30.0 30.0 30.0 30.0 30.0 30.0 30.0 30.0 0.0
86.1 30.0 30.0 30.0 30.0 30.0 30.0 30.0 30.0 30.0 30.0 0.0
86.2 30.0 30.0 30.0 30.0 30.0 30.0 30.0 30.0 30.0 30.0 0.0
86.3 30.0 30.0 30.0 30.0 30.0 30.0 30.0 30.0 30.0 30.0 0.0
86.4 30.0 30.0 30.0 30.0 30.0 30.0 30.0 30.0 30.0 30.0 0.0
86.5 30.0 30.0 30.0 30.0 30.0 30.0 30.0 30.0 30.0 30.0 0.0
86.6 30.0 30.0 30.0 30.0 30.0 30.0 30.0 30.0 30.0 30.0 0.0
86.7 30.0 30.0 30.0 30.0 30.0 30.0 30.0 30.0 30.0 30.0 0.0
86.8 30.0 30.0 30.0 30.0 30.0 30.0 30.0 30.0 30.0 30.0 0.0
86.9 30.0 30.0 30.0 30.0 30.0 30.0 30.0 30.0 30.0 30.0 0.0
87.0 30.0 30.0 30.0 30.0 30.0 30.0 30.0 30.0 30.0 30.0 0.0
87.1 30.0 30.0 30.0 30.0 30.0 30.0 30.0 30.0 30.0 30.0 0.0
87.2 30.0 30.0 30.0 30.0 30.0 30.0 30.0 30.0 30.0 30.0 0.0
87.3 30.0 30.0 30.0 30.0 30.0 30.0 30.0 30.0 30.0 30.0 0.0
87.4 30.0 30.0 30.0 30.0 30.0 30.0 30.0 30.0 30.0 30.0 0.0
87.5 30.0 30.0 30.0 30.0 30.0 30.0 30.0 30.0 30.0 30.0 0.0
87.6 30.0 30.0 30.0 30.0 30.0 30.0 30.0 30.0 30.0 30.0 0.0
87.7 30.0 30.0 30.0 30.0 30.0 30.0 30.0 30.0 30.0 30.0 0.0
87.8 30.0 30.0 30.0 30.0 30.0 30.0 30.0 30.0 30.0 30.0 0.0
87.9 30.0 30.0 30.0 30.0 30.0 30.0 30.0 30.0 30.0 30.0 0.0
88.0 30.0 30.0 30.0 30.0 30.0 30.0 30.0 30.0 30.0 30.0 0.0
88.1 30.0 30.0 30.0 30.0 30.0 30.0 30.0 30.0 30.0 30.0 0.0
88.2 30.0 30.0 30.0 30.0 30.0 30.0 30.0 30.0 30.0 30.0 0.0
88.3 30.0 30.0 30.0 30.0 30.0 30.0 30.0 30.0 30.0 30.0 0.0
88.4 30.0 30.0 30.0 30.0 30.0 30.0 30.0 30.0 30.0 30.0 0.0
88.5 30.0 30.0 30.0 30.0 30.0 30.0 30.0 30.0 30.0 30.0 0.0
88.6 30.0 30.0 30.0 30.0 30.0 30.0 30.0 30.0 30.0 30.0 0.0
88.7 30.0 30.0 30.0 30.0 30.0 30.0 30.0 30.0 30.0 30.0 0.0
88.8 30.0 30.0 30.0 30.0 30.0 30.0 30.0 30.0 30.0 30.0 0.0
88.9 30.0 30.0 30.0 30.0 30.0 30.0 30.0 30.0 30.0 30.0 0.0
89.0 30.0 30.0 30.0 30.0 30.0 30.0 30.0 30.0 30.0 30.0 0.0
89.1 30.0 30.0 30.0 30.0 30.0 30.0 30.0 30.0 30.0 30.0 0.0
89.2 30.0 30.0 30.0 30.0 30.0 30.0 30.0 30.0 30.0 30.0 0.0
89.3 30.0 30.0 30.0 30.0 30.0 30.0 30.0 30.0 30.0 30.0 0.0
89.4 30.0 30.0 30.0 30.0 30.0 30.0 30.0 30.0 30.0 30.0 0.0
89.5 30.0 30.0 30.0 30.0 30.0 30.0 30.0 30.0 30.0 30.0 0.0
89.6 30.0 30.0 30.0 30.0 30.0 30.0 30.0 30.0 30.0 30.0 0.0
89.7 30.0 30.0 30.0 30.0 30.0 30.0 30.0 30.0 30.0 30.0 0.0
89.8 30.0 30.0 30.0 30.0 30.0 30.0 30.0 30.0 30.0 30.0 0.0
89.9 30.0 30.0 30.0 30.0 30.0 30.0 30.0 30.0 30.0 30.0 0.0
90.0 30.0 30.0 30.0 30.0 30.0 30.0 30.0 30.0 30.0 30.0 0.0
90.1 30.0 30.0 30.0 30.0 30.0 30.0 30.0 30.0 30.0 30.0 0.0
90.2 30.0 30.0 30.0 30.0 30.0 30.0 30.0 30.0 30.0 30.0 0.0
90.3 30.0 30.0 30.0 30.0 30.0 30.0 30.0 30.0 30.0 30.0 0.0
90.4 30.0 30.0 30.0 30.0 30.0 30.0 30.0 30.0 30.0 30.0 0.0
90.5 30.0 30.0 30.0 30.0 30.0 30.0 30.0 30.0 30.0 30.0 0.0
90.6 30.0 30.0 30.0 30.0 30.0 30.0 30.0 30.0 30.0 30.0 0.0
90.7 30.0 30.0 30.0 30.0 30.0 30.0 30.0 30.0 30.0 30.0 0.0
90.8 30.0 30.0 30.0 30.0 30.0 30.0 30.0 30.0 30.0 30.0 0.0
90.9 30.0 30.0 30.0 30.0 30.0 30.0 30.0 30.0 30.0 30.0 0.0
91.0 30.0 30.0 30.0 30.0 30.0 30.0 30.0 30.0 30.0 30.0 0.0
91.1 30.0 30.0 30.0 30.0 30.0 30.0 30.0 30.0 30.0 30.0 0.0
91.2 30.0 30.0 30.0 30.0 30.0 30.0 30.0 30.0 30.0 30.0 0.0
91.3 30.0 30.0 30.0 30.0 30.0 30.0 30.0 30.0 30.0 30.0 0.0
91.4 30.0 30.0 30.0 30.0 30.0 30.0 30.0 30.0 30.0 30.0 0.0
91.5 30.0 30.0 30.0 30.0 30.0 30.0 30.0 30.0 30.0 30.0 0.0
91.6 30.0 30.0 30.0 30.0 30.0 30.0 30.0 30.0 30.0 30.0 0.0
91.7 30.0 30.0 30.0 30.0 30.0 30.0 30.0 30.0 30.0 30.0 0.0
91.8 30.0 30.0 30.0 30.0 30.0 30.0 30.0 30.0 30.0 30.0 0.0
91.9 30.0 30.0 30.0 30.0 30.0 30.0 30.0 30.0 30.0 30.0 0.0
92.0 30.0 30.0 30.0 30.0 30.0 30.0 30.0 30.0 30.0 30.0 0.0
92.1 30.0 30.0 30.0 30.0 30.0 30.0 30.0 30.0 30.0 30.0 0.0
92.2 30.0 30.0 30.0 30.0 30.0 30.0 30.0 30.0 30.0 30.0 0.0
92.3 30.0 30.0 30.0 30.0 30.0 30.0 30.0 30.0 30.0 30.0 0.0
92.4 30.0 30.0 30.0 30.0 30.0 30.0 30.0 30.0 30.0 30.0 0.0
92.5 30.0 30.0 30.0 30.0 30.0 30.0 30.0 30.0 30.0 30.0 0.0
92.6 30.0 30.0 30.0 30.0 30.0 30.0 30.0 30.0 30.0 30.0 0.0
92.7 30.0 30.0 30.0 30.0 30.0 30.0 30.0 30.0 30.0 30.0 0.0
92.8 30.0 30.0 30.0 30.0 30.0 30.0 30.0 30.0 30.0 30.0 0.0
92.9 30.0 30.0 30.0 30.0 30.0 30.0 30.0 30.0 30.0 30.0 0.0
93.0 30.0 30.0 30.0 30.0 30.0 30.0 30.0 30.0 30.0 30.0 0.0
93.1 30.0 30.0 30.0 30.0 30.0 30.0 30.0 30.0 30.0 30.0 0.0
93.2 30.0 30.0 30.0 30.0 30.0 30.0 30.0 30.0 30.0 30.0 0.0
93.3 30.0 30.0 30.0 30.0 30.0 30.0 30.0 30.0 30.0 30.0 0.0
93.4 30.0 30.0 30.0 30.0 30.0 30.0 30.0 30.0 30.0 30.0 0.0
93.5 30.0 30.0 30.0 30.0 30.0 30.0 30.0 30.0 30.0 30.0 0.0
93.6 30.0 30.0 30.0 30.0 30.0 30.0 30.0 30.0 30.0 30.0 0.0
93.7 30.0 30.0 30.0 30.0 30.0 30.0 30.0 30.0 30.0 30.0 0.0
93.8 30.0 30.0 30.0 30.0 30.0 30.0 30.0 30.0 30.0 30.0 0.0
93.9 30.0 30.0 30.0 30.0 30.0 30.0 30.0 30.0 30.0 30.0 0.0
94.0 30.0 30.0 30.0 30.0 30.0 30.0 30.0 30.0 30.0 30.0 0.0
94.1 30.0 30.0 30.0 30.0 30.0 30.0 30.0 30.0 30.0 30.0 0.0
94.2 30.0 30.0 30.0 30.0 30.0 30.0 30.0 30.0 30.0 30.0 0.0
94.3 30.0 30.0 30.0 30.0 30.0 30.0 30.0 30.0 30.0 30.0 0.0
94.4 30.0 30.0 30.0 30.0 30.0 30.0 30.0 30.0 30.0 30.0 0.0
94.5 30.0 30.0 30.0 30.0 30.0 30.0 30.0 30.0 30.0 30.0 0.0
94.6 30.0 30.0 30.0 30.0 30.0 30.0 30.0 30.0 30.0 30.0 0.0
94.7 30.0 30.0 30.0 30.0 30.0 30.0 30.0 30.0 30.0 30.0 0.0
94.8 30.0 30.0 30.0 30.0 30.0 30.0 30.0 30.0 30.0 30.0 0.0
94.9 30.0 30.0 30.0 30.0 30.0 30.0 30.0 30.0 30.0 30.0 0.0
95.0 30.0 30.0 30.0 30.0 30.0 30.0 30.0 30.0 30.0 30.0 0.0
95.1 30.0 30.0 30.0 30.0 30.0 30.0 30.0 30.0 30.0 30.0 0.0
95.2 30.0 30.0 30.0 30.0 30.0 30.0 30.0 30.0 30.0 30.0 0.0
95.3 30.0 30.0 30.0 30.0 30.0 30.0 30.0 30.0 30.0 30.0 0.0
95.4 30.0 30.0 30.0 30.0 30.0 30.0 30.0 30.0 30.0 30.0 0.0
95.5 30.0 30.0 30.0 30.0 30.0 30.0 30.0 30.0 30.0 30.0 0.0
95.6 30.0 30.0 30.0 30.0 30.0 30.0 30.0 30.0 30.0 30.0 0.0
95.7 30.0 30.0 30.0 30.0 30.0 30.0 30.0 30.0 30.0 30.0 0.0
95.8 30.0 30.0 30.0 30.0 30.0 30.0 30.0 30.0 30.0 30.0 0.0
95.9 30.0 30.0 30.0 30.0 30.0 30.0 30.0 30.0 30.0 30.0 0.0
96.0 30.0 30.0 30.0 30.0 30.0 30.0 30.0 30.0 30.0 30.0 0.0
96.1 30.0 30.0 30.0 30.0 30.0 30.0 30.0 30.0 30.0 30.0 0.0
96.2 30.0 30.0 30.0 30.0 30.0 30.0 30.0 30.0 30.0 30.0 0.0
96.3 30.0 30.0 30.0 30.0 30.0 30.0 30.0 30.0 30.0 30.0 0.0
96.4 30.0 30.0 30.0 30.0 30.0 30.0 30.0 30.0 30.0 30.0 0.0
96.5 30.0 30.0 30.0 30.0 30.0 30.0 30.0 30.0 30.0 30.0 0.0
96.6 30.0 30.0 30.0 30.0 30.0 30.0 30.0 30.0 30.0 30.0 0.0
96.7 30.0 30.0 30.0 30.0 30.0 30.0 30.0 30.0 30.0 30.0 0.0
96.8 30.0 30.0 30.0 30.0 30.0 30.0 30.0 30.0 30.0 30.0 0.0
96.9 30.0 30.0 30.0 30.0 30.0 30.0 30.0 30.0 30.0 30.0 0.0
97.0 30.0 30.0 30.0 30.0 30.0 30.0 30.0 30.0 30.0 30.0 0.0
97.1 30.0 30.0 30.0 30.0 30.0 30.0 30.0 30.0 30.0 30.0 0.0
97.2 30.0 30.0 30.0 30.0 30.0 30.0 30.0 30.0 30.0 30.0 0.0
97.3 30.0 30.0 30.0 30.0 30.0 30.0 30.0 30.0 30.0 30.0 0.0
97.4 30.0 30.0 30.0 30.0 30.0 30.0 30.0 30.0 30.0 30.0 0.0
97.5 30.0 30.0 30.0 30.0 30.0 30.0 30.0 30.0 30.0 30.0 0.0
97.6 30.0 30.0 30.0 30.0 30.0 30.0 30.0 30.0 30.0 30.0 0.0
97.7 30.0 30.0 30.0 30.0 30.0 30.0 30.0 30.0 30.0 30.0 0.0
97.8 30.0 30.0 30.0 30.0 30.0 30.0 30.0 30.0 30.0 30.0 0.0
97.9 30.0 30.0 30.0 30.0 30.0 30.0 30.0 30.0 30.0 30.0 0.0
98.0 30.0 30.0 30.0 30.0 30.0 30.0 30.0 30.0 30.0 30.0 0.0
98.1 30.0 30.0 30.0 30.0 30.0 30.0 30.0 30.0 30.0 30.0 0.0
98.2 30.0 30.0 30.0 30.0 30.0 30.0 30.0 30.0 30.0 30.0 0.0
98.3 30.0 30.0 30.0 30.0 30.0 30.0 30.0 30.0 30.0 30.0 0.0
98.4 30.0 30.0 30.0 30.0 30.0 30.0 30.0 30.0 30.0 30.0 0.0
98.5 30.0 30.0 30.0 30.0 30.0 30.0 30.0 30.0 30.0 30.0 0.0
98.6 30.0 30.0 30.0 30.0 30.0 30.0 30.0 30.0 30.0 30.0 0.0
98.7 30.0 30.0 30.0 30.0 30.0 30.0 30.0 30.0 30.0 30.0 0.0
98.8 30.0 30.0 30.0 30.0 30.0 30.0 30.0 30.0 30.0 30.0 0.0
98.9 30.0 30.0 30.0 30.0 30.0 30.0 30.0 30.0 30.0 30.0 0.0
99.0 30.0 30.0 30.0 30.0 30.0 30.0 30.0 30.0 30.0 30.0 0.0
99.1 30.0 30.0 30.0 30.0 30.0 30.0 30.0 30.0 30.0 30.0 0.0
99.2 30.0 30.0 30.0 30.0 30.0 30.0 30.0 30.0 30.0 30.0 0.0
99.3 30.0 30.0 30.0 30.0 30.0 30.0 30.0 30.0 30.0 30.0 0.0
99.4 30.0 30.0 30.0 30.0 30.0 30.0 30.0 30.0 30.0 30.0 0.0
99.5 30.0 30.0 30.0 30.0 30.0 30.0 30.0 30.0 30.0 30.0 0.0
99.6 30.0 30.0 30.0 30.0 30.0 30.0 30.0 30.0 30.0 30.0 0.0
99.7 30.0 30.0 30.0 30.0 30.0 30.0 30.0 30.0 30.0 30.0 0.0
99.8 30.0 30.0 30.0 30.0 30.0 30.0 30.0 30.0 30.0 30.0 0.0
99.9 30.0 30.0 30.0 30.0 30.0 30.0 30.0 30.0 30.0 30.0 0.0
