0.0 30.0 30.0 30.0 30.0 30.0 30.0 30.0 30.0 30.0 30.0 30.0
0.1 30.0 30.0 30.0 30.0 30.0 30.0 30.0 30.0 30.0 30.0 30.0
0.2 30.0 30.0 30.0 30.0 30.0 30.0 30.0 30.0 30.0 30.0 30.0
0.3 30.0 30.0 30.0 30.0 30.0 30.0 30.0 30.0 30.0 30.0 30.0
0.4 30.0 30.0 30.0 30.0 30.0 30.0 30.0 30.0 30.0 30.0 30.0
0.5 30.0 30.0 30.0 30.0 30.0 30.0 30.0 30.0 30.0 30.0 30.0
0.6 30.0 30.0 30.0 30.0 30.0 30.0 30.0 30.0 30.0 30.0 30.0
0.7 30.0 30.0 30.0 30.0 30.0 30.0 30.0 30.0 30.0 30.0 30.0
0.8 30.0 30.0 30.0 30.0 30.0 30.0 30.0 30.0 30.0 30.0 30.0
0.9 30.0 30.0 30.0 30.0 30.0 30.0 30.0 30.0 30.0 30.0 30.0
1.0 30.0 30.0 30.0 30.0 30.0 30.0 30.0 30.0 30.0 30.0 30.0
1.1 30.0 30.0 30.0 30.0 30.0 30.0 30.0 30.0 30.0 30.0 30.0
1.2 30.0 30.0 30.0 30.0 30.0 30.0 30.0 30.0 30.0 30.0 30.0
1.3 30.0 30.0 30.0 30.0 30.0 30.0 30.0 30.0 30.0 30.0 30.0
1.4 30.0 30.0 30.0 30.0 30.0 30.0 30.0 30.0 30.0 30.0 30.0
1.5 30.0 30.0 30.0 30.0 30.0 30.0 30.0 30.0 30.0 30.0 30.0
1.6 30.0 30.0 30.0 30.0 30.0 30.0 30.0 30.0 30.0 30.0 30.0
1.7 30.0 30.0 30.0 30.0 30.0 30.0 30.0 30.0 30.0 30.0 30.0
1.8 30.0 30.0 30.0 30.0 30.0 30.0 30.0 30.0 30.0 30.0 30.0
1.9 30.0 30.0 30.0 30.0 30.0 30.0 30.0 30.0 30.0 30.0 30.0
2.0 30.0 30.0 30.0 30.0 30.0 30.0 30.0 30.0 30.0 30.0 30.0
2.1 30.0 30.0 30.0 30.0 30.0 30.0 30.0 30.0 30.0 30.0 30.0
2.2 30.0 30.0 30.0 30.0 30.0 30.0 30.0 30.0 30.0 30.0 30.0
2.3 30.0 30.0 30.0 30.0 30.0 30.0 30.0 30.0 30.0 30.0 30.0
2.4 30.0 30.0 30.0 30.0 30.0 30.0 30.0 30.0 30.0 30.0 30.0
2.5 30.0 30.0 30.0 30.0 30.0 30.0 30.0 30.0 30.0 30.0 30.0
2.6 30.0 30.0 30.0 30.0 30.0 30.0 30.0 30.0 30.0 30.0 30.0
2.7 30.0 30.0 30.0 30.0 30.0 30.0 30.0 30.0 30.0 30.0 30.0
2.8 30.0 30.0 30.0 30.0 30.0 30.0 30.0 30.0 30.0 30.0 30.0
2.9 30.0 30.0 30.0 30.0 30.0 30.0 30.0 30.0 30.0 30.0 30.0
3.0 30.0 30.0 30.0 30.0 30.0 30.0 30.0 30.0 30.0 30.0 30.0
3.1 30.0 30.0 30.0 30.0 30.0 30.0 30.0 30.0 30.0 30.0 30.0
3.2 30.0 30.0 30.0 30.0 30.0 30.0 30.0 30.0 30.0 30.0 30.0
3.3 30.0 30.0 30.0 30.0 30.0 30.0 30.0 30.0 30.0 30.0 30.0
3.4 30.0 30.0 30.0 30.0 30.0 30.0 30.0 30.0 30.0 30.0 30.0
3.5 30.0 30.0 30.0 30.0 30.0 30.0 30.0 30.0 30.0 30.0 30.0
3.6 30.0 30.0 30.0 30.0 30.0 30.0 30.0 30.0 30.0 30.0 30.0
3.7 30.0 30.0 30.0 30.0 30.0 30.0 30.0 30.0 30.0 30.0 30.0
3.8 30.0 30.0 30.0 30.0 30.0 30.0 30.0 30.0 30.0 30.0 30.0
3.9 30.0 30.0 30.0 30.0 30.0 30.0 30.0 30.0 30.0 30.0 30.0
4.0 30.0 30.0 30.0 30.0 30.0 30.0 30.0 30.0 30.0 30.0 30.0
4.1 30.0 30.0 30.0 30.0 30.0 30.0 30.0 30.0 30.0 30.0 30.0
4.2 30.0 30.0 30.0 30.0 30.0 30.0 30.0 30.0 30.0 30.0 30.0
4.3 30.0 30.0 30.0 30.0 30.0 30.0 30.0 30.0 30.0 30.0 30.0
4.4 30.0 30.0 30.0 30.0 30.0 30.0 30.0 30.0 30.0 30.0 30.0
4.5 30.0 30.0 30.0 30.0 30.0 30.0 30.0 30.0 30.0 30.0 30.0
4.6 30.0 30.0 30.0 30.0 30.0 30.0 30.0 30.0 30.0 30.0 30.0
4.7 30.0 30.0 30.0 30.0 30.0 30.0 30.0 30.0 30.0 30.0 30.0
4.8 30.0 30.0 30.0 30.0 30.0 30.0 30.0 30.0 30.0 30.0 30.0
4.9 30.0 30.0 30.0 30.0 30.0 30.0 30.0 30.0 30.0 30.0 30.0
5.0 30.0 30.0 30.0 30.0 30.0 30.0 30.0 30.0 30.0 30.0 30.0
5.1 30.0 30.0 30.0 30.0 30.0 30.0 30.0 30.0 30.0 30.0 30.0
5.2 30.0 30.0 30.0 30.0 30.0 30.0 30.0 30.0 30.0 30.0 30.0
5.3 30.0 30.0 30.0 30.0 30.0 30.0 30.0 30.0 30.0 30.0 30.0
5.4 30.0 30.0 30.0 30.0 30.0 30.0 30.0 30.0 30.0 30.0 30.0
5.5 30.0 30.0 30.0 30.0 30.0 30.0 30.0 30.0 30.0 30.0 30.0
5.6 30.0 30.0 30.0 30.0 30.0 30.0 30.0 30.0 30.0 30.0 30.0
5.7 30.0 30.0 30.0 30.0 30.0 30.0 30.0 30.0 30.0 30.0 30.0
5.8 30.0 30.0 30.0 30.0 30.0 30.0 30.0 30.0 30.0 30.0 30.0
5.9 30.0 30.0 30.0 30.0 30.0 30.0 30.0 30.0 30.0 30.0 30.0
6.0 30.0 30.0 30.0 30.0 30.0 30.0 30.0 30.0 30.0 30.0 30.0
6.1 30.0 30.0 30.0 30.0 30.0 30.0 30.0 30.0 30.0 30.0 30.0
6.2 30.0 30.0 30.0 30.0 30.0 30.0 30.0 30.0 30.0 30.0 30.0
6.3 30.0 29.774255319149585 30.0 30.0 30.0 30.0 30.0 30.0 30.0 30.0 30.0
6.4 30.0 29.552516188714794 30.0 30.0 30.0 30.0 30.0 30.0 30.0 30.0 30.0
6.5 30.0 29.3318093150471 30.0 30.0 30.0 30.0 30.0 30.0 30.0 30.0 30.0
6.6 30.0 29.11590041689392 30.0 30.0 30.0 30.0 30.0 30.0 30.0 30.0 30.0
6.7 30.0 28.90468519043972 30.0 30.0 30.0 30.0 30.0 30.0 30.0 30.0 30.0
6.8 30.0 28.69579630155086 30.0 30.0 30.0 30.0 30.0 30.0 30.0 30.0 30.0
6.9 30.0 28.489223050405283 30.0 30.0 30.0 30.0 30.0 30.0 30.0 30.0 30.0
7.0 30.0 28.287240315951838 30.0 30.0 30.0 30.0 30.0 30.0 30.0 30.0 30.0
7.1 30.0 28.089746086708487 30.0 30.0 30.0 30.0 30.0 30.0 30.0 30.0 30.0
7.2 30.0 27.89429154125393 30.0 30.0 30.0 30.0 30.0 30.0 30.0 30.0 30.0
7.3 30.0 27.701239460770896 30.0 30.0 30.0 30.0 30.0 30.0 30.0 30.0 30.0
7.4 30.0 27.51257492757157 30.0 30.0 30.0 30.0 30.0 30.0 30.0 30.0 30.0
7.5 30.0 27.328198224672246 30.0 30.0 30.0 30.0 30.0 30.0 30.0 30.0 30.0
7.6 30.0 27.14680287583504 30.0 30.0 30.0 30.0 30.0 30.0 30.0 30.0 30.0
7.7 30.0 26.966644669420308 30.0 30.0 30.0 30.0 30.0 30.0 30.0 30.0 30.0
7.8 30.0 27.139513398038414 30.0 30.0 30.0 30.0 30.0 30.0 30.0 30.0 30.0
7.9 30.0 27.333171879945763 30.0 30.0 30.0 30.0 30.0 30.0 30.0 30.0 30.0
8.0 30.0 27.54378160994698 30.0 30.0 30.0 30.0 30.0 30.0 30.0 30.0 30.0
8.1 30.0 27.772332027902735 30.0 30.0 30.0 30.0 30.0 30.0 30.0 30.0 30.0
8.2 30.0 26.972332027902734 30.0 30.0 30.0 30.0 30.0 30.0 30.0 30.0 30.0
8.3 30.0 26.172332027902733 30.0 30.0 30.0 30.0 30.0 30.0 30.0 30.0 30.0
8.4 30.0 25.372332027902733 30.0 30.0 30.0 30.0 30.0 30.0 30.0 30.0 30.0
8.5 30.0 24.572332027902732 30.0 30.0 30.0 30.0 30.0 30.0 30.0 30.0 30.0
8.6 30.0 24.188023727205284 30.0 30.0 30.0 30.0 30.0 30.0 30.0 30.0 30.0
8.7 30.0 24.068323134025142 30.0 30.0 30.0 30.0 30.0 30.0 30.0 30.0 30.0
8.8 30.0 23.95037441607646 30.0 30.0 30.0 30.0 30.0 30.0 30.0 30.0 30.0
8.9 30.0 23.833698148997588 30.0 30.0 30.0 30.0 30.0 30.0 30.0 30.0 30.0
9.0 30.0 23.720013581074614 30.0 30.0 30.0 30.0 30.0 30.0 30.0 30.0 30.0
9.1 30.0 23.609244002072742 30.0 30.0 30.0 30.0 30.0 30.0 30.0 30.0 30.0
9.2 30.0 23.50131466868627 30.0 30.0 30.0 30.0 30.0 30.0 30.0 30.0 30.0
9.3 30.0 23.3961527541046 30.0 30.0 30.0 30.0 30.0 30.0 30.0 30.0 30.0
9.4 30.0 23.29368729887114 30.0 30.0 30.0 30.0 30.0 30.0 30.0 30.0 30.0
9.5 30.0 23.19368729887114 30.0 30.0 30.0 30.0 30.0 30.0 30.0 30.0 30.0
9.6 30.0 23.093853422585056 30.0 30.0 30.0 30.0 30.0 30.0 30.0 30.0 30.0
9.7 30.0 23.386476323990937 30.0 30.0 30.0 30.0 30.0 30.0 30.0 30.0 30.0
9.8 30.0 23.699643597734774 30.0 30.0 30.0 30.0 30.0 30.0 30.0 30.0 30.0
9.9 30.0 24.029661417847983 30.0 30.0 30.0 30.0 30.0 30.0 30.0 30.0 30.0
10.0 30.0 24.368919882401784 30.0 30.0 30.0 30.0 30.0 30.0 30.0 30.0 30.0
10.1 30.0 23.568919882401783 30.0 30.0 30.0 30.0 30.0 30.0 30.0 30.0 30.0
10.2 30.0 22.768919882401782 30.0 30.0 30.0 30.0 30.0 30.0 30.0 30.0 30.0
10.3 30.0 21.96891988240178 30.0 30.0 30.0 30.0 30.0 30.0 30.0 30.0 30.0
10.4 30.0 21.16891988240178 30.0 30.0 30.0 30.0 30.0 30.0 30.0 30.0 30.0
10.5 30.0 20.83644988566855 30.0 30.0 30.0 30.0 30.0 30.0 30.0 30.0 30.0
10.6 30.0 20.79644988566855 30.0 30.0 30.0 30.0 30.0 30.0 30.0 30.0 30.0
10.7 30.0 20.75655131750663 30.0 30.0 30.0 30.0 30.0 30.0 30.0 30.0 30.0
10.8 30.0 20.717792708435038 30.0 30.0 30.0 30.0 30.0 30.0 30.0 30.0 30.0
10.9 30.0 20.680141488194042 30.0 30.0 30.0 30.0 30.0 30.0 30.0 30.0 30.0
11.0 30.0 20.643566017102792 30.0 30.0 30.0 30.0 30.0 30.0 30.0 30.0 30.0
11.1 30.0 20.608035559471325 30.0 30.0 30.0 30.0 30.0 30.0 30.0 30.0 30.0
11.2 30.0 20.573520257772163 30.0 30.0 30.0 30.0 30.0 30.0 30.0 30.0 30.0
11.3 30.0 20.53999110755013 30.0 30.0 30.0 30.0 30.0 30.0 30.0 30.0 30.0
11.4 30.0 20.507419933048702 30.0 30.0 30.0 30.0 30.0 30.0 30.0 30.0 30.0
11.5 30.0 20.475779363533036 30.0 30.0 30.0 30.0 30.0 30.0 30.0 30.0 30.0
11.6 30.0 20.871569398892326 30.0 30.0 30.0 30.0 30.0 30.0 30.0 30.0 30.0
11.7 30.0 21.280692471145322 30.0 30.0 30.0 30.0 30.0 30.0 30.0 30.0 30.0
11.8 30.0 21.703357742975264 30.0 30.0 30.0 30.0 30.0 30.0 30.0 30.0 30.0
11.9 30.0 22.132996722894895 30.0 30.0 30.0 30.0 30.0 30.0 30.0 30.0 30.0
12.0 30.0 21.332996722894894 30.0 30.0 30.0 30.0 30.0 30.0 30.0 30.0 30.0
12.1 30.0 20.532996722894893 30.0 30.0 30.0 30.0 30.0 30.0 30.0 30.0 30.0
12.2 30.0 19.732996722894892 30.0 30.0 30.0 30.0 30.0 30.0 30.0 30.0 30.0
12.3 30.0 18.93299672289489 30.0 30.0 30.0 30.0 30.0 30.0 30.0 30.0 30.0
12.4 30.0 18.638057428261956 30.0 30.0 30.0 30.0 30.0 30.0 30.0 30.0 30.0
12.5 30.0 18.66114659710254 30.0 30.0 30.0 30.0 30.0 30.0 30.0 30.0 30.0
12.6 30.0 18.683536094160036 30.0 30.0 30.0 30.0 30.0 30.0 30.0 30.0 30.0
12.7 30.0 18.705247121609723 30.0 30.0 30.0 30.0 30.0 30.0 30.0 30.0 30.0
12.8 30.0 18.726300239136744 29.949633529905896 30.0 30.0 30.0 30.0 30.0 30.0 30.0 30.0
12.9 30.0 18.746715383405352 29.721141793998473 30.0 30.0 30.0 30.0 30.0 30.0 30.0 30.0
13.0 30.0 18.76651188693851 29.49540839620684 30.0 30.0 30.0 30.0 30.0 30.0 30.0 30.0
13.1 30.0 18.78570849642525 29.27206976733712 30.0 30.0 30.0 30.0 30.0 30.0 30.0 30.0
13.2 30.0 18.804323390472984 29.05370369662588 30.0 30.0 30.0 30.0 30.0 30.0 30.0 30.0
13.3 30.0 18.822374196822313 28.840198528298618 30.0 30.0 30.0 30.0 30.0 30.0 30.0 30.0
13.4 30.0 18.839878009039822 28.627699478139892 30.0 30.0 30.0 30.0 30.0 30.0 30.0 30.0
13.5 30.0 19.308120479096324 28.41913872729326 30.0 30.0 30.0 30.0 30.0 30.0 30.0 30.0
13.6 30.0 19.78729340618168 28.458398261564383 30.0 30.0 30.0 30.0 30.0 30.0 30.0 30.0
13.7 30.0 20.273733782971256 28.521265937001417 30.0 30.0 30.0 30.0 30.0 30.0 30.0 30.0
13.8 30.0 20.76876996060059 28.60350528526566 30.0 30.0 30.0 30.0 30.0 30.0 30.0 30.0
13.9 30.0 19.96876996060059 28.704420154511602 30.0 30.0 30.0 30.0 30.0 30.0 30.0 30.0
14.0 30.0 19.16876996060059 28.06654415107804 30.0 30.0 30.0 30.0 30.0 30.0 30.0 30.0
14.1 30.0 18.368769960600588 27.43018051471435 30.0 30.0 30.0 30.0 30.0 30.0 30.0 30.0
14.2 30.0 17.568769960600587 26.797622375179472 30.0 30.0 30.0 30.0 30.0 30.0 30.0 30.0
14.3 30.0 17.298809639291175 26.16905094660806 30.0 30.0 30.0 30.0 30.0 30.0 30.0 30.0
14.4 30.0 17.36658997350758 25.822874564350602 30.0 30.0 30.0 30.0 30.0 30.0 30.0 30.0
14.5 30.0 17.432183845329927 25.655424622153014 30.0 30.0 30.0 30.0 30.0 30.0 30.0 30.0
14.6 30.0 17.495661785803147 25.48980645516766 30.0 30.0 30.0 30.0 30.0 30.0 30.0 30.0
14.7 30.0 17.557092050777236 25.327340408352363 30.0 30.0 30.0 30.0 30.0 30.0 30.0 30.0
14.8 30.0 17.616023797603624 25.169286437788507 30.0 30.0 30.0 30.0 30.0 30.0 30.0 30.0
14.9 30.0 17.671773053928497 25.015635897319594 30.0 30.0 30.0 30.0 30.0 30.0 30.0 30.0
15.0 30.0 17.72578014599319 24.866431526484448 30.0 30.0 30.0 30.0 30.0 30.0 30.0 30.0
15.1 30.0 17.778099516430935 24.719279930769854 30.0 30.0 30.0 30.0 30.0 30.0 30.0 30.0
15.2 30.0 17.828783906542476 24.57452607415212 30.0 30.0 30.0 30.0 30.0 30.0 30.0 30.0
15.3 30.0 17.877884409463014 24.433758934523244 30.0 30.0 30.0 30.0 30.0 30.0 30.0 30.0
15.4 30.0 18.394200521667294 24.296867348003016 30.0 30.0 30.0 30.0 30.0 30.0 30.0 30.0
15.5 30.0 18.915764126414757 24.433274539056946 30.0 30.0 30.0 30.0 30.0 30.0 30.0 30.0
15.6 30.0 19.444248589566833 24.595090864512315 30.0 30.0 30.0 30.0 30.0 30.0 30.0 30.0
15.7 30.0 19.978241278108957 24.776304588690298 30.0 30.0 30.0 30.0 30.0 30.0 30.0 30.0
15.8 30.0 19.178241278108956 24.972437677122958 30.0 30.0 30.0 30.0 30.0 30.0 30.0 30.0
15.9 30.0 18.378241278108955 24.352437677122985 30.0 30.0 30.0 30.0 30.0 30.0 30.0 30.0
16.0 30.0 17.578241278108955 23.73705306173839 30.0 30.0 30.0 30.0 30.0 30.0 30.0 30.0
16.1 30.0 16.778241278108954 23.12652674594896 30.0 30.0 30.0 30.0 30.0 30.0 30.0 30.0
16.2 30.0 16.525633235505538 22.517933936845015 30.0 30.0 30.0 30.0 30.0 30.0 30.0 30.0
16.3 30.0 16.6214454609887 22.22262237964063 30.0 30.0 30.0 30.0 30.0 30.0 30.0 30.0
16.4 30.0 16.71406394562248 22.123029611830084 30.0 30.0 30.0 30.0 30.0 30.0 30.0 30.0
16.5 30.0 16.803479174937134 22.026905396329255 30.0 30.0 30.0 30.0 30.0 30.0 30.0 30.0
16.6 30.0 16.88723791122951 21.934158302811383 30.0 30.0 30.0 30.0 30.0 30.0 30.0 30.0
16.7 30.0 16.968294752802812 21.84529379120482 30.0 30.0 30.0 30.0 30.0 30.0 30.0 30.0
16.8 30.0 17.046736857551192 21.75948824078956 30.0 30.0 30.0 30.0 30.0 30.0 30.0 30.0
16.9 30.0 17.12264857182376 21.67663777637005 30.0 30.0 30.0 30.0 30.0 30.0 30.0 30.0
17.0 30.0 17.196111521119853 21.596548736690757 30.0 30.0 30.0 30.0 30.0 30.0 30.0 30.0
17.1 30.0 17.267204697857913 21.517167756680912 30.0 30.0 30.0 30.0 30.0 30.0 30.0 30.0
17.2 30.0 17.336004546314072 21.440584247033144 30.0 30.0 30.0 30.0 30.0 30.0 30.0 30.0
17.3 30.0 17.877504262169445 21.366701389168124 30.0 30.0 30.0 30.0 30.0 30.0 30.0 30.0
17.4 30.0 18.430382791734925 21.59336253272733 30.0 30.0 30.0 30.0 30.0 30.0 30.0 30.0
17.5 30.0 18.98097725259142 21.8376157264694 30.0 30.0 30.0 30.0 30.0 30.0 30.0 30.0
17.6 30.0 19.535037414203668 22.102670702842982 30.0 30.0 30.0 30.0 30.0 30.0 30.0 30.0
17.7 30.0 18.735037414203667 22.38674604994149 30.0 30.0 30.0 30.0 30.0 30.0 30.0 30.0
17.8 30.0 17.935037414203666 21.7816988594025 30.0 30.0 30.0 30.0 30.0 30.0 30.0 30.0
17.9 30.0 17.135037414203666 21.18169885940247 30.0 30.0 30.0 30.0 30.0 30.0 30.0 30.0
18.0 30.0 16.335037414203665 20.587413145116724 30.0 30.0 30.0 30.0 30.0 30.0 30.0 30.0
18.1 30.0 16.097202833730407 19.999177850999118 30.0 30.0 30.0 30.0 30.0 30.0 30.0 30.0
18.2 30.0 16.207296072606088 19.7445111855069 30.0 30.0 30.0 30.0 30.0 30.0 30.0 30.0
18.3 30.0 16.31371953685253 19.705236175642558 30.0 30.0 30.0 30.0 30.0 30.0 30.0 30.0
18.4 30.0 16.416595552290826 19.668087724058417 30.0 30.0 30.0 30.0 30.0 30.0 30.0 30.0
18.5 30.0 16.516042367214467 19.632970904558398 30.0 30.0 30.0 30.0 30.0 30.0 30.0 30.0
18.6 30.0 16.612174288307287 19.5997946622387 30.0 30.0 30.0 30.0 30.0 30.0 30.0 30.0
18.7 30.0 16.705101812030406 19.568471663648207 30.0 30.0 30.0 30.0 30.0 30.0 30.0 30.0
18.8 30.0 16.79493175162939 19.538918152555453 30.0 30.0 30.0 30.0 30.0 30.0 30.0 30.0
18.9 30.0 16.879129703137217 19.511053811115787 30.0 30.0 30.0 30.0 30.0 30.0 30.0 30.0
19.0 30.0 16.960448099810186 19.485499829507447 30.0 30.0 30.0 30.0 30.0 30.0 30.0 30.0
19.1 30.0 17.039143322396903 19.461459670696794 30.0 30.0 30.0 30.0 30.0 30.0 30.0 30.0
19.2 30.0 17.59917095715836 19.43882094499147 30.0 30.0 30.0 30.0 30.0 30.0 30.0 30.0
19.3 30.0 18.1617227723359 19.730613013878468 30.0 30.0 30.0 30.0 30.0 30.0 30.0 30.0
19.4 30.0 18.72767896795194 20.047064660611007 30.0 30.0 30.0 30.0 30.0 30.0 30.0 30.0
19.5 30.0 19.296639028660586 20.374474077149458 30.0 30.0 30.0 30.0 30.0 30.0 30.0 30.0
19.6 30.0 18.496639028660585 20.72032794504869 30.0 30.0 30.0 30.0 30.0 30.0 30.0 30.0
19.7 30.0 17.696639028660584 20.128318575190168 30.0 30.0 30.0 30.0 30.0 30.0 30.0 30.0
19.8 30.0 16.896639028660584 19.540083281072505 30.0 30.0 30.0 30.0 30.0 30.0 30.0 30.0
19.9 30.0 16.096639028660583 18.958265099254312 30.0 30.0 30.0 30.0 30.0 30.0 30.0 30.0
20.0 30.0 15.86215627004015 18.383265099254302 30.0 30.0 30.0 30.0 30.0 30.0 30.0 30.0
20.1 30.0 15.984150881418067 18.162236340764828 29.73725240103968 30.0 30.0 30.0 30.0 30.0 30.0 30.0
20.2 30.0 16.098540822656886 18.166605470665925 29.382895958735226 30.0 30.0 30.0 30.0 30.0 30.0 30.0
20.3 30.0 15.298540822656886 17.366605470665924 28.582895958735225 29.2 29.2 29.2 29.2 29.2 29.2 29.2
20.4 30.0 14.498540822656885 16.566605470665923 27.782895958735224 28.4 28.4 28.4 28.4 28.4 28.4 28.4
20.5 30.0 13.698540822656884 15.766605470665922 26.982895958735224 27.599999999999998 27.599999999999998 27.599999999999998 27.599999999999998 27.599999999999998 27.599999999999998 27.599999999999998
20.6 30.0 12.898540822656884 14.966605470665922 26.182895958735223 26.799999999999997 26.799999999999997 26.799999999999997 26.799999999999997 26.799999999999997 26.799999999999997 26.799999999999997
20.7 30.0 12.898540822656884 14.966605470665922 26.182895958735223 26.799999999999997 26.799999999999997 26.799999999999997 26.799999999999997 26.799999999999997 26.799999999999997 26.799999999999997
20.8 30.0 12.898540822656884 14.966605470665922 26.182895958735223 26.799999999999997 26.799999999999997 26.799999999999997 26.799999999999997 26.799999999999997 26.799999999999997 26.799999999999997
20.9 30.0 12.898540822656884 14.966605470665922 26.145925706202306 26.799999999999997 26.799999999999997 26.799999999999997 26.799999999999997 26.799999999999997 26.799999999999997 26.799999999999997
21.0 30.0 12.898540822656884 14.966605470665922 25.879751414880094 26.799999999999997 26.799999999999997 26.799999999999997 26.799999999999997 26.799999999999997 26.799999999999997 26.799999999999997
21.1 30.0 12.898540822656884 14.966605470665922 25.619914606684517 26.799999999999997 26.799999999999997 26.799999999999997 26.799999999999997 26.799999999999997 26.799999999999997 26.799999999999997
21.2 30.0 12.898540822656884 14.966605470665922 25.36056352060319 26.799999999999997 26.799999999999997 26.799999999999997 26.799999999999997 26.799999999999997 26.799999999999997 26.799999999999997
21.3 30.0 12.898540822656884 14.966605470665922 25.10705234865355 26.799999999999997 26.799999999999997 26.799999999999997 26.799999999999997 26.799999999999997 26.799999999999997 26.799999999999997
21.4 30.0 12.898540822656884 14.966605470665922 24.859724376019756 26.799999999999997 26.799999999999997 26.799999999999997 26.799999999999997 26.799999999999997 26.799999999999997 26.799999999999997
21.5 30.0 12.898540822656884 14.966605470665922 24.61388951278645 26.799999999999997 26.799999999999997 26.799999999999997 26.799999999999997 26.799999999999997 26.799999999999997 26.799999999999997
21.6 30.0 12.898540822656884 14.966605470665922 24.372707411733536 26.799999999999997 26.799999999999997 26.799999999999997 26.799999999999997 26.799999999999997 26.799999999999997 26.799999999999997
21.7 30.0 12.898540822656884 14.966605470665922 24.13755486320685 26.799999999999997 26.799999999999997 26.799999999999997 26.799999999999997 26.799999999999997 26.799999999999997 26.799999999999997
21.8 30.0 12.898540822656884 14.966605470665922 23.90592936245479 26.799999999999997 26.799999999999997 26.799999999999997 26.799999999999997 26.799999999999997 26.799999999999997 26.799999999999997
21.9 30.0 12.898540822656884 14.966605470665922 23.676715929332058 26.799999999999997 26.799999999999997 26.799999999999997 26.799999999999997 26.799999999999997 26.799999999999997 26.799999999999997
22.0 30.0 12.898540822656884 14.966605470665922 23.453379763725277 26.799999999999997 26.799999999999997 26.799999999999997 26.799999999999997 26.799999999999997 26.799999999999997 26.799999999999997
22.1 30.0 12.898540822656884 14.966605470665922 23.235770166467443 26.799999999999997 26.799999999999997 26.799999999999997 26.799999999999997 26.799999999999997 26.799999999999997 26.799999999999997
22.2 30.0 12.898540822656884 14.966605470665922 23.019101889379787 26.799999999999997 26.799999999999997 26.799999999999997 26.799999999999997 26.799999999999997 26.799999999999997 26.799999999999997
22.3 30.0 12.898540822656884 14.934992995309317 22.80719408888733 26.799999999999997 26.799999999999997 26.799999999999997 26.799999999999997 26.799999999999997 26.799999999999997 26.799999999999997
22.4 30.0 12.898540822656884 14.862262560571764 22.585056571782147 26.799999999999997 26.799999999999997 26.799999999999997 26.799999999999997 26.799999999999997 26.799999999999997 26.799999999999997
22.5 30.0 12.898540822656884 14.792129641360482 22.345951564627974 26.799999999999997 26.799999999999997 26.799999999999997 26.799999999999997 26.799999999999997 26.799999999999997 26.799999999999997
22.6 30.0 12.898540822656884 14.724501469263965 22.107675497896256 26.799999999999997 26.799999999999997 26.799999999999997 26.799999999999997 26.799999999999997 26.799999999999997 26.799999999999997
22.7 30.0 12.898540822656884 14.659288589028026 21.87523006204843 26.799999999999997 26.799999999999997 26.799999999999997 26.799999999999997 26.799999999999997 26.799999999999997 26.799999999999997
22.8 30.0 12.898540822656884 14.59640474022908 21.648479431852067 26.799999999999997 26.799999999999997 26.799999999999997 26.799999999999997 26.799999999999997 26.799999999999997 26.799999999999997
22.9 30.0 12.898540822656884 14.535766743172992 21.422493194681163 26.799999999999997 26.799999999999997 26.799999999999997 26.799999999999997 26.799999999999997 26.799999999999997 26.799999999999997
23.0 30.0 12.898540822656884 14.477294388868804 21.200876239166803 26.799999999999997 26.799999999999997 26.799999999999997 26.799999999999997 26.799999999999997 26.799999999999997 26.799999999999997
23.1 30.0 12.898540822656884 14.420910332932756 20.984873899506336 26.799999999999997 26.799999999999997 26.799999999999997 26.799999999999997 26.799999999999997 26.799999999999997 26.799999999999997
23.2 30.0 12.898540822656884 14.3653007337719 20.773616680251607 26.799999999999997 26.799999999999997 26.799999999999997 26.799999999999997 26.799999999999997 26.799999999999997 26.799999999999997
23.3 30.0 12.898540822656884 14.310976292619547 20.562914124104466 26.799999999999997 26.799999999999997 26.799999999999997 26.799999999999997 26.799999999999997 26.799999999999997 26.799999999999997
23.4 30.0 12.898540822656884 14.25866386780619 20.35790117178805 26.799999999999997 26.799999999999997 26.799999999999997 26.799999999999997 26.799999999999997 26.799999999999997 26.799999999999997
23.5 30.0 12.898540822656884 14.20828894020816 20.15822835676489 26.799999999999997 26.799999999999997 26.799999999999997 26.799999999999997 26.799999999999997 26.799999999999997 26.799999999999997
23.6 30.0 12.898540822656884 14.159779750669236 19.962696450030872 26.799999999999997 26.799999999999997 26.799999999999997 26.799999999999997 26.799999999999997 26.799999999999997 26.799999999999997
23.7 30.0 12.898540822656884 14.113067197779833 19.767767834692048 26.799999999999997 26.799999999999997 26.799999999999997 26.799999999999997 26.799999999999997 26.799999999999997 26.799999999999997
23.8 30.0 12.898540822656884 14.06808473944189 19.578096833632344 26.799999999999997 26.799999999999997 26.799999999999997 26.799999999999997 26.799999999999997 26.799999999999997 26.799999999999997
23.9 30.0 12.898540822656884 14.024768298079476 19.393546425222446 26.799999999999997 26.799999999999997 26.799999999999997 26.799999999999997 26.799999999999997 26.799999999999997 26.799999999999997
24.0 30.0 12.898540822656884 13.98305616936005 19.213982965507704 26.799999999999997 26.799999999999997 26.799999999999997 26.799999999999997 26.799999999999997 26.799999999999997 26.799999999999997
24.1 30.0 12.898540822656884 13.942888934297025 19.034405692208594 26.799999999999997 26.799999999999997 26.799999999999997 26.799999999999997 26.799999999999997 26.799999999999997 26.799999999999997
24.2 30.0 12.898540822656884 13.904209374606625 18.85942509360305 26.799999999999997 26.799999999999997 26.799999999999997 26.799999999999997 26.799999999999997 26.799999999999997 26.799999999999997
24.3 30.0 12.898540822656884 13.86696239120116 18.689341207732348 26.799999999999997 26.799999999999997 26.799999999999997 26.799999999999997 26.799999999999997 26.799999999999997 26.799999999999997
24.4 30.0 12.898540822656884 13.83109492569947 18.524020676386208 26.799999999999997 26.799999999999997 26.799999999999997 26.799999999999997 26.799999999999997 26.799999999999997 26.799999999999997
24.5 30.0 12.898540822656884 13.79655588484606 18.362187801766527 26.799999999999997 26.799999999999997 26.799999999999997 26.799999999999997 26.799999999999997 26.799999999999997 26.799999999999997
24.6 30.0 13.498540822656883 13.763296067727941 18.20116293890937 27.4 27.4 27.4 27.4 27.4 27.4 27.4
24.7 30.0 14.098540822656883 14.10904587346606 18.044810321340975 28.0 28.0 28.0 28.0 28.0 28.0 28.0
24.8 30.0 14.698540822656883 14.479724084122548 18.105497266643283 28.6 28.6 28.6 28.6 28.6 28.6 28.6
24.9 30.0 15.298540822656882 14.862486854165075 18.1916060317296 29.200000000000003 29.200000000000003 29.200000000000003 29.200000000000003 29.200000000000003 29.200000000000003 29.200000000000003
25.0 30.0 15.898540822656882 15.26497333475073 18.302875115579607 29.800000000000004 29.800000000000004 29.800000000000004 29.800000000000004 29.800000000000004 29.800000000000004 29.800000000000004
25.1 30.0 16.49854082265688 15.679923937782018 18.435267633424655 30.0 30.0 30.0 30.0 30.0 30.0 30.0
25.2 30.0 17.098540822656883 16.114498396773715 18.590683323180727 30.0 30.0 30.0 30.0 30.0 30.0 30.0
25.3 30.0 17.698540822656884 16.557251171725095 18.769326601702158 30.0 30.0 30.0 30.0 30.0 30.0 30.0
25.4 30.0 18.298540822656886 17.01152792339812 18.97062902803709 30.0 30.0 30.0 30.0 30.0 30.0 30.0
25.5 30.0 18.898540822656887 17.478850920148474 19.192991508407363 30.0 30.0 30.0 30.0 30.0 30.0 30.0
25.6 30.0 19.49854082265689 17.955081539055275 19.43142241532177 30.0 30.0 30.0 30.0 30.0 30.0 30.0
25.7 30.0 20.09854082265689 18.44256391987965 19.692586640610827 30.0 30.0 30.0 30.0 30.0 30.0 30.0
25.8 30.0 20.69854082265689 18.932094760044265 19.972502922295625 30.0 30.0 30.0 30.0 30.0 30.0 30.0
25.9 30.0 21.298540822656893 19.4331050924727 20.265254300559555 30.0 30.0 30.0 30.0 30.0 30.0 30.0
26.0 30.0 21.898540822656894 19.94381028520342 20.577374115709162 30.0 30.0 30.0 30.0 30.0 30.0 30.0
26.1 30.0 22.498540822656896 20.45550917305793 20.90642930124588 30.0 30.0 30.0 30.0 30.0 30.0 30.0
26.2 30.0 23.098540822656897 20.97456648692458 21.24768936661752 30.0 30.0 30.0 30.0 30.0 30.0 30.0
26.3 30.0 23.6985408226569 21.500232440694912 21.60526199059805 30.0 30.0 30.0 30.0 30.0 30.0 30.0
26.4 30.0 24.2985408226569 22.029870731611783 21.97181024054735 30.0 30.0 30.0 30.0 30.0 30.0 30.0
26.5 30.0 24.8985408226569 22.56506389429833 22.357175829372082 30.0 30.0 30.0 30.0 30.0 30.0 30.0
26.6 30.0 25.498540822656903 23.10274857195658 22.748386132592916 30.0 30.0 30.0 30.0 30.0 30.0 30.0
26.7 30.0 26.098540822656904 23.64359584577051 23.153900169797986 30.0 30.0 30.0 30.0 30.0 30.0 30.0
26.8 30.0 26.698540822656906 24.191343094614897 23.567313375406496 30.0 30.0 30.0 30.0 30.0 30.0 30.0
26.9 30.0 27.298540822656907 24.741486558382356 23.99551960695298 30.0 30.0 30.0 30.0 30.0 30.0 30.0
27.0 30.0 27.89854082265691 25.290611156639674 24.426888388390523 30.0 30.0 30.0 30.0 30.0 30.0 30.0
27.1 30.0 28.49854082265691 25.84578540686299 24.870819692883646 30.0 30.0 30.0 30.0 30.0 30.0 30.0
27.2 30.0 29.09854082265691 26.40637868201617 25.320360006975516 30.0 30.0 30.0 30.0 30.0 30.0 30.0
27.3 30.0 29.698540822656913 26.964302006743964 25.78014624876085 30.0 30.0 30.0 30.0 30.0 30.0 30.0
27.4 30.0 30.0 27.524949225649046 26.246708760046566 30.0 30.0 30.0 30.0 30.0 30.0 30.0
27.5 30.0 30.0 27.83470014237735 26.71782129853665 30.0 30.0 30.0 30.0 30.0 30.0 30.0
27.6 30.0 30.0 27.88391150277791 26.9887145546437 30.0 30.0 30.0 30.0 30.0 30.0 30.0
27.7 30.0 30.0 27.932004423169346 27.04844439654487 30.0 30.0 30.0 30.0 30.0 30.0 30.0
27.8 30.0 30.0 27.979004322642776 27.107019264450262 30.0 30.0 30.0 30.0 30.0 30.0 30.0
27.9 30.0 30.0 28.024381908303113 27.164460697945366 30.0 30.0 30.0 30.0 30.0 30.0 30.0
28.0 30.0 30.0 28.068284532563037 27.22043070551735 30.0 30.0 30.0 30.0 30.0 30.0 30.0
28.1 30.0 30.0 28.111211542950493 27.274622652702504 30.0 30.0 30.0 30.0 30.0 30.0 30.0
28.2 30.0 30.0 28.153184619773814 27.32778252210723 30.0 30.0 30.0 30.0 30.0 30.0 30.0
28.3 30.0 30.0 28.194224961556632 27.379929335436387 30.0 30.0 30.0 30.0 30.0 30.0 30.0
28.4 30.0 30.0 28.234353295744242 27.431081780629967 30.0 30.0 30.0 30.0 30.0 30.0 30.0
28.5 30.0 30.0 28.273589889172175 27.481258217259086 30.0 30.0 30.0 30.0 30.0 30.0 30.0
28.6 30.0 30.0 28.31195455830168 27.530476681847542 30.0 30.0 30.0 30.0 30.0 30.0 30.0
28.7 30.0 30.0 28.349466679228275 27.57875489312005 30.0 30.0 30.0 30.0 30.0 30.0 30.0
28.8 30.0 30.0 28.38614519746764 27.626110257177757 30.0 30.0 30.0 30.0 30.0 30.0 30.0
28.9 30.0 30.0 28.422008637523888 27.672559872602026 30.0 30.0 30.0 30.0 30.0 30.0 30.0
29.0 30.0 30.0 28.457075112245626 27.71812053548582 30.0 30.0 30.0 30.0 30.0 30.0 30.0
29.1 30.0 30.0 28.491362331973484 27.762808744395365 30.0 30.0 30.0 30.0 30.0 30.0 30.0
29.2 30.0 30.0 28.524887613485163 27.806640705260207 30.0 30.0 30.0 30.0 30.0 30.0 30.0
29.3 30.0 30.0 28.557667888741058 27.849632336195015 30.0 30.0 30.0 30.0 30.0 30.0 30.0
29.4 30.0 30.0 28.589719713435723 27.89179927225182 30.0 30.0 30.0 30.0 30.0 30.0 30.0
29.5 30.0 30.0 28.62105927535936 27.933156870104046 30.0 30.0 30.0 30.0 30.0 30.0 30.0
29.6 30.0 30.0 28.651702402573573 27.973720212662776 30.0 30.0 30.0 30.0 30.0 30.0 30.0
29.7 30.0 30.0 28.681664571405314 28.013204022212637 30.0 30.0 30.0 30.0 30.0 30.0 30.0
29.8 30.0 30.0 28.710960914262998 28.051362610174902 30.0 30.0 30.0 30.0 30.0 30.0 30.0
29.9 30.0 30.0 28.739606227279364 28.088806394710588 30.0 30.0 30.0 30.0 30.0 30.0 30.0
30.0 30.0 30.0 28.76761497778431 28.125548301113653 30.0 30.0 30.0 30.0 30.0 30.0 30.0
30.1 30.0 30.0 28.79500131161136 28.161601033210143 30.0 30.0 30.0 30.0 30.0 30.0 30.0
30.2 30.0 30.0 28.821305602410906 28.196977076817802 30.0 30.0 30.0 30.0 30.0 30.0 30.0
30.3 30.0 30.0 28.84692939366287 28.23178339472861 30.0 30.0 30.0 30.0 30.0 30.0 30.0
30.4 30.0 30.0 28.871996145974556 28.265952338817545 30.0 30.0 30.0 30.0 30.0 30.0 30.0
30.5 30.0 30.0 28.896517968888112 28.299473380826026 30.0 30.0 30.0 30.0 30.0 30.0 30.0
30.6 30.0 30.0 28.920506708694905 28.33235849666936 30.0 30.0 30.0 30.0 30.0 30.0 30.0
30.7 30.0 30.0 28.943973954158036 28.364619448782076 30.0 30.0 30.0 30.0 30.0 30.0 30.0
30.8 30.0 30.0 28.96693104211117 28.396267789716482 30.0 30.0 30.0 30.0 30.0 30.0 30.0
30.9 30.0 30.0 28.989389062934876 28.427314865687713 30.0 30.0 30.0 30.0 30.0 30.0 30.0
31.0 30.0 30.0 29.011358865914538 28.457771820063257 30.0 30.0 30.0 30.0 30.0 30.0 30.0
31.1 30.0 30.0 29.032851064481623 28.487649596799244 30.0 30.0 30.0 30.0 30.0 30.0 30.0
31.2 30.0 30.0 29.053876041340743 28.516958943823585 30.0 30.0 30.0 30.0 30.0 30.0 30.0
31.3 30.0 30.0 29.07444395348554 28.54571041636678 30.0 30.0 30.0 30.0 30.0 30.0 30.0
31.4 30.0 30.0 29.0945647371054 28.573914380240875 30.0 30.0 30.0 30.0 30.0 30.0 30.0
31.5 30.0 30.0 29.1142481123857 28.60158101506712 30.0 30.0 30.0 30.0 30.0 30.0 30.0
31.6 30.0 30.0 29.13350358820337 28.62872031745399 30.0 30.0 30.0 30.0 30.0 30.0 30.0
31.7 30.0 30.0 29.15234046672066 28.655342104124763 30.0 30.0 30.0 30.0 30.0 30.0 30.0
31.8 30.0 30.0 29.17076784787889 28.681456014996286 30.0 30.0 30.0 30.0 30.0 30.0 30.0
31.9 30.0 30.0 29.188794633794608 28.707071516209094 30.0 30.0 30.0 30.0 30.0 30.0 30.0
32.0 30.0 30.0 29.2064295330599 28.73219790311026 30.0 30.0 30.0 30.0 30.0 30.0 30.0
32.1 30.0 30.0 29.223681064949897 28.756844303188068 30.0 30.0 30.0 30.0 30.0 30.0 30.0
32.2 30.0 30.0 29.240557563537937 28.78101967896143 30.0 30.0 30.0 30.0 30.0 30.0 30.0
32.3 30.0 30.0 29.257067181721865 28.804629943195863 30.0 30.0 30.0 30.0 30.0 30.0 30.0
32.4 30.0 30.0 29.27321789516273 28.827386106090312 30.0 30.0 30.0 30.0 30.0 30.0 30.0
32.5 30.0 30.0 29.28901750613749 28.84971779028469 30.0 30.0 30.0 30.0 30.0 30.0 30.0
32.6 30.0 30.0 29.304473647308374 28.871632697044372 30.0 30.0 30.0 30.0 30.0 30.0 30.0
32.7 30.0 30.0 29.319593785410387 28.893138393401173 30.0 30.0 30.0 30.0 30.0 30.0 30.0
32.8 30.0 30.0 29.33438522485794 28.91424231435084 30.0 30.0 30.0 30.0 30.0 30.0 30.0
32.9 30.0 30.0 29.348855111274105 28.934951765016468 30.0 30.0 30.0 30.0 30.0 30.0 30.0
33.0 30.0 30.0 29.36301043494204 28.955273922782535 30.0 30.0 30.0 30.0 30.0 30.0 30.0
33.1 30.0 30.0 29.376858034182465 28.975215839395627 30.0 30.0 30.0 30.0 30.0 30.0 30.0
33.2 30.0 30.0 29.39040459865673 28.994784443035694 30.0 30.0 30.0 30.0 30.0 30.0 30.0
33.3 30.0 30.0 29.40365667259896 29.013986540355187 30.0 30.0 30.0 30.0 30.0 30.0 30.0
33.4 30.0 30.0 29.416620657977262 29.032828818489204 30.0 30.0 30.0 30.0 30.0 30.0 30.0
33.5 30.0 30.0 29.429302817586485 29.05131784703496 30.0 30.0 30.0 30.0 30.0 30.0 30.0
33.6 30.0 30.0 29.441709278073784 29.069460080001974 30.0 30.0 30.0 30.0 30.0 30.0 30.0
33.7 30.0 30.0 29.45384603289822 29.087261857732816 30.0 30.0 30.0 30.0 30.0 30.0 30.0
33.8 30.0 30.0 29.46571894522653 29.10472940879461 30.0 30.0 30.0 30.0 30.0 30.0 30.0
33.9 30.0 30.0 29.47733375076511 29.1218688518435 30.0 30.0 30.0 30.0 30.0 30.0 30.0
34.0 30.0 30.0 29.488696060531087 29.13868619745893 30.0 30.0 30.0 30.0 30.0 30.0 30.0
34.1 30.0 30.0 29.499811363563044 29.155187349951287 30.0 30.0 30.0 30.0 30.0 30.0 30.0
34.2 30.0 30.0 29.510685029572567 29.17137810914173 30.0 30.0 30.0 30.0 30.0 30.0 30.0
34.3 30.0 30.0 29.521322311538384 29.187264172115096 30.0 30.0 30.0 30.0 30.0 30.0 30.0
34.4 30.0 30.0 29.53172834824406 29.20285113494539 30.0 30.0 30.0 30.0 30.0 30.0 30.0
34.5 30.0 30.0 29.54190816676052 29.21814449439541 30.0 30.0 30.0 30.0 30.0 30.0 30.0
34.6 30.0 30.0 29.551866684874405 29.233149649590203 30.0 30.0 30.0 30.0 30.0 30.0 30.0
34.7 30.0 30.0 29.561608713464103 29.247871903663764 30.0 30.0 30.0 30.0 30.0 30.0 30.0
34.8 30.0 30.0 29.571138958823543 29.262316465381858 30.0 30.0 30.0 30.0 30.0 30.0 30.0
34.9 30.0 30.0 29.5804620249361 29.27648845073792 30.0 30.0 30.0 30.0 30.0 30.0 30.0
35.0 30.0 30.0 29.58958241569833 29.290392884526018 30.0 30.0 30.0 30.0 30.0 30.0 30.0
35.1 30.0 30.0 29.598504537096225 29.304034701887105 30.0 30.0 30.0 30.0 30.0 30.0 30.0
35.2 30.0 30.0 29.607078812113368 29.31741874983355 30.0 30.0 30.0 30.0 30.0 30.0 30.0
35.3 30.0 30.0 29.615438837387533 29.3305798971164 30.0 30.0 30.0 30.0 30.0 30.0 30.0
35.4 30.0 30.0 29.623620989783575 29.343496850929792 30.0 30.0 30.0 30.0 30.0 30.0 30.0
35.5 30.0 30.0 29.631629053830753 29.356167802614728 30.0 30.0 30.0 30.0 30.0 30.0 30.0
35.6 30.0 30.0 29.639466733536523 29.36859735959208 30.0 30.0 30.0 30.0 30.0 30.0 30.0
35.7 30.0 30.0 29.647137654099545 29.380790044875944 30.0 30.0 30.0 30.0 30.0 30.0 30.0
35.8 30.0 30.0 29.654645363586752 29.392750298572867 30.0 30.0 30.0 30.0 30.0 30.0 30.0
35.9 30.0 30.0 29.661993334574312 29.404482479356357 30.0 30.0 30.0 30.0 30.0 30.0 30.0
36.0 30.0 30.0 29.669184965753555 29.41599086591629 30.0 30.0 30.0 30.0 30.0 30.0 30.0
36.1 30.0 30.0 29.67622358350344 29.427279658383007 30.0 30.0 30.0 30.0 30.0 30.0 30.0
36.2 30.0 30.0 29.683112443428946 29.438352979727842 30.0 30.0 30.0 30.0 30.0 30.0 30.0
36.3 30.0 30.0 29.689854731866582 29.449214877139735 30.0 30.0 30.0 30.0 30.0 30.0 30.0
36.4 30.0 30.0 29.696453567358734 29.45986932337714 30.0 30.0 30.0 30.0 30.0 30.0 30.0
36.5 30.0 30.0 29.702912002095804 29.470320218098667 30.0 30.0 30.0 30.0 30.0 30.0 30.0
36.6 30.0 30.0 29.709233023327837 29.48057138916972 30.0 30.0 30.0 30.0 30.0 30.0 30.0
36.7 30.0 30.0 29.715419554746408 29.490626593946686 30.0 30.0 30.0 30.0 30.0 30.0 30.0
36.8 30.0 30.0 29.72147445783693 29.50048952053986 30.0 30.0 30.0 30.0 30.0 30.0 30.0
36.9 30.0 30.0 29.727400533202083 29.510163789053873 30.0 30.0 30.0 30.0 30.0 30.0 30.0
37.0 30.0 30.0 29.733200521857363 29.51965295280731 30.0 30.0 30.0 30.0 30.0 30.0 30.0
37.1 30.0 30.0 29.73887710649865 29.528960499531145 30.0 30.0 30.0 30.0 30.0 30.0 30.0
37.2 30.0 30.0 29.74443291274339 29.538089852546175 30.0 30.0 30.0 30.0 30.0 30.0 30.0
37.3 30.0 30.0 29.749870510344586 29.547044371921277 30.0 30.0 30.0 30.0 30.0 30.0 30.0
37.4 30.0 30.0 29.755192414379792 29.555827355609733 30.0 30.0 30.0 30.0 30.0 30.0 30.0
37.5 30.0 30.0 29.760401086414223 29.564442040567833 30.0 30.0 30.0 30.0 30.0 30.0 30.0
37.6 30.0 30.0 29.76549893563945 29.57289160385304 30.0 30.0 30.0 30.0 30.0 30.0 30.0
37.7 30.0 30.0 29.770488319987543 29.581179163703492 30.0 30.0 30.0 30.0 30.0 30.0 30.0
37.8 30.0 30.0 29.775371547221866 29.589307780598375 30.0 30.0 30.0 30.0 30.0 30.0 30.0
37.9 30.0 30.0 29.780150876004402 29.5972804583004 30.0 30.0 30.0 30.0 30.0 30.0 30.0
38.0 30.0 30.0 29.78482851694049 29.604991631159034 30.0 30.0 30.0 30.0 30.0 30.0 30.0
38.1 30.0 30.0 29.789406633601335 29.612500346061523 30.0 30.0 30.0 30.0 30.0 30.0 30.0
38.2 30.0 30.0 29.79388734352475 29.61986835891236 30.0 30.0 30.0 30.0 30.0 30.0 30.0
38.3 30.0 30.0 29.79827271919441 29.627098257886374 30.0 30.0 30.0 30.0 30.0 30.0 30.0
38.4 30.0 30.0 29.80256478899878 29.634192584717955 30.0 30.0 30.0 30.0 30.0 30.0 30.0
38.5 30.0 30.0 29.806765538169053 29.641153835506074 30.0 30.0 30.0 30.0 30.0 30.0 30.0
38.6 30.0 30.0 29.810876909697367 29.64798446150531 30.0 30.0 30.0 30.0 30.0 30.0 30.0
38.7 30.0 30.0 29.814900805235744 29.654686869904044 30.0 30.0 30.0 30.0 30.0 30.0 30.0
38.8 30.0 30.0 29.818839085975405 29.661263424590274 30.0 30.0 30.0 30.0 30.0 30.0 30.0
38.9 30.0 30.0 29.82269357350787 29.66771644690411 30.0 30.0 30.0 30.0 30.0 30.0 30.0
39.0 30.0 30.0 29.826466050667328 29.67404821637868 30.0 30.0 30.0 30.0 30.0 30.0 30.0
39.1 30.0 30.0 29.83015826235525 29.68026097146778 30.0 30.0 30.0 30.0 30.0 30.0 30.0
39.2 30.0 30.0 29.833771916347654 29.686356910262305 30.0 30.0 30.0 30.0 30.0 30.0 30.0
39.3 30.0 30.0 29.837308684084963 29.692338191194317 30.0 30.0 30.0 30.0 30.0 30.0 30.0
39.4 30.0 30.0 29.840770201444823 29.69820693372992 30.0 30.0 30.0 30.0 30.0 30.0 30.0
39.5 30.0 30.0 29.84415806949919 29.703965219049678 30.0 30.0 30.0 30.0 30.0 30.0 30.0
39.6 30.0 30.0 29.847473855254513 29.70961509071906 30.0 30.0 30.0 30.0 30.0 30.0 30.0
39.7 30.0 30.0 29.850719092376806 29.715158555346292 30.0 30.0 30.0 30.0 30.0 30.0 30.0
39.8 30.0 30.0 29.853895281900673 29.720597583230493 30.0 30.0 30.0 30.0 30.0 30.0 30.0
39.9 30.0 30.0 29.857003892924098 29.725934108997514 30.0 30.0 30.0 30.0 30.0 30.0 30.0
40.0 30.0 30.0 29.860046363287385 29.731170032227208 30.0 30.0 30.0 30.0 30.0 30.0 30.0
40.1 30.0 30.0 29.863024100238714 29.736307218067655 30.0 30.0 30.0 30.0 30.0 30.0 30.0
40.2 30.0 30.0 29.865938481084747 29.741347497841442 30.0 30.0 30.0 30.0 30.0 30.0 30.0
40.3 30.0 30.0 29.86879085382763 29.746292669640265 30.0 30.0 30.0 30.0 30.0 30.0 30.0
40.4 30.0 30.0 29.871582537788704 29.751144498910012 30.0 30.0 30.0 30.0 30.0 30.0 30.0
40.5 30.0 30.0 29.874314824218718 29.75590471902575 30.0 30.0 30.0 30.0 30.0 30.0 30.0
40.6 30.0 30.0 29.876988976894904 29.760575031857726 30.0 30.0 30.0 30.0 30.0 30.0 30.0
40.7 30.0 30.0 29.879606232705676 29.765157108326928 30.0 30.0 30.0 30.0 30.0 30.0 30.0
40.8 30.0 30.0 29.88216780222254 29.769652588952017 30.0 30.0 30.0 30.0 30.0 30.0 30.0
40.9 30.0 30.0 29.8846748702604 29.77406308438589 30.0 30.0 30.0 30.0 30.0 30.0 30.0
41.0 30.0 30.0 29.887128596425104 29.778390175944878 30.0 30.0 30.0 30.0 30.0 30.0 30.0
41.1 30.0 30.0 29.88953011565012 29.78263541612733 30.0 30.0 30.0 30.0 30.0 30.0 30.0
41.2 30.0 30.0 29.89188053872136 29.786800329124144 30.0 30.0 30.0 30.0 30.0 30.0 30.0
41.3 30.0 30.0 29.894180952791125 29.790886411320567 30.0 30.0 30.0 30.0 30.0 30.0 30.0
41.4 30.0 30.0 29.89643242188065 29.794895131789797 30.0 30.0 30.0 30.0 30.0 30.0 30.0
41.5 30.0 30.0 29.898635987372593 29.79882793277705 30.0 30.0 30.0 30.0 30.0 30.0 30.0
41.6 30.0 30.0 29.90079266849229 29.802686230177027 30.0 30.0 30.0 30.0 30.0 30.0 30.0
41.7 30.0 30.0 29.90290346277972 29.80647141400132 30.0 30.0 30.0 30.0 30.0 30.0 30.0
41.8 30.0 30.0 29.904969346550352 29.810184848839956 30.0 30.0 30.0 30.0 30.0 30.0 30.0
41.9 30.0 30.0 29.906991275347192 29.813827874312796 30.0 30.0 30.0 30.0 30.0 30.0 30.0
42.0 30.0 30.0 29.90897018438235 29.81740180551529 30.0 30.0 30.0 30.0 30.0 30.0 30.0
42.1 30.0 30.0 29.91090698896994 29.82090793345501 30.0 30.0 30.0 30.0 30.0 30.0 30.0
42.2 30.0 30.0 29.912802584949283 29.82434752548178 30.0 30.0 30.0 30.0 30.0 30.0 30.0
42.3 30.0 30.0 29.914657849099292 29.827721825709503 30.0 30.0 30.0 30.0 30.0 30.0 30.0
42.4 30.0 30.0 29.916473639543995 29.83103205543164 30.0 30.0 30.0 30.0 30.0 30.0 30.0
42.5 30.0 30.0 29.9182507961494 29.834279413528847 30.0 30.0 30.0 30.0 30.0 30.0 30.0
42.6 30.0 30.0 29.919990140912176 29.83746507686968 30.0 30.0 30.0 30.0 30.0 30.0 30.0
42.7 30.0 30.0 29.921692478339597 29.840590200705055 30.0 30.0 30.0 30.0 30.0 30.0 30.0
42.8 30.0 30.0 29.923358595821774 29.843655919054974 30.0 30.0 30.0 30.0 30.0 30.0 30.0
42.9 30.0 30.0 29.92498926399582 29.846663345089173 30.0 30.0 30.0 30.0 30.0 30.0 30.0
43.0 30.0 30.0 29.926585237102298 29.849613571500814 30.0 30.0 30.0 30.0 30.0 30.0 30.0
43.1 30.0 30.0 29.928147253334135 29.85250767087407 30.0 30.0 30.0 30.0 30.0 30.0 30.0
43.2 30.0 30.0 29.929676035178055 29.855346696045093 30.0 30.0 30.0 30.0 30.0 30.0 30.0
43.3 30.0 30.0 29.931172289748773 29.858131680456932 30.0 30.0 30.0 30.0 30.0 30.0 30.0
43.4 30.0 30.0 29.932636709115833 29.860863638508153 30.0 30.0 30.0 30.0 30.0 30.0 30.0
43.5 30.0 30.0 29.93406997062396 29.863543565895164 30.0 30.0 30.0 30.0 30.0 30.0 30.0
43.6 30.0 30.0 29.935472737206457 29.86617243994899 30.0 30.0 30.0 30.0 30.0 30.0 30.0
43.7 30.0 30.0 29.936845657691425 29.86875121996626 30.0 30.0 30.0 30.0 30.0 30.0 30.0
43.8 30.0 30.0 29.938189367102286 29.871280847533672 30.0 30.0 30.0 30.0 30.0 30.0 30.0
43.9 30.0 30.0 29.93950448695115 29.873762246847978 30.0 30.0 30.0 30.0 30.0 30.0 30.0
44.0 30.0 30.0 29.94079162552665 29.876196325029078 30.0 30.0 30.0 30.0 30.0 30.0 30.0
44.1 30.0 30.0 29.942051378175016 29.878583972428853 30.0 30.0 30.0 30.0 30.0 30.0 30.0
44.2 30.0 30.0 29.943284327575544 29.880926062933913 30.0 30.0 30.0 30.0 30.0 30.0 30.0
44.3 30.0 30.0 29.94449104401015 29.883223454262847 30.0 30.0 30.0 30.0 30.0 30.0 30.0
44.4 30.0 30.0 29.945672085626924 29.885476988259217 30.0 30.0 30.0 30.0 30.0 30.0 30.0
44.5 30.0 30.0 29.94682799869867 29.887687491178106 30.0 30.0 30.0 30.0 30.0 30.0 30.0
44.6 30.0 30.0 29.947959317875334 29.889855773969035 30.0 30.0 30.0 30.0 30.0 30.0 30.0
44.7 30.0 30.0 29.94906656643121 29.891982632552928 30.0 30.0 30.0 30.0 30.0 30.0 30.0
44.8 30.0 30.0 29.95015025650711 29.894068848094356 30.0 30.0 30.0 30.0 30.0 30.0 30.0
44.9 30.0 30.0 29.951210889347347 29.896115187269334 30.0 30.0 30.0 30.0 30.0 30.0 30.0
45.0 30.0 30.0 29.952248955531417 29.898122402528198 30.0 30.0 30.0 30.0 30.0 30.0 30.0
45.1 30.0 30.0 29.95326493520093 29.90009123235405 30.0 30.0 30.0 30.0 30.0 30.0 30.0
45.2 30.0 30.0 29.954259298281734 29.902022401516213 30.0 30.0 30.0 30.0 30.0 30.0 30.0
45.3 30.0 30.0 29.955232504701236 29.903916621319567 30.0 30.0 30.0 30.0 30.0 30.0 30.0
45.4 30.0 30.0 29.956185004601164 29.90577458984946 30.0 30.0 30.0 30.0 30.0 30.0 30.0
45.5 30.0 30.0 29.95711723854578 29.9075969922122 30.0 30.0 30.0 30.0 30.0 30.0 30.0
45.6 30.0 30.0 29.958029637725655 29.909384500771456 30.0 30.0 30.0 30.0 30.0 30.0 30.0
45.7 30.0 30.0 29.958922624157072 29.911137775380155 30.0 30.0 30.0 30.0 30.0 30.0 30.0
45.8 30.0 30.0 29.959796610877177 29.912857463608617 30.0 30.0 30.0 30.0 30.0 30.0 30.0
45.9 30.0 30.0 29.960652002135078 29.91454420096846 30.0 30.0 30.0 30.0 30.0 30.0 30.0
46.0 30.0 30.0 29.96148919357897 29.9161986111325 30.0 30.0 30.0 30.0 30.0 30.0 30.0
46.1 30.0 30.0 29.962308572438992 29.91782130615105 30.0 30.0 30.0 30.0 30.0 30.0 30.0
46.2 30.0 30.0 29.963110517706234 29.919412886663974 30.0 30.0 30.0 30.0 30.0 30.0 30.0
46.3 30.0 30.0 29.963895400308235 29.920973942109253 30.0 30.0 30.0 30.0 30.0 30.0 30.0
46.4 30.0 30.0 29.964663583280355 29.92250505092791 30.0 30.0 30.0 30.0 30.0 30.0 30.0
46.5 30.0 30.0 29.965415421933923 29.92400678076459 30.0 30.0 30.0 30.0 30.0 30.0 30.0
46.6 30.0 30.0 29.96615126402043 29.925479688665664 30.0 30.0 30.0 30.0 30.0 30.0 30.0
46.7 30.0 30.0 29.96687144989233 29.92692432127327 30.0 30.0 30.0 30.0 30.0 30.0 30.0
46.8 30.0 30.0 29.967576312660587 29.92834121501543 30.0 30.0 30.0 30.0 30.0 30.0 30.0
46.9 30.0 30.0 29.968266178348657 29.929730896293567 30.0 30.0 30.0 30.0 30.0 30.0 30.0
47.0 30.0 30.0 29.968941366043378 29.931093881666218 30.0 30.0 30.0 30.0 30.0 30.0 30.0
47.1 30.0 30.0 29.96960218804249 29.932430678029668 30.0 30.0 30.0 30.0 30.0 30.0 30.0
47.2 30.0 30.0 29.97024894999901 29.933741782795177 30.0 30.0 30.0 30.0 30.0 30.0 30.0
47.3 30.0 30.0 29.970881951062868 29.935027684063105 30.0 30.0 30.0 30.0 30.0 30.0 30.0
47.4 30.0 30.0 29.971501484018987 29.93628886079419 30.0 30.0 30.0 30.0 30.0 30.0 30.0
47.5 30.0 30.0 29.97210783542283 29.93752578297719 30.0 30.0 30.0 30.0 30.0 30.0 30.0
47.6 30.0 30.0 29.972701285732953 29.938738911794022 30.0 30.0 30.0 30.0 30.0 30.0 30.0
47.7 30.0 30.0 29.973282109440763 29.93992869978159 30.0 30.0 30.0 30.0 30.0 30.0 30.0
47.8 30.0 30.0 29.973850575197353 29.9410955909911 30.0 30.0 30.0 30.0 30.0 30.0 30.0
47.9 30.0 30.0 29.97440694593783 29.942240021144343 30.0 30.0 30.0 30.0 30.0 30.0 30.0
48.0 30.0 30.0 29.97495147900295 29.9433624177867 30.0 30.0 30.0 30.0 30.0 30.0 30.0
48.1 30.0 30.0 29.97548442625821 29.94446320043836 30.0 30.0 30.0 30.0 30.0 30.0 30.0
48.2 30.0 30.0 29.97600603421015 29.94554278074182 30.0 30.0 30.0 30.0 30.0 30.0 30.0
48.3 30.0 30.0 29.976516544120525 29.9466015626076 30.0 30.0 30.0 30.0 30.0 30.0 30.0
48.4 30.0 30.0 29.977016192117965 29.947639942356506 30.0 30.0 30.0 30.0 30.0 30.0 30.0
48.5 30.0 30.0 29.97750520930691 29.94865830886009 30.0 30.0 30.0 30.0 30.0 30.0 30.0
48.6 30.0 30.0 29.97798382187482 29.949657043677977 30.0 30.0 30.0 30.0 30.0 30.0 30.0
48.7 30.0 30.0 29.97845225119667 29.950636521193076 30.0 30.0 30.0 30.0 30.0 30.0 30.0
48.8 30.0 30.0 29.978910713937136 29.951597108744416 30.0 30.0 30.0 30.0 30.0 30.0 30.0
48.9 30.0 30.0 29.979359422151287 29.95253916675695 30.0 30.0 30.0 30.0 30.0 30.0 30.0
49.0 30.0 30.0 29.979798583382134 29.953463048870077 30.0 30.0 30.0 30.0 30.0 30.0 30.0
49.1 30.0 30.0 29.980228400757007 29.95436910206271 30.0 30.0 30.0 30.0 30.0 30.0 30.0
49.2 30.0 30.0 29.980649073081278 29.955257666776937 30.0 30.0 30.0 30.0 30.0 30.0 30.0
49.3 30.0 30.0 29.981060794930606 29.956129077038746 30.0 30.0 30.0 30.0 30.0 30.0 30.0
49.4 30.0 30.0 29.9814637567406 29.956983660577354 30.0 30.0 30.0 30.0 30.0 30.0 30.0
49.5 30.0 30.0 29.981858144895075 29.957821738941877 30.0 30.0 30.0 30.0 30.0 30.0 30.0
49.6 30.0 30.0 29.982244141812156 29.958643627615768 30.0 30.0 30.0 30.0 30.0 30.0 30.0
49.7 30.0 30.0 29.982621926028944 29.95944963612913 30.0 30.0 30.0 30.0 30.0 30.0 30.0
49.8 30.0 30.0 29.982991672283656 29.960240068169963 30.0 30.0 30.0 30.0 30.0 30.0 30.0
49.9 30.0 30.0 29.983353551596807 29.96101522169198 30.0 30.0 30.0 30.0 30.0 30.0 30.0
50.0 30.0 30.0 29.983707731350055 29.96177538902157 30.0 30.0 30.0 30.0 30.0 30.0 30.0
50.1 30.0 30.0 29.984054375363915 29.96252085696198 30.0 30.0 30.0 30.0 30.0 30.0 30.0
50.2 30.0 30.0 29.984393643973203 29.96325190689634 30.0 30.0 30.0 30.0 30.0 30.0 30.0
50.3 30.0 30.0 29.984725694101456 29.96396881488822 30.0 30.0 30.0 30.0 30.0 30.0 30.0
50.4 30.0 30.0 29.98505067933331 29.964671851781027 30.0 30.0 30.0 30.0 30.0 30.0 30.0
50.5 30.0 30.0 29.985368749985785 29.965361283294467 30.0 30.0 30.0 30.0 30.0 30.0 30.0
50.6 30.0 30.0 29.985680053177585 29.96603737012071 30.0 30.0 30.0 30.0 30.0 30.0 30.0
50.7 30.0 30.0 29.985984732897204 29.96670036801756 30.0 30.0 30.0 30.0 30.0 30.0 30.0
50.8 30.0 30.0 29.986282930069585 29.967350527900663 30.0 30.0 30.0 30.0 30.0 30.0 30.0
50.9 30.0 30.0 29.986574782621346 29.967988095933553 30.0 30.0 30.0 30.0 30.0 30.0 30.0
51.0 30.0 30.0 29.98686042554433 29.968613313616594 30.0 30.0 30.0 30.0 30.0 30.0 30.0
51.1 30.0 30.0 29.98713999095832 29.969226417873514 30.0 30.0 30.0 30.0 30.0 30.0 30.0
51.2 30.0 30.0 29.987413608171977 29.969827641137364 30.0 30.0 30.0 30.0 30.0 30.0 30.0
51.3 30.0 30.0 29.987681403742755 29.970417211433954 30.0 30.0 30.0 30.0 30.0 30.0 30.0
51.4 30.0 30.0 29.987943501535508 29.97099535246428 30.0 30.0 30.0 30.0 30.0 30.0 30.0
51.5 30.0 30.0 29.988200022779395 29.971562283685657 30.0 30.0 30.0 30.0 30.0 30.0 30.0
51.6 30.0 30.0 29.98845108612448 29.972118220390314 30.0 30.0 30.0 30.0 30.0 30.0 30.0
51.7 30.0 30.0 29.988696807696314 29.972663373783988 30.0 30.0 30.0 30.0 30.0 30.0 30.0
51.8 30.0 30.0 29.98893730114961 29.973197951062083 30.0 30.0 30.0 30.0 30.0 30.0 30.0
51.9 30.0 30.0 29.98917267772088 29.973722155484626 30.0 30.0 30.0 30.0 30.0 30.0 30.0
52.0 30.0 30.0 29.98940304628004 29.974236186450035 30.0 30.0 30.0 30.0 30.0 30.0 30.0
52.1 30.0 30.0 29.98962851338048 29.97474023956746 30.0 30.0 30.0 30.0 30.0 30.0 30.0
52.2 30.0 30.0 29.989849183308547 29.97523450672766 30.0 30.0 30.0 30.0 30.0 30.0 30.0
52.3 30.0 30.0 29.990065158131795 29.975719176172714 30.0 30.0 30.0 30.0 30.0 30.0 30.0
52.4 30.0 30.0 29.990276537746027 29.976194432564593 30.0 30.0 30.0 30.0 30.0 30.0 30.0
52.5 30.0 30.0 29.990483419921635 29.97666045705199 30.0 30.0 30.0 30.0 30.0 30.0 30.0
52.6 30.0 30.0 29.990685900348875 29.97711742733639 30.0 30.0 30.0 30.0 30.0 30.0 30.0
52.7 30.0 30.0 29.990884072681904 29.977565517736757 30.0 30.0 30.0 30.0 30.0 30.0 30.0
52.8 30.0 30.0 29.991078028582304 29.978004899253033 30.0 30.0 30.0 30.0 30.0 30.0 30.0
52.9 30.0 30.0 29.991267857761375 29.978435739628463 30.0 30.0 30.0 30.0 30.0 30.0 30.0
53.0 30.0 30.0 29.99145364802174 29.97885820341063 30.0 30.0 30.0 30.0 30.0 30.0 30.0
53.1 30.0 30.0 29.991635485297866 29.979272452011543 30.0 30.0 30.0 30.0 30.0 30.0 30.0
53.2 30.0 30.0 29.991813453695773 29.97967864376697 30.0 30.0 30.0 30.0 30.0 30.0 30.0
53.3 30.0 30.0 29.991987635532073 29.98007693399354 30.0 30.0 30.0 30.0 30.0 30.0 30.0
53.4 30.0 30.0 29.992158111371847 29.98046747504631 30.0 30.0 30.0 30.0 30.0 30.0 30.0
53.5 30.0 30.0 29.992324960066057 29.980850416373894 30.0 30.0 30.0 30.0 30.0 30.0 30.0
53.6 30.0 30.0 29.992488258788036 29.981225904573463 30.0 30.0 30.0 30.0 30.0 30.0 30.0
53.7 30.0 30.0 29.992648083069096 29.981594083444264 30.0 30.0 30.0 30.0 30.0 30.0 30.0
53.8 30.0 30.0 29.992804506833544 29.9819550940406 30.0 30.0 30.0 30.0 30.0 30.0 30.0
53.9 30.0 30.0 29.992957602432845 29.982309074723094 30.0 30.0 30.0 30.0 30.0 30.0 30.0
54.0 30.0 30.0 29.993107440679005 29.982656161209977 30.0 30.0 30.0 30.0 30.0 30.0 30.0
54.1 30.0 30.0 29.99325409087735 29.98299648662648 30.0 30.0 30.0 30.0 30.0 30.0 30.0
54.2 30.0 30.0 29.99339762085868 29.98333018155388 30.0 30.0 30.0 30.0 30.0 30.0 30.0
54.3 30.0 30.0 29.993538097010585 29.983657374077634 30.0 30.0 30.0 30.0 30.0 30.0 30.0
54.4 30.0 30.0 29.993675584308246 29.983978189834076 30.0 30.0 30.0 30.0 30.0 30.0 30.0
54.5 30.0 30.0 29.993810146344202 29.984292752057243 30.0 30.0 30.0 30.0 30.0 30.0 30.0
54.6 30.0 30.0 29.99394184535818 29.984601181623574 30.0 30.0 30.0 30.0 30.0 30.0 30.0
54.7 30.0 30.0 29.99407074226542 29.98490359709707 30.0 30.0 30.0 30.0 30.0 30.0 30.0
54.8 30.0 30.0 29.994196896685338 29.98520011477229 30.0 30.0 30.0 30.0 30.0 30.0 30.0
54.9 30.0 30.0 29.994320366968598 29.98549084871811 30.0 30.0 30.0 30.0 30.0 30.0 30.0
55.0 30.0 30.0 29.994441210224593 29.98577591081879 30.0 30.0 30.0 30.0 30.0 30.0 30.0
55.1 30.0 30.0 29.994559482347487 29.986055410816192 30.0 30.0 30.0 30.0 30.0 30.0 30.0
55.2 30.0 30.0 29.99467523804222 29.98632945634973 30.0 30.0 30.0 30.0 30.0 30.0 30.0
55.3 30.0 30.0 29.994788530849878 29.986598152996418 30.0 30.0 30.0 30.0 30.0 30.0 30.0
55.4 30.0 30.0 29.994899413172252 29.98686160430995 30.0 30.0 30.0 30.0 30.0 30.0 30.0
55.5 30.0 30.0 29.995007936296233 29.987119911858663 30.0 30.0 30.0 30.0 30.0 30.0 30.0
55.6 30.0 30.0 29.995114150417614 29.987373175263457 30.0 30.0 30.0 30.0 30.0 30.0 30.0
55.7 30.0 30.0 29.995218104663998 29.987621492234684 30.0 30.0 30.0 30.0 30.0 30.0 30.0
55.8 30.0 30.0 29.995319847117962 29.98786495860794 30.0 30.0 30.0 30.0 30.0 30.0 30.0
55.9 30.0 30.0 29.995419424838886 29.988103668380415 30.0 30.0 30.0 30.0 30.0 30.0 30.0
56.0 30.0 30.0 29.995516883884836 29.988337713744993 30.0 30.0 30.0 30.0 30.0 30.0 30.0
56.1 30.0 30.0 29.99561226933405 29.988567185124637 30.0 30.0 30.0 30.0 30.0 30.0 30.0
56.2 30.0 30.0 29.995705625305632 29.988792171206192 30.0 30.0 30.0 30.0 30.0 30.0 30.0
56.3 30.0 30.0 29.99579699497997 29.98901275897316 30.0 30.0 30.0 30.0 30.0 30.0 30.0
56.4 30.0 30.0 29.995886420618675 29.989229033738212 30.0 30.0 30.0 30.0 30.0 30.0 30.0
56.5 30.0 30.0 29.995973943584204 29.989441079174632 30.0 30.0 30.0 30.0 30.0 30.0 30.0
56.6 30.0 30.0 29.99605960435904 29.989648977347684 30.0 30.0 30.0 30.0 30.0 30.0 30.0
56.7 30.0 30.0 29.99614344256416 29.98985280874513 30.0 30.0 30.0 30.0 30.0 30.0 30.0
56.8 30.0 30.0 29.99622549697771 29.99005265230701 30.0 30.0 30.0 30.0 30.0 30.0 30.0
56.9 30.0 30.0 29.996305805552616 29.99024858545541 30.0 30.0 30.0 30.0 30.0 30.0 30.0
57.0 30.0 30.0 29.99638440543447 29.990440684122852 30.0 30.0 30.0 30.0 30.0 30.0 30.0
57.1 30.0 30.0 29.996461332978395 29.99062902278117 30.0 30.0 30.0 30.0 30.0 30.0 30.0
57.2 30.0 30.0 29.99653662376605 29.990813674468903 30.0 30.0 30.0 30.0 30.0 30.0 30.0
57.3 30.0 30.0 29.99661031262208 29.990994710818754 30.0 30.0 30.0 30.0 30.0 30.0 30.0
57.4 30.0 30.0 29.99668243363009 29.99117220208421 30.0 30.0 30.0 30.0 30.0 30.0 30.0
57.5 30.0 30.0 29.996753020148606 29.991346217165937 30.0 30.0 30.0 30.0 30.0 30.0 30.0
57.6 30.0 30.0 29.99682210482626 29.991516823637618 30.0 30.0 30.0 30.0 30.0 30.0 30.0
57.7 30.0 30.0 29.996889719617187 29.99168408777084 30.0 30.0 30.0 30.0 30.0 30.0 30.0
57.8 30.0 30.0 29.996955895795512 29.991848074560423 30.0 30.0 30.0 30.0 30.0 30.0 30.0
57.9 30.0 30.0 29.997020663970094 29.99200884774836 30.0 30.0 30.0 30.0 30.0 30.0 30.0
58.0 30.0 30.0 29.99708405409843 29.992166469847913 30.0 30.0 30.0 30.0 30.0 30.0 30.0
58.1 30.0 30.0 29.997146095500597 29.99232100216706 30.0 30.0 30.0 30.0 30.0 30.0 30.0
58.2 30.0 30.0 29.997206816872893 29.992472504831177 30.0 30.0 30.0 30.0 30.0 30.0 30.0
58.3 30.0 30.0 29.997266246301095 29.99262103680601 30.0 30.0 30.0 30.0 30.0 30.0 30.0
58.4 30.0 30.0 29.997324411273425 29.99276665591963 30.0 30.0 30.0 30.0 30.0 30.0 30.0
58.5 30.0 30.0 29.997381338693117 29.992909418884135 30.0 30.0 30.0 30.0 30.0 30.0 30.0
58.6 30.0 30.0 29.997437054891115 29.993049381316883 30.0 30.0 30.0 30.0 30.0 30.0 30.0
58.7 30.0 30.0 29.99749158563814 29.993186597761493 30.0 30.0 30.0 30.0 30.0 30.0 30.0
58.8 30.0 30.0 29.997544956156514 29.9933211217086 30.0 30.0 30.0 30.0 30.0 30.0 30.0
58.9 30.0 30.0 29.997597191131952 29.99345300561549 30.0 30.0 30.0 30.0 30.0 30.0 30.0
59.0 30.0 30.0 29.997648314724895 29.993582300926327 30.0 30.0 30.0 30.0 30.0 30.0 30.0
59.1 30.0 30.0 29.997698350581818 29.993709058090953 30.0 30.0 30.0 30.0 30.0 30.0 30.0
59.2 30.0 30.0 29.997747321846063 29.993833326584497 30.0 30.0 30.0 30.0 30.0 30.0 30.0
59.3 30.0 30.0 29.99779525116851 29.993955154925725 30.0 30.0 30.0 30.0 30.0 30.0 30.0
59.4 30.0 30.0 29.997842160718086 29.994074590695355 30.0 30.0 30.0 30.0 30.0 30.0 30.0
59.5 30.0 30.0 29.997888072192143 29.994191680554042 30.0 30.0 30.0 30.0 30.0 30.0 30.0
59.6 30.0 30.0 29.99793300682632 29.994306470260025 30.0 30.0 30.0 30.0 30.0 30.0 30.0
59.7 30.0 30.0 29.997976985404502 29.994419004686154 30.0 30.0 30.0 30.0 30.0 30.0 30.0
59.8 30.0 30.0 29.99802002826822 29.994529327837427 30.0 30.0 30.0 30.0 30.0 30.0 30.0
59.9 30.0 30.0 29.99806215532631 29.99463748286701 30.0 30.0 30.0 30.0 30.0 30.0 30.0
60.0 30.0 30.0 29.998103386064017 29.994743512092718 30.0 30.0 30.0 30.0 30.0 30.0 30.0
60.1 30.0 30.0 29.998143739551995 29.994847457013297 30.0 30.0 30.0 30.0 30.0 30.0 30.0
60.2 30.0 30.0 29.998183234455112 29.99494935832381 30.0 30.0 30.0 30.0 30.0 30.0 30.0
60.3 30.0 30.0 29.99822188904114 29.9950492559312 30.0 30.0 30.0 30.0 30.0 30.0 30.0
60.4 30.0 30.0 29.998259721189207 29.995147188969348 30.0 30.0 30.0 30.0 30.0 30.0 30.0
60.5 30.0 30.0 29.998296748397987 29.99524319581394 30.0 30.0 30.0 30.0 30.0 30.0 30.0
60.6 30.0 30.0 29.998332987793745 29.995337314097167 30.0 30.0 30.0 30.0 30.0 30.0 30.0
60.7 30.0 30.0 29.99836845613857 29.995429580721368 30.0 30.0 30.0 30.0 30.0 30.0 30.0
60.8 30.0 30.0 29.998403169837715 29.99552003187407 30.0 30.0 30.0 30.0 30.0 30.0 30.0
60.9 30.0 30.0 29.99843714494753 29.995608703040695 30.0 30.0 30.0 30.0 30.0 30.0 30.0
61.0 30.0 30.0 29.998470397182732 29.99569562901878 30.0 30.0 30.0 30.0 30.0 30.0 30.0
61.1 30.0 30.0 29.998502941923554 29.995780843930817 30.0 30.0 30.0 30.0 30.0 30.0 30.0
61.2 30.0 30.0 29.998534794223104 29.995864381237173 30.0 30.0 30.0 30.0 30.0 30.0 30.0
61.3 30.0 30.0 29.998565968814123 29.9959462737493 30.0 30.0 30.0 30.0 30.0 30.0 30.0
61.4 30.0 30.0 29.99859648011598 29.99602655364148 30.0 30.0 30.0 30.0 30.0 30.0 30.0
61.5 30.0 30.0 29.998626342241128 29.996105252463753 30.0 30.0 30.0 30.0 30.0 30.0 30.0
61.6 30.0 30.0 29.998655569001986 29.99618240115328 30.0 30.0 30.0 30.0 30.0 30.0 30.0
61.7 30.0 30.0 29.998684173916836 29.996258030046867 30.0 30.0 30.0 30.0 30.0 30.0 30.0
61.8 30.0 30.0 29.998712170216507 29.996332168891954 30.0 30.0 30.0 30.0 30.0 30.0 30.0
61.9 30.0 30.0 29.998739570850166 29.99640484685816 30.0 30.0 30.0 30.0 30.0 30.0 30.0
62.0 30.0 30.0 29.998766388491628 29.99647609254838 30.0 30.0 30.0 30.0 30.0 30.0 30.0
62.1 30.0 30.0 29.998792635545044 29.99654593400959 30.0 30.0 30.0 30.0 30.0 30.0 30.0
62.2 30.0 30.0 29.998818324150427 29.99661439874393 30.0 30.0 30.0 30.0 30.0 30.0 30.0
62.3 30.0 30.0 29.998843466189744 29.9966815137186 30.0 30.0 30.0 30.0 30.0 30.0 30.0
62.4 30.0 30.0 29.998868073292044 29.996747305376676 30.0 30.0 30.0 30.0 30.0 30.0 30.0
62.5 30.0 30.0 29.99889215683898 29.996811799646938 30.0 30.0 30.0 30.0 30.0 30.0 30.0
62.6 30.0 30.0 29.998915727970022 29.996875021953983 30.0 30.0 30.0 30.0 30.0 30.0 30.0
62.7 30.0 30.0 29.998938797587687 29.996936997227724 30.0 30.0 30.0 30.0 30.0 30.0 30.0
62.8 30.0 30.0 29.998961376362384 29.996997749913174 30.0 30.0 30.0 30.0 30.0 30.0 30.0
62.9 30.0 30.0 29.998983474737624 29.99705730397944 30.0 30.0 30.0 30.0 30.0 30.0 30.0
63.0 30.0 30.0 29.999005102934678 29.997115682929252 30.0 30.0 30.0 30.0 30.0 30.0 30.0
63.1 30.0 30.0 29.99902627095731 29.997172909807887 30.0 30.0 30.0 30.0 30.0 30.0 30.0
63.2 30.0 30.0 29.999046988596522 29.997229007211875 30.0 30.0 30.0 30.0 30.0 30.0 30.0
63.3 30.0 30.0 29.999067265434903 29.997283997297707 30.0 30.0 30.0 30.0 30.0 30.0 30.0
63.4 30.0 30.0 29.999087110851182 29.997337901790374 30.0 30.0 30.0 30.0 30.0 30.0 30.0
63.5 30.0 30.0 29.99910653402458 29.997390741991687 30.0 30.0 30.0 30.0 30.0 30.0 30.0
63.6 30.0 30.0 29.99912554393897 29.997442538788444 30.0 30.0 30.0 30.0 30.0 30.0 30.0
63.7 30.0 30.0 29.99914414938704 29.997493312660467 30.0 30.0 30.0 30.0 30.0 30.0 30.0
63.8 30.0 30.0 29.999162358974537 29.997543083688207 30.0 30.0 30.0 30.0 30.0 30.0 30.0
63.9 30.0 30.0 29.99918018112397 29.99759187156113 30.0 30.0 30.0 30.0 30.0 30.0 30.0
64.0 30.0 30.0 29.99919762407874 29.997639695584407 30.0 30.0 30.0 30.0 30.0 30.0 30.0
64.1 30.0 30.0 29.999214695906847 29.99768657468698 30.0 30.0 30.0 30.0 30.0 30.0 30.0
64.2 30.0 30.0 29.99923140450454 29.99773252742868 30.0 30.0 30.0 30.0 30.0 30.0 30.0
64.3 30.0 30.0 29.9992477576002 29.997777572007227 30.0 30.0 30.0 30.0 30.0 30.0 30.0
64.4 30.0 30.0 29.999263762757636 29.99782172626538 30.0 30.0 30.0 30.0 30.0 30.0 30.0
64.5 30.0 30.0 29.999279427379836 29.99786500769764 30.0 30.0 30.0 30.0 30.0 30.0 30.0
64.6 30.0 30.0 29.99929475871219 29.997907433457254 30.0 30.0 30.0 30.0 30.0 30.0 30.0
64.7 30.0 30.0 29.999309763845947 29.997949020362626 30.0 30.0 30.0 30.0 30.0 30.0 30.0
64.8 30.0 30.0 29.99932444972152 29.997989784903794 30.0 30.0 30.0 30.0 30.0 30.0 30.0
64.9 30.0 30.0 29.999338823131673 29.998029743248843 30.0 30.0 30.0 30.0 30.0 30.0 30.0
65.0 30.0 30.0 29.999352890724623 29.99806891125013 30.0 30.0 30.0 30.0 30.0 30.0 30.0
65.1 30.0 30.0 29.999366659007123 29.998107304450382 30.0 30.0 30.0 30.0 30.0 30.0 30.0
65.2 30.0 30.0 29.999380134347376 29.998144938088902 30.0 30.0 30.0 30.0 30.0 30.0 30.0
65.3 30.0 30.0 29.999393322978328 29.99818182710687 30.0 30.0 30.0 30.0 30.0 30.0 30.0
65.4 30.0 30.0 29.999406231000073 29.99821798615398 30.0 30.0 30.0 30.0 30.0 30.0 30.0
65.5 30.0 30.0 29.999418864383056 29.998253429593355 30.0 30.0 30.0 30.0 30.0 30.0 30.0
65.6 30.0 30.0 29.999431228970685 29.99828817150735 30.0 30.0 30.0 30.0 30.0 30.0 30.0
65.7 30.0 30.0 29.99944333048194 29.998322225703173 30.0 30.0 30.0 30.0 30.0 30.0 30.0
65.8 30.0 30.0 29.99945517451428 29.998355605717958 30.0 30.0 30.0 30.0 30.0 30.0 30.0
65.9 30.0 30.0 29.99946676654586 29.998388324824248 30.0 30.0 30.0 30.0 30.0 30.0 30.0
66.0 30.0 30.0 29.99947811193854 29.99842039603462 30.0 30.0 30.0 30.0 30.0 30.0 30.0
66.1 30.0 30.0 29.999489215939807 29.99845183210766 30.0 30.0 30.0 30.0 30.0 30.0 30.0
66.2 30.0 30.0 29.9995000836858 29.998482645551874 30.0 30.0 30.0 30.0 30.0 30.0 30.0
66.3 30.0 30.0 29.999510720203116 29.998512848631382 30.0 30.0 30.0 30.0 30.0 30.0 30.0
66.4 30.0 30.0 29.99952113041154 29.99854245336992 30.0 30.0 30.0 30.0 30.0 30.0 30.0
66.5 30.0 30.0 29.999531319126177 29.99857147155622 30.0 30.0 30.0 30.0 30.0 30.0 30.0
66.6 30.0 30.0 29.999541291059654 29.99859991474797 30.0 30.0 30.0 30.0 30.0 30.0 30.0
66.7 30.0 30.0 29.999551050824365 29.998627794276683 30.0 30.0 30.0 30.0 30.0 30.0 30.0
66.8 30.0 30.0 29.99956060293451 29.998655121252057 30.0 30.0 30.0 30.0 30.0 30.0 30.0
66.9 30.0 30.0 29.999569951808287 29.998681906565984 30.0 30.0 30.0 30.0 30.0 30.0 30.0
67.0 30.0 30.0 29.99957910176977 29.998708160897305 30.0 30.0 30.0 30.0 30.0 30.0 30.0
67.1 30.0 30.0 29.999588057051294 29.998733894715308 30.0 30.0 30.0 30.0 30.0 30.0 30.0
67.2 30.0 30.0 29.999596821794846 29.998759118284593 30.0 30.0 30.0 30.0 30.0 30.0 30.0
67.3 30.0 30.0 29.999605400054538 29.99878384166803 30.0 30.0 30.0 30.0 30.0 30.0 30.0
67.4 30.0 30.0 29.999613795798087 29.99880807473168 30.0 30.0 30.0 30.0 30.0 30.0 30.0
67.5 30.0 30.0 29.999622012908755 29.998831827148205 30.0 30.0 30.0 30.0 30.0 30.0 30.0
67.6 30.0 30.0 29.999630055187254 29.998855108400505 30.0 30.0 30.0 30.0 30.0 30.0 30.0
67.7 30.0 30.0 29.999637926353515 29.99887792778537 30.0 30.0 30.0 30.0 30.0 30.0 30.0
67.8 30.0 30.0 29.999645630048132 29.998900294417652 30.0 30.0 30.0 30.0 30.0 30.0 30.0
67.9 30.0 30.0 29.99965316983439 29.998922217233165 30.0 30.0 30.0 30.0 30.0 30.0 30.0
68.0 30.0 30.0 29.999660549199614 29.998943704992598 30.0 30.0 30.0 30.0 30.0 30.0 30.0
68.1 30.0 30.0 29.99966777155703 29.998964766284598 30.0 30.0 30.0 30.0 30.0 30.0 30.0
68.2 30.0 30.0 29.999674840247284 29.998985409529283 30.0 30.0 30.0 30.0 30.0 30.0 30.0
68.3 30.0 30.0 29.999681758539914 29.99900564298155 30.0 30.0 30.0 30.0 30.0 30.0 30.0
68.4 30.0 30.0 29.999688529634795 29.99902547473447 30.0 30.0 30.0 30.0 30.0 30.0 30.0
68.5 30.0 30.0 29.999695156663876 29.999044912721885 30.0 30.0 30.0 30.0 30.0 30.0 30.0
68.6 30.0 30.0 29.999701642692347 29.999063964722264 30.0 30.0 30.0 30.0 30.0 30.0 30.0
68.7 30.0 30.0 29.99970799072019 29.99908263836101 30.0 30.0 30.0 30.0 30.0 30.0 30.0
68.8 30.0 30.0 29.999714203683617 29.999100941113966 30.0 30.0 30.0 30.0 30.0 30.0 30.0
68.9 30.0 30.0 29.999720284456345 29.999118880310032 30.0 30.0 30.0 30.0 30.0 30.0 30.0
69.0 30.0 30.0 29.999726235850936 29.999136463134196 30.0 30.0 30.0 30.0 30.0 30.0 30.0
69.1 30.0 30.0 29.99973206062006 29.999153696630298 30.0 30.0 30.0 30.0 30.0 30.0 30.0
69.2 30.0 30.0 29.999737761457954 29.99917058770361 30.0 30.0 30.0 30.0 30.0 30.0 30.0
69.3 30.0 30.0 29.99974334100138 29.999187143124 30.0 30.0 30.0 30.0 30.0 30.0 30.0
69.4 30.0 30.0 29.999748801831167 29.999203369527848 30.0 30.0 30.0 30.0 30.0 30.0 30.0
69.5 30.0 30.0 29.99975414647311 29.999219273421495 30.0 30.0 30.0 30.0 30.0 30.0 30.0
69.6 30.0 30.0 29.99975937739918 29.99923486118327 30.0 30.0 30.0 30.0 30.0 30.0 30.0
69.7 30.0 30.0 29.999764497029034 29.99925013906578 30.0 30.0 30.0 30.0 30.0 30.0 30.0
69.8 30.0 30.0 29.999769507730544 29.999265113199105 30.0 30.0 30.0 30.0 30.0 30.0 30.0
69.9 30.0 30.0 29.999774411821377 29.999279789592507 30.0 30.0 30.0 30.0 30.0 30.0 30.0
70.0 30.0 30.0 29.999779211569848 29.999294174136928 30.0 30.0 30.0 30.0 30.0 30.0 30.0
70.1 30.0 30.0 29.999783909195997 29.999308272607752 30.0 30.0 30.0 30.0 30.0 30.0 30.0
70.2 30.0 30.0 29.999788506872648 29.999322090666396 30.0 30.0 30.0 30.0 30.0 30.0 30.0
70.3 30.0 30.0 29.999793006726463 29.999335633863 30.0 30.0 30.0 30.0 30.0 30.0 30.0
70.4 30.0 30.0 29.999797410838646 29.9993489076387 30.0 30.0 30.0 30.0 30.0 30.0 30.0
70.5 30.0 30.0 29.999801721246364 29.999361917326944 30.0 30.0 30.0 30.0 30.0 30.0 30.0
70.6 30.0 30.0 29.999805939943244 29.999374668156868 30.0 30.0 30.0 30.0 30.0 30.0 30.0
70.7 30.0 30.0 29.999810068880645 29.999387165254145 30.0 30.0 30.0 30.0 30.0 30.0 30.0
70.8 30.0 30.0 29.999814109968305 29.99939941364373 30.0 30.0 30.0 30.0 30.0 30.0 30.0
70.9 30.0 30.0 29.99981806507534 29.999411418251544 30.0 30.0 30.0 30.0 30.0 30.0 30.0
71.0 30.0 30.0 29.99982193603118 29.9994231839065 30.0 30.0 30.0 30.0 30.0 30.0 30.0
71.1 30.0 30.0 29.999825724626273 29.99943471534242 30.0 30.0 30.0 30.0 30.0 30.0 30.0
71.2 30.0 30.0 29.99982943261295 29.99944601719994 30.0 30.0 30.0 30.0 30.0 30.0 30.0
71.3 30.0 30.0 29.999833061706287 29.999457094028028 30.0 30.0 30.0 30.0 30.0 30.0 30.0
71.4 30.0 30.0 29.999836613584876 29.999467950286164 30.0 30.0 30.0 30.0 30.0 30.0 30.0
71.5 30.0 30.0 29.999840089891613 29.99947859034581 30.0 30.0 30.0 30.0 30.0 30.0 30.0
71.6 30.0 30.0 29.999843492234373 29.999489018492532 30.0 30.0 30.0 30.0 30.0 30.0 30.0
71.7 30.0 30.0 29.999846822186868 29.99949923892707 30.0 30.0 30.0 30.0 30.0 30.0 30.0
71.8 30.0 30.0 29.999850081289242 29.99950925576752 30.0 30.0 30.0 30.0 30.0 30.0 30.0
71.9 30.0 30.0 29.999853271049034 29.99951907305072 30.0 30.0 30.0 30.0 30.0 30.0 30.0
72.0 30.0 30.0 29.999856392941652 29.999528694733925 30.0 30.0 30.0 30.0 30.0 30.0 30.0
72.1 30.0 30.0 29.99985944841097 29.999538124696365 30.0 30.0 30.0 30.0 30.0 30.0 30.0
72.2 30.0 30.0 29.99986243887028 29.999547366740597 30.0 30.0 30.0 30.0 30.0 30.0 30.0
72.3 30.0 30.0 29.999865365702796 29.9995564245943 30.0 30.0 30.0 30.0 30.0 30.0 30.0
72.4 30.0 30.0 29.999868230262308 29.99956530191155 30.0 30.0 30.0 30.0 30.0 30.0 30.0
72.5 30.0 30.0 29.99987103387377 29.999574002274386 30.0 30.0 30.0 30.0 30.0 30.0 30.0
72.6 30.0 30.0 29.999873777833894 29.99958252919409 30.0 30.0 30.0 30.0 30.0 30.0 30.0
72.7 30.0 30.0 29.999876463411912 29.999590886112458 30.0 30.0 30.0 30.0 30.0 30.0 30.0
72.8 30.0 30.0 29.999879091849955 29.999599076403623 30.0 30.0 30.0 30.0 30.0 30.0 30.0
72.9 30.0 30.0 29.99988166436375 29.999607103375006 30.0 30.0 30.0 30.0 30.0 30.0 30.0
73.0 30.0 30.0 29.999884182143283 29.999614970268606 30.0 30.0 30.0 30.0 30.0 30.0 30.0
73.1 30.0 30.0 29.999886646352994 29.999622680262565 30.0 30.0 30.0 30.0 30.0 30.0 30.0
73.2 30.0 30.0 29.99988905813276 29.999630236472118 30.0 30.0 30.0 30.0 30.0 30.0 30.0
73.3 30.0 30.0 29.999891418598057 29.999637641951086 30.0 30.0 30.0 30.0 30.0 30.0 30.0
73.4 30.0 30.0 29.99989372884067 29.999644899692875 30.0 30.0 30.0 30.0 30.0 30.0 30.0
73.5 30.0 30.0 29.99989598992916 29.999652012631667 30.0 30.0 30.0 30.0 30.0 30.0 30.0
73.6 30.0 30.0 29.999898202909346 29.99965898364391 30.0 30.0 30.0 30.0 30.0 30.0 30.0
73.7 30.0 30.0 29.999900368804894 29.99966581554888 30.0 30.0 30.0 30.0 30.0 30.0 30.0
73.8 30.0 30.0 29.999902488617607 29.99967251111035 30.0 30.0 30.0 30.0 30.0 30.0 30.0
73.9 30.0 30.0 29.999904563327892 29.999679073037466 30.0 30.0 30.0 30.0 30.0 30.0 30.0
74.0 30.0 30.0 29.99990659389537 29.999685503985763 30.0 30.0 30.0 30.0 30.0 30.0 30.0
74.1 30.0 30.0 29.999908581259337 29.99969180655821 30.0 30.0 30.0 30.0 30.0 30.0 30.0
74.2 30.0 30.0 29.999910526338954 29.99969798330647 30.0 30.0 30.0 30.0 30.0 30.0 30.0
74.3 30.0 30.0 29.99991243003386 29.999704036731533 30.0 30.0 30.0 30.0 30.0 30.0 30.0
74.4 30.0 30.0 29.999914293224606 29.999709969285036 30.0 30.0 30.0 30.0 30.0 30.0 30.0
74.5 30.0 30.0 29.999916116772997 29.999715783370135 30.0 30.0 30.0 30.0 30.0 30.0 30.0
74.6 30.0 30.0 29.99991790152254 29.99972148134231 30.0 30.0 30.0 30.0 30.0 30.0 30.0
74.7 30.0 30.0 29.999919648298643 29.99972706551074 30.0 30.0 30.0 30.0 30.0 30.0 30.0
74.8 30.0 30.0 29.99992135790931 29.99973253813848 30.0 30.0 30.0 30.0 30.0 30.0 30.0
74.9 30.0 30.0 29.999923031145318 29.999737901444064 30.0 30.0 30.0 30.0 30.0 30.0 30.0
75.0 30.0 30.0 29.999924668780512 29.99974315760224 30.0 30.0 30.0 30.0 30.0 30.0 30.0
75.1 30.0 30.0 29.99992627157238 29.99974830874445 30.0 30.0 30.0 30.0 30.0 30.0 30.0
75.2 30.0 30.0 29.999927840262362 29.99975335695985 30.0 30.0 30.0 30.0 30.0 30.0 30.0
75.3 30.0 30.0 29.999929375575917 29.9997583042967 30.0 30.0 30.0 30.0 30.0 30.0 30.0
75.4 30.0 30.0 29.99993087822323 29.999763152762235 30.0 30.0 30.0 30.0 30.0 30.0 30.0
75.5 30.0 30.0 29.999932348899286 29.999767904324187 30.0 30.0 30.0 30.0 30.0 30.0 30.0
75.6 30.0 30.0 29.99993378828437 29.999772560911246 30.0 30.0 30.0 30.0 30.0 30.0 30.0
75.7 30.0 30.0 29.999935197044255 29.999777124413892 30.0 30.0 30.0 30.0 30.0 30.0 30.0
75.8 30.0 30.0 29.999936575830578 29.999781596685082 30.0 30.0 30.0 30.0 30.0 30.0 30.0
75.9 30.0 30.0 29.999937925280957 29.99978597954129 30.0 30.0 30.0 30.0 30.0 30.0 30.0
76.0 30.0 30.0 29.999939246019654 29.99979027476269 30.0 30.0 30.0 30.0 30.0 30.0 30.0
76.1 30.0 30.0 29.999940538657576 29.999794484094284 30.0 30.0 30.0 30.0 30.0 30.0 30.0
76.2 30.0 30.0 29.999941803792474 29.999798609246845 30.0 30.0 30.0 30.0 30.0 30.0 30.0
76.3 30.0 30.0 29.99994304200962 29.99980265189661 30.0 30.0 30.0 30.0 30.0 30.0 30.0
76.4 30.0 30.0 29.9999442538818 29.999806613686946 30.0 30.0 30.0 30.0 30.0 30.0 30.0
76.5 30.0 30.0 29.999945439969416 29.99981049622877 30.0 30.0 30.0 30.0 30.0 30.0 30.0
76.6 30.0 30.0 29.99994660082117 29.9998143011007 30.0 30.0 30.0 30.0 30.0 30.0 30.0
76.7 30.0 30.0 29.999947736973947 29.999818029850363 30.0 30.0 30.0 30.0 30.0 30.0 30.0
76.8 30.0 30.0 29.999948848953228 29.999821683994536 30.0 30.0 30.0 30.0 30.0 30.0 30.0
76.9 30.0 30.0 29.99994993727336 29.999825265019883 30.0 30.0 30.0 30.0 30.0 30.0 30.0
77.0 30.0 30.0 29.999951002437754 29.99982877438363 30.0 30.0 30.0 30.0 30.0 30.0 30.0
77.1 30.0 30.0 29.99995204493909 29.999832213514168 30.0 30.0 30.0 30.0 30.0 30.0 30.0
77.2 30.0 30.0 29.999953065259493 29.999835583811493 30.0 30.0 30.0 30.0 30.0 30.0 30.0
77.3 30.0 30.0 29.999954063871034 29.999838886647662 30.0 30.0 30.0 30.0 30.0 30.0 30.0
77.4 30.0 30.0 29.99995504123552 29.999842123367856 30.0 30.0 30.0 30.0 30.0 30.0 30.0
77.5 30.0 30.0 29.999955997804992 29.999845295290303 30.0 30.0 30.0 30.0 30.0 30.0 30.0
77.6 30.0 30.0 29.999956934021906 29.999848403706967 30.0 30.0 30.0 30.0 30.0 30.0 30.0
77.7 30.0 30.0 29.999957850319337 29.999851449884368 30.0 30.0 30.0 30.0 30.0 30.0 30.0
77.8 30.0 30.0 29.999958747121074 29.999854435063938 30.0 30.0 30.0 30.0 30.0 30.0 30.0
77.9 30.0 30.0 29.9999596248419 29.999857360462265 30.0 30.0 30.0 30.0 30.0 30.0 30.0
78.0 30.0 30.0 29.9999604838878 29.999860227271853 30.0 30.0 30.0 30.0 30.0 30.0 30.0
78.1 30.0 30.0 29.999961324656148 29.999863036661523 30.0 30.0 30.0 30.0 30.0 30.0 30.0
78.2 30.0 30.0 29.9999621475358 29.999865789776955 30.0 30.0 30.0 30.0 30.0 30.0 30.0
78.3 30.0 30.0 29.99996295290739 29.999868487740887 30.0 30.0 30.0 30.0 30.0 30.0 30.0
78.4 30.0 30.0 29.999963741143418 29.999871131653997 30.0 30.0 30.0 30.0 30.0 30.0 30.0
78.5 30.0 30.0 29.999964512608464 29.99987372259489 30.0 30.0 30.0 30.0 30.0 30.0 30.0
78.6 30.0 30.0 29.999965267659356 29.999876261620845 30.0 30.0 30.0 30.0 30.0 30.0 30.0
78.7 30.0 30.0 29.99996600664528 29.999878749768122 30.0 30.0 30.0 30.0 30.0 30.0 30.0
78.8 30.0 30.0 29.99996672990817 29.999881188052278 30.0 30.0 30.0 30.0 30.0 30.0 30.0
78.9 30.0 30.0 29.999967437782505 29.999883577468932 30.0 30.0 30.0 30.0 30.0 30.0 30.0
79.0 30.0 30.0 29.999968130595608 29.9998859189937 30.0 30.0 30.0 30.0 30.0 30.0 30.0
79.1 30.0 30.0 29.99996880866803 29.999888213582835 30.0 30.0 30.0 30.0 30.0 30.0 30.0
79.2 30.0 30.0 29.99996947231335 29.999890462173603 30.0 30.0 30.0 30.0 30.0 30.0 30.0
79.3 30.0 30.0 29.99997012183857 29.999892665684648 30.0 30.0 30.0 30.0 30.0 30.0 30.0
79.4 30.0 30.0 29.999970757544112 29.999894825016344 30.0 30.0 30.0 30.0 30.0 30.0 30.0
79.5 30.0 30.0 29.99997137972402 29.99989694105105 30.0 30.0 30.0 30.0 30.0 30.0 30.0
79.6 30.0 30.0 29.99997198866604 29.99989901465387 30.0 30.0 30.0 30.0 30.0 30.0 30.0
79.7 30.0 30.0 29.99997258465182 29.999901046672317 30.0 30.0 30.0 30.0 30.0 30.0 30.0
79.8 30.0 30.0 29.99997316795712 29.99990303793728 30.0 30.0 30.0 30.0 30.0 30.0 30.0
79.9 30.0 30.0 29.999973738851683 29.999904989263104 30.0 30.0 30.0 30.0 30.0 30.0 30.0
80.0 30.0 30.0 29.99997429759956 29.9999069014479 30.0 30.0 30.0 30.0 30.0 30.0 30.0
80.1 30.0 30.0 29.99997484445918 29.999908775273884 30.0 30.0 30.0 30.0 30.0 30.0 30.0
80.2 30.0 30.0 29.99997537968346 29.99991061150769 30.0 30.0 30.0 30.0 30.0 30.0 30.0
80.3 30.0 30.0 29.999975903519996 29.999912410900706 30.0 30.0 30.0 30.0 30.0 30.0 30.0
80.4 30.0 30.0 29.999976416211062 29.99991417418949 30.0 30.0 30.0 30.0 30.0 30.0 30.0
80.5 30.0 30.0 29.999976917993802 29.999915902095655 30.0 30.0 30.0 30.0 30.0 30.0 30.0
80.6 30.0 30.0 29.99997740910033 29.999917595326714 30.0 30.0 30.0 30.0 30.0 30.0 30.0
80.7 30.0 30.0 29.999977889757734 29.99991925457599 30.0 30.0 30.0 30.0 30.0 30.0 30.0
80.8 30.0 30.0 29.99997836018845 29.99992088052293 30.0 30.0 30.0 30.0 30.0 30.0 30.0
80.9 30.0 30.0 29.999978820609986 29.9999224738336 30.0 30.0 30.0 30.0 30.0 30.0 30.0
81.0 30.0 30.0 29.999979271235294 29.999924035160678 30.0 30.0 30.0 30.0 30.0 30.0 30.0
81.1 30.0 30.0 29.999979712272882 29.99992556514386 30.0 30.0 30.0 30.0 30.0 30.0 30.0
81.2 30.0 30.0 29.999980143926614 29.999927064410283 30.0 30.0 30.0 30.0 30.0 30.0 30.0
81.3 30.0 30.0 29.99998056639629 29.999928533574195 30.0 30.0 30.0 30.0 30.0 30.0 30.0
81.4 30.0 30.0 29.99998097987725 29.999929973237972 30.0 30.0 30.0 30.0 30.0 30.0 30.0
81.5 30.0 30.0 29.999981384560694 29.999931383991946 30.0 30.0 30.0 30.0 30.0 30.0 30.0
81.6 30.0 30.0 29.99998178063383 29.999932766414478 30.0 30.0 30.0 30.0 30.0 30.0 30.0
81.7 30.0 30.0 29.99998216827992 29.99993412107248 30.0 30.0 30.0 30.0 30.0 30.0 30.0
81.8 30.0 30.0 29.999982547678247 29.99993544852163 30.0 30.0 30.0 30.0 30.0 30.0 30.0
81.9 30.0 30.0 29.99998291900423 29.999936749306613 30.0 30.0 30.0 30.0 30.0 30.0 30.0
82.0 30.0 30.0 29.9999832824297 29.999938023961068 30.0 30.0 30.0 30.0 30.0 30.0 30.0
82.1 30.0 30.0 29.999983638122725 29.999939273008064 30.0 30.0 30.0 30.0 30.0 30.0 30.0
82.2 30.0 30.0 29.999983986247788 29.999940496960342 30.0 30.0 30.0 30.0 30.0 30.0 30.0
82.3 30.0 30.0 29.999984326965887 29.99994169632029 30.0 30.0 30.0 30.0 30.0 30.0 30.0
82.4 30.0 30.0 29.99998466043473 29.999942871580178 30.0 30.0 30.0 30.0 30.0 30.0 30.0
82.5 30.0 30.0 29.999984986808453 29.99994402322274 30.0 30.0 30.0 30.0 30.0 30.0 30.0
82.6 30.0 30.0 29.999985306238084 29.99994515172082 30.0 30.0 30.0 30.0 30.0 30.0 30.0
82.7 30.0 30.0 29.99998561887128 29.99994625753816 30.0 30.0 30.0 30.0 30.0 30.0 30.0
82.8 30.0 30.0 29.999985924852773 29.99994734112876 30.0 30.0 30.0 30.0 30.0 30.0 30.0
82.9 30.0 30.0 29.99998622432403 29.999948402938042 30.0 30.0 30.0 30.0 30.0 30.0 30.0
83.0 30.0 30.0 29.9999865174235 29.999949443402375 30.0 30.0 30.0 30.0 30.0 30.0 30.0
83.1 30.0 30.0 29.999986804286838 29.999950462949176 30.0 30.0 30.0 30.0 30.0 30.0 30.0
83.2 30.0 30.0 29.99998708504669 29.99995146199774 30.0 30.0 30.0 30.0 30.0 30.0 30.0
83.3 30.0 30.0 29.999987359832904 29.999952440958733 30.0 30.0 30.0 30.0 30.0 30.0 30.0
83.4 30.0 30.0 29.99998762877262 29.999953400234602 30.0 30.0 30.0 30.0 30.0 30.0 30.0
83.5 30.0 30.0 29.99998789199025 29.999954340219855 30.0 30.0 30.0 30.0 30.0 30.0 30.0
83.6 30.0 30.0 29.99998814960753 29.99995526130116 30.0 30.0 30.0 30.0 30.0 30.0 30.0
83.7 30.0 30.0 29.999988401743554 29.99995616385744 30.0 30.0 30.0 30.0 30.0 30.0 30.0
83.8 30.0 30.0 29.999988648515007 29.999957048259965 30.0 30.0 30.0 30.0 30.0 30.0 30.0
83.9 30.0 30.0 29.999988890035972 29.999957914872745 30.0 30.0 30.0 30.0 30.0 30.0 30.0
84.0 30.0 30.0 29.999989126418193 29.999958764052256 30.0 30.0 30.0 30.0 30.0 30.0 30.0
84.1 30.0 30.0 29.999989357771003 29.999959596148187 30.0 30.0 30.0 30.0 30.0 30.0 30.0
84.2 30.0 30.0 29.999989584201415 29.999960411503004 30.0 30.0 30.0 30.0 30.0 30.0 30.0
84.3 30.0 30.0 29.99998980581412 29.99996121045252 30.0 30.0 30.0 30.0 30.0 30.0 30.0
84.4 30.0 30.0 29.999990022711675 29.99996199332558 30.0 30.0 30.0 30.0 30.0 30.0 30.0
84.5 30.0 30.0 29.999990234994414 29.999962760444618 30.0 30.0 30.0 30.0 30.0 30.0 30.0
84.6 30.0 30.0 29.99999044276045 29.999963512125763 30.0 30.0 30.0 30.0 30.0 30.0 30.0
84.7 30.0 30.0 29.99999064610595 29.99996424867847 30.0 30.0 30.0 30.0 30.0 30.0 30.0
84.8 30.0 30.0 29.99999084512497 29.999964970406396 30.0 30.0 30.0 30.0 30.0 30.0 30.0
84.9 30.0 30.0 29.999991039909514 29.999965677606887 30.0 30.0 30.0 30.0 30.0 30.0 30.0
85.0 30.0 30.0 29.99999123054976 29.99996637057134 30.0 30.0 30.0 30.0 30.0 30.0 30.0
85.1 30.0 30.0 29.999991417133856 29.99996704958554 30.0 30.0 30.0 30.0 30.0 30.0 30.0
85.2 30.0 30.0 29.999991599748007 29.99996771492941 30.0 30.0 30.0 30.0 30.0 30.0 30.0
85.3 30.0 30.0 29.99999177847678 29.9999683668771 30.0 30.0 30.0 30.0 30.0 30.0 30.0
85.4 30.0 30.0 29.999991953402798 29.999969005697597 30.0 30.0 30.0 30.0 30.0 30.0 30.0
85.5 30.0 30.0 29.99999212460695 29.99996963165438 30.0 30.0 30.0 30.0 30.0 30.0 30.0
85.6 30.0 30.0 29.999992292168482 29.99997024500562 30.0 30.0 30.0 30.0 30.0 30.0 30.0
85.7 30.0 30.0 29.99999245616489 29.9999708460043 30.0 30.0 30.0 30.0 30.0 30.0 30.0
85.8 30.0 30.0 29.99999261667203 29.99997143489845 30.0 30.0 30.0 30.0 30.0 30.0 30.0
85.9 30.0 30.0 29.999992773764117 29.99997201193114 30.0 30.0 30.0 30.0 30.0 30.0 30.0
86.0 30.0 30.0 29.99999292751381 29.999972577340472 30.0 30.0 30.0 30.0 30.0 30.0 30.0
86.1 30.0 30.0 29.999993077992222 29.999973131359926 30.0 30.0 30.0 30.0 30.0 30.0 30.0
86.2 30.0 30.0 29.999993225269023 29.99997367421801 30.0 30.0 30.0 30.0 30.0 30.0 30.0
86.3 30.0 30.0 29.999993369412227 29.999974206139168 30.0 30.0 30.0 30.0 30.0 30.0 30.0
86.4 30.0 30.0 29.999993510488594 29.99997472734279 30.0 30.0 30.0 30.0 30.0 30.0 30.0
86.5 30.0 30.0 29.999993648563336 29.999975238044268 30.0 30.0 30.0 30.0 30.0 30.0 30.0
86.6 30.0 30.0 29.99999378370032 29.999975738454577 30.0 30.0 30.0 30.0 30.0 30.0 30.0
86.7 30.0 30.0 29.999993915962037 29.999976228780362 30.0 30.0 30.0 30.0 30.0 30.0 30.0
86.8 30.0 30.0 29.999994045409643 29.999976709224267 30.0 30.0 30.0 30.0 30.0 30.0 30.0
86.9 30.0 30.0 29.99999417210303 29.999977179984885 30.0 30.0 30.0 30.0 30.0 30.0 30.0
87.0 30.0 30.0 29.999994296100827 29.999977641256635 30.0 30.0 30.0 30.0 30.0 30.0 30.0
87.1 30.0 30.0 29.999994417460414 29.99997809323031 30.0 30.0 30.0 30.0 30.0 30.0 30.0
87.2 30.0 30.0 29.99999453623781 29.999978536092833 30.0 30.0 30.0 30.0 30.0 30.0 30.0
87.3 30.0 30.0 29.99999465248807 29.99997897002705 30.0 30.0 30.0 30.0 30.0 30.0 30.0
87.4 30.0 30.0 29.999994766264887 29.99997939521263 30.0 30.0 30.0 30.0 30.0 30.0 30.0
87.5 30.0 30.0 29.999994877621 29.999979811825266 30.0 30.0 30.0 30.0 30.0 30.0 30.0
87.6 30.0 30.0 29.99999498660778 29.999980220037486 30.0 30.0 30.0 30.0 30.0 30.0 30.0
87.7 30.0 30.0 29.99999509327574 29.99998062001792 30.0 30.0 30.0 30.0 30.0 30.0 30.0
87.8 30.0 30.0 29.99999519767412 29.99998101193222 30.0 30.0 30.0 30.0 30.0 30.0 30.0
87.9 30.0 30.0 29.999995299851303 29.999981395942413 30.0 30.0 30.0 30.0 30.0 30.0 30.0
88.0 30.0 30.0 29.9999953998545 29.99998177220763 30.0 30.0 30.0 30.0 30.0 30.0 30.0
88.1 30.0 30.0 29.99999549772997 29.999982140883457 30.0 30.0 30.0 30.0 30.0 30.0 30.0
88.2 30.0 30.0 29.999995593522982 29.999982502122528 30.0 30.0 30.0 30.0 30.0 30.0 30.0
88.3 30.0 30.0 29.999995687277856 29.999982856074443 30.0 30.0 30.0 30.0 30.0 30.0 30.0
88.4 30.0 30.0 29.99999577903794 29.999983202885755 30.0 30.0 30.0 30.0 30.0 30.0 30.0
88.5 30.0 30.0 29.999995868845605 29.99998354270011 30.0 30.0 30.0 30.0 30.0 30.0 30.0
88.6 30.0 30.0 29.999995956742463 29.999983875658266 30.0 30.0 30.0 30.0 30.0 30.0 30.0
88.7 30.0 30.0 29.999996042769244 29.99998420189796 30.0 30.0 30.0 30.0 30.0 30.0 30.0
88.8 30.0 30.0 29.99999612696562 29.99998452155459 30.0 30.0 30.0 30.0 30.0 30.0 30.0
88.9 30.0 30.0 29.99999620937058 29.999984834760493 30.0 30.0 30.0 30.0 30.0 30.0 30.0
89.0 30.0 30.0 29.99999629002225 29.999985141645446 30.0 30.0 30.0 30.0 30.0 30.0 30.0
89.1 30.0 30.0 29.99999636895797 29.99998544233669 30.0 30.0 30.0 30.0 30.0 30.0 30.0
89.2 30.0 30.0 29.999996446214226 29.999985736958838 30.0 30.0 30.0 30.0 30.0 30.0 30.0
89.3 30.0 30.0 29.999996521826713 29.999986025634076 30.0 30.0 30.0 30.0 30.0 30.0 30.0
89.4 30.0 30.0 29.99999659583036 29.99998630848213 30.0 30.0 30.0 30.0 30.0 30.0 30.0
89.5 30.0 30.0 29.99999666825952 29.99998658562009 30.0 30.0 30.0 30.0 30.0 30.0 30.0
89.6 30.0 30.0 29.99999673914757 29.999986857163044 30.0 30.0 30.0 30.0 30.0 30.0 30.0
89.7 30.0 30.0 29.999996808527403 29.999987123223484 30.0 30.0 30.0 30.0 30.0 30.0 30.0
89.8 30.0 30.0 29.99999687643105 29.99998738391196 30.0 30.0 30.0 30.0 30.0 30.0 30.0
89.9 30.0 30.0 29.999996942889958 29.999987639336517 30.0 30.0 30.0 30.0 30.0 30.0 30.0
90.0 30.0 30.0 29.99999700793489 29.99998788960317 30.0 30.0 30.0 30.0 30.0 30.0 30.0
90.1 30.0 30.0 29.999997071595843 29.99998813481578 30.0 30.0 30.0 30.0 30.0 30.0 30.0
90.2 30.0 30.0 29.99999713390223 29.999988375076228 30.0 30.0 30.0 30.0 30.0 30.0 30.0
90.3 30.0 30.0 29.999997194883075 29.999988610483918 30.0 30.0 30.0 30.0 30.0 30.0 30.0
90.4 30.0 30.0 29.999997254566438 29.999988841136872 30.0 30.0 30.0 30.0 30.0 30.0 30.0
90.5 30.0 30.0 29.999997312979993 29.99998906713072 30.0 30.0 30.0 30.0 30.0 30.0 30.0
90.6 30.0 30.0 29.999997370150638 29.999989288559416 30.0 30.0 30.0 30.0 30.0 30.0 30.0
90.7 30.0 30.0 29.99999742610488 29.999989505514872 30.0 30.0 30.0 30.0 30.0 30.0 30.0
90.8 30.0 30.0 29.999997480868654 29.999989718087132 30.0 30.0 30.0 30.0 30.0 30.0 30.0
90.9 30.0 30.0 29.99999753446711 29.999989926364727 30.0 30.0 30.0 30.0 30.0 30.0 30.0
91.0 30.0 30.0 29.99999758692522 29.999990130433833 30.0 30.0 30.0 30.0 30.0 30.0 30.0
91.1 30.0 30.0 29.99999763826716 29.99999033037951 30.0 30.0 30.0 30.0 30.0 30.0 30.0
91.2 30.0 30.0 29.999997688516743 29.99999052628466 30.0 30.0 30.0 30.0 30.0 30.0 30.0
91.3 30.0 30.0 29.999997737697186 29.999990718230805 30.0 30.0 30.0 30.0 30.0 30.0 30.0
91.4 30.0 30.0 29.999997785831322 29.99999090629758 30.0 30.0 30.0 30.0 30.0 30.0 30.0
91.5 30.0 30.0 29.99999783294121 29.999991090563515 30.0 30.0 30.0 30.0 30.0 30.0 30.0
91.6 30.0 30.0 29.999997879048916 29.99999127110482 30.0 30.0 30.0 30.0 30.0 30.0 30.0
91.7 30.0 30.0 29.999997924175528 29.999991447996905 30.0 30.0 30.0 30.0 30.0 30.0 30.0
91.8 30.0 30.0 29.999997968341944 29.999991621313264 30.0 30.0 30.0 30.0 30.0 30.0 30.0
91.9 30.0 30.0 29.99999801156868 29.999991791125698 30.0 30.0 30.0 30.0 30.0 30.0 30.0
92.0 30.0 30.0 29.999998053875665 29.99999195750512 30.0 30.0 30.0 30.0 30.0 30.0 30.0
92.1 30.0 30.0 29.999998095282635 29.99999212052062 30.0 30.0 30.0 30.0 30.0 30.0 30.0
92.2 30.0 30.0 29.99999813580856 29.99999228024019 30.0 30.0 30.0 30.0 30.0 30.0 30.0
92.3 30.0 30.0 29.999998175472204 29.999992436730224 30.0 30.0 30.0 30.0 30.0 30.0 30.0
92.4 30.0 30.0 29.999998214291953 29.99999259005562 30.0 30.0 30.0 30.0 30.0 30.0 30.0
92.5 30.0 30.0 29.999998252285803 29.99999274028039 30.0 30.0 30.0 30.0 30.0 30.0 30.0
92.6 30.0 30.0 29.999998289471172 29.99999288746727 30.0 30.0 30.0 30.0 30.0 30.0 30.0
92.7 30.0 30.0 29.999998325865473 29.99999303167699 30.0 30.0 30.0 30.0 30.0 30.0 30.0
92.8 30.0 30.0 29.99999836148535 29.9999931729701 30.0 30.0 30.0 30.0 30.0 30.0 30.0
92.9 30.0 30.0 29.999998396347443 29.999993311405163 30.0 30.0 30.0 30.0 30.0 30.0 30.0
93.0 30.0 30.0 29.99999843046762 29.999993447040183 30.0 30.0 30.0 30.0 30.0 30.0 30.0
93.1 30.0 30.0 29.999998463861942 29.99999357993119 30.0 30.0 30.0 30.0 30.0 30.0 30.0
93.2 30.0 30.0 29.9999984965457 29.999993710133783 30.0 30.0 30.0 30.0 30.0 30.0 30.0
93.3 30.0 30.0 29.999998528534178 29.999993837701993 30.0 30.0 30.0 30.0 30.0 30.0 30.0
93.4 30.0 30.0 29.999998559841888 29.999993962689455 30.0 30.0 30.0 30.0 30.0 30.0 30.0
93.5 30.0 30.0 29.999998590483536 29.99999408514766 30.0 30.0 30.0 30.0 30.0 30.0 30.0
93.6 30.0 30.0 29.999998620473253 29.99999420512803 30.0 30.0 30.0 30.0 30.0 30.0 30.0
93.7 30.0 30.0 29.99999864982497 29.999994322680408 30.0 30.0 30.0 30.0 30.0 30.0 30.0
93.8 30.0 30.0 29.99999867855204 29.999994437854067 30.0 30.0 30.0 30.0 30.0 30.0 30.0
93.9 30.0 30.0 29.999998706668002 29.999994550696478 30.0 30.0 30.0 30.0 30.0 30.0 30.0
94.0 30.0 30.0 29.999998734185635 29.99999466125527 30.0 30.0 30.0 30.0 30.0 30.0 30.0
94.1 30.0 30.0 29.9999987611179 29.99999476957609 30.0 30.0 30.0 30.0 30.0 30.0 30.0
94.2 30.0 30.0 29.999998787477185 29.999994875704385 30.0 30.0 30.0 30.0 30.0 30.0 30.0
94.3 30.0 30.0 29.99999881327549 29.999994979684523 30.0 30.0 30.0 30.0 30.0 30.0 30.0
94.4 30.0 30.0 29.999998838524995 29.999995081559632 30.0 30.0 30.0 30.0 30.0 30.0 30.0
94.5 30.0 30.0 29.999998863237323 29.999995181372203 30.0 30.0 30.0 30.0 30.0 30.0 30.0
94.6 30.0 30.0 29.99999888742369 29.999995279164267 30.0 30.0 30.0 30.0 30.0 30.0 30.0
94.7 30.0 30.0 29.999998911095513 29.999995374976017 30.0 30.0 30.0 30.0 30.0 30.0 30.0
94.8 30.0 30.0 29.999998934263633 29.999995468847974 30.0 30.0 30.0 30.0 30.0 30.0 30.0
94.9 30.0 30.0 29.999998956938885 29.99999556081886 30.0 30.0 30.0 30.0 30.0 30.0 30.0
95.0 30.0 30.0 29.999998979131718 29.999995650927392 30.0 30.0 30.0 30.0 30.0 30.0 30.0
95.1 30.0 30.0 29.999999000852384 29.999995739211215 30.0 30.0 30.0 30.0 30.0 30.0 30.0
95.2 30.0 30.0 29.99999902211076 29.999995825707234 30.0 30.0 30.0 30.0 30.0 30.0 30.0
95.3 30.0 30.0 29.9999990429169 29.999995910451084 30.0 30.0 30.0 30.0 30.0 30.0 30.0
95.4 30.0 30.0 29.999999063280296 29.99999599347874 30.0 30.0 30.0 30.0 30.0 30.0 30.0
95.5 30.0 30.0 29.99999908321042 29.999996074824562 30.0 30.0 30.0 30.0 30.0 30.0 30.0
95.6 30.0 30.0 29.999999102716565 29.999996154522538 30.0 30.0 30.0 30.0 30.0 30.0 30.0
95.7 30.0 30.0 29.999999121807633 29.999996232606097 30.0 30.0 30.0 30.0 30.0 30.0 30.0
95.8 30.0 30.0 29.999999140492523 29.999996309107598 30.0 30.0 30.0 30.0 30.0 30.0 30.0
95.9 30.0 30.0 29.999999158779946 29.999996384059195 30.0 30.0 30.0 30.0 30.0 30.0 30.0
96.0 30.0 30.0 29.999999176678223 29.999996457492337 30.0 30.0 30.0 30.0 30.0 30.0 30.0
96.1 30.0 30.0 29.99999919419567 29.99999652943756 30.0 30.0 30.0 30.0 30.0 30.0 30.0
96.2 30.0 30.0 29.99999921134042 29.99999659992482 30.0 30.0 30.0 30.0 30.0 30.0 30.0
96.3 30.0 30.0 29.999999228120405 29.999996668983748 30.0 30.0 30.0 30.0 30.0 30.0 30.0
96.4 30.0 30.0 29.999999244543364 29.99999673664323 30.0 30.0 30.0 30.0 30.0 30.0 30.0
96.5 30.0 30.0 29.999999260616843 29.99999680293161 30.0 30.0 30.0 30.0 30.0 30.0 30.0
96.6 30.0 30.0 29.999999276348394 29.99999686787631 30.0 30.0 30.0 30.0 30.0 30.0 30.0
96.7 30.0 30.0 29.99999929174517 29.99999693150494 30.0 30.0 30.0 30.0 30.0 30.0 30.0
96.8 30.0 30.0 29.999999306814335 29.999996993843844 30.0 30.0 30.0 30.0 30.0 30.0 30.0
96.9 30.0 30.0 29.99999932156305 29.99999705491879 30.0 30.0 30.0 30.0 30.0 30.0 30.0
97.0 30.0 30.0 29.99999933599789 29.999997114755917 30.0 30.0 30.0 30.0 30.0 30.0 30.0
97.1 30.0 30.0 29.999999350125634 29.99999717337996 30.0 30.0 30.0 30.0 30.0 30.0 30.0
97.2 30.0 30.0 29.999999363952664 29.999997230815595 30.0 30.0 30.0 30.0 30.0 30.0 30.0
97.3 30.0 30.0 29.99999937748556 29.999997287086618 30.0 30.0 30.0 30.0 30.0 30.0 30.0
97.4 30.0 30.0 29.99999939073051 29.999997342216787 30.0 30.0 30.0 30.0 30.0 30.0 30.0
97.5 30.0 30.0 29.99999940369371 29.999997396228967 30.0 30.0 30.0 30.0 30.0 30.0 30.0
97.6 30.0 30.0 29.99999941638116 29.999997449146043 30.0 30.0 30.0 30.0 30.0 30.0 30.0
97.7 30.0 30.0 29.999999428798667 29.99999750098995 30.0 30.0 30.0 30.0 30.0 30.0 30.0
97.8 30.0 30.0 29.99999944095184 29.999997551782677 30.0 30.0 30.0 30.0 30.0 30.0 30.0
97.9 30.0 30.0 29.99999945284648 29.999997601545086 30.0 30.0 30.0 30.0 30.0 30.0 30.0
98.0 30.0 30.0 29.999999464488013 29.999997650298397 30.0 30.0 30.0 30.0 30.0 30.0 30.0
98.1 30.0 30.0 29.999999475881854 29.999997698062735 30.0 30.0 30.0 30.0 30.0 30.0 30.0
98.2 30.0 30.0 29.999999487033225 29.999997744858437 30.0 30.0 30.0 30.0 30.0 30.0 30.0
98.3 30.0 30.0 29.999999497947357 29.999997790704693 30.0 30.0 30.0 30.0 30.0 30.0 30.0
98.4 30.0 30.0 29.999999508629276 29.999997835621116 30.0 30.0 30.0 30.0 30.0 30.0 30.0
98.5 30.0 30.0 29.999999519084014 29.999997879626164 30.0 30.0 30.0 30.0 30.0 30.0 30.0
98.6 30.0 30.0 29.999999529316216 29.99999792273871 30.0 30.0 30.0 30.0 30.0 30.0 30.0
98.7 30.0 30.0 29.99999953933072 29.999997964976334 30.0 30.0 30.0 30.0 30.0 30.0 30.0
98.8 30.0 30.0 29.99999954913217 29.999998006356975 30.0 30.0 30.0 30.0 30.0 30.0 30.0
98.9 30.0 30.0 29.99999955872502 29.99999804689803 30.0 30.0 30.0 30.0 30.0 30.0 30.0
99.0 30.0 30.0 29.999999568113907 29.99999808661635 30.0 30.0 30.0 30.0 30.0 30.0 30.0
99.1 30.0 30.0 29.999999577302898 29.999998125528947 30.0 30.0 30.0 30.0 30.0 30.0 30.0
99.2 30.0 30.0 29.999999586296447 29.9999981636516 30.0 30.0 30.0 30.0 30.0 30.0 30.0
99.3 30.0 30.0 29.999999595098615 29.999998201000775 30.0 30.0 30.0 30.0 30.0 30.0 30.0
99.4 30.0 30.0 29.999999603713462 29.999998237591853 30.0 30.0 30.0 30.0 30.0 30.0 30.0
99.5 30.0 30.0 29.99999961214506 29.99999827344024 30.0 30.0 30.0 30.0 30.0 30.0 30.0
99.6 30.0 30.0 29.999999620397272 29.999998308560933 30.0 30.0 30.0 30.0 30.0 30.0 30.0
99.7 30.0 30.0 29.999999628473972 29.999998342968777 30.0 30.0 30.0 30.0 30.0 30.0 30.0
99.8 30.0 30.0 29.999999636378835 29.999998376678242 30.0 30.0 30.0 30.0 30.0 30.0 30.0
99.9 30.0 30.0 29.99999964411554 29.99999840970326 30.0 30.0 30.0 30.0 30.0 30.0 30.0
