0.0 30.0 30.0 30.0 30.0 30.0 30.0 30.0 30.0 30.0 30.0 30.0
0.1 30.0 30.0 30.0 30.0 30.0 30.0 30.0 30.0 30.0 30.0 30.0
0.2 30.0 30.0 30.0 30.0 30.0 30.0 30.0 30.0 30.0 30.0 30.0
0.3 30.0 30.0 30.0 30.0 30.0 30.0 30.0 30.0 30.0 30.0 30.0
0.4 30.0 30.0 30.0 30.0 30.0 30.0 30.0 30.0 30.0 30.0 30.0
0.5 30.0 30.0 30.0 30.0 30.0 30.0 30.0 30.0 30.0 30.0 30.0
0.6 30.0 30.0 30.0 30.0 30.0 30.0 30.0 30.0 30.0 30.0 30.0
0.7 30.0 30.0 30.0 30.0 30.0 30.0 30.0 30.0 30.0 30.0 30.0
0.8 30.0 30.0 30.0 30.0 30.0 30.0 30.0 30.0 30.0 30.0 30.0
0.9 30.0 30.0 30.0 30.0 30.0 30.0 30.0 30.0 30.0 30.0 30.0
1.0 30.0 30.0 30.0 30.0 30.0 30.0 30.0 30.0 30.0 30.0 30.0
1.1 30.0 30.0 30.0 30.0 30.0 30.0 30.0 30.0 30.0 30.0 30.0
1.2 30.0 30.0 30.0 30.0 30.0 30.0 30.0 30.0 30.0 30.0 30.0
1.3 30.0 30.0 30.0 30.0 30.0 30.0 30.0 30.0 30.0 30.0 30.0
1.4 30.0 30.0 30.0 30.0 30.0 30.0 30.0 30.0 30.0 30.0 30.0
1.5 30.0 30.0 30.0 30.0 30.0 30.0 30.0 30.0 30.0 30.0 30.0
1.6 30.0 30.0 30.0 30.0 30.0 30.0 30.0 30.0 30.0 30.0 30.0
1.7 30.0 30.0 30.0 30.0 30.0 30.0 30.0 30.0 30.0 30.0 30.0
1.8 30.0 30.0 30.0 30.0 30.0 30.0 30.0 30.0 30.0 30.0 30.0
1.9 30.0 30.0 30.0 30.0 30.0 30.0 30.0 30.0 30.0 30.0 30.0
2.0 30.0 30.0 30.0 30.0 30.0 30.0 30.0 30.0 30.0 30.0 30.0
2.1 30.0 30.0 30.0 30.0 30.0 30.0 30.0 30.0 30.0 30.0 30.0
2.2 30.0 30.0 30.0 30.0 30.0 30.0 30.0 30.0 30.0 30.0 30.0
2.3 30.0 30.0 30.0 30.0 30.0 30.0 30.0 30.0 30.0 30.0 30.0
2.4 30.0 30.0 30.0 30.0 30.0 30.0 30.0 30.0 30.0 30.0 30.0
2.5 30.0 30.0 30.0 30.0 30.0 30.0 30.0 30.0 30.0 30.0 30.0
2.6 30.0 30.0 30.0 30.0 30.0 30.0 30.0 30.0 30.0 30.0 30.0
2.7 30.0 30.0 30.0 30.0 30.0 30.0 30.0 30.0 30.0 30.0 30.0
2.8 30.0 30.0 30.0 30.0 30.0 30.0 30.0 30.0 30.0 30.0 30.0
2.9 30.0 30.0 30.0 30.0 30.0 30.0 30.0 30.0 30.0 30.0 30.0
3.0 30.0 30.0 30.0 30.0 30.0 30.0 30.0 30.0 30.0 30.0 30.0
3.1 30.0 30.0 30.0 30.0 30.0 30.0 30.0 30.0 30.0 30.0 30.0
3.2 30.0 30.0 30.0 30.0 30.0 30.0 30.0 30.0 30.0 30.0 30.0
3.3 30.0 30.0 30.0 30.0 30.0 30.0 30.0 30.0 30.0 30.0 30.0
3.4 30.0 30.0 30.0 30.0 30.0 30.0 30.0 30.0 30.0 30.0 30.0
3.5 30.0 30.0 30.0 30.0 30.0 30.0 30.0 30.0 30.0 30.0 30.0
3.6 30.0 30.0 30.0 30.0 30.0 30.0 30.0 30.0 30.0 30.0 30.0
3.7 30.0 30.0 30.0 30.0 30.0 30.0 30.0 30.0 30.0 30.0 30.0
3.8 30.0 30.0 30.0 30.0 30.0 30.0 30.0 30.0 30.0 30.0 30.0
3.9 30.0 30.0 30.0 30.0 30.0 30.0 30.0 30.0 30.0 30.0 30.0
4.0 30.0 30.0 30.0 30.0 30.0 30.0 30.0 30.0 30.0 30.0 30.0
4.1 30.0 30.0 30.0 30.0 30.0 30.0 30.0 30.0 30.0 30.0 30.0
4.2 30.0 30.0 30.0 30.0 30.0 30.0 30.0 30.0 30.0 30.0 30.0
4.3 30.0 30.0 30.0 30.0 30.0 30.0 30.0 30.0 30.0 30.0 30.0
4.4 30.0 30.0 30.0 30.0 30.0 30.0 30.0 30.0 30.0 30.0 30.0
4.5 30.0 30.0 30.0 30.0 30.0 30.0 30.0 30.0 30.0 30.0 30.0
4.6 30.0 30.0 30.0 30.0 30.0 30.0 30.0 30.0 30.0 30.0 30.0
4.7 30.0 30.0 30.0 30.0 30.0 30.0 30.0 30.0 30.0 30.0 30.0
4.8 30.0 30.0 30.0 30.0 30.0 30.0 30.0 30.0 30.0 30.0 30.0
4.9 30.0 30.0 30.0 30.0 30.0 30.0 30.0 30.0 30.0 30.0 30.0
5.0 30.0 30.0 30.0 30.0 30.0 30.0 30.0 30.0 30.0 30.0 30.0
5.1 30.0 30.0 30.0 30.0 30.0 30.0 30.0 30.0 30.0 30.0 30.0
5.2 30.0 30.0 30.0 30.0 30.0 30.0 30.0 30.0 30.0 30.0 30.0
5.3 30.0 30.0 30.0 30.0 30.0 30.0 30.0 30.0 30.0 30.0 30.0
5.4 30.0 30.0 30.0 30.0 30.0 30.0 30.0 30.0 30.0 30.0 30.0
5.5 30.0 30.0 30.0 30.0 30.0 30.0 30.0 30.0 30.0 30.0 30.0
5.6 30.0 30.0 30.0 30.0 30.0 30.0 30.0 30.0 30.0 30.0 30.0
5.7 30.0 30.0 30.0 30.0 30.0 30.0 30.0 30.0 30.0 30.0 30.0
5.8 30.0 30.0 30.0 30.0 30.0 30.0 30.0 30.0 30.0 30.0 30.0
5.9 30.0 30.0 30.0 30.0 30.0 30.0 30.0 30.0 30.0 30.0 30.0
6.0 30.0 30.0 30.0 30.0 30.0 30.0 30.0 30.0 30.0 30.0 30.0
6.1 30.0 30.0 30.0 30.0 30.0 30.0 30.0 30.0 30.0 30.0 30.0
6.2 30.0 30.0 30.0 30.0 30.0 30.0 30.0 30.0 30.0 30.0 30.0
6.3 30.0 30.0 30.0 30.0 30.0 30.0 30.0 30.0 30.0 30.0 30.0
6.4 30.0 30.0 30.0 30.0 30.0 30.0 30.0 30.0 30.0 30.0 30.0
6.5 30.0 30.0 30.0 30.0 30.0 30.0 30.0 30.0 30.0 30.0 30.0
6.6 30.0 30.0 30.0 30.0 30.0 30.0 30.0 30.0 30.0 30.0 30.0
6.7 30.0 30.0 30.0 30.0 30.0 30.0 30.0 30.0 30.0 30.0 30.0
6.8 30.0 30.0 30.0 30.0 30.0 30.0 30.0 30.0 30.0 30.0 30.0
6.9 30.0 30.0 30.0 30.0 30.0 30.0 30.0 30.0 30.0 30.0 30.0
7.0 30.0 30.0 30.0 30.0 30.0 30.0 30.0 30.0 30.0 30.0 30.0
7.1 30.0 30.0 30.0 30.0 30.0 30.0 30.0 30.0 30.0 30.0 30.0
7.2 30.0 30.0 30.0 30.0 30.0 30.0 30.0 30.0 30.0 30.0 30.0
7.3 30.0 30.0 30.0 30.0 30.0 30.0 30.0 30.0 30.0 30.0 30.0
7.4 30.0 30.0 30.0 30.0 30.0 30.0 30.0 30.0 30.0 30.0 30.0
7.5 30.0 30.0 30.0 30.0 30.0 30.0 30.0 30.0 30.0 30.0 30.0
7.6 30.0 30.0 30.0 30.0 30.0 30.0 30.0 30.0 30.0 30.0 30.0
7.7 30.0 30.0 30.0 30.0 30.0 30.0 30.0 30.0 30.0 30.0 30.0
7.8 30.0 30.0 30.0 30.0 30.0 30.0 30.0 30.0 30.0 30.0 30.0
7.9 30.0 30.0 30.0 30.0 30.0 30.0 30.0 30.0 30.0 30.0 30.0
8.0 30.0 30.0 30.0 30.0 30.0 30.0 30.0 30.0 30.0 30.0 30.0
8.1 30.0 30.0 30.0 30.0 30.0 30.0 30.0 30.0 30.0 30.0 30.0
8.2 30.0 30.0 30.0 30.0 30.0 30.0 30.0 30.0 30.0 30.0 30.0
8.3 30.0 30.0 30.0 30.0 30.0 30.0 30.0 30.0 30.0 30.0 30.0
8.4 30.0 30.0 30.0 30.0 30.0 30.0 30.0 30.0 30.0 30.0 30.0
8.5 30.0 30.0 30.0 30.0 30.0 30.0 30.0 30.0 30.0 30.0 30.0
8.6 30.0 30.0 30.0 30.0 30.0 30.0 30.0 30.0 30.0 30.0 30.0
8.7 30.0 30.0 30.0 30.0 30.0 30.0 30.0 30.0 30.0 30.0 30.0
8.8 30.0 30.0 30.0 30.0 30.0 30.0 30.0 30.0 30.0 30.0 30.0
8.9 30.0 30.0 30.0 30.0 30.0 30.0 30.0 30.0 30.0 30.0 30.0
9.0 30.0 30.0 30.0 30.0 30.0 30.0 30.0 30.0 30.0 30.0 30.0
9.1 30.0 30.0 30.0 30.0 30.0 30.0 30.0 30.0 30.0 30.0 30.0
9.2 30.0 30.0 30.0 30.0 30.0 30.0 30.0 30.0 30.0 30.0 30.0
9.3 30.0 30.0 30.0 30.0 30.0 30.0 30.0 30.0 30.0 30.0 30.0
9.4 30.0 30.0 30.0 30.0 30.0 30.0 30.0 30.0 30.0 30.0 30.0
9.5 30.0 30.0 30.0 30.0 30.0 30.0 30.0 30.0 30.0 30.0 30.0
9.6 30.0 30.0 30.0 30.0 30.0 30.0 30.0 30.0 30.0 30.0 30.0
9.7 30.0 30.0 30.0 30.0 30.0 30.0 30.0 30.0 30.0 30.0 30.0
9.8 30.0 30.0 30.0 30.0 30.0 30.0 30.0 30.0 30.0 30.0 30.0
9.9 30.0 30.0 30.0 30.0 30.0 30.0 30.0 30.0 30.0 30.0 30.0
10.0 30.0 30.0 30.0 30.0 30.0 30.0 30.0 30.0 30.0 30.0 30.0
10.1 30.0 30.0 30.0 30.0 30.0 30.0 30.0 30.0 30.0 30.0 30.0
10.2 30.0 30.0 30.0 30.0 30.0 30.0 30.0 30.0 30.0 30.0 30.0
10.3 30.0 30.0 30.0 30.0 30.0 30.0 30.0 30.0 30.0 30.0 30.0
10.4 30.0 30.0 30.0 30.0 30.0 30.0 30.0 30.0 30.0 30.0 30.0
10.5 30.0 30.0 30.0 30.0 30.0 30.0 30.0 30.0 30.0 30.0 30.0
10.6 30.0 30.0 30.0 30.0 30.0 30.0 30.0 30.0 30.0 30.0 30.0
10.7 30.0 30.0 30.0 30.0 30.0 30.0 30.0 30.0 30.0 30.0 30.0
10.8 30.0 30.0 30.0 30.0 30.0 30.0 30.0 30.0 30.0 30.0 30.0
10.9 30.0 30.0 30.0 30.0 30.0 30.0 30.0 30.0 30.0 30.0 30.0
11.0 30.0 30.0 30.0 30.0 30.0 30.0 30.0 30.0 30.0 30.0 30.0
11.1 30.0 30.0 30.0 30.0 30.0 30.0 30.0 30.0 30.0 30.0 30.0
11.2 30.0 30.0 30.0 30.0 30.0 30.0 30.0 30.0 30.0 30.0 30.0
11.3 30.0 30.0 30.0 30.0 30.0 30.0 30.0 30.0 30.0 30.0 30.0
11.4 30.0 30.0 30.0 30.0 30.0 30.0 30.0 30.0 30.0 30.0 30.0
11.5 30.0 30.0 30.0 30.0 30.0 30.0 30.0 30.0 30.0 30.0 30.0
11.6 30.0 30.0 30.0 30.0 30.0 30.0 30.0 30.0 30.0 30.0 30.0
11.7 30.0 30.0 30.0 30.0 30.0 30.0 30.0 30.0 30.0 30.0 30.0
11.8 30.0 30.0 30.0 30.0 30.0 30.0 30.0 30.0 30.0 30.0 30.0
11.9 30.0 30.0 30.0 30.0 30.0 30.0 30.0 30.0 30.0 30.0 30.0
12.0 30.0 30.0 30.0 30.0 30.0 30.0 30.0 30.0 30.0 30.0 30.0
12.1 30.0 30.0 30.0 30.0 30.0 30.0 30.0 30.0 30.0 30.0 30.0
12.2 30.0 30.0 30.0 30.0 30.0 30.0 30.0 30.0 30.0 30.0 30.0
12.3 30.0 30.0 30.0 30.0 30.0 30.0 30.0 30.0 30.0 30.0 30.0
12.4 30.0 30.0 30.0 30.0 30.0 30.0 30.0 30.0 30.0 30.0 30.0
12.5 30.0 30.0 30.0 30.0 30.0 30.0 30.0 30.0 30.0 30.0 30.0
12.6 30.0 30.0 30.0 30.0 30.0 30.0 30.0 30.0 30.0 30.0 30.0
12.7 30.0 30.0 30.0 30.0 30.0 30.0 30.0 30.0 30.0 30.0 30.0
12.8 30.0 30.0 30.0 30.0 30.0 30.0 30.0 30.0 30.0 30.0 30.0
12.9 30.0 30.0 30.0 30.0 30.0 30.0 30.0 30.0 30.0 30.0 30.0
13.0 30.0 30.0 30.0 30.0 30.0 30.0 30.0 30.0 30.0 30.0 30.0
13.1 30.0 30.0 30.0 30.0 30.0 30.0 30.0 30.0 30.0 30.0 30.0
13.2 30.0 30.0 30.0 30.0 30.0 30.0 30.0 30.0 30.0 30.0 30.0
13.3 30.0 30.0 30.0 30.0 30.0 30.0 30.0 30.0 30.0 30.0 30.0
13.4 30.0 30.0 30.0 30.0 30.0 30.0 30.0 30.0 30.0 30.0 30.0
13.5 30.0 30.0 30.0 30.0 30.0 30.0 30.0 30.0 30.0 30.0 30.0
13.6 30.0 30.0 30.0 30.0 30.0 30.0 30.0 30.0 30.0 30.0 30.0
13.7 30.0 30.0 30.0 30.0 30.0 30.0 30.0 30.0 30.0 30.0 30.0
13.8 30.0 30.0 30.0 30.0 30.0 30.0 30.0 30.0 30.0 30.0 30.0
13.9 30.0 30.0 30.0 30.0 30.0 30.0 30.0 30.0 30.0 30.0 30.0
14.0 30.0 30.0 30.0 30.0 30.0 30.0 30.0 30.0 30.0 30.0 30.0
14.1 30.0 30.0 30.0 30.0 30.0 30.0 30.0 30.0 30.0 30.0 30.0
14.2 30.0 30.0 30.0 30.0 30.0 30.0 30.0 30.0 30.0 30.0 30.0
14.3 30.0 30.0 30.0 30.0 30.0 30.0 30.0 30.0 30.0 30.0 30.0
14.4 30.0 29.2 30.0 30.0 30.0 30.0 30.0 30.0 30.0 30.0 30.0
14.5 30.0 28.4 30.0 30.0 30.0 30.0 30.0 30.0 30.0 30.0 30.0
14.6 30.0 27.599999999999998 30.0 30.0 30.0 30.0 30.0 30.0 30.0 30.0 30.0
14.7 30.0 26.891245351502675 30.0 30.0 30.0 30.0 30.0 30.0 30.0 30.0 30.0
14.8 30.0 26.686658935911773 30.0 30.0 30.0 30.0 30.0 30.0 30.0 30.0 30.0
14.9 30.0 26.486830343939324 30.0 30.0 30.0 30.0 30.0 30.0 30.0 30.0 30.0
15.0 30.0 26.28906914110827 30.0 30.0 30.0 30.0 30.0 30.0 30.0 30.0 30.0
15.1 30.0 26.093949149203194 30.0 30.0 30.0 30.0 30.0 30.0 30.0 30.0 30.0
15.2 30.0 25.90347487139107 30.0 30.0 30.0 30.0 30.0 30.0 30.0 30.0 30.0
15.3 30.0 25.71753569543158 30.0 30.0 30.0 30.0 30.0 30.0 30.0 30.0 30.0
15.4 30.0 25.534463243750984 30.0 30.0 30.0 30.0 30.0 30.0 30.0 30.0 30.0
15.5 30.0 25.352989249539807 30.0 30.0 30.0 30.0 30.0 30.0 30.0 30.0 30.0
15.6 30.0 25.175941450309406 30.0 30.0 30.0 30.0 30.0 30.0 30.0 30.0 30.0
15.7 30.0 25.003211890084604 30.0 30.0 30.0 30.0 30.0 30.0 30.0 30.0 30.0
15.8 30.0 24.834695245962894 30.0 30.0 30.0 30.0 30.0 30.0 30.0 30.0 30.0
15.9 30.0 25.014045580504956 30.0 30.0 30.0 30.0 30.0 30.0 30.0 30.0 30.0
16.0 30.0 24.214045580504955 30.0 30.0 30.0 30.0 30.0 30.0 30.0 30.0 30.0
16.1 30.0 23.414045580504954 30.0 30.0 30.0 30.0 30.0 30.0 30.0 30.0 30.0
16.2 30.0 22.614045580504953 30.0 30.0 30.0 30.0 30.0 30.0 30.0 30.0 30.0
16.3 30.0 21.814045580504953 30.0 30.0 30.0 30.0 30.0 30.0 30.0 30.0 30.0
16.4 30.0 21.287415007543895 30.0 30.0 30.0 30.0 30.0 30.0 30.0 30.0 30.0
16.5 30.0 21.155336555237458 30.0 30.0 30.0 30.0 30.0 30.0 30.0 30.0 30.0
16.6 30.0 21.026926948828436 30.0 30.0 30.0 30.0 30.0 30.0 30.0 30.0 30.0
16.7 30.0 20.902084275930775 30.0 30.0 30.0 30.0 30.0 30.0 30.0 30.0 30.0
16.8 30.0 20.780158296631175 30.0 30.0 30.0 30.0 30.0 30.0 30.0 30.0 30.0
16.9 30.0 20.658799223142168 30.0 30.0 30.0 30.0 30.0 30.0 30.0 30.0 30.0
17.0 30.0 20.540907551752788 30.0 30.0 30.0 30.0 30.0 30.0 30.0 30.0 30.0
17.1 30.0 20.42638421383166 30.0 30.0 30.0 30.0 30.0 30.0 30.0 30.0 30.0
17.2 30.0 20.31513297127968 30.0 30.0 30.0 30.0 30.0 30.0 30.0 30.0 30.0
17.3 30.0 20.207060335657747 30.0 30.0 30.0 30.0 30.0 30.0 30.0 30.0 30.0
17.4 30.0 20.102075489625125 30.0 30.0 30.0 30.0 30.0 30.0 30.0 30.0 30.0
17.5 30.0 20.369592802751068 30.0 30.0 30.0 30.0 30.0 30.0 30.0 30.0 30.0
17.6 30.0 19.569592802751067 30.0 30.0 30.0 30.0 30.0 30.0 30.0 30.0 30.0
17.7 30.0 18.769592802751067 30.0 30.0 30.0 30.0 30.0 30.0 30.0 30.0 30.0
17.8 30.0 17.969592802751066 30.0 30.0 30.0 30.0 30.0 30.0 30.0 30.0 30.0
17.9 30.0 17.169592802751065 30.0 30.0 30.0 30.0 30.0 30.0 30.0 30.0 30.0
18.0 30.0 16.577636115198928 30.0 30.0 30.0 30.0 30.0 30.0 30.0 30.0 30.0
18.1 30.0 16.5240866436236 30.0 30.0 30.0 30.0 30.0 30.0 30.0 30.0 30.0
18.2 30.0 16.472322154434167 30.0 30.0 30.0 30.0 30.0 30.0 30.0 30.0 30.0
18.3 30.0 16.422283148217574 30.0 30.0 30.0 30.0 30.0 30.0 30.0 30.0 30.0
18.4 30.0 16.373912108874944 30.0 30.0 30.0 30.0 30.0 30.0 30.0 30.0 30.0
18.5 30.0 16.327153437510404 30.0 30.0 30.0 30.0 30.0 30.0 30.0 30.0 30.0
18.6 30.0 16.281953388524695 30.0 30.0 30.0 30.0 30.0 30.0 30.0 30.0 30.0
18.7 30.0 16.23826000783848 30.0 30.0 30.0 30.0 30.0 30.0 30.0 30.0 30.0
18.8 30.0 16.196023073175102 30.0 30.0 30.0 30.0 30.0 30.0 30.0 30.0 30.0
18.9 30.0 16.155194036333867 30.0 30.0 30.0 30.0 30.0 30.0 30.0 30.0 30.0
19.0 30.0 16.115725967387405 30.0 30.0 30.0 30.0 30.0 30.0 30.0 30.0 30.0
19.1 30.0 16.469945233003674 30.0 30.0 30.0 30.0 30.0 30.0 30.0 30.0 30.0
19.2 30.0 15.669945233003673 30.0 30.0 30.0 30.0 30.0 30.0 30.0 30.0 30.0
19.3 30.0 14.869945233003673 30.0 30.0 30.0 30.0 30.0 30.0 30.0 30.0 30.0
19.4 30.0 14.069945233003672 29.753913560171952 30.0 30.0 30.0 30.0 30.0 30.0 30.0 30.0
19.5 30.0 13.269945233003671 29.110435299302427 30.0 30.0 30.0 30.0 30.0 30.0 30.0 30.0
19.6 30.0 12.57559720793961 28.47043529930244 30.0 30.0 30.0 30.0 30.0 30.0 30.0 30.0
19.7 30.0 12.608961848076435 27.872490562915516 30.0 30.0 30.0 30.0 30.0 30.0 30.0 30.0
19.8 30.0 12.640991902607677 27.536966492170436 30.0 30.0 30.0 30.0 30.0 30.0 30.0 30.0
19.9 30.0 12.671740754957684 27.20934095190693 30.0 30.0 30.0 30.0 30.0 30.0 30.0 30.0
20.0 30.0 12.701259653213675 26.882200801679193 30.0 30.0 30.0 30.0 30.0 30.0 30.0 30.0
20.1 30.0 12.729597795539487 26.56270876273441 30.0 30.0 30.0 30.0 30.0 30.0 30.0 30.0
20.2 30.0 12.75680241217233 26.24734376107783 30.0 30.0 30.0 30.0 30.0 30.0 30.0 30.0
20.3 30.0 11.95680241217233 25.44734376107783 29.2 29.2 29.2 29.2 29.2 29.2 29.2 29.2
20.4 30.0 11.156802412172329 24.647343761077828 28.4 28.4 28.4 28.4 28.4 28.4 28.4 28.4
20.5 30.0 10.356802412172328 23.847343761077827 27.599999999999998 27.599999999999998 27.599999999999998 27.599999999999998 27.599999999999998 27.599999999999998 27.599999999999998 27.599999999999998
20.6 30.0 9.556802412172328 23.047343761077826 26.799999999999997 26.799999999999997 26.799999999999997 26.799999999999997 26.799999999999997 26.799999999999997 26.799999999999997 26.799999999999997
20.7 30.0 8.756802412172327 22.247343761077826 25.999999999999996 25.999999999999996 25.999999999999996 25.999999999999996 25.999999999999996 25.999999999999996 25.999999999999996 25.999999999999996
20.8 30.0 7.956802412172327 21.447343761077825 25.199999999999996 25.199999999999996 25.199999999999996 25.199999999999996 25.199999999999996 25.199999999999996 25.199999999999996 25.199999999999996
20.9 30.0 7.156802412172327 20.647343761077824 24.399999999999995 24.399999999999995 24.399999999999995 24.399999999999995 24.399999999999995 24.399999999999995 24.399999999999995 24.399999999999995
21.0 30.0 6.356802412172327 19.847343761077823 23.599999999999994 23.599999999999994 23.599999999999994 23.599999999999994 23.599999999999994 23.599999999999994 23.599999999999994 23.599999999999994
21.1 30.0 5.556802412172328 19.047343761077823 22.799999999999994 22.799999999999994 22.799999999999994 22.799999999999994 22.799999999999994 22.799999999999994 22.799999999999994 22.799999999999994
21.2 30.0 4.756802412172328 18.247343761077822 21.999999999999993 21.999999999999993 21.999999999999993 21.999999999999993 21.999999999999993 21.999999999999993 21.999999999999993 21.999999999999993
21.3 30.0 3.956802412172328 17.44734376107782 21.199999999999992 21.199999999999992 21.199999999999992 21.199999999999992 21.199999999999992 21.199999999999992 21.199999999999992 21.199999999999992
21.4 30.0 3.156802412172328 16.64734376107782 20.39999999999999 20.39999999999999 20.39999999999999 20.39999999999999 20.39999999999999 20.39999999999999 20.39999999999999 20.39999999999999
21.5 30.0 2.3568024121723283 15.84734376107782 19.59999999999999 19.59999999999999 19.59999999999999 19.59999999999999 19.59999999999999 19.59999999999999 19.59999999999999 19.59999999999999
21.6 30.0 1.5568024121723283 15.04734376107782 18.79999999999999 18.79999999999999 18.79999999999999 18.79999999999999 18.79999999999999 18.79999999999999 18.79999999999999 18.79999999999999
21.7 30.0 0.7568024121723282 14.247343761077818 17.99999999999999 17.99999999999999 17.99999999999999 17.99999999999999 17.99999999999999 17.99999999999999 17.99999999999999 17.99999999999999
21.8 30.0 0.7568024121723282 13.447343761077818 17.19999999999999 17.19999999999999 17.19999999999999 17.19999999999999 17.19999999999999 17.19999999999999 17.19999999999999 17.19999999999999
21.9 30.0 0.7568024121723282 12.647343761077817 16.399999999999988 16.399999999999988 16.399999999999988 16.399999999999988 16.399999999999988 16.399999999999988 16.399999999999988 16.399999999999988
22.0 30.0 0.7568024121723282 11.847343761077816 15.599999999999987 15.599999999999987 15.599999999999987 15.599999999999987 15.599999999999987 15.599999999999987 15.599999999999987 15.599999999999987
22.1 30.0 0.7568024121723282 11.047343761077816 14.799999999999986 14.799999999999986 14.799999999999986 14.799999999999986 14.799999999999986 14.799999999999986 14.799999999999986 14.799999999999986
22.2 30.0 0.7568024121723282 10.247343761077815 13.999999999999986 13.999999999999986 13.999999999999986 13.999999999999986 13.999999999999986 13.999999999999986 13.999999999999986 13.999999999999986
22.3 30.0 0.7568024121723282 10.247343761077815 13.999999999999986 13.999999999999986 13.999999999999986 13.999999999999986 13.999999999999986 13.999999999999986 13.999999999999986 13.999999999999986
22.4 30.0 0.7568024121723282 10.247343761077815 13.999999999999986 13.999999999999986 13.999999999999986 13.999999999999986 13.999999999999986 13.999999999999986 13.999999999999986 13.999999999999986
22.5 30.0 0.7568024121723282 10.247343761077815 13.999999999999986 13.999999999999986 13.999999999999986 13.999999999999986 13.999999999999986 13.999999999999986 13.999999999999986 13.999999999999986
22.6 30.0 0.7568024121723282 10.247343761077815 13.999999999999986 13.999999999999986 13.999999999999986 13.999999999999986 13.999999999999986 13.999999999999986 13.999999999999986 13.999999999999986
22.7 30.0 0.7568024121723282 10.247343761077815 13.999999999999986 13.999999999999986 13.999999999999986 13.999999999999986 13.999999999999986 13.999999999999986 13.999999999999986 13.999999999999986
22.8 30.0 0.7568024121723282 10.247343761077815 13.999999999999986 13.999999999999986 13.999999999999986 13.999999999999986 13.999999999999986 13.999999999999986 13.999999999999986 13.999999999999986
22.9 30.0 0.7568024121723282 10.247343761077815 13.999999999999986 13.999999999999986 13.999999999999986 13.999999999999986 13.999999999999986 13.999999999999986 13.999999999999986 13.999999999999986
23.0 30.0 0.7568024121723282 10.247343761077815 13.999999999999986 13.999999999999986 13.999999999999986 13.999999999999986 13.999999999999986 13.999999999999986 13.999999999999986 13.999999999999986
23.1 30.0 0.7568024121723282 10.247343761077815 13.999999999999986 13.999999999999986 13.999999999999986 13.999999999999986 13.999999999999986 13.999999999999986 13.999999999999986 13.999999999999986
23.2 30.0 0.7568024121723282 10.247343761077815 13.999999999999986 13.999999999999986 13.999999999999986 13.999999999999986 13.999999999999986 13.999999999999986 13.999999999999986 13.999999999999986
23.3 30.0 0.7568024121723282 10.247343761077815 13.999999999999986 13.999999999999986 13.999999999999986 13.999999999999986 13.999999999999986 13.999999999999986 13.999999999999986 13.999999999999986
23.4 30.0 0.7568024121723282 10.247343761077815 13.999999999999986 13.999999999999986 13.999999999999986 13.999999999999986 13.999999999999986 13.999999999999986 13.999999999999986 13.999999999999986
23.5 30.0 0.7568024121723282 10.247343761077815 13.999999999999986 13.999999999999986 13.999999999999986 13.999999999999986 13.999999999999986 13.999999999999986 13.999999999999986 13.999999999999986
23.6 30.0 0.7568024121723282 10.247343761077815 13.999999999999986 13.999999999999986 13.999999999999986 13.999999999999986 13.999999999999986 13.999999999999986 13.999999999999986 13.999999999999986
23.7 30.0 0.7568024121723282 10.247343761077815 13.999999999999986 13.999999999999986 13.999999999999986 13.999999999999986 13.999999999999986 13.999999999999986 13.999999999999986 13.999999999999986
23.8 30.0 0.7568024121723282 10.247343761077815 13.999999999999986 13.999999999999986 13.999999999999986 13.999999999999986 13.999999999999986 13.999999999999986 13.999999999999986 13.999999999999986
23.9 30.0 0.7568024121723282 10.19520186920874 13.999999999999986 13.999999999999986 13.999999999999986 13.999999999999986 13.999999999999986 13.999999999999986 13.999999999999986 13.999999999999986
24.0 30.0 0.7568024121723282 9.766183712070566 13.999999999999986 13.999999999999986 13.999999999999986 13.999999999999986 13.999999999999986 13.999999999999986 13.999999999999986 13.999999999999986
24.1 30.0 0.7568024121723282 9.34507906503097 13.999999999999986 13.999999999999986 13.999999999999986 13.999999999999986 13.999999999999986 13.999999999999986 13.999999999999986 13.999999999999986
24.2 30.0 0.7568024121723282 8.936113510132731 13.999999999999986 13.999999999999986 13.999999999999986 13.999999999999986 13.999999999999986 13.999999999999986 13.999999999999986 13.999999999999986
24.3 30.0 0.7568024121723282 8.533953630741337 13.999999999999986 13.999999999999986 13.999999999999986 13.999999999999986 13.999999999999986 13.999999999999986 13.999999999999986 13.999999999999986
24.4 30.0 0.7568024121723282 8.145096069812837 13.999999999999986 13.999999999999986 13.999999999999986 13.999999999999986 13.999999999999986 13.999999999999986 13.999999999999986 13.999999999999986
24.5 30.0 0.7568024121723282 7.7638751441376685 13.999999999999986 13.999999999999986 13.999999999999986 13.999999999999986 13.999999999999986 13.999999999999986 13.999999999999986 13.999999999999986
24.6 30.0 0.7568024121723282 7.395081842455188 13.999999999999986 13.999999999999986 13.999999999999986 13.999999999999986 13.999999999999986 13.999999999999986 13.999999999999986 13.999999999999986
24.7 30.0 0.7568024121723282 7.0371264209090665 13.999999999999986 13.999999999999986 13.999999999999986 13.999999999999986 13.999999999999986 13.999999999999986 13.999999999999986 13.999999999999986
24.8 30.0 0.7568024121723282 6.688219531534643 13.999999999999986 13.999999999999986 13.999999999999986 13.999999999999986 13.999999999999986 13.999999999999986 13.999999999999986 13.999999999999986
24.9 30.0 0.7568024121723282 6.356266732250582 13.999999999999986 13.999999999999986 13.999999999999986 13.999999999999986 13.999999999999986 13.999999999999986 13.999999999999986 13.999999999999986
25.0 30.0 0.7568024121723282 6.026886478128217 13.999999999999986 13.999999999999986 13.999999999999986 13.999999999999986 13.999999999999986 13.999999999999986 13.999999999999986 13.999999999999986
25.1 30.0 0.7568024121723282 5.716881533071748 13.999999999999986 13.999999999999986 13.999999999999986 13.999999999999986 13.999999999999986 13.999999999999986 13.999999999999986 13.999999999999986
25.2 30.0 0.7568024121723282 5.414181683832398 13.999999999999986 13.999999999999986 13.999999999999986 13.999999999999986 13.999999999999986 13.999999999999986 13.999999999999986 13.999999999999986
25.3 30.0 0.7568024121723282 5.123095479353539 13.999999999999986 13.999999999999986 13.999999999999986 13.999999999999986 13.999999999999986 13.999999999999986 13.999999999999986 13.999999999999986
25.4 30.0 0.7568024121723282 4.850202162654627 13.999999999999986 13.999999999999986 13.999999999999986 13.999999999999986 13.999999999999986 13.999999999999986 13.999999999999986 13.999999999999986
25.5 30.0 0.7568024121723282 4.580655656799187 13.999999999999986 13.999999999999986 13.999999999999986 13.999999999999986 13.999999999999986 13.999999999999986 13.999999999999986 13.999999999999986
25.6 30.0 0.7568024121723282 4.325732107157166 13.999999999999986 13.999999999999986 13.999999999999986 13.999999999999986 13.999999999999986 13.999999999999986 13.999999999999986 13.999999999999986
25.7 30.0 0.7568024121723282 4.087803460824595 13.999999999999986 13.999999999999986 13.999999999999986 13.999999999999986 13.999999999999986 13.999999999999986 13.999999999999986 13.999999999999986
25.8 30.0 0.7568024121723282 3.856146490265294 13.999999999999986 13.999999999999986 13.999999999999986 13.999999999999986 13.999999999999986 13.999999999999986 13.999999999999986 13.999999999999986
25.9 30.0 0.7568024121723282 3.6347647704013095 13.999999999999986 13.999999999999986 13.999999999999986 13.999999999999986 13.999999999999986 13.999999999999986 13.999999999999986 13.999999999999986
26.0 30.0 0.7568024121723282 3.429196030527772 13.999999999999986 13.999999999999986 13.999999999999986 13.999999999999986 13.999999999999986 13.999999999999986 13.999999999999986 13.999999999999986
26.1 30.0 0.7568024121723282 3.2383107720735644 13.999999999999986 13.999999999999986 13.999999999999986 13.999999999999986 13.999999999999986 13.999999999999986 13.999999999999986 13.999999999999986
26.2 30.0 0.7568024121723282 3.0503724960868035 13.999999999999986 13.999999999999986 13.999999999999986 13.999999999999986 13.999999999999986 13.999999999999986 13.999999999999986 13.999999999999986
26.3 30.0 0.7568024121723282 2.8739440280932524 13.999999999999986 13.999999999999986 13.999999999999986 13.999999999999986 13.999999999999986 13.999999999999986 13.999999999999986 13.999999999999986
26.4 30.0 0.7568024121723282 2.7110869807146165 13.999999999999986 13.999999999999986 13.999999999999986 13.999999999999986 13.999999999999986 13.999999999999986 13.999999999999986 13.999999999999986
26.5 30.0 0.7568024121723282 2.5607573985187377 13.999999999999986 13.999999999999986 13.999999999999986 13.999999999999986 13.999999999999986 13.999999999999986 13.999999999999986 13.999999999999986
26.6 30.0 0.7568024121723282 2.4219916303380606 13.999999999999986 13.999999999999986 13.999999999999986 13.999999999999986 13.999999999999986 13.999999999999986 13.999999999999986 13.999999999999986
26.7 30.0 0.7568024121723282 2.2850584980187434 13.999999999999986 13.999999999999986 13.999999999999986 13.999999999999986 13.999999999999986 13.999999999999986 13.999999999999986 13.999999999999986
26.8 30.0 0.7568024121723282 2.1577038241980246 13.999999999999986 13.999999999999986 13.999999999999986 13.999999999999986 13.999999999999986 13.999999999999986 13.999999999999986 13.999999999999986
26.9 30.0 0.7568024121723282 2.040962039862555 13.999999999999986 13.999999999999986 13.999999999999986 13.999999999999986 13.999999999999986 13.999999999999986 13.999999999999986 13.999999999999986
27.0 30.0 0.7568024121723282 1.9339487375547257 13.999999999999986 13.999999999999986 13.999999999999986 13.999999999999986 13.999999999999986 13.999999999999986 13.999999999999986 13.999999999999986
27.1 30.0 0.7568024121723282 1.8358532104392786 13.999999999999986 13.999999999999986 13.999999999999986 13.999999999999986 13.999999999999986 13.999999999999986 13.999999999999986 13.999999999999986
27.2 30.0 0.7568024121723282 1.7459323105833573 13.999999999999986 13.999999999999986 13.999999999999986 13.999999999999986 13.999999999999986 13.999999999999986 13.999999999999986 13.999999999999986
27.3 30.0 0.7568024121723282 1.6635048190490156 13.999999999999986 13.999999999999986 13.999999999999986 13.999999999999986 13.999999999999986 13.999999999999986 13.999999999999986 13.999999999999986
27.4 30.0 0.7568024121723282 1.5868504928827316 13.999999999999986 13.999999999999986 13.999999999999986 13.999999999999986 13.999999999999986 13.999999999999986 13.999999999999986 13.999999999999986
27.5 30.0 0.7568024121723282 1.51139157645445 13.999999999999986 13.999999999999986 13.999999999999986 13.999999999999986 13.999999999999986 13.999999999999986 13.999999999999986 13.999999999999986
27.6 30.0 0.7568024121723282 1.442792561519461 13.999999999999986 13.999999999999986 13.999999999999986 13.999999999999986 13.999999999999986 13.999999999999986 13.999999999999986 13.999999999999986
27.7 30.0 0.7568024121723282 1.380429820669471 13.999999999999986 13.999999999999986 13.999999999999986 13.999999999999986 13.999999999999986 13.999999999999986 13.999999999999986 13.999999999999986
27.8 30.0 0.7568024121723282 1.3237364198967905 13.999999999999986 13.999999999999986 13.999999999999986 13.999999999999986 13.999999999999986 13.999999999999986 13.999999999999986 13.999999999999986
27.9 30.0 0.7568024121723282 1.2721969646490867 13.999999999999986 13.999999999999986 13.999999999999986 13.999999999999986 13.999999999999986 13.999999999999986 13.999999999999986 13.999999999999986
28.0 30.0 0.7568024121723282 1.2253429144235635 13.999999999999986 13.999999999999986 13.999999999999986 13.999999999999986 13.999999999999986 13.999999999999986 13.999999999999986 13.999999999999986
28.1 30.0 0.7568024121723282 1.182748323309752 13.999999999999986 13.999999999999986 13.999999999999986 13.999999999999986 13.999999999999986 13.999999999999986 13.999999999999986 13.999999999999986
28.2 30.0 0.7568024121723282 1.1440259677517415 13.999999999999986 13.999999999999986 13.999999999999986 13.999999999999986 13.999999999999986 13.999999999999986 13.999999999999986 13.999999999999986
28.3 30.0 0.7568024121723282 1.1088238263352932 13.999999999999986 13.999999999999986 13.999999999999986 13.999999999999986 13.999999999999986 13.999999999999986 13.999999999999986 13.999999999999986
28.4 30.0 0.7568024121723282 1.0768218795930675 13.999999999999986 13.999999999999986 13.999999999999986 13.999999999999986 13.999999999999986 13.999999999999986 13.999999999999986 13.999999999999986
28.5 30.0 0.7568024121723282 1.0477292007365362 13.999999999999986 13.999999999999986 13.999999999999986 13.999999999999986 13.999999999999986 13.999999999999986 13.999999999999986 13.999999999999986
28.6 30.0 0.7568024121723282 1.0212813108668872 13.999999999999986 13.999999999999986 13.999999999999986 13.999999999999986 13.999999999999986 13.999999999999986 13.999999999999986 13.999999999999986
28.7 30.0 0.7568024121723282 0.9972377746216015 13.999999999999986 13.999999999999986 13.999999999999986 13.999999999999986 13.999999999999986 13.999999999999986 13.999999999999986 13.999999999999986
28.8 30.0 0.7568024121723282 0.9753800143986519 13.999999999999986 13.999999999999986 13.999999999999986 13.999999999999986 13.999999999999986 13.999999999999986 13.999999999999986 13.999999999999986
28.9 30.0 0.7568024121723282 0.955509323287105 13.999999999999986 13.999999999999986 13.999999999999986 13.999999999999986 13.999999999999986 13.999999999999986 13.999999999999986 13.999999999999986
29.0 30.0 0.7568024121723282 0.9374450586399061 13.999999999999986 13.999999999999986 13.999999999999986 13.999999999999986 13.999999999999986 13.999999999999986 13.999999999999986 13.999999999999986
29.1 30.0 0.7568024121723282 0.9210229998699883 13.999999999999986 13.999999999999986 13.999999999999986 13.999999999999986 13.999999999999986 13.999999999999986 13.999999999999986 13.999999999999986
29.2 30.0 0.7568024121723282 0.906093855533737 13.999999999999986 13.999999999999986 13.999999999999986 13.999999999999986 13.999999999999986 13.999999999999986 13.999999999999986 13.999999999999986
29.3 30.0 0.7568024121723282 0.8925219061371072 13.999999999999986 13.999999999999986 13.999999999999986 13.999999999999986 13.999999999999986 13.999999999999986 13.999999999999986 13.999999999999986
29.4 30.0 0.7568024121723282 0.8801837703217262 13.999999999999986 13.999999999999986 13.999999999999986 13.999999999999986 13.999999999999986 13.999999999999986 13.999999999999986 13.999999999999986
29.5 30.0 0.7568024121723282 0.8689672832169096 13.999999999999986 13.999999999999986 13.999999999999986 13.999999999999986 13.999999999999986 13.999999999999986 13.999999999999986 13.999999999999986
29.6 30.0 0.7568024121723282 0.858770476758023 13.999999999999986 13.999999999999986 13.999999999999986 13.999999999999986 13.999999999999986 13.999999999999986 13.999999999999986 13.999999999999986
29.7 30.0 0.7568024121723282 0.8495006527046776 13.999999999999986 13.999999999999986 13.999999999999986 13.999999999999986 13.999999999999986 13.999999999999986 13.999999999999986 13.999999999999986
29.8 30.0 0.7568024121723282 0.8410735399289843 13.999999999999986 13.999999999999986 13.999999999999986 13.999999999999986 13.999999999999986 13.999999999999986 13.999999999999986 13.999999999999986
29.9 30.0 0.7568024121723282 0.8334125283146799 13.999999999999986 13.999999999999986 13.999999999999986 13.999999999999986 13.999999999999986 13.999999999999986 13.999999999999986 13.999999999999986
30.0 30.0 0.7568024121723282 0.8264479723016385 13.999999999999986 13.999999999999986 13.999999999999986 13.999999999999986 13.999999999999986 13.999999999999986 13.999999999999986 13.999999999999986
30.1 30.0 0.7568024121723282 0.8201165577440274 13.999999999999986 13.999999999999986 13.999999999999986 13.999999999999986 13.999999999999986 13.999999999999986 13.999999999999986 13.999999999999986
30.2 30.0 0.7568024121723282 0.814360726328318 13.999999999999986 13.999999999999986 13.999999999999986 13.999999999999986 13.999999999999986 13.999999999999986 13.999999999999986 13.999999999999986
30.3 30.0 0.7568024121723282 0.8091281523141118 13.999999999999986 13.999999999999986 13.999999999999986 13.999999999999986 13.999999999999986 13.999999999999986 13.999999999999986 13.999999999999986
30.4 30.0 0.7568024121723282 0.8043712668465014 13.999999999999986 13.999999999999986 13.999999999999986 13.999999999999986 13.999999999999986 13.999999999999986 13.999999999999986 13.999999999999986
30.5 30.0 0.7568024121723282 0.8000468255124228 13.999999999999986 13.999999999999986 13.999999999999986 13.999999999999986 13.999999999999986 13.999999999999986 13.999999999999986 13.999999999999986
30.6 30.0 0.7568024121723282 0.7957270667295452 13.999999999999986 13.999999999999986 13.999999999999986 13.999999999999986 13.999999999999986 13.999999999999986 13.999999999999986 13.999999999999986
30.7 30.0 0.7568024121723282 0.7918346012736256 13.999999999999986 13.999999999999986 13.999999999999986 13.999999999999986 13.999999999999986 13.999999999999986 13.999999999999986 13.999999999999986
30.8 30.0 0.7568024121723282 0.7883313823633434 13.999999999999986 13.999999999999986 13.999999999999986 13.999999999999986 13.999999999999986 13.999999999999986 13.999999999999986 13.999999999999986
30.9 30.0 0.7568024121723282 0.7851784853439531 13.999999999999986 13.999999999999986 13.999999999999986 13.999999999999986 13.999999999999986 13.999999999999986 13.999999999999986 13.999999999999986
31.0 30.0 0.7568024121723282 0.7823408780265927 13.999999999999986 13.999999999999986 13.999999999999986 13.999999999999986 13.999999999999986 13.999999999999986 13.999999999999986 13.999999999999986
31.1 30.0 0.7568024121723282 0.7797870314409229 13.999999999999986 13.999999999999986 13.999999999999986 13.999999999999986 13.999999999999986 13.999999999999986 13.999999999999986 13.999999999999986
31.2 30.0 0.7568024121723282 0.7774885695136836 13.999999999999986 13.999999999999986 13.999999999999986 13.999999999999986 13.999999999999986 13.999999999999986 13.999999999999986 13.999999999999986
31.3 30.0 0.7568024121723282 0.7754199537791683 13.929030776867123 13.999999999999986 13.999999999999986 13.999999999999986 13.999999999999986 13.999999999999986 13.999999999999986 13.999999999999986
31.4 30.0 0.7568024121723282 0.7735581996182409 13.435777698166337 13.999999999999986 13.999999999999986 13.999999999999986 13.999999999999986 13.999999999999986 13.999999999999986 13.999999999999986
31.5 30.0 0.7568024121723282 0.7718826208735882 12.948769255914508 13.999999999999986 13.999999999999986 13.999999999999986 13.999999999999986 13.999999999999986 13.999999999999986 13.999999999999986
31.6 30.0 0.7568024121723282 0.7703746000031279 12.46764456074955 13.999999999999986 13.999999999999986 13.999999999999986 13.999999999999986 13.999999999999986 13.999999999999986 13.999999999999986
31.7 30.0 0.7568024121723282 0.7690173812199864 11.99974350241637 13.999999999999986 13.999999999999986 13.999999999999986 13.999999999999986 13.999999999999986 13.999999999999986 13.999999999999986
31.8 30.0 0.7568024121723282 0.7677958843148408 11.53179658069997 13.999999999999986 13.999999999999986 13.999999999999986 13.999999999999986 13.999999999999986 13.999999999999986 13.999999999999986
31.9 30.0 0.7568024121723282 0.7666965371001643 11.078222488713832 13.999999999999986 13.999999999999986 13.999999999999986 13.999999999999986 13.999999999999986 13.999999999999986 13.999999999999986
32.0 30.0 0.7568024121723282 0.7657071246073647 10.62989527342621 13.999999999999986 13.999999999999986 13.999999999999986 13.999999999999986 13.999999999999986 13.999999999999986 13.999999999999986
32.1 30.0 0.7568024121723282 0.7648166533637996 10.19197286999913 13.999999999999986 13.999999999999986 13.999999999999986 13.999999999999986 13.999999999999986 13.999999999999986 13.999999999999986
32.2 30.0 0.7568024121723282 0.7640152292444545 9.763465769243036 13.999999999999986 13.999999999999986 13.999999999999986 13.999999999999986 13.999999999999986 13.999999999999986 13.999999999999986
32.3 30.0 0.7568024121723282 0.7632939475372259 9.34270458968318 13.999999999999986 13.999999999999986 13.999999999999986 13.999999999999986 13.999999999999986 13.999999999999986 13.999999999999986
32.4 30.0 0.7568024121723282 0.7626447940003563 8.934161225771453 13.999999999999986 13.999999999999986 13.999999999999986 13.999999999999986 13.999999999999986 13.999999999999986 13.999999999999986
32.5 30.0 0.7568024121723282 0.7620605558174466 8.532293465471469 13.999999999999986 13.999999999999986 13.999999999999986 13.999999999999986 13.999999999999986 13.999999999999986 13.999999999999986
32.6 30.0 1.3568024121723283 0.7615347414527823 8.143781819988646 14.599999999999985 14.599999999999985 14.599999999999985 14.599999999999985 14.599999999999985 14.599999999999985 14.599999999999985
32.7 30.0 1.9568024121723284 0.8697652270381315 7.762809964275663 15.199999999999985 15.199999999999985 15.199999999999985 15.199999999999985 15.199999999999985 15.199999999999985 15.199999999999985
32.8 30.0 2.5568024121723285 1.055568826793275 7.403689990054777 15.799999999999985 15.799999999999985 15.799999999999985 15.799999999999985 15.799999999999985 15.799999999999985 15.799999999999985
32.9 30.0 3.1568024121723286 1.3153902811163658 7.072655124862868 16.399999999999984 16.399999999999984 16.399999999999984 16.399999999999984 16.399999999999984 16.399999999999984 16.399999999999984
33.0 30.0 3.7568024121723287 1.642558768611422 6.767241603228247 16.999999999999986 16.999999999999986 16.999999999999986 16.999999999999986 16.999999999999986 16.999999999999986 16.999999999999986
33.1 30.0 4.356802412172328 2.0151459399223954 6.503077404422131 17.599999999999987 17.599999999999987 17.599999999999987 17.599999999999987 17.599999999999987 17.599999999999987 17.599999999999987
33.2 30.0 4.956802412172328 2.4369392433454102 6.288978597512933 18.19999999999999 18.19999999999999 18.19999999999999 18.19999999999999 18.19999999999999 18.19999999999999 18.19999999999999
33.3 30.0 5.556802412172328 2.873605826499221 6.114183685514229 18.79999999999999 18.79999999999999 18.79999999999999 18.79999999999999 18.79999999999999 18.79999999999999 18.79999999999999
33.4 30.0 6.156802412172327 3.345719452154405 6.000620267305219 19.39999999999999 19.39999999999999 19.39999999999999 19.39999999999999 19.39999999999999 19.39999999999999 19.39999999999999
33.5 30.0 6.756802412172327 3.8434255501681442 5.936335532832832 19.999999999999993 19.999999999999993 19.999999999999993 19.999999999999993 19.999999999999993 19.999999999999993 19.999999999999993
33.6 30.0 7.3568024121723266 4.351875798435541 5.930330498090992 20.599999999999994 20.599999999999994 20.599999999999994 20.599999999999994 20.599999999999994 20.599999999999994 20.599999999999994
33.7 30.0 7.956802412172326 4.877491625152801 5.977814150552676 21.199999999999996 21.199999999999996 21.199999999999996 21.199999999999996 21.199999999999996 21.199999999999996 21.199999999999996
33.8 30.0 8.556802412172326 5.407448549341575 6.072240517219743 21.799999999999997 21.799999999999997 21.799999999999997 21.799999999999997 21.799999999999997 21.799999999999997 21.799999999999997
33.9 30.0 9.156802412172325 5.954431356733499 6.220178727646431 22.4 22.4 22.4 22.4 22.4 22.4 22.4
34.0 30.0 9.756802412172325 6.510250362893204 6.417423288898094 23.0 23.0 23.0 23.0 23.0 23.0 23.0
34.1 30.0 10.356802412172325 7.065992277418161 6.644857204453994 23.6 23.6 23.6 23.6 23.6 23.6 23.6
34.2 30.0 10.956802412172324 7.625193217277937 6.915250003851813 24.200000000000003 24.200000000000003 24.200000000000003 24.200000000000003 24.200000000000003 24.200000000000003 24.200000000000003
34.3 30.0 11.556802412172324 8.19835413676752 7.225433895732235 24.800000000000004 24.800000000000004 24.800000000000004 24.800000000000004 24.800000000000004 24.800000000000004 24.800000000000004
34.4 30.0 12.156802412172324 8.77411667114652 7.558577193269461 25.400000000000006 25.400000000000006 25.400000000000006 25.400000000000006 25.400000000000006 25.400000000000006 25.400000000000006
34.5 30.0 12.756802412172323 9.343896265529933 7.925585868094207 26.000000000000007 26.000000000000007 26.000000000000007 26.000000000000007 26.000000000000007 26.000000000000007 26.000000000000007
34.6 30.0 13.356802412172323 9.919760351034983 8.312306705029659 26.60000000000001 26.60000000000001 26.60000000000001 26.60000000000001 26.60000000000001 26.60000000000001 26.60000000000001
34.7 30.0 13.956802412172323 10.50559009548168 8.725392651909507 27.20000000000001 27.20000000000001 27.20000000000001 27.20000000000001 27.20000000000001 27.20000000000001 27.20000000000001
34.8 30.0 14.556802412172322 11.088547257606152 9.153504643362126 27.80000000000001 27.80000000000001 27.80000000000001 27.80000000000001 27.80000000000001 27.80000000000001 27.80000000000001
34.9 30.0 15.156802412172322 11.66923518715335 9.606231056021077 28.400000000000013 28.400000000000013 28.400000000000013 28.400000000000013 28.400000000000013 28.400000000000013 28.400000000000013
35.0 30.0 15.756802412172322 12.253968468667834 10.0644666197665 29.000000000000014 29.000000000000014 29.000000000000014 29.000000000000014 29.000000000000014 29.000000000000014 29.000000000000014
35.1 30.0 16.35680241217232 12.846494156629658 10.54121747363634 29.600000000000016 29.600000000000016 29.600000000000016 29.600000000000016 29.600000000000016 29.600000000000016 29.600000000000016
35.2 30.0 16.956802412172323 13.43369072077264 11.029898176203666 30.0 30.0 30.0 30.0 30.0 30.0 30.0
35.3 30.0 17.556802412172324 14.020587883098628 11.528608150980881 30.0 30.0 30.0 30.0 30.0 30.0 30.0
35.4 30.0 18.156802412172325 14.610431691883552 12.039580713438912 30.0 30.0 30.0 30.0 30.0 30.0 30.0
35.5 30.0 18.756802412172327 15.206733120868925 12.551925810225816 30.0 30.0 30.0 30.0 30.0 30.0 30.0
35.6 30.0 19.35680241217233 15.796625248575031 13.076658131111252 30.0 30.0 30.0 30.0 30.0 30.0 30.0
35.7 30.0 19.95680241217233 16.3873037261481 13.611889961213796 30.0 30.0 30.0 30.0 30.0 30.0 30.0
35.8 30.0 20.55680241217233 16.980277757111853 14.14469027843494 30.0 30.0 30.0 30.0 30.0 30.0 30.0
35.9 30.0 21.156802412172333 17.57812701734513 14.68507083474307 30.0 30.0 30.0 30.0 30.0 30.0 30.0
36.0 30.0 21.756802412172334 18.170544229521873 15.235512897251953 30.0 30.0 30.0 30.0 30.0 30.0 30.0
36.1 30.0 22.356802412172335 18.763650786046256 15.785386587510608 30.0 30.0 30.0 30.0 30.0 30.0 30.0
36.2 30.0 22.956802412172337 19.358636104872193 16.338882342197568 30.0 30.0 30.0 30.0 30.0 30.0 30.0
36.3 30.0 23.55680241217234 19.957311655444958 16.89772653117643 30.0 30.0 30.0 30.0 30.0 30.0 30.0
36.4 30.0 24.15680241217234 20.55156827011512 17.45991357433824 30.0 30.0 30.0 30.0 30.0 30.0 30.0
36.5 30.0 24.75680241217234 21.146303500229365 18.023834453826918 30.0 30.0 30.0 30.0 30.0 30.0 30.0
36.6 30.0 25.356802412172343 21.742633105951256 18.590904721877386 30.0 30.0 30.0 30.0 30.0 30.0 30.0
36.7 30.0 25.956802412172344 22.3418485577997 19.16056930487113 30.0 30.0 30.0 30.0 30.0 30.0 30.0
36.8 30.0 26.556802412172345 22.937372444872032 19.7311436327524 30.0 30.0 30.0 30.0 30.0 30.0 30.0
36.9 30.0 27.156802412172347 23.53324064832339 20.305189420615008 30.0 30.0 30.0 30.0 30.0 30.0 30.0
37.0 30.0 27.75680241217235 24.13049867621161 20.88131198039426 30.0 30.0 30.0 30.0 30.0 30.0 30.0
37.1 30.0 28.35680241217235 24.730076329914905 21.45631665208289 30.0 30.0 30.0 30.0 30.0 30.0 30.0
37.2 30.0 28.95680241217235 25.32650199246404 22.034824020646337 30.0 30.0 30.0 30.0 30.0 30.0 30.0
37.3 30.0 29.556802412172352 25.923182964831113 22.615774700122834 30.0 30.0 30.0 30.0 30.0 30.0 30.0
37.4 30.0 30.0 26.521100092331356 23.198082630989134 30.0 30.0 30.0 30.0 30.0 30.0 30.0
37.5 30.0 30.0 26.982356210225856 23.77704116951974 30.0 30.0 30.0 30.0 30.0 30.0 30.0
37.6 30.0 30.0 27.05253397277879 24.243284313562324 30.0 30.0 30.0 30.0 30.0 30.0 30.0
37.7 30.0 30.0 27.121079694342086 24.37141220914892 30.0 30.0 30.0 30.0 30.0 30.0 30.0
37.8 30.0 30.0 27.188031329357358 24.49670411656853 30.0 30.0 30.0 30.0 30.0 30.0 30.0
37.9 30.0 30.0 27.25221172347751 24.61922239577582 30.0 30.0 30.0 30.0 30.0 30.0 30.0
38.0 30.0 30.0 27.314661457034884 24.739301247204352 30.0 30.0 30.0 30.0 30.0 30.0 30.0
38.1 30.0 30.0 27.375691878465904 24.855382952169638 30.0 30.0 30.0 30.0 30.0 30.0 30.0
38.2 30.0 30.0 27.435335244864433 24.96746449497331 30.0 30.0 30.0 30.0 30.0 30.0 30.0
38.3 30.0 30.0 27.493623080208447 25.07711681710594 30.0 30.0 30.0 30.0 30.0 30.0 30.0
38.4 30.0 30.0 27.550586192021886 25.184392247954705 30.0 30.0 30.0 30.0 30.0 30.0 30.0
38.5 30.0 30.0 27.60625468765771 25.28934199785041 30.0 30.0 30.0 30.0 30.0 30.0 30.0
38.6 30.0 30.0 27.660657990210954 25.392016181787618 30.0 30.0 30.0 30.0 30.0 30.0 30.0
38.7 30.0 30.0 27.713824854069838 25.492463842646966 30.0 30.0 30.0 30.0 30.0 30.0 30.0
38.8 30.0 30.0 27.765783380113753 25.590732973930443 30.0 30.0 30.0 30.0 30.0 30.0 30.0
38.9 30.0 30.0 27.816561030565705 25.684802195781593 30.0 30.0 30.0 30.0 30.0 30.0 30.0
39.0 30.0 30.0 27.866184643507346 25.776664075547096 30.0 30.0 30.0 30.0 30.0 30.0 30.0
39.1 30.0 30.0 27.914680447063983 25.866586061451297 30.0 30.0 30.0 30.0 30.0 30.0 30.0
39.2 30.0 30.0 27.96207407326704 25.95460872113081 30.0 30.0 30.0 30.0 30.0 30.0 30.0
39.3 30.0 30.0 28.00820411445519 26.04077178406031 30.0 30.0 30.0 30.0 30.0 30.0 30.0
39.4 30.0 30.0 28.052466245245117 26.125154113709016 30.0 30.0 30.0 30.0 30.0 30.0 30.0
39.5 30.0 30.0 28.095744773128573 26.20792760678476 30.0 30.0 30.0 30.0 30.0 30.0 30.0
39.6 30.0 30.0 28.13806155594797 26.288941074457725 30.0 30.0 30.0 30.0 30.0 30.0 30.0
39.7 30.0 30.0 28.17943796581583 26.368231738271227 30.0 30.0 30.0 30.0 30.0 30.0 30.0
39.8 30.0 30.0 28.21989489990885 26.444770083263034 30.0 30.0 30.0 30.0 30.0 30.0 30.0
39.9 30.0 30.0 28.259452791022014 26.51898211837701 30.0 30.0 30.0 30.0 30.0 30.0 30.0
40.0 30.0 30.0 28.298131617888206 26.59165646399572 30.0 30.0 30.0 30.0 30.0 30.0 30.0
40.1 30.0 30.0 28.33595091526844 26.66282469874476 30.0 30.0 30.0 30.0 30.0 30.0 30.0
40.2 30.0 30.0 28.372929783817984 26.732517759787367 30.0 30.0 30.0 30.0 30.0 30.0 30.0
40.3 30.0 30.0 28.40908689973314 26.800765955677235 30.0 30.0 30.0 30.0 30.0 30.0 30.0
40.4 30.0 30.0 28.44444052418352 26.867598978958313 30.0 30.0 30.0 30.0 30.0 30.0 30.0
40.5 30.0 30.0 28.47900851253495 26.93304591851628 30.0 30.0 30.0 30.0 30.0 30.0 30.0
40.6 30.0 30.0 28.512808323367484 26.997135271686478 30.0 30.0 30.0 30.0 30.0 30.0 30.0
40.7 30.0 30.0 28.54585702729267 27.059894956124147 30.0 30.0 30.0 30.0 30.0 30.0 30.0
40.8 30.0 30.0 28.578171315575045 27.121352321439286 30.0 30.0 30.0 30.0 30.0 30.0 30.0
40.9 30.0 30.0 28.609767508562253 27.181534160602578 30.0 30.0 30.0 30.0 30.0 30.0 30.0
41.0 30.0 30.0 28.64066156392758 27.239547022918618 30.0 30.0 30.0 30.0 30.0 30.0 30.0
41.1 30.0 30.0 28.6708690847292 27.29596535198214 30.0 30.0 30.0 30.0 30.0 30.0 30.0
41.2 30.0 30.0 28.70040532729074 27.351241873818633 30.0 30.0 30.0 30.0 30.0 30.0 30.0
41.3 30.0 30.0 28.729285208906507 27.40539941798062 30.0 30.0 30.0 30.0 30.0 30.0 30.0
41.4 30.0 30.0 28.757523315375266 27.458460364514202 30.0 30.0 30.0 30.0 30.0 30.0 30.0
41.5 30.0 30.0 28.785133908366916 27.510446652633927 30.0 30.0 30.0 30.0 30.0 30.0 30.0
41.6 30.0 30.0 28.81186721669876 27.561379789234927 30.0 30.0 30.0 30.0 30.0 30.0 30.0
41.7 30.0 30.0 28.83769619024876 27.611334799138966 30.0 30.0 30.0 30.0 30.0 30.0 30.0
41.8 30.0 30.0 28.86296366437379 27.66033944547781 30.0 30.0 30.0 30.0 30.0 30.0 30.0
41.9 30.0 30.0 28.887681845583057 27.708345202009536 30.0 30.0 30.0 30.0 30.0 30.0 30.0
42.0 30.0 30.0 28.91186267502695 27.755372273989217 30.0 30.0 30.0 30.0 30.0 30.0 30.0
42.1 30.0 30.0 28.935517834265493 27.80144046173957 30.0 30.0 30.0 30.0 30.0 30.0 30.0
42.2 30.0 30.0 28.95865875091189 27.846569168673977 30.0 30.0 30.0 30.0 30.0 30.0 30.0
42.3 30.0 30.0 28.981296604152934 27.890777409162816 30.0 30.0 30.0 30.0 30.0 30.0 30.0
42.4 30.0 30.0 29.003442330149635 27.934083816246186 30.0 30.0 30.0 30.0 30.0 30.0 30.0
42.5 30.0 30.0 29.025106627320298 27.97650664919587 30.0 30.0 30.0 30.0 30.0 30.0 30.0
42.6 30.0 30.0 29.046299961509025 28.01766238313074 30.0 30.0 30.0 30.0 30.0 30.0 30.0
42.7 30.0 30.0 29.067032571041413 28.057475663334596 30.0 30.0 30.0 30.0 30.0 30.0 30.0
42.8 30.0 30.0 29.087314471670922 28.096496348909543 30.0 30.0 30.0 30.0 30.0 30.0 30.0
42.9 30.0 30.0 29.107155461417193 28.13474004991901 30.0 30.0 30.0 30.0 30.0 30.0 30.0
43.0 30.0 30.0 29.126565125299464 28.172222073082633 30.0 30.0 30.0 30.0 30.0 30.0 30.0
43.1 30.0 30.0 29.1455528399669 28.208957427571054 30.0 30.0 30.0 30.0 30.0 30.0 30.0
43.2 30.0 30.0 29.16412777822846 28.244960830691557 30.0 30.0 30.0 30.0 30.0 30.0 30.0
43.3 30.0 30.0 29.182298913484406 28.28024671346821 30.0 30.0 30.0 30.0 30.0 30.0 30.0
43.4 30.0 30.0 29.20007502406085 28.314829226117794 30.0 30.0 30.0 30.0 30.0 30.0 30.0
43.5 30.0 30.0 29.217464697450865 28.34872224342207 30.0 30.0 30.0 30.0 30.0 30.0 30.0
43.6 30.0 30.0 29.23447633446284 28.381939370001337 30.0 30.0 30.0 30.0 30.0 30.0 30.0
43.7 30.0 30.0 29.25111815327885 28.414493945487852 30.0 30.0 30.0 30.0 30.0 30.0 30.0
43.8 30.0 30.0 29.267398193424956 28.446399049602682 30.0 30.0 30.0 30.0 30.0 30.0 30.0
43.9 30.0 30.0 29.28332431965487 28.477667507137806 30.0 30.0 30.0 30.0 30.0 30.0 30.0
44.0 30.0 30.0 29.298904225749354 28.508311892844354 30.0 30.0 30.0 30.0 30.0 30.0 30.0
44.1 30.0 30.0 29.314145438233098 28.538344536228944 30.0 30.0 30.0 30.0 30.0 30.0 30.0
44.2 30.0 30.0 29.32905532001062 28.56777752626052 30.0 30.0 30.0 30.0 30.0 30.0 30.0
44.3 30.0 30.0 29.34364107392348 28.596622715988083 30.0 30.0 30.0 30.0 30.0 30.0 30.0
44.4 30.0 30.0 29.357909746229478 28.624891727072548 30.0 30.0 30.0 30.0 30.0 30.0 30.0
44.5 30.0 30.0 29.37186823000705 28.652595954231995 30.0 30.0 30.0 30.0 30.0 30.0 30.0
44.6 30.0 30.0 29.3855232684852 28.67974656960458 30.0 30.0 30.0 30.0 30.0 30.0 30.0
44.7 30.0 30.0 29.398881458300774 28.706354527028836 30.0 30.0 30.0 30.0 30.0 30.0 30.0
44.8 30.0 30.0 29.411949252685538 28.732430566242865 30.0 30.0 30.0 30.0 30.0 30.0 30.0
44.9 30.0 30.0 29.424732964583686 28.75798521700496 30.0 30.0 30.0 30.0 30.0 30.0 30.0
45.0 30.0 30.0 29.437238769701406 28.783028803136418 30.0 30.0 30.0 30.0 30.0 30.0 30.0
45.1 30.0 30.0 29.449472709490507 28.80740684982481 30.0 30.0 30.0 30.0 30.0 30.0 30.0
45.2 30.0 30.0 29.461440694066837 28.830939190956837 30.0 30.0 30.0 30.0 30.0 30.0 30.0
45.3 30.0 30.0 29.473148505065375 28.85401199417114 30.0 30.0 30.0 30.0 30.0 30.0 30.0
45.4 30.0 30.0 29.48460179843348 28.876634118232936 30.0 30.0 30.0 30.0 30.0 30.0 30.0
45.5 30.0 30.0 29.495806107163144 28.898814253916733 30.0 30.0 30.0 30.0 30.0 30.0 30.0
45.6 30.0 30.0 29.50676684396399 28.920560927123528 30.0 30.0 30.0 30.0 30.0 30.0 30.0
45.7 30.0 30.0 29.51748930387779 28.941882501942523 30.0 30.0 30.0 30.0 30.0 30.0 30.0
45.8 30.0 30.0 29.527978666837015 28.962787183656165 30.0 30.0 30.0 30.0 30.0 30.0 30.0
45.9 30.0 30.0 29.538240000166628 28.983283021693456 30.0 30.0 30.0 30.0 30.0 30.0 30.0
46.0 30.0 30.0 29.548278261032596 29.003377912526883 30.0 30.0 30.0 30.0 30.0 30.0 30.0
46.1 30.0 30.0 29.558098298836256 29.023079602519918 30.0 30.0 30.0 30.0 30.0 30.0 30.0
46.2 30.0 30.0 29.56770485755724 29.042395690720916 30.0 30.0 30.0 30.0 30.0 30.0 30.0
46.3 30.0 30.0 29.577102578045086 29.061333631607713 30.0 30.0 30.0 30.0 30.0 30.0 30.0
46.4 30.0 30.0 29.58629600026148 29.079900737781646 30.0 30.0 30.0 30.0 30.0 30.0 30.0
46.5 30.0 30.0 29.595289565473188 29.098104182613557 30.0 30.0 30.0 30.0 30.0 30.0 30.0
46.6 30.0 30.0 29.604000647793487 29.115951002841424 30.0 30.0 30.0 30.0 30.0 30.0 30.0
46.7 30.0 30.0 29.612426165925584 29.133465117108265 30.0 30.0 30.0 30.0 30.0 30.0 30.0
46.8 30.0 30.0 29.62067241771437 29.150654361014965 30.0 30.0 30.0 30.0 30.0 30.0 30.0
46.9 30.0 30.0 29.628743217337483 29.167504999555916 30.0 30.0 30.0 30.0 30.0 30.0 30.0
47.0 30.0 30.0 29.6366422978197 29.184023647465406 30.0 30.0 30.0 30.0 30.0 30.0 30.0
47.1 30.0 30.0 29.644373312759722 29.20021679155657 30.0 30.0 30.0 30.0 30.0 30.0 30.0
47.2 30.0 30.0 29.65193983802019 29.216090793164913 30.0 30.0 30.0 30.0 30.0 30.0 30.0
47.3 30.0 30.0 29.659345373381417 29.231651890545216 30.0 30.0 30.0 30.0 30.0 30.0 30.0
47.4 30.0 30.0 29.666593344160578 29.246906201223464 30.0 30.0 30.0 30.0 30.0 30.0 30.0
47.5 30.0 30.0 29.67368710279549 29.261859724305285 30.0 30.0 30.0 30.0 30.0 30.0 30.0
47.6 30.0 30.0 29.680629930395593 29.27651834273965 30.0 30.0 30.0 30.0 30.0 30.0 30.0
47.7 30.0 30.0 29.68742503825954 29.29088782554091 30.0 30.0 30.0 30.0 30.0 30.0 30.0
47.8 30.0 30.0 29.694075569360397 29.30497382996884 30.0 30.0 30.0 30.0 30.0 30.0 30.0
47.9 30.0 30.0 29.70058459979956 29.318781903667197 30.0 30.0 30.0 30.0 30.0 30.0 30.0
48.0 30.0 30.0 29.706955140229343 29.332317486762467 30.0 30.0 30.0 30.0 30.0 30.0 30.0
48.1 30.0 30.0 29.713190137245782 29.34558591392257 30.0 30.0 30.0 30.0 30.0 30.0 30.0
48.2 30.0 30.0 29.719292474751207 29.358592416377633 30.0 30.0 30.0 30.0 30.0 30.0 30.0
48.3 30.0 30.0 29.72526497528841 29.371342123900963 30.0 30.0 30.0 30.0 30.0 30.0 30.0
48.4 30.0 30.0 29.731110401346147 29.383840066754505 30.0 30.0 30.0 30.0 30.0 30.0 30.0
48.5 30.0 30.0 29.736831456636697 29.39609117759641 30.0 30.0 30.0 30.0 30.0 30.0 30.0
48.6 30.0 30.0 29.742430787346596 29.4081002933527 30.0 30.0 30.0 30.0 30.0 30.0 30.0
48.7 30.0 30.0 29.74791098336051 29.41987215705398 30.0 30.0 30.0 30.0 30.0 30.0 30.0
48.8 30.0 30.0 29.753274579459223 29.431411419637037 30.0 30.0 30.0 30.0 30.0 30.0 30.0
48.9 30.0 30.0 29.758524056492057 29.442722641712525 30.0 30.0 30.0 30.0 30.0 30.0 30.0
49.0 30.0 30.0 29.763661842524137 29.45381029529939 30.0 30.0 30.0 30.0 30.0 30.0 30.0
49.1 30.0 30.0 29.768690313959755 29.46467876552578 30.0 30.0 30.0 30.0 30.0 30.0 30.0
49.2 30.0 30.0 29.773611796641493 29.47533235229861 30.0 30.0 30.0 30.0 30.0 30.0 30.0
49.3 30.0 30.0 29.778428566925736 29.485775271941353 30.0 30.0 30.0 30.0 30.0 30.0 30.0
49.4 30.0 30.0 29.783142852735864 29.49601165880003 30.0 30.0 30.0 30.0 30.0 30.0 30.0
49.5 30.0 30.0 29.78775683459258 29.506045566819832 30.0 30.0 30.0 30.0 30.0 30.0 30.0
49.6 30.0 30.0 29.792272646622497 29.51588097109101 30.0 30.0 30.0 30.0 30.0 30.0 30.0
49.7 30.0 30.0 29.79669237754541 29.525521769365813 30.0 30.0 30.0 30.0 30.0 30.0 30.0
49.8 30.0 30.0 29.8010180716402 29.534971783546844 30.0 30.0 30.0 30.0 30.0 30.0 30.0
49.9 30.0 30.0 29.805251729690433 29.544234761146857 30.0 30.0 30.0 30.0 30.0 30.0 30.0
50.0 30.0 30.0 29.809395309909792 29.553314376720806 30.0 30.0 30.0 30.0 30.0 30.0 30.0
50.1 30.0 30.0 29.813450728847922 29.56221423327086 30.0 30.0 30.0 30.0 30.0 30.0 30.0
50.2 30.0 30.0 29.817419862276694 29.570937863624977 30.0 30.0 30.0 30.0 30.0 30.0 30.0
50.3 30.0 30.0 29.821304546058084 29.57948873178837 30.0 30.0 30.0 30.0 30.0 30.0 30.0
50.4 30.0 30.0 29.825106576993022 29.58787023427058 30.0 30.0 30.0 30.0 30.0 30.0 30.0
50.5 30.0 30.0 29.82882771365279 29.596085701386038 30.0 30.0 30.0 30.0 30.0 30.0 30.0
50.6 30.0 30.0 29.83246967719206 29.604050347498646 30.0 30.0 30.0 30.0 30.0 30.0 30.0
50.7 30.0 30.0 29.83603415214537 29.611777410916716 30.0 30.0 30.0 30.0 30.0 30.0 30.0
50.8 30.0 30.0 29.83952278720612 29.61935490696987 30.0 30.0 30.0 30.0 30.0 30.0 30.0
50.9 30.0 30.0 29.84293719598897 29.626785702235445 30.0 30.0 30.0 30.0 30.0 30.0 30.0
51.0 30.0 30.0 29.846278957776416 29.634072609016734 30.0 30.0 30.0 30.0 30.0 30.0 30.0
51.1 30.0 30.0 29.849549618249284 29.641218386354943 30.0 30.0 30.0 30.0 30.0 30.0 30.0
51.2 30.0 30.0 29.85275069020146 29.648225741022795 30.0 30.0 30.0 30.0 30.0 30.0 30.0
51.3 30.0 30.0 29.85588365423972 29.655097328499636 30.0 30.0 30.0 30.0 30.0 30.0 30.0
51.4 30.0 30.0 29.85894995946864 29.66183575392849 30.0 30.0 30.0 30.0 30.0 30.0 30.0
51.5 30.0 30.0 29.861951024160845 29.668443573056344 30.0 30.0 30.0 30.0 30.0 30.0 30.0
51.6 30.0 30.0 29.864888236412785 29.674923293156674 30.0 30.0 30.0 30.0 30.0 30.0 30.0
51.7 30.0 30.0 29.86776295478701 29.681277373934925 30.0 30.0 30.0 30.0 30.0 30.0 30.0
51.8 30.0 30.0 29.87057650894049 29.687508228417883 30.0 30.0 30.0 30.0 30.0 30.0 30.0
51.9 30.0 30.0 29.873330200239586 29.69361822382649 30.0 30.0 30.0 30.0 30.0 30.0 30.0
52.0 30.0 30.0 29.876025302362155 29.699609682432403 30.0 30.0 30.0 30.0 30.0 30.0 30.0
52.1 30.0 30.0 29.878663061886407 29.70548488239966 30.0 30.0 30.0 30.0 30.0 30.0 30.0
52.2 30.0 30.0 29.881244698867555 29.711246058609905 30.0 30.0 30.0 30.0 30.0 30.0 30.0
52.3 30.0 30.0 29.883771407402282 29.7168954034729 30.0 30.0 30.0 30.0 30.0 30.0 30.0
52.4 30.0 30.0 29.886244356180935 29.722435067722195 30.0 30.0 30.0 30.0 30.0 30.0 30.0
52.5 30.0 30.0 29.888664689028165 29.727867161195938 30.0 30.0 30.0 30.0 30.0 30.0 30.0
52.6 30.0 30.0 29.89103352543181 29.733193753604038 30.0 30.0 30.0 30.0 30.0 30.0 30.0
52.7 30.0 30.0 29.893351961060908 29.73841687527983 30.0 30.0 30.0 30.0 30.0 30.0 30.0
52.8 30.0 30.0 29.895621068272415 29.743538517919326 30.0 30.0 30.0 30.0 30.0 30.0 30.0
52.9 30.0 30.0 29.89784189660706 29.748560635306106 30.0 30.0 30.0 30.0 30.0 30.0 30.0
53.0 30.0 30.0 29.900015473274955 29.753485144022775 30.0 30.0 30.0 30.0 30.0 30.0 30.0
53.1 30.0 30.0 29.90214280363077 29.758313924149686 30.0 30.0 30.0 30.0 30.0 30.0 30.0
53.2 30.0 30.0 29.904224871638636 29.76304881995068 30.0 30.0 30.0 30.0 30.0 30.0 30.0
53.3 30.0 30.0 29.906262640327174 29.767691640545983 30.0 30.0 30.0 30.0 30.0 30.0 30.0
53.4 30.0 30.0 29.90825705223506 29.772244160572793 30.0 30.0 30.0 30.0 30.0 30.0 30.0
53.5 30.0 30.0 29.910209029847103 29.77670812083352 30.0 30.0 30.0 30.0 30.0 30.0 30.0
53.6 30.0 30.0 29.91211947602052 29.781085228932664 30.0 30.0 30.0 30.0 30.0 30.0 30.0
53.7 30.0 30.0 29.913989274403054 29.78537715990084 30.0 30.0 30.0 30.0 30.0 30.0 30.0
53.8 30.0 30.0 29.91581928984124 29.78958555680845 30.0 30.0 30.0 30.0 30.0 30.0 30.0
53.9 30.0 30.0 29.91761036878081 29.793712031366834 30.0 30.0 30.0 30.0 30.0 30.0 30.0
54.0 30.0 30.0 29.91936333965784 29.79775816451948 30.0 30.0 30.0 30.0 30.0 30.0 30.0
54.1 30.0 30.0 29.921079013282117 29.801725507021413 30.0 30.0 30.0 30.0 30.0 30.0 30.0
54.2 30.0 30.0 29.92275818321225 29.80561558000779 30.0 30.0 30.0 30.0 30.0 30.0 30.0
54.3 30.0 30.0 29.924401626122652 29.80942987555285 30.0 30.0 30.0 30.0 30.0 30.0 30.0
54.4 30.0 30.0 29.926010102162614 29.813169857217805 30.0 30.0 30.0 30.0 30.0 30.0 30.0
54.5 30.0 30.0 29.927584355308085 29.816836960588553 30.0 30.0 30.0 30.0 30.0 30.0 30.0
54.6 30.0 30.0 29.929125113705755 29.82043259380349 30.0 30.0 30.0 30.0 30.0 30.0 30.0
54.7 30.0 30.0 29.93063309000993 29.82395813807192 30.0 30.0 30.0 30.0 30.0 30.0 30.0
54.8 30.0 30.0 29.932108981711806 29.827414948182433 30.0 30.0 30.0 30.0 30.0 30.0 30.0
54.9 30.0 30.0 29.93355347146263 29.830804353001568 30.0 30.0 30.0 30.0 30.0 30.0 30.0
55.0 30.0 30.0 29.934967227388917 29.834127655964217 30.0 30.0 30.0 30.0 30.0 30.0 30.0
55.1 30.0 30.0 29.93635090340187 29.837386135553594 30.0 30.0 30.0 30.0 30.0 30.0 30.0
55.2 30.0 30.0 29.937705139499663 29.84058104577334 30.0 30.0 30.0 30.0 30.0 30.0 30.0
55.3 30.0 30.0 29.939030562063486 29.843713616610472 30.0 30.0 30.0 30.0 30.0 30.0 30.0
55.4 30.0 30.0 29.940327784147236 29.846785054489512 30.0 30.0 30.0 30.0 30.0 30.0 30.0
55.5 30.0 30.0 29.94159740576112 29.849796542718423 30.0 30.0 30.0 30.0 30.0 30.0 30.0
55.6 30.0 30.0 29.942840014149223 29.852749241925995 30.0 30.0 30.0 30.0 30.0 30.0 30.0
55.7 30.0 30.0 29.944056184060912 29.855644290491597 30.0 30.0 30.0 30.0 30.0 30.0 30.0
55.8 30.0 30.0 29.945246478017022 29.858482804966137 30.0 30.0 30.0 30.0 30.0 30.0 30.0
55.9 30.0 30.0 29.94641144656981 29.861265880485902 30.0 30.0 30.0 30.0 30.0 30.0 30.0
56.0 30.0 30.0 29.947551628557648 29.86399459117822 30.0 30.0 30.0 30.0 30.0 30.0 30.0
56.1 30.0 30.0 29.948667551354315 29.86666999055967 30.0 30.0 30.0 30.0 30.0 30.0 30.0
56.2 30.0 30.0 29.94975973111277 29.869293111927096 30.0 30.0 30.0 30.0 30.0 30.0 30.0
56.3 30.0 30.0 29.950828673004004 29.871864968740844 30.0 30.0 30.0 30.0 30.0 30.0 30.0
56.4 30.0 30.0 29.951874871450723 29.87438655500125 30.0 30.0 30.0 30.0 30.0 30.0 30.0
56.5 30.0 30.0 29.952898810356064 29.87685884561775 30.0 30.0 30.0 30.0 30.0 30.0 30.0
56.6 30.0 30.0 29.9539009633272 29.879282796771697 30.0 30.0 30.0 30.0 30.0 30.0 30.0
56.7 30.0 30.0 29.954881793894685 29.88165934627141 30.0 30.0 30.0 30.0 30.0 30.0 30.0
56.8 30.0 30.0 29.95584175572667 29.883989413901702 30.0 30.0 30.0 30.0 30.0 30.0 30.0
56.9 30.0 30.0 29.956781292838855 29.886273901765723 30.0 30.0 30.0 30.0 30.0 30.0 30.0
57.0 30.0 30.0 29.95770083979971 29.888513694621572 30.0 30.0 30.0 30.0 30.0 30.0 30.0
57.1 30.0 30.0 29.958600821931626 29.89070966021155 30.0 30.0 30.0 30.0 30.0 30.0 30.0
57.2 30.0 30.0 29.959481655507517 29.892862649586043 30.0 30.0 30.0 30.0 30.0 30.0 30.0
57.3 30.0 30.0 29.960343747943572 29.894973497420686 30.0 30.0 30.0 30.0 30.0 30.0 30.0
57.4 30.0 30.0 29.961187497987325 29.897043022328265 30.0 30.0 30.0 30.0 30.0 30.0 30.0
57.5 30.0 30.0 29.962013295902466 29.899072027163974 30.0 30.0 30.0 30.0 30.0 30.0 30.0
57.6 30.0 30.0 29.9628215236492 29.901061299325654 30.0 30.0 30.0 30.0 30.0 30.0 30.0
57.7 30.0 30.0 29.96361255506091 29.903011611048093 30.0 30.0 30.0 30.0 30.0 30.0 30.0
57.8 30.0 30.0 29.964386756017046 29.9049237196916 30.0 30.0 30.0 30.0 30.0 30.0 30.0
57.9 30.0 30.0 29.965144484612388 29.906798368025736 30.0 30.0 30.0 30.0 30.0 30.0 30.0
58.0 30.0 30.0 29.965886091322748 29.90863628450694 30.0 30.0 30.0 30.0 30.0 30.0 30.0
58.1 30.0 30.0 29.966611919166954 29.910438183551566 30.0 30.0 30.0 30.0 30.0 30.0 30.0
58.2 30.0 30.0 29.96732230386553 29.91220476580372 30.0 30.0 30.0 30.0 30.0 30.0 30.0
58.3 30.0 30.0 29.96801757399607 29.913936718397466 30.0 30.0 30.0 30.0 30.0 30.0 30.0
58.4 30.0 30.0 29.968698051145076 29.91563471521508 30.0 30.0 30.0 30.0 30.0 30.0 30.0
58.5 30.0 30.0 29.96936405005692 29.917299417139333 30.0 30.0 30.0 30.0 30.0 30.0 30.0
58.6 30.0 30.0 29.970015878779108 29.91893147230225 30.0 30.0 30.0 30.0 30.0 30.0 30.0
58.7 30.0 30.0 29.970653838805063 29.92053151632775 30.0 30.0 30.0 30.0 30.0 30.0 30.0
58.8 30.0 30.0 29.971278225213478 29.922100172571103 30.0 30.0 30.0 30.0 30.0 30.0 30.0
58.9 30.0 30.0 29.971889326804718 29.923638052353066 30.0 30.0 30.0 30.0 30.0 30.0 30.0
59.0 30.0 30.0 29.972487426234444 29.925145755189728 30.0 30.0 30.0 30.0 30.0 30.0 30.0
59.1 30.0 30.0 29.973072800144344 29.926623869018304 30.0 30.0 30.0 30.0 30.0 30.0 30.0
59.2 30.0 30.0 29.973645719290214 29.92807297041812 30.0 30.0 30.0 30.0 30.0 30.0 30.0
59.3 30.0 30.0 29.97420644866698 29.929493624828115 30.0 30.0 30.0 30.0 30.0 30.0 30.0
59.4 30.0 30.0 29.974755247631467 29.930886386759653 30.0 30.0 30.0 30.0 30.0 30.0 30.0
59.5 30.0 30.0 29.975292370022295 29.93225180000555 30.0 30.0 30.0 30.0 30.0 30.0 30.0
59.6 30.0 30.0 29.975818064277135 29.933590397845503 30.0 30.0 30.0 30.0 30.0 30.0 30.0
59.7 30.0 30.0 29.976332573547847 29.934902703246784 30.0 30.0 30.0 30.0 30.0 30.0 30.0
59.8 30.0 30.0 29.97683613581281 29.936189229061984 30.0 30.0 30.0 30.0 30.0 30.0 30.0
59.9 30.0 30.0 29.977328983987043 29.937450478222704 30.0 30.0 30.0 30.0 30.0 30.0 30.0
60.0 30.0 30.0 29.977811346029878 29.938686943929298 30.0 30.0 30.0 30.0 30.0 30.0 30.0
60.1 30.0 30.0 29.978283445050522 29.939899109837516 30.0 30.0 30.0 30.0 30.0 30.0 30.0
60.2 30.0 30.0 29.978745499411108 29.941087450241348 30.0 30.0 30.0 30.0 30.0 30.0 30.0
60.3 30.0 30.0 29.97919772282789 29.9422524302522 30.0 30.0 30.0 30.0 30.0 30.0 30.0
60.4 30.0 30.0 29.97964032446985 29.94339450597556 30.0 30.0 30.0 30.0 30.0 30.0 30.0
60.5 30.0 30.0 29.980073509055636 29.94451412468289 30.0 30.0 30.0 30.0 30.0 30.0 30.0
60.6 30.0 30.0 29.980497476948088 29.94561172498177 30.0 30.0 30.0 30.0 30.0 30.0 30.0
60.7 30.0 30.0 29.980912424247034 29.946687736981477 30.0 30.0 30.0 30.0 30.0 30.0 30.0
60.8 30.0 30.0 29.981318542880047 29.947742582456506 30.0 30.0 30.0 30.0 30.0 30.0 30.0
60.9 30.0 30.0 29.981716020691067 29.948776675006407 30.0 30.0 30.0 30.0 30.0 30.0 30.0
61.0 30.0 30.0 29.982105041527387 29.949790420212693 30.0 30.0 30.0 30.0 30.0 30.0 30.0
61.1 30.0 30.0 29.98248578532469 29.95078421579261 30.0 30.0 30.0 30.0 30.0 30.0 30.0
61.2 30.0 30.0 29.982858428190088 29.951758451750766 30.0 30.0 30.0 30.0 30.0 30.0 30.0
61.3 30.0 30.0 29.983223142483947 29.952713510526415 30.0 30.0 30.0 30.0 30.0 30.0 30.0
61.4 30.0 30.0 29.983580096899153 29.953649767139897 30.0 30.0 30.0 30.0 30.0 30.0 30.0
61.5 30.0 30.0 29.98392945653957 29.954567589334005 30.0 30.0 30.0 30.0 30.0 30.0 30.0
61.6 30.0 30.0 29.984271382996187 29.955467337714865 30.0 30.0 30.0 30.0 30.0 30.0 30.0
61.7 30.0 30.0 29.98460603442181 29.956349365888848 30.0 30.0 30.0 30.0 30.0 30.0 30.0
61.8 30.0 30.0 29.984933565604308 29.957214020596968 30.0 30.0 30.0 30.0 30.0 30.0 30.0
61.9 30.0 30.0 29.985254128038218 29.95806164184723 30.0 30.0 30.0 30.0 30.0 30.0 30.0
62.0 30.0 30.0 29.985567869994878 29.958892563043943 30.0 30.0 30.0 30.0 30.0 30.0 30.0
62.1 30.0 30.0 29.985874936590747 29.959707111115122 30.0 30.0 30.0 30.0 30.0 30.0 30.0
62.2 30.0 30.0 29.986175469854743 29.960505606636904 30.0 30.0 30.0 30.0 30.0 30.0 30.0
62.3 30.0 30.0 29.986469608794035 29.961288363955724 30.0 30.0 30.0 30.0 30.0 30.0 30.0
62.4 30.0 30.0 29.986757489458007 29.962055691308713 30.0 30.0 30.0 30.0 30.0 30.0 30.0
62.5 30.0 30.0 29.987039245001416 29.962807890941036 30.0 30.0 30.0 30.0 30.0 30.0 30.0
62.6 30.0 30.0 29.987315005746055 29.96354525922115 30.0 30.0 30.0 30.0 30.0 30.0 30.0
62.7 30.0 30.0 29.987584899240808 29.96426808675472 30.0 30.0 30.0 30.0 30.0 30.0 30.0
62.8 30.0 30.0 29.987849050320797 29.964976658494955 30.0 30.0 30.0 30.0 30.0 30.0 30.0
62.9 30.0 30.0 29.98810758116502 29.965671253852136 30.0 30.0 30.0 30.0 30.0 30.0 30.0
63.0 30.0 30.0 29.98836061135297 29.96635214679999 30.0 30.0 30.0 30.0 30.0 30.0 30.0
63.1 30.0 30.0 29.988608257919974 29.967019605980983 30.0 30.0 30.0 30.0 30.0 30.0 30.0
63.2 30.0 30.0 29.988850635411087 29.96767389480903 30.0 30.0 30.0 30.0 30.0 30.0 30.0
63.3 30.0 30.0 29.989087855934297 29.968315271570155 30.0 30.0 30.0 30.0 30.0 30.0 30.0
63.4 30.0 30.0 29.989320029212305 29.968943989521662 30.0 30.0 30.0 30.0 30.0 30.0 30.0
63.5 30.0 30.0 29.989547262633312 29.9695602969893 30.0 30.0 30.0 30.0 30.0 30.0 30.0
63.6 30.0 30.0 29.989769661300656 29.9701644374621 30.0 30.0 30.0 30.0 30.0 30.0 30.0
63.7 30.0 30.0 29.989987328081472 29.970756649686138 30.0 30.0 30.0 30.0 30.0 30.0 30.0
63.8 30.0 30.0 29.990200363654218 29.971337167756026 30.0 30.0 30.0 30.0 30.0 30.0 30.0
63.9 30.0 30.0 29.990408866555185 29.971906221204705 30.0 30.0 30.0 30.0 30.0 30.0 30.0
64.0 30.0 30.0 29.990612933224202 29.9724640350917 30.0 30.0 30.0 30.0 30.0 30.0 30.0
64.1 30.0 30.0 29.990812658049208 29.973010830089315 30.0 30.0 30.0 30.0 30.0 30.0 30.0
64.2 30.0 30.0 29.991008133409895 29.97354682256767 30.0 30.0 30.0 30.0 30.0 30.0 30.0
64.3 30.0 30.0 29.991199449720302 29.9740722246781 30.0 30.0 30.0 30.0 30.0 30.0 30.0
64.4 30.0 30.0 29.991386695470965 29.974587244433987 30.0 30.0 30.0 30.0 30.0 30.0 30.0
64.5 30.0 30.0 29.991569957269487 29.975092085791676 30.0 30.0 30.0 30.0 30.0 30.0 30.0
64.6 30.0 30.0 29.99174931988078 29.97558694872832 30.0 30.0 30.0 30.0 30.0 30.0 30.0
64.7 30.0 30.0 29.99192486626633 29.976072029319184 30.0 30.0 30.0 30.0 30.0 30.0 30.0
64.8 30.0 30.0 29.992096677622346 29.976547519813135 30.0 30.0 30.0 30.0 30.0 30.0 30.0
64.9 30.0 30.0 29.992264833417572 29.977013608706393 30.0 30.0 30.0 30.0 30.0 30.0 30.0
65.0 30.0 30.0 29.99242941142996 29.977470480815683 30.0 30.0 30.0 30.0 30.0 30.0 30.0
65.1 30.0 30.0 29.992590487782476 29.977918317349157 30.0 30.0 30.0 30.0 30.0 30.0 30.0
65.2 30.0 30.0 29.99274813697861 29.978357295976284 30.0 30.0 30.0 30.0 30.0 30.0 30.0
65.3 30.0 30.0 29.992902431936507 29.978787590896683 30.0 30.0 30.0 30.0 30.0 30.0 30.0
65.4 30.0 30.0 29.99305344402297 29.979209372906897 30.0 30.0 30.0 30.0 30.0 30.0 30.0
65.5 30.0 30.0 29.993201243086318 29.979622809466836 30.0 30.0 30.0 30.0 30.0 30.0 30.0
65.6 30.0 30.0 29.993345897488716 29.980028064763996 30.0 30.0 30.0 30.0 30.0 30.0 30.0
65.7 30.0 30.0 29.993487474137922 29.980425299776996 30.0 30.0 30.0 30.0 30.0 30.0 30.0
65.8 30.0 30.0 29.993626038517935 29.980814672338326 30.0 30.0 30.0 30.0 30.0 30.0 30.0
65.9 30.0 30.0 29.99376165471969 29.981196337194458 30.0 30.0 30.0 30.0 30.0 30.0 30.0
66.0 30.0 30.0 29.99389438547036 29.981570446066574 30.0 30.0 30.0 30.0 30.0 30.0 30.0
66.1 30.0 30.0 29.99402429216248 29.981937147708678 30.0 30.0 30.0 30.0 30.0 30.0 30.0
66.2 30.0 30.0 29.994151434882394 29.98229658796535 30.0 30.0 30.0 30.0 30.0 30.0 30.0
66.3 30.0 30.0 29.994275872438134 29.982648909828185 30.0 30.0 30.0 30.0 30.0 30.0 30.0
66.4 30.0 30.0 29.994397662386294 29.982994253491423 30.0 30.0 30.0 30.0 30.0 30.0 30.0
66.5 30.0 30.0 29.994516861058948 29.9833327564058 30.0 30.0 30.0 30.0 30.0 30.0 30.0
66.6 30.0 30.0 29.99463352358956 29.983664553332257 30.0 30.0 30.0 30.0 30.0 30.0 30.0
66.7 30.0 30.0 29.99474770393875 29.983989776393695 30.0 30.0 30.0 30.0 30.0 30.0 30.0
66.8 30.0 30.0 29.99485945491874 29.984308555127065 30.0 30.0 30.0 30.0 30.0 30.0 30.0
66.9 30.0 30.0 29.99496882821834 29.98462101653242 30.0 30.0 30.0 30.0 30.0 30.0 30.0
67.0 30.0 30.0 29.995075874426455 29.984927285123284 30.0 30.0 30.0 30.0 30.0 30.0 30.0
67.1 30.0 30.0 29.995180643055686 29.98522748297443 30.0 30.0 30.0 30.0 30.0 30.0 30.0
67.2 30.0 30.0 29.995283182565164 29.985521729769335 30.0 30.0 30.0 30.0 30.0 30.0 30.0
67.3 30.0 30.0 29.995383540382914 29.98581014284696 30.0 30.0 30.0 30.0 30.0 30.0 30.0
67.4 30.0 30.0 29.995481762927994 29.986092837246748 30.0 30.0 30.0 30.0 30.0 30.0 30.0
67.5 30.0 30.0 29.995577895631698 29.986369925754104 30.0 30.0 30.0 30.0 30.0 30.0 30.0
67.6 30.0 30.0 29.99567198295864 29.986641518943795 30.0 30.0 30.0 30.0 30.0 30.0 30.0
67.7 30.0 30.0 29.995764068427565 29.9869077252228 30.0 30.0 30.0 30.0 30.0 30.0 30.0
67.8 30.0 30.0 29.995854194631264 29.987168650872842 30.0 30.0 30.0 30.0 30.0 30.0 30.0
67.9 30.0 30.0 29.99594240325614 29.987424400091875 30.0 30.0 30.0 30.0 30.0 30.0 30.0
68.0 30.0 30.0 29.996028735101742 29.98767507503411 30.0 30.0 30.0 30.0 30.0 30.0 30.0
68.1 30.0 30.0 29.996113230099624 29.9879207758501 30.0 30.0 30.0 30.0 30.0 30.0 30.0
68.2 30.0 30.0 29.99619592733155 29.988161600726034 30.0 30.0 30.0 30.0 30.0 30.0 30.0
68.3 30.0 30.0 29.99627686504786 29.988397645921516 30.0 30.0 30.0 30.0 30.0 30.0 30.0
68.4 30.0 30.0 29.99635608068511 29.98862900580731 30.0 30.0 30.0 30.0 30.0 30.0 30.0
68.5 30.0 30.0 29.99643361088325 29.98885577290218 30.0 30.0 30.0 30.0 30.0 30.0 30.0
68.6 30.0 30.0 29.996509491502795 29.989078037908754 30.0 30.0 30.0 30.0 30.0 30.0 30.0
68.7 30.0 30.0 29.996583757641044 29.98929588974949 30.0 30.0 30.0 30.0 30.0 30.0 30.0
68.8 30.0 30.0 29.996656443648643 29.98950941560073 30.0 30.0 30.0 30.0 30.0 30.0 30.0
68.9 30.0 30.0 29.99672758314545 29.98971870092692 30.0 30.0 30.0 30.0 30.0 30.0 30.0
69.0 30.0 30.0 29.99679720903602 29.98992382951413 30.0 30.0 30.0 30.0 30.0 30.0 30.0
69.1 30.0 30.0 29.996865353524594 29.990124883502983 30.0 30.0 30.0 30.0 30.0 30.0 30.0
69.2 30.0 30.0 29.99693204813048 29.990321943419968 30.0 30.0 30.0 30.0 30.0 30.0 30.0
69.3 30.0 30.0 29.99699732370219 29.990515088209936 30.0 30.0 30.0 30.0 30.0 30.0 30.0
69.4 30.0 30.0 29.99706121043195 29.990704395266167 30.0 30.0 30.0 30.0 30.0 30.0 30.0
69.5 30.0 30.0 29.99712373786954 29.9908899404612 30.0 30.0 30.0 30.0 30.0 30.0 30.0
69.6 30.0 30.0 29.997184934936104 29.99107179817616 30.0 30.0 30.0 30.0 30.0 30.0 30.0
69.7 30.0 30.0 29.99724482993745 29.991250041329845 30.0 30.0 30.0 30.0 30.0 30.0 30.0
69.8 30.0 30.0 29.997303450577075 29.99142474140766 30.0 30.0 30.0 30.0 30.0 30.0 30.0
69.9 30.0 30.0 29.997360823969046 29.991595968489303 30.0 30.0 30.0 30.0 30.0 30.0 30.0
70.0 30.0 30.0 29.997416976650577 29.991763791276117 30.0 30.0 30.0 30.0 30.0 30.0 30.0
70.1 30.0 30.0 29.99747193459423 29.991928277118426 30.0 30.0 30.0 30.0 30.0 30.0 30.0
70.2 30.0 30.0 29.997525723219898 29.992089492041632 30.0 30.0 30.0 30.0 30.0 30.0 30.0
70.3 30.0 30.0 29.997578367406707 29.992247500771978 30.0 30.0 30.0 30.0 30.0 30.0 30.0
70.4 30.0 30.0 29.997629891504445 29.992402366762317 30.0 30.0 30.0 30.0 30.0 30.0 30.0
70.5 30.0 30.0 29.997680319344777 29.99255415221678 30.0 30.0 30.0 30.0 30.0 30.0 30.0
70.6 30.0 30.0 29.997729674252373 29.992702918115025 30.0 30.0 30.0 30.0 30.0 30.0 30.0
70.7 30.0 30.0 29.997777979055545 29.992848724236634 30.0 30.0 30.0 30.0 30.0 30.0 30.0
70.8 30.0 30.0 29.997825256096903 29.99299162918422 30.0 30.0 30.0 30.0 30.0 30.0 30.0
70.9 30.0 30.0 29.9978715272438 29.993131690406415 30.0 30.0 30.0 30.0 30.0 30.0 30.0
71.0 30.0 30.0 29.99791681389819 29.993268964220697 30.0 30.0 30.0 30.0 30.0 30.0 30.0
71.1 30.0 30.0 29.997961137006705 29.993403505835385 30.0 30.0 30.0 30.0 30.0 30.0 30.0
71.2 30.0 30.0 29.99800451707042 29.99353536937121 30.0 30.0 30.0 30.0 30.0 30.0 30.0
71.3 30.0 30.0 29.998046974154047 29.993664607883023 30.0 30.0 30.0 30.0 30.0 30.0 30.0
71.4 30.0 30.0 29.998088527895412 29.993791273380207 30.0 30.0 30.0 30.0 30.0 30.0 30.0
71.5 30.0 30.0 29.998129197514654 29.9939154168471 30.0 30.0 30.0 30.0 30.0 30.0 30.0
71.6 30.0 30.0 29.998169001822834 29.994037088263667 30.0 30.0 30.0 30.0 30.0 30.0 30.0
71.7 30.0 30.0 29.998207959230836 29.99415633662459 30.0 30.0 30.0 30.0 30.0 30.0 30.0
71.8 30.0 30.0 29.998246087757874 29.99427320995865 30.0 30.0 30.0 30.0 30.0 30.0 30.0
71.9 30.0 30.0 29.998283405039636 29.99438775534798 30.0 30.0 30.0 30.0 30.0 30.0 30.0
72.0 30.0 30.0 29.99831992833668 29.994500018946237 30.0 30.0 30.0 30.0 30.0 30.0 30.0
72.1 30.0 30.0 29.9983556745423 29.99461004599686 30.0 30.0 30.0 30.0 30.0 30.0 30.0
72.2 30.0 30.0 29.998390660190324 29.99471788085121 30.0 30.0 30.0 30.0 30.0 30.0 30.0
72.3 30.0 30.0 29.998424901462894 29.994823566985595 30.0 30.0 30.0 30.0 30.0 30.0 30.0
72.4 30.0 30.0 29.998458414197696 29.994927147018874 30.0 30.0 30.0 30.0 30.0 30.0 30.0
72.5 30.0 30.0 29.998491213895623 29.995028662728824 30.0 30.0 30.0 30.0 30.0 30.0 30.0
72.6 30.0 30.0 29.998523315727617 29.995128155069043 30.0 30.0 30.0 30.0 30.0 30.0 30.0
72.7 30.0 30.0 29.998554734541962 29.99522566418479 30.0 30.0 30.0 30.0 30.0 30.0 30.0
72.8 30.0 30.0 29.99858548487083 29.995321229429265 30.0 30.0 30.0 30.0 30.0 30.0 30.0
72.9 30.0 30.0 29.998615580937365 29.995414889378424 30.0 30.0 30.0 30.0 30.0 30.0 30.0
73.0 30.0 30.0 29.99864503666206 29.995506681847033 30.0 30.0 30.0 30.0 30.0 30.0 30.0
73.1 30.0 30.0 29.998673865669247 29.995596643902942 30.0 30.0 30.0 30.0 30.0 30.0 30.0
73.2 30.0 30.0 29.998702081293274 29.99568481188238 30.0 30.0 30.0 30.0 30.0 30.0 30.0
73.3 30.0 30.0 29.998729696584906 29.99577122140363 30.0 30.0 30.0 30.0 30.0 30.0 30.0
73.4 30.0 30.0 29.99875672431713 29.995855907381802 30.0 30.0 30.0 30.0 30.0 30.0 30.0
73.5 30.0 30.0 29.998783176991235 29.995938904041957 30.0 30.0 30.0 30.0 30.0 30.0 30.0
73.6 30.0 30.0 29.998809066842448 29.99602024493325 30.0 30.0 30.0 30.0 30.0 30.0 30.0
73.7 30.0 30.0 29.998834405845805 29.99609996294181 30.0 30.0 30.0 30.0 30.0 30.0 30.0
73.8 30.0 30.0 29.998859205721413 29.99617809030414 30.0 30.0 30.0 30.0 30.0 30.0 30.0
73.9 30.0 30.0 29.99888347794012 29.996254658619314 30.0 30.0 30.0 30.0 30.0 30.0 30.0
74.0 30.0 30.0 29.998907233728676 29.996329698862137 30.0 30.0 30.0 30.0 30.0 30.0 30.0
74.1 30.0 30.0 29.99893048407484 29.99640324139503 30.0 30.0 30.0 30.0 30.0 30.0 30.0
74.2 30.0 30.0 29.998953239732806 29.99647531597992 30.0 30.0 30.0 30.0 30.0 30.0 30.0
74.3 30.0 30.0 29.998975511227847 29.996545951790534 30.0 30.0 30.0 30.0 30.0 30.0 30.0
74.4 30.0 30.0 29.998997308861348 29.99661517742356 30.0 30.0 30.0 30.0 30.0 30.0 30.0
74.5 30.0 30.0 29.999018642715342 29.996683020910314 30.0 30.0 30.0 30.0 30.0 30.0 30.0
74.6 30.0 30.0 29.999039522657558 29.996749509727437 30.0 30.0 30.0 30.0 30.0 30.0 30.0
74.7 30.0 30.0 29.999059958345672 29.996814670808135 30.0 30.0 30.0 30.0 30.0 30.0 30.0
74.8 30.0 30.0 29.999079959231942 29.996878530552763 30.0 30.0 30.0 30.0 30.0 30.0 30.0
74.9 30.0 30.0 29.99909953456748 29.996941114839377 30.0 30.0 30.0 30.0 30.0 30.0 30.0
75.0 30.0 30.0 29.9991186934065 29.997002449033833 30.0 30.0 30.0 30.0 30.0 30.0 30.0
75.1 30.0 30.0 29.999137444610575 29.99706255800014 30.0 30.0 30.0 30.0 30.0 30.0 30.0
75.2 30.0 30.0 29.9991557968529 29.997121466109967 30.0 30.0 30.0 30.0 30.0 30.0 30.0
75.3 30.0 30.0 29.999173758621957 29.997179197252777 30.0 30.0 30.0 30.0 30.0 30.0 30.0
75.4 30.0 30.0 29.999191338225796 29.997235774844732 30.0 30.0 30.0 30.0 30.0 30.0 30.0
75.5 30.0 30.0 29.999208543795483 29.997291221838807 30.0 30.0 30.0 30.0 30.0 30.0 30.0
75.6 30.0 30.0 29.999225383289204 29.997345560733162 30.0 30.0 30.0 30.0 30.0 30.0 30.0
75.7 30.0 30.0 29.999241864495804 29.997398813580507 30.0 30.0 30.0 30.0 30.0 30.0 30.0
75.8 30.0 30.0 29.999257995038402 29.997451001996723 30.0 30.0 30.0 30.0 30.0 30.0 30.0
75.9 30.0 30.0 29.999273782378047 29.99750214716943 30.0 30.0 30.0 30.0 30.0 30.0 30.0
76.0 30.0 30.0 29.999289233816818 29.99755226986674 30.0 30.0 30.0 30.0 30.0 30.0 30.0
76.1 30.0 30.0 29.999304356501604 29.997601390445134 30.0 30.0 30.0 30.0 30.0 30.0 30.0
76.2 30.0 30.0 29.9993191574271 29.99764952885775 30.0 30.0 30.0 30.0 30.0 30.0 30.0
76.3 30.0 30.0 29.999333643439275 29.997696704662253 30.0 30.0 30.0 30.0 30.0 30.0 30.0
76.4 30.0 30.0 29.999347821238405 29.99774293702881 30.0 30.0 30.0 30.0 30.0 30.0 30.0
76.5 30.0 30.0 29.999361697382234 29.997788244747486 30.0 30.0 30.0 30.0 30.0 30.0 30.0
76.6 30.0 30.0 29.99937527828899 29.997832646235967 30.0 30.0 30.0 30.0 30.0 30.0 30.0
76.7 30.0 30.0 29.99938857024028 29.997876159546674 30.0 30.0 30.0 30.0 30.0 30.0 30.0
76.8 30.0 30.0 29.9994015793841 29.997918802374176 30.0 30.0 30.0 30.0 30.0 30.0 30.0
76.9 30.0 30.0 29.999414311737617 29.997960592062096 30.0 30.0 30.0 30.0 30.0 30.0 30.0
77.0 30.0 30.0 29.999426773190013 29.998001545610055 30.0 30.0 30.0 30.0 30.0 30.0 30.0
77.1 30.0 30.0 29.99943896950516 29.998041679680636 30.0 30.0 30.0 30.0 30.0 30.0 30.0
77.2 30.0 30.0 29.999450906324245 29.998081010605762 30.0 30.0 30.0 30.0 30.0 30.0 30.0
77.3 30.0 30.0 29.999462589168388 29.998119554393593 30.0 30.0 30.0 30.0 30.0 30.0 30.0
77.4 30.0 30.0 29.999474023441433 29.998157326734166 30.0 30.0 30.0 30.0 30.0 30.0 30.0
77.5 30.0 30.0 29.999485214432003 29.998194343006716 30.0 30.0 30.0 30.0 30.0 30.0 30.0
77.6 30.0 30.0 29.99949616731647 29.998230618284897 30.0 30.0 30.0 30.0 30.0 30.0 30.0
77.7 30.0 30.0 29.99950688716082 29.998266167343544 30.0 30.0 30.0 30.0 30.0 30.0 30.0
77.8 30.0 30.0 29.999517378923347 29.998301004663908 30.0 30.0 30.0 30.0 30.0 30.0 30.0
77.9 30.0 30.0 29.99952764745688 29.99833514443999 30.0 30.0 30.0 30.0 30.0 30.0 30.0
78.0 30.0 30.0 29.999537697511016 29.998368600583706 30.0 30.0 30.0 30.0 30.0 30.0 30.0
78.1 30.0 30.0 29.999547533734145 29.998401386731242 30.0 30.0 30.0 30.0 30.0 30.0 30.0
78.2 30.0 30.0 29.999557160675963 29.99843351624735 30.0 30.0 30.0 30.0 30.0 30.0 30.0
78.3 30.0 30.0 29.999566582789218 29.99846500223195 30.0 30.0 30.0 30.0 30.0 30.0 30.0
78.4 30.0 30.0 29.99957580443204 29.99849585752442 30.0 30.0 30.0 30.0 30.0 30.0 30.0
78.5 30.0 30.0 29.99958482986967 29.998526094709316 30.0 30.0 30.0 30.0 30.0 30.0 30.0
78.6 30.0 30.0 29.99959366327668 29.99855572612108 30.0 30.0 30.0 30.0 30.0 30.0 30.0
78.7 30.0 30.0 29.99960230873884 29.998584763849127 30.0 30.0 30.0 30.0 30.0 30.0 30.0
78.8 30.0 30.0 29.999610770255018 29.998613219742563 30.0 30.0 30.0 30.0 30.0 30.0 30.0
78.9 30.0 30.0 29.999619051738943 29.99864110541518 30.0 30.0 30.0 30.0 30.0 30.0 30.0
79.0 30.0 30.0 29.99962715702114 29.998668432249758 30.0 30.0 30.0 30.0 30.0 30.0 30.0
79.1 30.0 30.0 29.999635089850464 29.99869521140324 30.0 30.0 30.0 30.0 30.0 30.0 30.0
79.2 30.0 30.0 29.999642853896248 29.998721453810283 30.0 30.0 30.0 30.0 30.0 30.0 30.0
79.3 30.0 30.0 29.999650452749542 29.998747170188512 30.0 30.0 30.0 30.0 30.0 30.0 30.0
79.4 30.0 30.0 29.999657889925057 29.99877237104242 30.0 30.0 30.0 30.0 30.0 30.0 30.0
79.5 30.0 30.0 29.999665168862816 29.998797066667496 30.0 30.0 30.0 30.0 30.0 30.0 30.0
79.6 30.0 30.0 29.99967229292959 29.99882126715451 30.0 30.0 30.0 30.0 30.0 30.0 30.0
79.7 30.0 30.0 29.99967926542046 29.998844982393777 30.0 30.0 30.0 30.0 30.0 30.0 30.0
79.8 30.0 30.0 29.99968608956046 29.998868222078674 30.0 30.0 30.0 30.0 30.0 30.0 30.0
79.9 30.0 30.0 29.999692768506012 29.99889099570975 30.0 30.0 30.0 30.0 30.0 30.0 30.0
80.0 30.0 30.0 29.999699305346308 29.998913312598678 30.0 30.0 30.0 30.0 30.0 30.0 30.0
80.1 30.0 30.0 29.999705703104933 29.998935181871836 30.0 30.0 30.0 30.0 30.0 30.0 30.0
80.2 30.0 30.0 29.999711964741035 29.998956612474007 30.0 30.0 30.0 30.0 30.0 30.0 30.0
80.3 30.0 30.0 29.999718093150772 29.998977613171924 30.0 30.0 30.0 30.0 30.0 30.0 30.0
80.4 30.0 30.0 29.999724091168865 29.998998192557824 30.0 30.0 30.0 30.0 30.0 30.0 30.0
80.5 30.0 30.0 29.999729961569567 29.999018359053085 30.0 30.0 30.0 30.0 30.0 30.0 30.0
80.6 30.0 30.0 29.9997357070681 29.99903812091141 30.0 30.0 30.0 30.0 30.0 30.0 30.0
80.7 30.0 30.0 29.99974133032194 29.999057486222092 30.0 30.0 30.0 30.0 30.0 30.0 30.0
80.8 30.0 30.0 29.999746833932132 29.99907646291342 30.0 30.0 30.0 30.0 30.0 30.0 30.0
80.9 30.0 30.0 29.999752220444208 29.999095058755888 30.0 30.0 30.0 30.0 30.0 30.0 30.0
81.0 30.0 30.0 29.999757492349694 29.999113281365094 30.0 30.0 30.0 30.0 30.0 30.0 30.0
81.1 30.0 30.0 29.999762652086908 29.999131138205286 30.0 30.0 30.0 30.0 30.0 30.0 30.0
81.2 30.0 30.0 29.9997677020425 29.999148636591624 30.0 30.0 30.0 30.0 30.0 30.0 30.0
81.3 30.0 30.0 29.999772644552227 29.999165783693886 30.0 30.0 30.0 30.0 30.0 30.0 30.0
81.4 30.0 30.0 29.99977748190221 29.999182586538947 30.0 30.0 30.0 30.0 30.0 30.0 30.0
81.5 30.0 30.0 29.999782216329805 29.999199052013697 30.0 30.0 30.0 30.0 30.0 30.0 30.0
81.6 30.0 30.0 29.99978685002496 29.999215186867655 30.0 30.0 30.0 30.0 30.0 30.0 30.0
81.7 30.0 30.0 29.99979138513079 29.99923099771615 30.0 30.0 30.0 30.0 30.0 30.0 30.0
81.8 30.0 30.0 29.999795823745043 29.999246491042356 30.0 30.0 30.0 30.0 30.0 30.0 30.0
81.9 30.0 30.0 29.99980016792065 29.99926167320046 30.0 30.0 30.0 30.0 30.0 30.0 30.0
82.0 30.0 30.0 29.999804419667022 29.999276550417832 30.0 30.0 30.0 30.0 30.0 30.0 30.0
82.1 30.0 30.0 29.9998085809507 29.99929112879799 30.0 30.0 30.0 30.0 30.0 30.0 30.0
82.2 30.0 30.0 29.99981265369642 29.99930541432245 30.0 30.0 30.0 30.0 30.0 30.0 30.0
82.3 30.0 30.0 29.999816639788 29.999319412853637 30.0 30.0 30.0 30.0 30.0 30.0 30.0
82.4 30.0 30.0 29.999820541069102 29.999333130137085 30.0 30.0 30.0 30.0 30.0 30.0 30.0
82.5 30.0 30.0 29.999824359344206 29.999346571803795 30.0 30.0 30.0 30.0 30.0 30.0 30.0
82.6 30.0 30.0 29.999828096379467 29.999359743372263 30.0 30.0 30.0 30.0 30.0 30.0 30.0
82.7 30.0 30.0 29.999831753903315 29.999372650251196 30.0 30.0 30.0 30.0 30.0 30.0 30.0
82.8 30.0 30.0 29.999835333607507 29.999385297741313 30.0 30.0 30.0 30.0 30.0 30.0 30.0
82.9 30.0 30.0 29.999838837147806 29.99939769103746 30.0 30.0 30.0 30.0 30.0 30.0 30.0
83.0 30.0 30.0 29.99984226614466 29.999409835231145 30.0 30.0 30.0 30.0 30.0 30.0 30.0
83.1 30.0 30.0 29.999845622184175 29.999421735311884 30.0 30.0 30.0 30.0 30.0 30.0 30.0
83.2 30.0 30.0 29.99984890681858 29.999433396170062 30.0 30.0 30.0 30.0 30.0 30.0 30.0
83.3 30.0 30.0 29.999852121567127 29.999444822598193 30.0 30.0 30.0 30.0 30.0 30.0 30.0
83.4 30.0 30.0 29.999855267916733 29.999456019293245 30.0 30.0 30.0 30.0 30.0 30.0 30.0
83.5 30.0 30.0 29.99985834732279 29.99946699085825 30.0 30.0 30.0 30.0 30.0 30.0 30.0
83.6 30.0 30.0 29.999861361209526 29.999477741804853 30.0 30.0 30.0 30.0 30.0 30.0 30.0
83.7 30.0 30.0 29.999864310970985 29.999488276554153 30.0 30.0 30.0 30.0 30.0 30.0 30.0
83.8 30.0 30.0 29.999867197971597 29.999498599439093 30.0 30.0 30.0 30.0 30.0 30.0 30.0
83.9 30.0 30.0 29.99987002354668 29.999508714706177 30.0 30.0 30.0 30.0 30.0 30.0 30.0
84.0 30.0 30.0 29.9998727890031 29.999518626517283 30.0 30.0 30.0 30.0 30.0 30.0 30.0
84.1 30.0 30.0 29.99987549562005 29.999528338950732 30.0 30.0 30.0 30.0 30.0 30.0 30.0
84.2 30.0 30.0 29.99987814464944 29.999537856003855 30.0 30.0 30.0 30.0 30.0 30.0 30.0
84.3 30.0 30.0 29.999880737316477 29.999547181593872 30.0 30.0 30.0 30.0 30.0 30.0 30.0
84.4 30.0 30.0 29.999883274820338 29.99955631955998 30.0 30.0 30.0 30.0 30.0 30.0 30.0
84.5 30.0 30.0 29.999885758334752 29.999565273664388 30.0 30.0 30.0 30.0 30.0 30.0 30.0
84.6 30.0 30.0 29.999888189008495 29.99957404759422 30.0 30.0 30.0 30.0 30.0 30.0 30.0
84.7 30.0 30.0 29.999890567965757 29.99958264496326 30.0 30.0 30.0 30.0 30.0 30.0 30.0
84.8 30.0 30.0 29.99989289630693 29.999591069312615 30.0 30.0 30.0 30.0 30.0 30.0 30.0
84.9 30.0 30.0 29.99989517510889 29.999599324112992 30.0 30.0 30.0 30.0 30.0 30.0 30.0
85.0 30.0 30.0 29.999897405425692 29.999607412765513 30.0 30.0 30.0 30.0 30.0 30.0 30.0
85.1 30.0 30.0 29.999899588288926 29.999615338603487 30.0 30.0 30.0 30.0 30.0 30.0 30.0
85.2 30.0 30.0 29.999901724708334 29.999623104893395 30.0 30.0 30.0 30.0 30.0 30.0 30.0
85.3 30.0 30.0 29.999903815671967 29.999630714836623 30.0 30.0 30.0 30.0 30.0 30.0 30.0
85.4 30.0 30.0 29.999905862146992 29.99963817157047 30.0 30.0 30.0 30.0 30.0 30.0 30.0
85.5 30.0 30.0 29.999907865080054 29.999645478169434 30.0 30.0 30.0 30.0 30.0 30.0 30.0
85.6 30.0 30.0 29.999909825397484 29.99965263764676 30.0 30.0 30.0 30.0 30.0 30.0 30.0
85.7 30.0 30.0 29.99991174400607 29.999659652955135 30.0 30.0 30.0 30.0 30.0 30.0 30.0
85.8 30.0 30.0 29.999913621793144 29.999666526988566 30.0 30.0 30.0 30.0 30.0 30.0 30.0
85.9 30.0 30.0 29.999915459627374 29.999673262582732 30.0 30.0 30.0 30.0 30.0 30.0 30.0
86.0 30.0 30.0 29.99991725835875 29.999679862516977 30.0 30.0 30.0 30.0 30.0 30.0 30.0
86.1 30.0 30.0 29.99991901881917 29.999686329514937 30.0 30.0 30.0 30.0 30.0 30.0 30.0
86.2 30.0 30.0 29.99992074182302 29.999692666245558 30.0 30.0 30.0 30.0 30.0 30.0 30.0
86.3 30.0 30.0 29.999922428167167 29.99969887532471 30.0 30.0 30.0 30.0 30.0 30.0 30.0
86.4 30.0 30.0 29.999924078631654 29.999704959315693 30.0 30.0 30.0 30.0 30.0 30.0 30.0
86.5 30.0 30.0 29.999925693979872 29.999710920730713 30.0 30.0 30.0 30.0 30.0 30.0 30.0
86.6 30.0 30.0 29.99992727495906 29.999716762031426 30.0 30.0 30.0 30.0 30.0 30.0 30.0
86.7 30.0 30.0 29.999928822300394 29.999722485630492 30.0 30.0 30.0 30.0 30.0 30.0 30.0
86.8 30.0 30.0 29.999930336719565 29.99972809389212 30.0 30.0 30.0 30.0 30.0 30.0 30.0
86.9 30.0 30.0 29.999931818916984 29.999733589133324 30.0 30.0 30.0 30.0 30.0 30.0 30.0
87.0 30.0 30.0 29.999933269578353 29.99973897362452 30.0 30.0 30.0 30.0 30.0 30.0 30.0
87.1 30.0 30.0 29.999934689374566 29.99974424959099 30.0 30.0 30.0 30.0 30.0 30.0 30.0
87.2 30.0 30.0 29.999936078962303 29.99974941921326 30.0 30.0 30.0 30.0 30.0 30.0 30.0
87.3 30.0 30.0 29.999937438984396 29.99975448462806 30.0 30.0 30.0 30.0 30.0 30.0 30.0
87.4 30.0 30.0 29.999938770069853 29.99975944792959 30.0 30.0 30.0 30.0 30.0 30.0 30.0
87.5 30.0 30.0 29.99994007283432 29.999764311170093 30.0 30.0 30.0 30.0 30.0 30.0 30.0
87.6 30.0 30.0 29.999941347880387 29.999769076360536 30.0 30.0 30.0 30.0 30.0 30.0 30.0
87.7 30.0 30.0 29.999942595797876 29.999773745471614 30.0 30.0 30.0 30.0 30.0 30.0 30.0
87.8 30.0 30.0 29.999943817163924 29.999778320434835 30.0 30.0 30.0 30.0 30.0 30.0 30.0
87.9 30.0 30.0 29.99994501254338 29.999782803142804 30.0 30.0 30.0 30.0 30.0 30.0 30.0
88.0 30.0 30.0 29.99994618248931 29.99978719545001 30.0 30.0 30.0 30.0 30.0 30.0 30.0
88.1 30.0 30.0 29.999947327542753 29.999791499174172 30.0 30.0 30.0 30.0 30.0 30.0 30.0
88.2 30.0 30.0 29.999948448233347 29.99979571609636 30.0 30.0 30.0 30.0 30.0 30.0 30.0
88.3 30.0 30.0 29.99994954507941 29.99979984796208 30.0 30.0 30.0 30.0 30.0 30.0 30.0
88.4 30.0 30.0 29.999950618588322 29.999803896481765 30.0 30.0 30.0 30.0 30.0 30.0 30.0
88.5 30.0 30.0 29.999951669256628 29.999807863331522 30.0 30.0 30.0 30.0 30.0 30.0 30.0
88.6 30.0 30.0 29.999952697570333 29.999811750153878 30.0 30.0 30.0 30.0 30.0 30.0 30.0
88.7 30.0 30.0 29.999953704004977 29.999815558558673 30.0 30.0 30.0 30.0 30.0 30.0 30.0
88.8 30.0 30.0 29.99995468902615 29.99981929012311 30.0 30.0 30.0 30.0 30.0 30.0 30.0
88.9 30.0 30.0 29.999955653089472 29.999822946392968 30.0 30.0 30.0 30.0 30.0 30.0 30.0
89.0 30.0 30.0 29.999956596640782 29.99982652888315 30.0 30.0 30.0 30.0 30.0 30.0 30.0
89.1 30.0 30.0 29.999957520116546 29.999830039077928 30.0 30.0 30.0 30.0 30.0 30.0 30.0
89.2 30.0 30.0 29.999958423943838 29.99983347843202 30.0 30.0 30.0 30.0 30.0 30.0 30.0
89.3 30.0 30.0 29.999959308540735 29.999836848370816 30.0 30.0 30.0 30.0 30.0 30.0 30.0
89.4 30.0 30.0 29.99996017431651 29.999840150291124 30.0 30.0 30.0 30.0 30.0 30.0 30.0
89.5 30.0 30.0 29.99996102167144 29.999843385562023 30.0 30.0 30.0 30.0 30.0 30.0 30.0
89.6 30.0 30.0 29.99996185099757 29.99984655552461 30.0 30.0 30.0 30.0 30.0 30.0 30.0
89.7 30.0 30.0 29.99996266267844 29.999849661493577 30.0 30.0 30.0 30.0 30.0 30.0 30.0
89.8 30.0 30.0 29.99996345708955 29.999852704756883 30.0 30.0 30.0 30.0 30.0 30.0 30.0
89.9 30.0 30.0 29.999964234598284 29.999855686577014 30.0 30.0 30.0 30.0 30.0 30.0 30.0
90.0 30.0 30.0 29.999964995564277 29.999858608190692 30.0 30.0 30.0 30.0 30.0 30.0 30.0
90.1 30.0 30.0 29.999965740339523 29.999861470810185 30.0 30.0 30.0 30.0 30.0 30.0 30.0
90.2 30.0 30.0 29.999966469268468 29.99986427562323 30.0 30.0 30.0 30.0 30.0 30.0 30.0
90.3 30.0 30.0 29.9999671826883 29.99986702379377 30.0 30.0 30.0 30.0 30.0 30.0 30.0
90.4 30.0 30.0 29.99996788092896 29.999869716462474 30.0 30.0 30.0 30.0 30.0 30.0 30.0
90.5 30.0 30.0 29.99996856431341 29.999872354747012 30.0 30.0 30.0 30.0 30.0 30.0 30.0
90.6 30.0 30.0 29.999969233157845 29.99987493974253 30.0 30.0 30.0 30.0 30.0 30.0 30.0
90.7 30.0 30.0 29.999969887771496 29.99987747252249 30.0 30.0 30.0 30.0 30.0 30.0 30.0
90.8 30.0 30.0 29.9999705284572 29.999879954138517 30.0 30.0 30.0 30.0 30.0 30.0 30.0
90.9 30.0 30.0 29.99997115551132 29.999882385621248 30.0 30.0 30.0 30.0 30.0 30.0 30.0
91.0 30.0 30.0 29.999971769223833 29.999884767980635 30.0 30.0 30.0 30.0 30.0 30.0 30.0
91.1 30.0 30.0 29.999972369878613 29.999887102206326 30.0 30.0 30.0 30.0 30.0 30.0 30.0
91.2 30.0 30.0 29.999972957753542 29.999889389267967 30.0 30.0 30.0 30.0 30.0 30.0 30.0
91.3 30.0 30.0 29.9999735331205 29.99989163011598 30.0 30.0 30.0 30.0 30.0 30.0 30.0
91.4 30.0 30.0 29.999974096245563 29.99989382568163 30.0 30.0 30.0 30.0 30.0 30.0 30.0
91.5 30.0 30.0 29.999974647389287 29.99989597687722 30.0 30.0 30.0 30.0 30.0 30.0 30.0
91.6 30.0 30.0 29.99997518680653 29.999898084597053 30.0 30.0 30.0 30.0 30.0 30.0 30.0
91.7 30.0 30.0 29.999975714746824 29.99990014971719 30.0 30.0 30.0 30.0 30.0 30.0 30.0
91.8 30.0 30.0 29.999976231454372 29.99990217309628 30.0 30.0 30.0 30.0 30.0 30.0 30.0
91.9 30.0 30.0 29.999976737168065 29.999904155575877 30.0 30.0 30.0 30.0 30.0 30.0 30.0
92.0 30.0 30.0 29.99997723212195 29.999906097980116 30.0 30.0 30.0 30.0 30.0 30.0 30.0
92.1 30.0 30.0 29.999977716544855 29.99990800111712 30.0 30.0 30.0 30.0 30.0 30.0 30.0
92.2 30.0 30.0 29.99997819066096 29.99990986577823 30.0 30.0 30.0 30.0 30.0 30.0 30.0
92.3 30.0 30.0 29.999978654689414 29.999911692739516 30.0 30.0 30.0 30.0 30.0 30.0 30.0
92.4 30.0 30.0 29.999979108844915 29.999913482760892 30.0 30.0 30.0 30.0 30.0 30.0 30.0
92.5 30.0 30.0 29.999979553337617 29.999915236587178 30.0 30.0 30.0 30.0 30.0 30.0 30.0
92.6 30.0 30.0 29.999979988373028 29.999916954948464 30.0 30.0 30.0 30.0 30.0 30.0 30.0
92.7 30.0 30.0 29.999980414152294 29.999918638559873 30.0 30.0 30.0 30.0 30.0 30.0 30.0
92.8 30.0 30.0 29.999980830872413 29.99992028812217 30.0 30.0 30.0 30.0 30.0 30.0 30.0
92.9 30.0 30.0 29.999981238726217 29.999921904322 30.0 30.0 30.0 30.0 30.0 30.0 30.0
93.0 30.0 30.0 29.99998163790228 29.999923487832486 30.0 30.0 30.0 30.0 30.0 30.0 30.0
93.1 30.0 30.0 29.99998202858521 29.99992503931304 30.0 30.0 30.0 30.0 30.0 30.0 30.0
93.2 30.0 30.0 29.99998241095575 29.999926559409605 30.0 30.0 30.0 30.0 30.0 30.0 30.0
93.3 30.0 30.0 29.999982785190756 29.999928048755486 30.0 30.0 30.0 30.0 30.0 30.0 30.0
93.4 30.0 30.0 29.999983151463336 29.99992950797099 30.0 30.0 30.0 30.0 30.0 30.0 30.0
93.5 30.0 30.0 29.9999835099428 29.999930937664164 30.0 30.0 30.0 30.0 30.0 30.0 30.0
93.6 30.0 30.0 29.999983860795087 29.99993233843049 30.0 30.0 30.0 30.0 30.0 30.0 30.0
93.7 30.0 30.0 29.999984204182457 29.9999337108538 30.0 30.0 30.0 30.0 30.0 30.0 30.0
93.8 30.0 30.0 29.99998454026368 29.99993505550613 30.0 30.0 30.0 30.0 30.0 30.0 30.0
93.9 30.0 30.0 29.999984869194243 29.999936372947868 30.0 30.0 30.0 30.0 30.0 30.0 30.0
94.0 30.0 30.0 29.999985191126243 29.9999376637283 30.0 30.0 30.0 30.0 30.0 30.0 30.0
94.1 30.0 30.0 29.999985506208684 29.999938928385326 30.0 30.0 30.0 30.0 30.0 30.0 30.0
94.2 30.0 30.0 29.999985814587184 29.9999401674465 30.0 30.0 30.0 30.0 30.0 30.0 30.0
94.3 30.0 30.0 29.99998611640445 29.999941381428368 30.0 30.0 30.0 30.0 30.0 30.0 30.0
94.4 30.0 30.0 29.99998641180011 29.99994257083717 30.0 30.0 30.0 30.0 30.0 30.0 30.0
94.5 30.0 30.0 29.999986700910767 29.999943736169065 30.0 30.0 30.0 30.0 30.0 30.0 30.0
94.6 30.0 30.0 29.999986983870144 29.999944877910202 30.0 30.0 30.0 30.0 30.0 30.0 30.0
94.7 30.0 30.0 29.999987260809057 29.999945996536994 30.0 30.0 30.0 30.0 30.0 30.0 30.0
94.8 30.0 30.0 29.9999875318557 29.999947092515928 30.0 30.0 30.0 30.0 30.0 30.0 30.0
94.9 30.0 30.0 29.999987797135375 29.99994816630457 30.0 30.0 30.0 30.0 30.0 30.0 30.0
95.0 30.0 30.0 29.99998805677076 29.999949218350938 30.0 30.0 30.0 30.0 30.0 30.0 30.0
95.1 30.0 30.0 29.99998831088203 29.99995024909413 30.0 30.0 30.0 30.0 30.0 30.0 30.0
95.2 30.0 30.0 29.999988559586647 29.999951258964483 30.0 30.0 30.0 30.0 30.0 30.0 30.0
95.3 30.0 30.0 29.99998880299975 29.999952248383426 30.0 30.0 30.0 30.0 30.0 30.0 30.0
95.4 30.0 30.0 29.999989041233757 29.99995321776438 30.0 30.0 30.0 30.0 30.0 30.0 30.0
95.5 30.0 30.0 29.999989274398978 29.999954167511753 30.0 30.0 30.0 30.0 30.0 30.0 30.0
95.6 30.0 30.0 29.99998950260329 29.999955098022387 30.0 30.0 30.0 30.0 30.0 30.0 30.0
95.7 30.0 30.0 29.999989725952165 29.99995600968492 30.0 30.0 30.0 30.0 30.0 30.0 30.0
95.8 30.0 30.0 29.999989944548926 29.999956902880182 30.0 30.0 30.0 30.0 30.0 30.0 30.0
95.9 30.0 30.0 29.999990158494686 29.999957777981248 30.0 30.0 30.0 30.0 30.0 30.0 30.0
96.0 30.0 30.0 29.999990367888426 29.999958635353703 30.0 30.0 30.0 30.0 30.0 30.0 30.0
96.1 30.0 30.0 29.999990572826995 29.99995947535588 30.0 30.0 30.0 30.0 30.0 30.0 30.0
96.2 30.0 30.0 29.99999077340512 29.9999602983388 30.0 30.0 30.0 30.0 30.0 30.0 30.0
96.3 30.0 30.0 29.99999096971568 29.999961104646395 30.0 30.0 30.0 30.0 30.0 30.0 30.0
96.4 30.0 30.0 29.999991161849433 29.99996189461574 30.0 30.0 30.0 30.0 30.0 30.0 30.0
96.5 30.0 30.0 29.999991349895204 29.999962668577094 30.0 30.0 30.0 30.0 30.0 30.0 30.0
96.6 30.0 30.0 29.999991533939973 29.99996342685398 30.0 30.0 30.0 30.0 30.0 30.0 30.0
96.7 30.0 30.0 29.99999171406888 29.999964169763437 30.0 30.0 30.0 30.0 30.0 30.0 30.0
96.8 30.0 30.0 29.999991890365333 29.999964897616017 30.0 30.0 30.0 30.0 30.0 30.0 30.0
96.9 30.0 30.0 29.9999920629108 29.99996561071637 30.0 30.0 30.0 30.0 30.0 30.0 30.0
97.0 30.0 30.0 29.999992231785 29.999966309362676 30.0 30.0 30.0 30.0 30.0 30.0 30.0
97.1 30.0 30.0 29.999992397066215 29.999966993847007 30.0 30.0 30.0 30.0 30.0 30.0 30.0
97.2 30.0 30.0 29.99999255883078 29.99996766445603 30.0 30.0 30.0 30.0 30.0 30.0 30.0
97.3 30.0 30.0 29.99999271715349 29.99996832147016 30.0 30.0 30.0 30.0 30.0 30.0 30.0
97.4 30.0 30.0 29.999992872107683 29.99996896516423 30.0 30.0 30.0 30.0 30.0 30.0 30.0
97.5 30.0 30.0 29.999993023764958 29.99996959580787 30.0 30.0 30.0 30.0 30.0 30.0 30.0
97.6 30.0 30.0 29.99999317219546 29.99997021366488 30.0 30.0 30.0 30.0 30.0 30.0 30.0
97.7 30.0 30.0 29.999993317467887 29.999970818993773 30.0 30.0 30.0 30.0 30.0 30.0 30.0
97.8 30.0 30.0 29.99999345964939 29.999971412048136 30.0 30.0 30.0 30.0 30.0 30.0 30.0
97.9 30.0 30.0 29.99999359880575 29.999971993076173 30.0 30.0 30.0 30.0 30.0 30.0 30.0
98.0 30.0 30.0 29.999993735001425 29.999972562321158 30.0 30.0 30.0 30.0 30.0 30.0 30.0
98.1 30.0 30.0 29.99999386829929 29.999973120021522 30.0 30.0 30.0 30.0 30.0 30.0 30.0
98.2 30.0 30.0 29.99999399876098 29.999973666410906 30.0 30.0 30.0 30.0 30.0 30.0 30.0
98.3 30.0 30.0 29.99999412644688 29.99997420171798 30.0 30.0 30.0 30.0 30.0 30.0 30.0
98.4 30.0 30.0 29.999994251416094 29.999974726167043 30.0 30.0 30.0 30.0 30.0 30.0 30.0
98.5 30.0 30.0 29.9999943737263 29.999975239978028 30.0 30.0 30.0 30.0 30.0 30.0 30.0
98.6 30.0 30.0 29.999994493434183 29.99997574336583 30.0 30.0 30.0 30.0 30.0 30.0 30.0
98.7 30.0 30.0 29.9999946105951 29.999976236541617 30.0 30.0 30.0 30.0 30.0 30.0 30.0
98.8 30.0 30.0 29.99999472526322 29.99997671971207 30.0 30.0 30.0 30.0 30.0 30.0 30.0
98.9 30.0 30.0 29.999994837491577 29.999977193079594 30.0 30.0 30.0 30.0 30.0 30.0 30.0
99.0 30.0 30.0 29.999994947332222 29.999977656842574 30.0 30.0 30.0 30.0 30.0 30.0 30.0
99.1 30.0 30.0 29.99999505483585 29.999978111195546 30.0 30.0 30.0 30.0 30.0 30.0 30.0
99.2 30.0 30.0 29.999995160052194 29.999978556328955 30.0 30.0 30.0 30.0 30.0 30.0 30.0
99.3 30.0 30.0 29.99999526302983 29.99997899242952 30.0 30.0 30.0 30.0 30.0 30.0 30.0
99.4 30.0 30.0 29.999995363816357 29.999979419680116 30.0 30.0 30.0 30.0 30.0 30.0 30.0
99.5 30.0 30.0 29.999995462458603 29.99997983825958 30.0 30.0 30.0 30.0 30.0 30.0 30.0
99.6 30.0 30.0 29.999995559002045 29.99998024834391 30.0 30.0 30.0 30.0 30.0 30.0 30.0
99.7 30.0 30.0 29.999995653491386 29.999980650104945 30.0 30.0 30.0 30.0 30.0 30.0 30.0
99.8 30.0 30.0 29.999995745970356 29.999981043711006 30.0 30.0 30.0 30.0 30.0 30.0 30.0
99.9 30.0 30.0 29.99999583648172 29.999981429327526 30.0 30.0 30.0 30.0 30.0 30.0 30.0
