0.0 30.0 30.0 30.0 30.0 30.0 30.0 30.0 30.0 30.0 30.0 30.0
0.1 30.0 30.0 30.0 30.0 30.0 30.0 30.0 30.0 30.0 30.0 30.0
0.2 30.0 30.0 30.0 30.0 30.0 30.0 30.0 30.0 30.0 30.0 30.0
0.3 30.0 30.0 30.0 30.0 30.0 30.0 30.0 30.0 30.0 30.0 30.0
0.4 30.0 30.0 30.0 30.0 30.0 30.0 30.0 30.0 30.0 30.0 30.0
0.5 30.0 30.0 30.0 30.0 30.0 30.0 30.0 30.0 30.0 30.0 30.0
0.6 30.0 30.0 30.0 30.0 30.0 30.0 30.0 30.0 30.0 30.0 30.0
0.7 30.0 30.0 30.0 30.0 30.0 30.0 30.0 30.0 30.0 30.0 30.0
0.8 30.0 30.0 30.0 30.0 30.0 30.0 30.0 30.0 30.0 30.0 30.0
0.9 30.0 30.0 30.0 30.0 30.0 30.0 30.0 30.0 30.0 30.0 30.0
1.0 30.0 30.0 30.0 30.0 30.0 30.0 30.0 30.0 30.0 30.0 30.0
1.1 30.0 30.0 30.0 30.0 30.0 30.0 30.0 30.0 30.0 30.0 30.0
1.2 30.0 30.0 30.0 30.0 30.0 30.0 30.0 30.0 30.0 30.0 30.0
1.3 30.0 30.0 30.0 30.0 30.0 30.0 30.0 30.0 30.0 30.0 30.0
1.4 30.0 30.0 30.0 30.0 30.0 30.0 30.0 30.0 30.0 30.0 30.0
1.5 30.0 30.0 30.0 30.0 30.0 30.0 30.0 30.0 30.0 30.0 30.0
1.6 30.0 30.0 30.0 30.0 30.0 30.0 30.0 30.0 30.0 30.0 30.0
1.7 30.0 30.0 30.0 30.0 30.0 30.0 30.0 30.0 30.0 30.0 30.0
1.8 30.0 30.0 30.0 30.0 30.0 30.0 30.0 30.0 30.0 30.0 30.0
1.9 30.0 30.0 30.0 30.0 30.0 30.0 30.0 30.0 30.0 30.0 30.0
2.0 30.0 30.0 30.0 30.0 30.0 30.0 30.0 30.0 30.0 30.0 30.0
2.1 30.0 30.0 30.0 30.0 30.0 30.0 30.0 30.0 30.0 30.0 30.0
2.2 30.0 30.0 30.0 30.0 30.0 30.0 30.0 30.0 30.0 30.0 30.0
2.3 30.0 30.0 30.0 30.0 30.0 30.0 30.0 30.0 30.0 30.0 30.0
2.4 30.0 30.0 30.0 30.0 30.0 30.0 30.0 30.0 30.0 30.0 30.0
2.5 30.0 30.0 30.0 30.0 30.0 30.0 30.0 30.0 30.0 30.0 30.0
2.6 30.0 30.0 30.0 30.0 30.0 30.0 30.0 30.0 30.0 30.0 30.0
2.7 30.0 30.0 30.0 30.0 30.0 30.0 30.0 30.0 30.0 30.0 30.0
2.8 30.0 30.0 30.0 30.0 30.0 30.0 30.0 30.0 30.0 30.0 30.0
2.9 30.0 30.0 30.0 30.0 30.0 30.0 30.0 30.0 30.0 30.0 30.0
3.0 30.0 30.0 30.0 30.0 30.0 30.0 30.0 30.0 30.0 30.0 30.0
3.1 30.0 30.0 30.0 30.0 30.0 30.0 30.0 30.0 30.0 30.0 30.0
3.2 30.0 30.0 30.0 30.0 30.0 30.0 30.0 30.0 30.0 30.0 30.0
3.3 30.0 30.0 30.0 30.0 30.0 30.0 30.0 30.0 30.0 30.0 30.0
3.4 30.0 30.0 30.0 30.0 30.0 30.0 30.0 30.0 30.0 30.0 30.0
3.5 30.0 30.0 30.0 30.0 30.0 30.0 30.0 30.0 30.0 30.0 30.0
3.6 30.0 30.0 30.0 30.0 30.0 30.0 30.0 30.0 30.0 30.0 30.0
3.7 30.0 30.0 30.0 30.0 30.0 30.0 30.0 30.0 30.0 30.0 30.0
3.8 30.0 30.0 30.0 30.0 30.0 30.0 30.0 30.0 30.0 30.0 30.0
3.9 30.0 30.0 30.0 30.0 30.0 30.0 30.0 30.0 30.0 30.0 30.0
4.0 30.0 30.0 30.0 30.0 30.0 30.0 30.0 30.0 30.0 30.0 30.0
4.1 30.0 30.0 30.0 30.0 30.0 30.0 30.0 30.0 30.0 30.0 30.0
4.2 30.0 30.0 30.0 30.0 30.0 30.0 30.0 30.0 30.0 30.0 30.0
4.3 30.0 30.0 30.0 30.0 30.0 30.0 30.0 30.0 30.0 30.0 30.0
4.4 30.0 30.0 30.0 30.0 30.0 30.0 30.0 30.0 30.0 30.0 30.0
4.5 30.0 30.0 30.0 30.0 30.0 30.0 30.0 30.0 30.0 30.0 30.0
4.6 30.0 30.0 30.0 30.0 30.0 30.0 30.0 30.0 30.0 30.0 30.0
4.7 30.0 30.0 30.0 30.0 30.0 30.0 30.0 30.0 30.0 30.0 30.0
4.8 30.0 30.0 30.0 30.0 30.0 30.0 30.0 30.0 30.0 30.0 30.0
4.9 30.0 30.0 30.0 30.0 30.0 30.0 30.0 30.0 30.0 30.0 30.0
5.0 30.0 30.0 30.0 30.0 30.0 30.0 30.0 30.0 30.0 30.0 30.0
5.1 30.0 30.0 30.0 30.0 30.0 30.0 30.0 30.0 30.0 30.0 30.0
5.2 30.0 30.0 30.0 30.0 30.0 30.0 30.0 30.0 30.0 30.0 30.0
5.3 30.0 30.0 30.0 30.0 30.0 30.0 30.0 30.0 30.0 30.0 30.0
5.4 30.0 30.0 30.0 30.0 30.0 30.0 30.0 30.0 30.0 30.0 30.0
5.5 30.0 30.0 30.0 30.0 30.0 30.0 30.0 30.0 30.0 30.0 30.0
5.6 30.0 30.0 30.0 30.0 30.0 30.0 30.0 30.0 30.0 30.0 30.0
5.7 30.0 30.0 30.0 30.0 30.0 30.0 30.0 30.0 30.0 30.0 30.0
5.8 30.0 30.0 30.0 30.0 30.0 30.0 30.0 30.0 30.0 30.0 30.0
5.9 30.0 30.0 30.0 30.0 30.0 30.0 30.0 30.0 30.0 30.0 30.0
6.0 30.0 30.0 30.0 30.0 30.0 30.0 30.0 30.0 30.0 30.0 30.0
6.1 30.0 30.0 30.0 30.0 30.0 30.0 30.0 30.0 30.0 30.0 30.0
6.2 30.0 30.0 30.0 30.0 30.0 30.0 30.0 30.0 30.0 30.0 30.0
6.3 30.0 30.0 30.0 30.0 30.0 30.0 30.0 30.0 30.0 30.0 30.0
6.4 30.0 30.0 30.0 30.0 30.0 30.0 30.0 30.0 30.0 30.0 30.0
6.5 30.0 30.0 30.0 30.0 30.0 30.0 30.0 30.0 30.0 30.0 30.0
6.6 30.0 30.0 30.0 30.0 30.0 30.0 30.0 30.0 30.0 30.0 30.0
6.7 30.0 30.0 30.0 30.0 30.0 30.0 30.0 30.0 30.0 30.0 30.0
6.8 30.0 30.0 30.0 30.0 30.0 30.0 30.0 30.0 30.0 30.0 30.0
6.9 30.0 30.0 30.0 30.0 30.0 30.0 30.0 30.0 30.0 30.0 30.0
7.0 30.0 30.0 30.0 30.0 30.0 30.0 30.0 30.0 30.0 30.0 30.0
7.1 30.0 30.0 30.0 30.0 30.0 30.0 30.0 30.0 30.0 30.0 30.0
7.2 30.0 30.0 30.0 30.0 30.0 30.0 30.0 30.0 30.0 30.0 30.0
7.3 30.0 30.0 30.0 30.0 30.0 30.0 30.0 30.0 30.0 30.0 30.0
7.4 30.0 30.0 30.0 30.0 30.0 30.0 30.0 30.0 30.0 30.0 30.0
7.5 30.0 30.0 30.0 30.0 30.0 30.0 30.0 30.0 30.0 30.0 30.0
7.6 30.0 29.821063829788034 30.0 30.0 30.0 30.0 30.0 30.0 30.0 30.0 30.0
7.7 30.0 29.599324699353257 30.0 30.0 30.0 30.0 30.0 30.0 30.0 30.0 30.0
7.8 30.0 29.701481095125434 30.0 30.0 30.0 30.0 30.0 30.0 30.0 30.0 30.0
7.9 30.0 29.826981497356787 30.0 30.0 30.0 30.0 30.0 30.0 30.0 30.0 30.0
8.0 30.0 29.971088274008764 30.0 30.0 30.0 30.0 30.0 30.0 30.0 30.0 30.0
8.1 30.0 30.0 30.0 30.0 30.0 30.0 30.0 30.0 30.0 30.0 30.0
8.2 30.0 29.2 30.0 30.0 30.0 30.0 30.0 30.0 30.0 30.0 30.0
8.3 30.0 28.4 30.0 30.0 30.0 30.0 30.0 30.0 30.0 30.0 30.0
8.4 30.0 27.599999999999998 30.0 30.0 30.0 30.0 30.0 30.0 30.0 30.0 30.0
8.5 30.0 26.799999999999997 30.0 30.0 30.0 30.0 30.0 30.0 30.0 30.0 30.0
8.6 30.0 26.536513037311867 30.0 30.0 30.0 30.0 30.0 30.0 30.0 30.0 30.0
8.7 30.0 26.369846370645188 30.0 30.0 30.0 30.0 30.0 30.0 30.0 30.0 30.0
8.8 30.0 26.203897647534628 30.0 30.0 30.0 30.0 30.0 30.0 30.0 30.0 30.0
8.9 30.0 26.041900084498078 30.0 30.0 30.0 30.0 30.0 30.0 30.0 30.0 30.0
9.0 30.0 25.883759606295733 30.0 30.0 30.0 30.0 30.0 30.0 30.0 30.0 30.0
9.1 30.0 25.72938437757444 30.0 30.0 30.0 30.0 30.0 30.0 30.0 30.0 30.0
9.2 30.0 25.578164865379303 30.0 30.0 30.0 30.0 30.0 30.0 30.0 30.0 30.0
9.3 30.0 25.42747791744326 30.0 30.0 30.0 30.0 30.0 30.0 30.0 30.0 30.0
9.4 30.0 25.280466260920242 30.0 30.0 30.0 30.0 30.0 30.0 30.0 30.0 30.0
9.5 30.0 25.13704025455636 30.0 30.0 30.0 30.0 30.0 30.0 30.0 30.0 30.0
9.6 30.0 24.997112443469646 30.0 30.0 30.0 30.0 30.0 30.0 30.0 30.0 30.0
9.7 30.0 25.22645116436061 30.0 30.0 30.0 30.0 30.0 30.0 30.0 30.0 30.0
9.8 30.0 25.47946455059571 30.0 30.0 30.0 30.0 30.0 30.0 30.0 30.0 30.0
9.9 30.0 25.747109095805392 30.0 30.0 30.0 30.0 30.0 30.0 30.0 30.0 30.0
10.0 30.0 26.02932078400052 30.0 30.0 30.0 30.0 30.0 30.0 30.0 30.0 30.0
10.1 30.0 25.22932078400052 30.0 30.0 30.0 30.0 30.0 30.0 30.0 30.0 30.0
10.2 30.0 24.42932078400052 30.0 30.0 30.0 30.0 30.0 30.0 30.0 30.0 30.0
10.3 30.0 23.62932078400052 30.0 30.0 30.0 30.0 30.0 30.0 30.0 30.0 30.0
10.4 30.0 22.82932078400052 30.0 30.0 30.0 30.0 30.0 30.0 30.0 30.0 30.0
10.5 30.0 22.470654447579605 30.0 30.0 30.0 30.0 30.0 30.0 30.0 30.0 30.0
10.6 30.0 22.389573366498546 30.0 30.0 30.0 30.0 30.0 30.0 30.0 30.0 30.0
10.7 30.0 22.3087740863229 30.0 30.0 30.0 30.0 30.0 30.0 30.0 30.0 30.0
10.8 30.0 22.23015857047635 30.0 30.0 30.0 30.0 30.0 30.0 30.0 30.0 30.0
10.9 30.0 22.15366779830134 30.0 30.0 30.0 30.0 30.0 30.0 30.0 30.0 30.0
11.0 30.0 22.079244344293187 30.0 30.0 30.0 30.0 30.0 30.0 30.0 30.0 30.0
11.1 30.0 22.006832334987987 30.0 30.0 30.0 30.0 30.0 30.0 30.0 30.0 30.0
11.2 30.0 21.93637740701538 30.0 30.0 30.0 30.0 30.0 30.0 30.0 30.0 30.0
11.3 30.0 21.867826666285282 30.0 30.0 30.0 30.0 30.0 30.0 30.0 30.0 30.0
11.4 30.0 21.801128648277604 30.0 30.0 30.0 30.0 30.0 30.0 30.0 30.0 30.0
11.5 30.0 21.73623327940523 30.0 30.0 30.0 30.0 30.0 30.0 30.0 30.0 30.0
11.6 30.0 22.078497244826718 30.0 30.0 30.0 30.0 30.0 30.0 30.0 30.0 30.0
11.7 30.0 22.44278686352003 30.0 30.0 30.0 30.0 30.0 30.0 30.0 30.0 30.0
11.8 30.0 22.815345103953717 30.0 30.0 30.0 30.0 30.0 30.0 30.0 30.0 30.0
11.9 30.0 23.204301765289426 30.0 30.0 30.0 30.0 30.0 30.0 30.0 30.0 30.0
12.0 30.0 22.404301765289425 30.0 30.0 30.0 30.0 30.0 30.0 30.0 30.0 30.0
12.1 30.0 21.604301765289424 30.0 30.0 30.0 30.0 30.0 30.0 30.0 30.0 30.0
12.2 30.0 20.804301765289424 30.0 30.0 30.0 30.0 30.0 30.0 30.0 30.0 30.0
12.3 30.0 20.004301765289423 30.0 30.0 30.0 30.0 30.0 30.0 30.0 30.0 30.0
12.4 30.0 19.68665470646604 30.0 30.0 30.0 30.0 30.0 30.0 30.0 30.0 30.0
12.5 30.0 19.678223685687655 30.0 30.0 30.0 30.0 30.0 30.0 30.0 30.0 30.0
12.6 30.0 19.67004063610864 30.0 30.0 30.0 30.0 30.0 30.0 30.0 30.0 30.0
12.7 30.0 19.662098264458415 30.0 30.0 30.0 30.0 30.0 30.0 30.0 30.0 30.0
12.8 30.0 19.654389491974328 30.0 30.0 30.0 30.0 30.0 30.0 30.0 30.0 30.0
12.9 30.0 19.646907448092726 30.0 30.0 30.0 30.0 30.0 30.0 30.0 30.0 30.0
13.0 30.0 19.63964546432529 30.0 30.0 30.0 30.0 30.0 30.0 30.0 30.0 30.0
13.1 30.0 19.632597068315707 30.0 30.0 30.0 30.0 30.0 30.0 30.0 30.0 30.0
13.2 30.0 19.625755978071123 30.0 30.0 30.0 30.0 30.0 30.0 30.0 30.0 30.0
13.3 30.0 19.61911609636319 30.0 30.0 30.0 30.0 30.0 30.0 30.0 30.0 30.0
13.4 30.0 19.612671505293733 30.0 30.0 30.0 30.0 30.0 30.0 30.0 30.0 30.0
13.5 30.0 20.046233133562634 30.0 30.0 30.0 30.0 30.0 30.0 30.0 30.0 30.0
13.6 30.0 20.4906264726037 30.0 30.0 30.0 30.0 30.0 30.0 30.0 30.0 30.0
13.7 30.0 20.946702779681246 30.0 30.0 30.0 30.0 30.0 30.0 30.0 30.0 30.0
13.8 30.0 21.4092943691345 30.0 30.0 30.0 30.0 30.0 30.0 30.0 30.0 30.0
13.9 30.0 20.6092943691345 30.0 30.0 30.0 30.0 30.0 30.0 30.0 30.0 30.0
14.0 30.0 19.8092943691345 30.0 30.0 30.0 30.0 30.0 30.0 30.0 30.0 30.0
14.1 30.0 19.009294369134498 30.0 30.0 30.0 30.0 30.0 30.0 30.0 30.0 30.0
14.2 30.0 18.209294369134497 30.0 30.0 30.0 30.0 30.0 30.0 30.0 30.0 30.0
14.3 30.0 17.9277539200993 30.0 30.0 30.0 30.0 30.0 30.0 30.0 30.0 30.0
14.4 30.0 17.97376161009624 30.0 30.0 30.0 30.0 30.0 30.0 30.0 30.0 30.0
14.5 30.0 18.01833155978074 30.0 30.0 30.0 30.0 30.0 30.0 30.0 30.0 30.0
14.6 30.0 18.0615086985376 30.0 30.0 30.0 30.0 30.0 30.0 30.0 30.0 30.0
14.7 30.0 18.103336551708303 30.0 30.0 30.0 30.0 30.0 30.0 30.0 30.0 30.0
14.8 30.0 18.14385728446745 29.809573851802153 30.0 30.0 30.0 30.0 30.0 30.0 30.0 30.0
14.9 30.0 18.183111744327796 29.57990675191454 30.0 30.0 30.0 30.0 30.0 30.0 30.0 30.0
15.0 30.0 18.221139502317534 29.350924210813275 30.0 30.0 30.0 30.0 30.0 30.0 30.0 30.0
15.1 30.0 18.257978892870177 29.127159557927968 30.0 30.0 30.0 30.0 30.0 30.0 30.0 30.0
15.2 30.0 18.29366705246799 28.90849186069105 30.0 30.0 30.0 30.0 30.0 30.0 30.0 30.0
15.3 30.0 18.328239957078416 28.69246533988258 30.0 30.0 30.0 30.0 30.0 30.0 30.0 30.0
15.4 30.0 18.817437535437342 28.47905152918535 30.0 30.0 30.0 30.0 30.0 30.0 30.0 30.0
15.5 30.0 19.322294150999888 28.51278864619835 30.0 30.0 30.0 30.0 30.0 30.0 30.0 30.0
15.6 30.0 19.83046197008803 28.569310908725946 30.0 30.0 30.0 30.0 30.0 30.0 30.0 30.0
15.7 30.0 20.343007000368708 28.64613710249207 30.0 30.0 30.0 30.0 30.0 30.0 30.0 30.0
15.8 30.0 19.543007000368707 28.742602827491694 30.0 30.0 30.0 30.0 30.0 30.0 30.0 30.0
15.9 30.0 18.743007000368706 28.103878320214125 30.0 30.0 30.0 30.0 30.0 30.0 30.0 30.0
16.0 30.0 17.943007000368706 27.467514683850432 30.0 30.0 30.0 30.0 30.0 30.0 30.0 30.0
16.1 30.0 17.143007000368705 26.834956544315496 30.0 30.0 30.0 30.0 30.0 30.0 30.0 30.0
16.2 30.0 16.88678096809906 26.206385115744073 30.0 30.0 30.0 30.0 30.0 30.0 30.0 30.0
16.3 30.0 16.96785254977334 25.85637676276051 30.0 30.0 30.0 30.0 30.0 30.0 30.0 30.0
16.4 30.0 17.046308919135495 25.685281024717014 30.0 30.0 30.0 30.0 30.0 30.0 30.0 30.0
16.5 30.0 17.12223443787311 25.516839382661892 30.0 30.0 30.0 30.0 30.0 30.0 30.0 30.0
16.6 30.0 17.195710746328782 25.350981600922925 30.0 30.0 30.0 30.0 30.0 30.0 30.0 30.0
16.7 30.0 17.26681685128597 25.18970676245888 30.0 30.0 30.0 30.0 30.0 30.0 30.0 30.0
16.8 30.0 17.33562921092185 25.03288574521325 30.0 30.0 30.0 30.0 30.0 30.0 30.0 30.0
16.9 30.0 17.402221817021218 24.88039313589765 30.0 30.0 30.0 30.0 30.0 30.0 30.0 30.0
17.0 30.0 17.46666627453674 24.730409799525304 30.0 30.0 30.0 30.0 30.0 30.0 30.0 30.0
17.1 30.0 17.52903187858399 24.58264955159624 30.0 30.0 30.0 30.0 30.0 30.0 30.0 30.0
17.2 30.0 17.589385688952245 24.439051051895756 30.0 30.0 30.0 30.0 30.0 30.0 30.0 30.0
17.3 30.0 18.115049083392726 24.299495168265523 30.0 30.0 30.0 30.0 30.0 30.0 30.0 30.0
17.4 30.0 18.653530957126435 24.433733525309805 30.0 30.0 30.0 30.0 30.0 30.0 30.0 30.0
17.5 30.0 19.197363352365 24.591731765586943 30.0 30.0 30.0 30.0 30.0 30.0 30.0 30.0
17.6 30.0 19.738694919872927 24.76957618251857 30.0 30.0 30.0 30.0 30.0 30.0 30.0 30.0
17.7 30.0 18.938694919872926 24.96442651245492 30.0 30.0 30.0 30.0 30.0 30.0 30.0 30.0
17.8 30.0 18.138694919872925 24.344426512454945 30.0 30.0 30.0 30.0 30.0 30.0 30.0 30.0
17.9 30.0 17.338694919872925 23.729041897070235 30.0 30.0 30.0 30.0 30.0 30.0 30.0 30.0
18.0 30.0 16.538694919872924 23.11851558128068 30.0 30.0 30.0 30.0 30.0 30.0 30.0 30.0
18.1 30.0 16.294071755877386 22.510133592299574 30.0 30.0 30.0 30.0 30.0 30.0 30.0 30.0
18.2 30.0 16.39760269734812 22.212879767325717 30.0 30.0 30.0 30.0 30.0 30.0 30.0 30.0
18.3 30.0 16.497682607436545 22.111672787851035 30.0 30.0 30.0 30.0 30.0 30.0 30.0 30.0
18.4 30.0 16.594426520521992 22.01404057221198 30.0 30.0 30.0 30.0 30.0 30.0 30.0 30.0
18.5 30.0 16.687945636504562 21.919858523834147 30.0 30.0 30.0 30.0 30.0 30.0 30.0 30.0
18.6 30.0 16.77834744862111 21.82900634632933 30.0 30.0 30.0 30.0 30.0 30.0 30.0 30.0
18.7 30.0 16.86361535516169 21.74136789618401 30.0 30.0 30.0 30.0 30.0 30.0 30.0 30.0
18.8 30.0 16.945434214672687 21.657346840642095 30.0 30.0 30.0 30.0 30.0 30.0 30.0 30.0
18.9 30.0 17.024613756134904 21.575781014653256 30.0 30.0 30.0 30.0 30.0 30.0 30.0 30.0
19.0 30.0 17.10123911884026 21.49554776776958 30.0 30.0 30.0 30.0 30.0 30.0 30.0 30.0
19.1 30.0 17.175392695651816 21.418181766877556 30.0 30.0 30.0 30.0 30.0 30.0 30.0 30.0
19.2 30.0 17.72693065217353 21.34358276803923 30.0 30.0 30.0 30.0 30.0 30.0 30.0 30.0
19.3 30.0 18.28546406929305 21.56837653535211 30.0 30.0 30.0 30.0 30.0 30.0 30.0 30.0
19.4 30.0 18.84392079236611 21.812604810358074 30.0 30.0 30.0 30.0 30.0 30.0 30.0 30.0
19.5 30.0 19.40604309869751 22.076423315276493 30.0 30.0 30.0 30.0 30.0 30.0 30.0 30.0
19.6 30.0 18.60604309869751 22.359246988999256 30.0 30.0 30.0 30.0 30.0 30.0 30.0 30.0
19.7 30.0 17.806043098697508 21.75494301632362 30.0 30.0 30.0 30.0 30.0 30.0 30.0 30.0
19.8 30.0 17.006043098697507 21.154943016323713 30.0 30.0 30.0 30.0 30.0 30.0 30.0 30.0
19.9 30.0 16.206043098697506 20.5606573020381 30.0 30.0 30.0 30.0 30.0 30.0 30.0 30.0
20.0 30.0 15.971560340077014 19.97242200792036 30.0 30.0 30.0 30.0 30.0 30.0 30.0 30.0
20.1 30.0 16.086789650738584 19.717655032028215 30.0 30.0 30.0 30.0 30.0 30.0 30.0 30.0
20.2 30.0 16.197229995713943 19.677810360617062 30.0 30.0 30.0 30.0 30.0 30.0 30.0 30.0
20.3 30.0 15.397229995713943 18.87781036061706 29.2 29.2 29.2 29.2 29.2 29.2 29.2 29.2
20.4 30.0 14.597229995713942 18.07781036061706 28.4 28.4 28.4 28.4 28.4 28.4 28.4 28.4
20.5 30.0 13.797229995713941 17.27781036061706 27.599999999999998 27.599999999999998 27.599999999999998 27.599999999999998 27.599999999999998 27.599999999999998 27.599999999999998 27.599999999999998
20.6 30.0 12.99722999571394 16.47781036061706 26.799999999999997 26.799999999999997 26.799999999999997 26.799999999999997 26.799999999999997 26.799999999999997 26.799999999999997 26.799999999999997
20.7 30.0 12.99722999571394 16.47781036061706 26.799999999999997 26.799999999999997 26.799999999999997 26.799999999999997 26.799999999999997 26.799999999999997 26.799999999999997 26.799999999999997
20.8 30.0 12.99722999571394 16.47781036061706 26.799999999999997 26.799999999999997 26.799999999999997 26.799999999999997 26.799999999999997 26.799999999999997 26.799999999999997 26.799999999999997
20.9 30.0 12.99722999571394 16.47781036061706 26.799999999999997 26.799999999999997 26.799999999999997 26.799999999999997 26.799999999999997 26.799999999999997 26.799999999999997 26.799999999999997
21.0 30.0 12.99722999571394 16.47781036061706 26.799999999999997 26.799999999999997 26.799999999999997 26.799999999999997 26.799999999999997 26.799999999999997 26.799999999999997 26.799999999999997
21.1 30.0 12.99722999571394 16.47781036061706 26.799999999999997 26.799999999999997 26.799999999999997 26.799999999999997 26.799999999999997 26.799999999999997 26.799999999999997 26.799999999999997
21.2 30.0 12.99722999571394 16.47781036061706 26.799999999999997 26.799999999999997 26.799999999999997 26.799999999999997 26.799999999999997 26.799999999999997 26.799999999999997 26.799999999999997
21.3 30.0 12.99722999571394 16.47781036061706 26.799999999999997 26.799999999999997 26.799999999999997 26.799999999999997 26.799999999999997 26.799999999999997 26.799999999999997 26.799999999999997
21.4 30.0 12.99722999571394 16.47781036061706 26.799999999999997 26.799999999999997 26.799999999999997 26.799999999999997 26.799999999999997 26.799999999999997 26.799999999999997 26.799999999999997
21.5 30.0 12.99722999571394 16.47781036061706 26.799999999999997 26.799999999999997 26.799999999999997 26.799999999999997 26.799999999999997 26.799999999999997 26.799999999999997 26.799999999999997
21.6 30.0 12.99722999571394 16.45791046896618 26.799999999999997 26.799999999999997 26.799999999999997 26.799999999999997 26.799999999999997 26.799999999999997 26.799999999999997 26.799999999999997
21.7 30.0 12.99722999571394 16.34255445319105 26.799999999999997 26.799999999999997 26.799999999999997 26.799999999999997 26.799999999999997 26.799999999999997 26.799999999999997 26.799999999999997
21.8 30.0 12.99722999571394 16.231043637941795 26.799999999999997 26.799999999999997 26.799999999999997 26.799999999999997 26.799999999999997 26.799999999999997 26.799999999999997 26.799999999999997
21.9 30.0 12.99722999571394 16.12324984986754 26.799999999999997 26.799999999999997 26.799999999999997 26.799999999999997 26.799999999999997 26.799999999999997 26.799999999999997 26.799999999999997
22.0 30.0 12.99722999571394 16.019049188062436 26.799999999999997 26.799999999999997 26.799999999999997 26.799999999999997 26.799999999999997 26.799999999999997 26.799999999999997 26.799999999999997
22.1 30.0 12.99722999571394 15.915505394811158 26.799999999999997 26.799999999999997 26.799999999999997 26.799999999999997 26.799999999999997 26.799999999999997 26.799999999999997 26.799999999999997
22.2 30.0 12.99722999571394 15.814875208635392 26.799999999999997 26.799999999999997 26.799999999999997 26.799999999999997 26.799999999999997 26.799999999999997 26.799999999999997 26.799999999999997
22.3 30.0 12.99722999571394 15.717715028879466 26.799999999999997 26.799999999999997 26.799999999999997 26.799999999999997 26.799999999999997 26.799999999999997 26.799999999999997 26.799999999999997
22.4 30.0 12.99722999571394 15.623905200149496 26.799999999999997 26.799999999999997 26.799999999999997 26.799999999999997 26.799999999999997 26.799999999999997 26.799999999999997 26.799999999999997
22.5 30.0 12.99722999571394 15.533330193099925 26.799999999999997 26.799999999999997 26.799999999999997 26.799999999999997 26.799999999999997 26.799999999999997 26.799999999999997 26.799999999999997
22.6 30.0 12.99722999571394 15.445878462155608 26.799999999999997 26.799999999999997 26.799999999999997 26.799999999999997 26.799999999999997 26.799999999999997 26.799999999999997 26.799999999999997
22.7 30.0 12.99722999571394 15.361442308140331 26.799999999999997 26.799999999999997 26.799999999999997 26.799999999999997 26.799999999999997 26.799999999999997 26.799999999999997 26.799999999999997
22.8 30.0 12.99722999571394 15.27991774564284 26.799999999999997 26.799999999999997 26.799999999999997 26.799999999999997 26.799999999999997 26.799999999999997 26.799999999999997 26.799999999999997
22.9 30.0 12.99722999571394 15.201204374955593 26.799999999999997 26.799999999999997 26.799999999999997 26.799999999999997 26.799999999999997 26.799999999999997 26.799999999999997 26.799999999999997
23.0 30.0 12.99722999571394 15.122534017659552 26.799999999999997 26.799999999999997 26.799999999999997 26.799999999999997 26.799999999999997 26.799999999999997 26.799999999999997 26.799999999999997
23.1 30.0 12.99722999571394 15.04663030259001 26.609963111189696 26.799999999999997 26.799999999999997 26.799999999999997 26.799999999999997 26.799999999999997 26.799999999999997 26.799999999999997
23.2 30.0 12.99722999571394 14.973437434487227 26.307114621459636 26.799999999999997 26.799999999999997 26.799999999999997 26.799999999999997 26.799999999999997 26.799999999999997 26.799999999999997
23.3 30.0 12.99722999571394 14.902858597388137 26.005896792582927 26.799999999999997 26.799999999999997 26.799999999999997 26.799999999999997 26.799999999999997 26.799999999999997 26.799999999999997
23.4 30.0 12.99722999571394 14.834800433042576 25.711290667273868 26.799999999999997 26.799999999999997 26.799999999999997 26.799999999999997 26.799999999999997 26.799999999999997 26.799999999999997
23.5 30.0 12.99722999571394 14.769172917423704 25.4188456300744 26.799999999999997 26.799999999999997 26.799999999999997 26.799999999999997 26.799999999999997 26.799999999999997 26.799999999999997
23.6 30.0 12.99722999571394 14.705889241648363 25.13028543510387 26.799999999999997 26.799999999999997 26.799999999999997 26.799999999999997 26.799999999999997 26.799999999999997 26.799999999999997
23.7 30.0 12.99722999571394 14.644865697150603 24.848248792240238 26.799999999999997 26.799999999999997 26.799999999999997 26.799999999999997 26.799999999999997 26.799999999999997 26.799999999999997
23.8 30.0 12.99722999571394 14.586021564956388 24.566909839644993 26.799999999999997 26.799999999999997 26.799999999999997 26.799999999999997 26.799999999999997 26.799999999999997 26.799999999999997
23.9 30.0 12.99722999571394 14.529279008912 24.29090777329034 26.799999999999997 26.799999999999997 26.799999999999997 26.799999999999997 26.799999999999997 26.799999999999997 26.799999999999997
24.0 30.0 12.99722999571394 14.474562972726323 24.021332903960946 26.799999999999997 26.799999999999997 26.799999999999997 26.799999999999997 26.799999999999997 26.799999999999997 26.799999999999997
24.1 30.0 12.99722999571394 14.42180108069007 23.75183737374002 26.799999999999997 26.799999999999997 26.799999999999997 26.799999999999997 26.799999999999997 26.799999999999997 26.799999999999997
24.2 30.0 12.99722999571394 14.369846636086873 23.48825403143997 26.799999999999997 26.799999999999997 26.799999999999997 26.799999999999997 26.799999999999997 26.799999999999997 26.799999999999997
24.3 30.0 12.99722999571394 14.31900898273969 23.2312429023554 26.799999999999997 26.799999999999997 26.799999999999997 26.799999999999997 26.799999999999997 26.799999999999997 26.799999999999997
24.4 30.0 12.99722999571394 14.270054205442433 22.97478945171948 26.799999999999997 26.799999999999997 26.799999999999997 26.799999999999997 26.799999999999997 26.799999999999997 26.799999999999997
24.5 30.0 12.99722999571394 14.222912568044956 22.723816650131912 26.799999999999997 26.799999999999997 26.799999999999997 26.799999999999997 26.799999999999997 26.799999999999997 26.799999999999997
24.6 30.0 13.59722999571394 14.177516917217893 22.479018968083338 27.4 27.4 27.4 27.4 27.4 27.4 27.4
24.7 30.0 14.19722999571394 14.507595351549254 22.23593223438485 28.0 28.0 28.0 28.0 28.0 28.0 28.0
24.8 30.0 14.79722999571394 14.860697660116502 22.181623906069845 28.6 28.6 28.6 28.6 28.6 28.6 28.6
24.9 30.0 15.39722999571394 15.23563092464057 22.155540536022645 29.200000000000003 29.200000000000003 29.200000000000003 29.200000000000003 29.200000000000003 29.200000000000003 29.200000000000003
25.0 30.0 15.997229995713939 15.620418133840197 22.151878916419683 29.800000000000004 29.800000000000004 29.800000000000004 29.800000000000004 29.800000000000004 29.800000000000004 29.800000000000004
25.1 30.0 16.59722999571394 16.025631258108007 22.172946381074077 30.0 30.0 30.0 30.0 30.0 30.0 30.0
25.2 30.0 17.19722999571394 16.444592215885343 22.21557788097218 30.0 30.0 30.0 30.0 30.0 30.0 30.0
25.3 30.0 17.79722999571394 16.880246266196867 22.28607067801168 30.0 30.0 30.0 30.0 30.0 30.0 30.0
25.4 30.0 18.397229995713943 17.322640257333337 22.3776248093796 30.0 30.0 30.0 30.0 30.0 30.0 30.0
25.5 30.0 18.997229995713944 17.777388678615978 22.489668610759672 30.0 30.0 30.0 30.0 30.0 30.0 30.0
25.6 30.0 19.597229995713946 18.246672157141326 22.62163770532297 30.0 30.0 30.0 30.0 30.0 30.0 30.0
25.7 30.0 20.197229995713947 18.72246354129725 22.778197467938135 30.0 30.0 30.0 30.0 30.0 30.0 30.0
25.8 30.0 20.79722999571395 19.209214509204116 22.95541168020363 30.0 30.0 30.0 30.0 30.0 30.0 30.0
25.9 30.0 21.39722999571395 19.69709731763085 23.151682459152653 30.0 30.0 30.0 30.0 30.0 30.0 30.0
26.0 30.0 21.99722999571395 20.19996204209276 23.364577838680027 30.0 30.0 30.0 30.0 30.0 30.0 30.0
26.1 30.0 22.597229995713953 20.708376269216604 23.598016290797787 30.0 30.0 30.0 30.0 30.0 30.0 30.0
26.2 30.0 23.197229995713954 21.218868142910857 23.849829512759715 30.0 30.0 30.0 30.0 30.0 30.0 30.0
26.3 30.0 23.797229995713955 21.73669229723226 24.11733886532614 30.0 30.0 30.0 30.0 30.0 30.0 30.0
26.4 30.0 24.397229995713957 22.262577910588863 24.397825708863493 30.0 30.0 30.0 30.0 30.0 30.0 30.0
26.5 30.0 24.99722999571396 22.79071749401659 24.699417302922246 30.0 30.0 30.0 30.0 30.0 30.0 30.0
26.6 30.0 25.59722999571396 23.324384801795958 25.012645818403662 30.0 30.0 30.0 30.0 30.0 30.0 30.0
26.7 30.0 26.19722999571396 23.859585960614424 25.338958218477 30.0 30.0 30.0 30.0 30.0 30.0 30.0
26.8 30.0 26.797229995713963 24.40146816236944 25.67949400727212 30.0 30.0 30.0 30.0 30.0 30.0 30.0
26.9 30.0 27.397229995713964 24.94760288594724 26.032780344614054 30.0 30.0 30.0 30.0 30.0 30.0 30.0
27.0 30.0 27.997229995713965 25.495087205593137 26.400540502521025 30.0 30.0 30.0 30.0 30.0 30.0 30.0
27.1 30.0 28.597229995713967 26.042874243319908 26.774181446988358 30.0 30.0 30.0 30.0 30.0 30.0 30.0
27.2 30.0 29.19722999571397 26.598890789942807 27.16238994022513 30.0 30.0 30.0 30.0 30.0 30.0 30.0
27.3 30.0 29.79722999571397 27.156927283000673 27.559333830937987 30.0 30.0 30.0 30.0 30.0 30.0 30.0
27.4 30.0 30.0 27.71330467903316 27.96871559736918 30.0 30.0 30.0 30.0 30.0 30.0 30.0
27.5 30.0 30.0 27.935786167204775 28.38315186920032 30.0 30.0 30.0 30.0 30.0 30.0 30.0
27.6 30.0 30.0 27.982700117950134 28.54130753355225 30.0 30.0 30.0 30.0 30.0 30.0 30.0
27.7 30.0 30.0 28.02791344604124 28.564340131546505 30.0 30.0 30.0 30.0 30.0 30.0 30.0
27.8 30.0 30.0 28.0717375916848 28.58720101856053 30.0 30.0 30.0 30.0 30.0 30.0 30.0
27.9 30.0 30.0 28.114587867425122 28.609831722352794 30.0 30.0 30.0 30.0 30.0 30.0 30.0
28.0 30.0 30.0 28.156485914815654 28.632154295596923 30.0 30.0 30.0 30.0 30.0 30.0 30.0
28.1 30.0 30.0 28.197452894486435 28.654171257327743 30.0 30.0 30.0 30.0 30.0 30.0 30.0
28.2 30.0 30.0 28.23750949683116 28.67588516678638 30.0 30.0 30.0 30.0 30.0 30.0 30.0
28.3 30.0 30.0 28.276675952457154 28.69729862038882 30.0 30.0 30.0 30.0 30.0 30.0 30.0
28.4 30.0 30.0 28.314972042402566 28.7184142488105 30.0 30.0 30.0 30.0 30.0 30.0 30.0
28.5 30.0 30.0 28.352417108126932 28.739234714181222 30.0 30.0 30.0 30.0 30.0 30.0 30.0
28.6 30.0 30.0 28.389030061279684 28.75976270738786 30.0 30.0 30.0 30.0 30.0 30.0 30.0
28.7 30.0 30.0 28.424829393251233 28.780000945482083 30.0 30.0 30.0 30.0 30.0 30.0 30.0
28.8 30.0 30.0 28.45983318451229 28.79995216918822 30.0 30.0 30.0 30.0 30.0 30.0 30.0
28.9 30.0 30.0 28.494059113745383 28.819192637454993 30.0 30.0 30.0 30.0 30.0 30.0 30.0
29.0 30.0 30.0 28.527524466773258 28.838165985269065 30.0 30.0 30.0 30.0 30.0 30.0 30.0
29.1 30.0 30.0 28.56024614528944 28.856875677388114 30.0 30.0 30.0 30.0 30.0 30.0 30.0
29.2 30.0 30.0 28.592240675394127 28.875324138604785 30.0 30.0 30.0 30.0 30.0 30.0 30.0
29.3 30.0 30.0 28.62352421594094 28.893513814484233 30.0 30.0 30.0 30.0 30.0 30.0 30.0
29.4 30.0 30.0 28.654112566697805 28.911447169279814 30.0 30.0 30.0 30.0 30.0 30.0 30.0
29.5 30.0 30.0 28.684021176326777 28.929126683929958 30.0 30.0 30.0 30.0 30.0 30.0 30.0
29.6 30.0 30.0 28.713265150186167 28.946554854134575 30.0 30.0 30.0 30.0 30.0 30.0 30.0
29.7 30.0 30.0 28.74185925795981 28.963734188507004 30.0 30.0 30.0 30.0 30.0 30.0 30.0
29.8 30.0 30.0 28.76981794111622 28.98066720680121 30.0 30.0 30.0 30.0 30.0 30.0 30.0
29.9 30.0 30.0 28.797155320202545 28.99735643820965 30.0 30.0 30.0 30.0 30.0 30.0 30.0
30.0 30.0 30.0 28.82336595845459 29.013804419731752 30.0 30.0 30.0 30.0 30.0 30.0 30.0
30.1 30.0 30.0 28.848944959357727 29.030115285731732 30.0 30.0 30.0 30.0 30.0 30.0 30.0
30.2 30.0 30.0 28.873967895023835 29.046195148908687 30.0 30.0 30.0 30.0 30.0 30.0 30.0
30.3 30.0 30.0 28.898446853827657 29.062034245215123 30.0 30.0 30.0 30.0 30.0 30.0 30.0
30.4 30.0 30.0 28.92239366135315 29.07763544359661 30.0 30.0 30.0 30.0 30.0 30.0 30.0
30.5 30.0 30.0 28.945819886106296 29.09300160204612 30.0 30.0 30.0 30.0 30.0 30.0 30.0
30.6 30.0 30.0 28.968736845103958 29.10813556672384 30.0 30.0 30.0 30.0 30.0 30.0 30.0
30.7 30.0 30.0 28.991155609340826 29.12304017112154 30.0 30.0 30.0 30.0 30.0 30.0 30.0
30.8 30.0 30.0 29.013087009137738 29.137718235268245 30.0 30.0 30.0 30.0 30.0 30.0 30.0
30.9 30.0 30.0 29.03454163937385 29.152172564976027 30.0 30.0 30.0 30.0 30.0 30.0 30.0
31.0 30.0 30.0 29.055529864604814 29.16640595112599 30.0 30.0 30.0 30.0 30.0 30.0 30.0
31.1 30.0 30.0 29.076061824069942 29.18042116899101 30.0 30.0 30.0 30.0 30.0 30.0 30.0
31.2 30.0 30.0 29.096147436590137 29.194220977595933 30.0 30.0 30.0 30.0 30.0 30.0 30.0
31.3 30.0 30.0 29.11579640535993 29.207808119111565 30.0 30.0 30.0 30.0 30.0 30.0 30.0
31.4 30.0 30.0 29.135018222634752 29.22118531828456 30.0 30.0 30.0 30.0 30.0 30.0 30.0
31.5 30.0 30.0 29.153822174316556 29.234355281898626 30.0 30.0 30.0 30.0 30.0 30.0 30.0
31.6 30.0 30.0 29.172217344440107 29.247320698267437 30.0 30.0 30.0 30.0 30.0 30.0 30.0
31.7 30.0 30.0 29.190212619560985 29.260084236759152 30.0 30.0 30.0 30.0 30.0 30.0 30.0
31.8 30.0 30.0 29.20781669304881 29.27264854734946 30.0 30.0 30.0 30.0 30.0 30.0 30.0
31.9 30.0 30.0 29.22503806928692 29.285016260202934 30.0 30.0 30.0 30.0 30.0 30.0 30.0
32.0 30.0 30.0 29.24188506778073 29.29718998528242 30.0 30.0 30.0 30.0 30.0 30.0 30.0
32.1 30.0 30.0 29.258365827176785 29.30917231198408 30.0 30.0 30.0 30.0 30.0 30.0 30.0
32.2 30.0 30.0 29.274488309194677 29.32096580879827 30.0 30.0 30.0 30.0 30.0 30.0 30.0
32.3 30.0 30.0 29.290260302473097 29.332573022994783 30.0 30.0 30.0 30.0 30.0 30.0 30.0
32.4 30.0 30.0 29.305689426332375 29.3439964803318 30.0 30.0 30.0 30.0 30.0 30.0 30.0
32.5 30.0 30.0 29.320783134455578 29.355238684786862 30.0 30.0 30.0 30.0 30.0 30.0 30.0
32.6 30.0 30.0 29.3355487184892 29.36630211831078 30.0 30.0 30.0 30.0 30.0 30.0 30.0
32.7 30.0 30.0 29.349993311565484 29.377189240601886 30.0 30.0 30.0 30.0 30.0 30.0 30.0
32.8 30.0 30.0 29.364123891748825 29.387902488899904 30.0 30.0 30.0 30.0 30.0 30.0 30.0
32.9 30.0 30.0 29.377947285406417 29.39844427780097 30.0 30.0 30.0 30.0 30.0 30.0 30.0
33.0 30.0 30.0 29.391470170506274 29.408816999089684 30.0 30.0 30.0 30.0 30.0 30.0 30.0
33.1 30.0 30.0 29.404699079843056 29.419023021589982 30.0 30.0 30.0 30.0 30.0 30.0 30.0
33.2 30.0 30.0 29.417640404194326 29.429064691032888 30.0 30.0 30.0 30.0 30.0 30.0 30.0
33.3 30.0 30.0 29.43030039540749 29.438944329941705 30.0 30.0 30.0 30.0 30.0 30.0 30.0
33.4 30.0 30.0 29.442685169420393 29.4486642375317 30.0 30.0 30.0 30.0 30.0 30.0 30.0
33.5 30.0 30.0 29.454800709215615 29.458226689626365 30.0 30.0 30.0 30.0 30.0 30.0 30.0
33.6 30.0 30.0 29.466652867710973 29.467633938587575 30.0 30.0 30.0 30.0 30.0 30.0 30.0
33.7 30.0 30.0 29.478247370586868 29.47688821326047 30.0 30.0 30.0 30.0 30.0 30.0 30.0
33.8 30.0 30.0 29.48958981905232 29.485991718931317 30.0 30.0 30.0 30.0 30.0 30.0 30.0
33.9 30.0 30.0 29.50068569255114 29.494946637298295 30.0 30.0 30.0 30.0 30.0 30.0 30.0
34.0 30.0 30.0 29.511540351408726 29.503755126455083 30.0 30.0 30.0 30.0 30.0 30.0 30.0
34.1 30.0 30.0 29.52215903942157 29.512419320886075 30.0 30.0 30.0 30.0 30.0 30.0 30.0
34.2 30.0 30.0 29.53254688639069 29.520941331472965 30.0 30.0 30.0 30.0 30.0 30.0 30.0
34.3 30.0 30.0 29.542708910599618 29.529323245512153 30.0 30.0 30.0 30.0 30.0 30.0 30.0
34.4 30.0 30.0 29.552650021238776 29.53756712674279 30.0 30.0 30.0 30.0 30.0 30.0 30.0
34.5 30.0 30.0 29.562375020777097 29.545675015384145 30.0 30.0 30.0 30.0 30.0 30.0 30.0
34.6 30.0 30.0 29.571888607281927 29.553648928183577 30.0 30.0 30.0 30.0 30.0 30.0 30.0
34.7 30.0 30.0 29.581195376688804 29.561490858472094 30.0 30.0 30.0 30.0 30.0 30.0 30.0
34.8 30.0 30.0 29.590299825021617 29.569202776230036 30.0 30.0 30.0 30.0 30.0 30.0 30.0
34.9 30.0 30.0 29.599206350564614 29.576786628159912 30.0 30.0 30.0 30.0 30.0 30.0 30.0
35.0 30.0 30.0 29.607750761178924 29.58424433776757 30.0 30.0 30.0 30.0 30.0 30.0 30.0
35.1 30.0 30.0 29.616096489664475 29.591610771826417 30.0 30.0 30.0 30.0 30.0 30.0 30.0
35.2 30.0 30.0 29.62426464945889 29.59885593860471 30.0 30.0 30.0 30.0 30.0 30.0 30.0
35.3 30.0 30.0 29.63225901861931 29.60585114466092 30.0 30.0 30.0 30.0 30.0 30.0 30.0
35.4 30.0 30.0 29.640083294818943 29.61270645387139 30.0 30.0 30.0 30.0 30.0 30.0 30.0
35.5 30.0 30.0 29.64774109705679 29.619448476431714 30.0 30.0 30.0 30.0 30.0 30.0 30.0
35.6 30.0 30.0 29.655235967332203 29.626078929696035 30.0 30.0 30.0 30.0 30.0 30.0 30.0
35.7 30.0 30.0 29.66257137228254 29.632599509224303 30.0 30.0 30.0 30.0 30.0 30.0 30.0
35.8 30.0 30.0 29.66975070478717 29.639011888931158 30.0 30.0 30.0 30.0 30.0 30.0 30.0
35.9 30.0 30.0 29.676777285536353 29.64531772124029 30.0 30.0 30.0 30.0 30.0 30.0 30.0
36.0 30.0 30.0 29.683654364567513 29.651518637240567 30.0 30.0 30.0 30.0 30.0 30.0 30.0
36.1 30.0 30.0 29.69038512276822 29.65761624684646 30.0 30.0 30.0 30.0 30.0 30.0 30.0
36.2 30.0 30.0 29.69697267334764 29.663612138960243 30.0 30.0 30.0 30.0 30.0 30.0 30.0
36.3 30.0 30.0 29.70342006327645 29.66950788163734 30.0 30.0 30.0 30.0 30.0 30.0 30.0
36.4 30.0 30.0 29.709730274696145 29.67530502225446 30.0 30.0 30.0 30.0 30.0 30.0 30.0
36.5 30.0 30.0 29.715906226298397 29.68100508767929 30.0 30.0 30.0 30.0 30.0 30.0 30.0
36.6 30.0 30.0 29.72195077467505 29.686609584443183 30.0 30.0 30.0 30.0 30.0 30.0 30.0
36.7 30.0 30.0 29.727866715639433 29.69211999891486 30.0 30.0 30.0 30.0 30.0 30.0 30.0
36.8 30.0 30.0 29.73365678551946 29.697537797476727 30.0 30.0 30.0 30.0 30.0 30.0 30.0
36.9 30.0 30.0 29.73932366242329 29.702864426702316 30.0 30.0 30.0 30.0 30.0 30.0 30.0
37.0 30.0 30.0 29.74486996747808 29.70810131353556 30.0 30.0 30.0 30.0 30.0 30.0 30.0
37.1 30.0 30.0 29.75029826604242 29.71324986547104 30.0 30.0 30.0 30.0 30.0 30.0 30.0
37.2 30.0 30.0 29.75561106889254 29.718311470735998 30.0 30.0 30.0 30.0 30.0 30.0 30.0
37.3 30.0 30.0 29.76081083338414 29.723287498472413 30.0 30.0 30.0 30.0 30.0 30.0 30.0
37.4 30.0 30.0 29.76589996458869 29.7281792989214 30.0 30.0 30.0 30.0 30.0 30.0 30.0
37.5 30.0 30.0 29.770880816406002 29.7329882036072 30.0 30.0 30.0 30.0 30.0 30.0 30.0
37.6 30.0 30.0 29.77575569265272 29.737715525522848 30.0 30.0 30.0 30.0 30.0 30.0 30.0
37.7 30.0 30.0 29.780526848128176 29.742362559315637 30.0 30.0 30.0 30.0 30.0 30.0 30.0
37.8 30.0 30.0 29.78519648965741 29.74693058147318 30.0 30.0 30.0 30.0 30.0 30.0 30.0
37.9 30.0 30.0 29.789766777111527 29.751420850510726 30.0 30.0 30.0 30.0 30.0 30.0 30.0
38.0 30.0 30.0 29.794239824407015 29.7558346071576 30.0 30.0 30.0 30.0 30.0 30.0 30.0
38.1 30.0 30.0 29.798617700483504 29.760173074544404 30.0 30.0 30.0 30.0 30.0 30.0 30.0
38.2 30.0 30.0 29.80290243026042 29.764437458390542 30.0 30.0 30.0 30.0 30.0 30.0 30.0
38.3 30.0 30.0 29.807095995574027 29.768628947190916 30.0 30.0 30.0 30.0 30.0 30.0 30.0
38.4 30.0 30.0 29.811200336093712 29.772748712403427 30.0 30.0 30.0 30.0 30.0 30.0 30.0
38.5 30.0 30.0 29.815217350219374 29.77679790863575 30.0 30.0 30.0 30.0 30.0 30.0 30.0
38.6 30.0 30.0 29.819148895959387 29.78077767383222 30.0 30.0 30.0 30.0 30.0 30.0 30.0
38.7 30.0 30.0 29.82299679179006 29.784689129460027 30.0 30.0 30.0 30.0 30.0 30.0 30.0
38.8 30.0 30.0 29.826762817496647 29.78853338069546 30.0 30.0 30.0 30.0 30.0 30.0 30.0
38.9 30.0 30.0 29.830448714996706 29.792311516609157 30.0 30.0 30.0 30.0 30.0 30.0 30.0
39.0 30.0 30.0 29.834056189145702 29.79602461035153 30.0 30.0 30.0 30.0 30.0 30.0 30.0
39.1 30.0 30.0 29.837586908525548 29.799673719336848 30.0 30.0 30.0 30.0 30.0 30.0 30.0
39.2 30.0 30.0 29.841042506216507 29.80325988542714 30.0 30.0 30.0 30.0 30.0 30.0 30.0
39.3 30.0 30.0 29.844424580552285 29.806784135115624 30.0 30.0 30.0 30.0 30.0 30.0 30.0
39.4 30.0 30.0 29.847734695859707 29.81024747970836 30.0 30.0 30.0 30.0 30.0 30.0 30.0
39.5 30.0 30.0 29.850974383181857 29.813650915506756 30.0 30.0 30.0 30.0 30.0 30.0 30.0
39.6 30.0 30.0 29.854145140986535 29.81699542398744 30.0 30.0 30.0 30.0 30.0 30.0 30.0
39.7 30.0 30.0 29.857248435859205 29.820281971982514 30.0 30.0 30.0 30.0 30.0 30.0 30.0
39.8 30.0 30.0 29.86028570318133 29.823511511858374 30.0 30.0 30.0 30.0 30.0 30.0 30.0
39.9 30.0 30.0 29.863258347794517 29.826684981693266 30.0 30.0 30.0 30.0 30.0 30.0 30.0
40.0 30.0 30.0 29.86616774464993 29.829803305454735 30.0 30.0 30.0 30.0 30.0 30.0 30.0
40.1 30.0 30.0 29.869015239444632 29.832867393174798 30.0 30.0 30.0 30.0 30.0 30.0 30.0
40.2 30.0 30.0 29.871802149243642 29.83587814112535 30.0 30.0 30.0 30.0 30.0 30.0 30.0
40.3 30.0 30.0 29.874529763089573 29.838836431990874 30.0 30.0 30.0 30.0 30.0 30.0 30.0
40.4 30.0 30.0 29.877199342598345 29.841743135041852 30.0 30.0 30.0 30.0 30.0 30.0 30.0
40.5 30.0 30.0 29.87981212254303 29.844599106305278 30.0 30.0 30.0 30.0 30.0 30.0 30.0
40.6 30.0 30.0 29.882369311425062 29.847405188734925 30.0 30.0 30.0 30.0 30.0 30.0 30.0
40.7 30.0 30.0 29.88487209203301 29.850162212380187 30.0 30.0 30.0 30.0 30.0 30.0 30.0
40.8 30.0 30.0 29.88732162198973 29.852870994553584 30.0 30.0 30.0 30.0 30.0 30.0 30.0
40.9 30.0 30.0 29.889719034287797 29.855532339996874 30.0 30.0 30.0 30.0 30.0 30.0 30.0
41.0 30.0 30.0 29.89206543781363 29.85814704104616 30.0 30.0 30.0 30.0 30.0 30.0 30.0
41.1 30.0 30.0 29.89436191786019 29.860715877795567 30.0 30.0 30.0 30.0 30.0 30.0 30.0
41.2 30.0 30.0 29.89660953662915 29.863239618259133 30.0 30.0 30.0 30.0 30.0 30.0 30.0
41.3 30.0 30.0 29.8988093337221 29.865719018532015 30.0 30.0 30.0 30.0 30.0 30.0 30.0
41.4 30.0 30.0 29.90096232662163 29.86815482294969 30.0 30.0 30.0 30.0 30.0 30.0 30.0
41.5 30.0 30.0 29.903069511161547 29.87054776424668 30.0 30.0 30.0 30.0 30.0 30.0 30.0
41.6 30.0 30.0 29.90513186198792 29.872898563712397 30.0 30.0 30.0 30.0 30.0 30.0 30.0
41.7 30.0 30.0 29.907150333009458 29.87520793134752 30.0 30.0 30.0 30.0 30.0 30.0 30.0
41.8 30.0 30.0 29.909125857839022 29.87747656601693 30.0 30.0 30.0 30.0 30.0 30.0 30.0
41.9 30.0 30.0 29.911059350225422 29.879705155602387 30.0 30.0 30.0 30.0 30.0 30.0 30.0
42.0 30.0 30.0 29.91295170447596 29.881894377153824 30.0 30.0 30.0 30.0 30.0 30.0 30.0
42.1 30.0 30.0 29.914803795870057 29.884044897038795 30.0 30.0 30.0 30.0 30.0 30.0 30.0
42.2 30.0 30.0 29.916616481064345 29.886157371090082 30.0 30.0 30.0 30.0 30.0 30.0 30.0
42.3 30.0 30.0 29.918390598488514 29.888232444753154 30.0 30.0 30.0 30.0 30.0 30.0 30.0
42.4 30.0 30.0 29.920126968733484 29.8902707532303 30.0 30.0 30.0 30.0 30.0 30.0 30.0
42.5 30.0 30.0 29.921826394930676 29.892272921625302 30.0 30.0 30.0 30.0 30.0 30.0 30.0
42.6 30.0 30.0 29.923489663123664 29.8942395650849 30.0 30.0 30.0 30.0 30.0 30.0 30.0
42.7 30.0 30.0 29.925117542631657 29.896171288939833 30.0 30.0 30.0 30.0 30.0 30.0 30.0
42.8 30.0 30.0 29.926710786405494 29.898068688843825 30.0 30.0 30.0 30.0 30.0 30.0 30.0
42.9 30.0 30.0 29.928270131375633 29.89993235091172 30.0 30.0 30.0 30.0 30.0 30.0 30.0
43.0 30.0 30.0 29.929796298793146 29.90176285185552 30.0 30.0 30.0 30.0 30.0 30.0 30.0
43.1 30.0 30.0 29.93128999456351 29.903560759119056 30.0 30.0 30.0 30.0 30.0 30.0 30.0
43.2 30.0 30.0 29.932751909572758 29.90532663101155 30.0 30.0 30.0 30.0 30.0 30.0 30.0
43.3 30.0 30.0 29.93418272000737 29.907061016839318 30.0 30.0 30.0 30.0 30.0 30.0 30.0
43.4 30.0 30.0 29.935583087666778 29.90876445703613 30.0 30.0 30.0 30.0 30.0 30.0 30.0
43.5 30.0 30.0 29.936953660269598 29.910437483292075 30.0 30.0 30.0 30.0 30.0 30.0 30.0
43.6 30.0 30.0 29.938295071753178 29.912080618681127 30.0 30.0 30.0 30.0 30.0 30.0 30.0
43.7 30.0 30.0 29.93960794256697 29.913694377786687 30.0 30.0 30.0 30.0 30.0 30.0 30.0
43.8 30.0 30.0 29.940892879959204 29.915279266826854 30.0 30.0 30.0 30.0 30.0 30.0 30.0
43.9 30.0 30.0 29.942150478257958 29.91683578377678 30.0 30.0 30.0 30.0 30.0 30.0 30.0
44.0 30.0 30.0 29.943381319146056 29.91836441849028 30.0 30.0 30.0 30.0 30.0 30.0 30.0
44.1 30.0 30.0 29.944585971930216 29.91986565282036 30.0 30.0 30.0 30.0 30.0 30.0 30.0
44.2 30.0 30.0 29.945764993804048 29.92133996073791 30.0 30.0 30.0 30.0 30.0 30.0 30.0
44.3 30.0 30.0 29.94691893010609 29.922787808448504 30.0 30.0 30.0 30.0 30.0 30.0 30.0
44.4 30.0 30.0 29.948048314571952 29.92420965450871 30.0 30.0 30.0 30.0 30.0 30.0 30.0
44.5 30.0 30.0 29.949153669581047 29.92560594994063 30.0 30.0 30.0 30.0 30.0 30.0 30.0
44.6 30.0 30.0 29.950235506398464 29.926977138344448 30.0 30.0 30.0 30.0 30.0 30.0 30.0
44.7 30.0 30.0 29.951294325411258 29.9283236560104 30.0 30.0 30.0 30.0 30.0 30.0 30.0
44.8 30.0 30.0 29.952330616359973 29.929645932029022 30.0 30.0 30.0 30.0 30.0 30.0 30.0
44.9 30.0 30.0 29.95334485856506 29.930944388399958 30.0 30.0 30.0 30.0 30.0 30.0 30.0
45.0 30.0 30.0 29.954337521148815 29.932219440139306 30.0 30.0 30.0 30.0 30.0 30.0 30.0
45.1 30.0 30.0 29.955309063252034 29.93347149538631 30.0 30.0 30.0 30.0 30.0 30.0 30.0
45.2 30.0 30.0 29.95625993424666 29.934700955507253 30.0 30.0 30.0 30.0 30.0 30.0 30.0
45.3 30.0 30.0 29.957190573943528 29.935908215199564 30.0 30.0 30.0 30.0 30.0 30.0 30.0
45.4 30.0 30.0 29.958101412795845 29.937093662593774 30.0 30.0 30.0 30.0 30.0 30.0 30.0
45.5 30.0 30.0 29.95899287209809 29.938257679354138 30.0 30.0 30.0 30.0 30.0 30.0 30.0
45.6 30.0 30.0 29.959865364181113 29.9394006407781 30.0 30.0 30.0 30.0 30.0 30.0 30.0
45.7 30.0 30.0 29.960719292602803 29.940522915894565 30.0 30.0 30.0 30.0 30.0 30.0 30.0
45.8 30.0 30.0 29.96155505233465 29.94162486756076 30.0 30.0 30.0 30.0 30.0 30.0 30.0
45.9 30.0 30.0 29.962373029944505 29.94270685255766 30.0 30.0 30.0 30.0 30.0 30.0 30.0
46.0 30.0 30.0 29.96317360377549 29.943769221684278 30.0 30.0 30.0 30.0 30.0 30.0 30.0
46.1 30.0 30.0 29.963957144120734 29.944812319850953 30.0 30.0 30.0 30.0 30.0 30.0 30.0
46.2 30.0 30.0 29.96472401339481 29.94583648617101 30.0 30.0 30.0 30.0 30.0 30.0 30.0
46.3 30.0 30.0 29.965474566301328 29.946842054051057 30.0 30.0 30.0 30.0 30.0 30.0 30.0
46.4 30.0 30.0 29.96620914999703 29.94782935128069 30.0 30.0 30.0 30.0 30.0 30.0 30.0
46.5 30.0 30.0 29.9669281042524 29.94879870012021 30.0 30.0 30.0 30.0 30.0 30.0 30.0
46.6 30.0 30.0 29.967631761608693 29.949750417387925 30.0 30.0 30.0 30.0 30.0 30.0 30.0
46.7 30.0 30.0 29.968320447531877 29.95068481454553 30.0 30.0 30.0 30.0 30.0 30.0 30.0
46.8 30.0 30.0 29.968994480563083 29.951602197782698 30.0 30.0 30.0 30.0 30.0 30.0 30.0
46.9 30.0 30.0 29.969654172465976 29.952502868100456 30.0 30.0 30.0 30.0 30.0 30.0 30.0
47.0 30.0 30.0 29.97029982837099 29.95338712139346 30.0 30.0 30.0 30.0 30.0 30.0 30.0
47.1 30.0 30.0 29.970931746916328 29.95425524853089 30.0 30.0 30.0 30.0 30.0 30.0 30.0
47.2 30.0 30.0 29.9715502203862 29.955107535436483 30.0 30.0 30.0 30.0 30.0 30.0 30.0
47.3 30.0 30.0 29.972155534846106 29.95594426316693 30.0 30.0 30.0 30.0 30.0 30.0 30.0
47.4 30.0 30.0 29.972747970274895 29.956765707990296 30.0 30.0 30.0 30.0 30.0 30.0 30.0
47.5 30.0 30.0 29.973327800694612 29.957572141461572 30.0 30.0 30.0 30.0 30.0 30.0 30.0
47.6 30.0 30.0 29.97389529429686 29.95836383049907 30.0 30.0 30.0 30.0 30.0 30.0 30.0
47.7 30.0 30.0 29.974450713567133 29.959141037458203 30.0 30.0 30.0 30.0 30.0 30.0 30.0
47.8 30.0 30.0 29.974994315406146 29.959904020205215 30.0 30.0 30.0 30.0 30.0 30.0 30.0
47.9 30.0 30.0 29.97552635124854 29.960653032189143 30.0 30.0 30.0 30.0 30.0 30.0 30.0
48.0 30.0 30.0 29.976047067179397 29.961388322513148 30.0 30.0 30.0 30.0 30.0 30.0 30.0
48.1 30.0 30.0 29.97655670404791 29.962110136004828 30.0 30.0 30.0 30.0 30.0 30.0 30.0
48.2 30.0 30.0 29.97705549757885 29.962818713285216 30.0 30.0 30.0 30.0 30.0 30.0 30.0
48.3 30.0 30.0 29.977543678481414 29.963514290837136 30.0 30.0 30.0 30.0 30.0 30.0 30.0
48.4 30.0 30.0 29.978021472556243 29.964197101072 30.0 30.0 30.0 30.0 30.0 30.0 30.0
48.5 30.0 30.0 29.978489100799713 29.964867372396554 30.0 30.0 30.0 30.0 30.0 30.0 30.0
48.6 30.0 30.0 29.97894677950611 29.96552532927766 30.0 30.0 30.0 30.0 30.0 30.0 30.0
48.7 30.0 30.0 29.979394720367676 29.966171192306746 30.0 30.0 30.0 30.0 30.0 30.0 30.0
48.8 30.0 30.0 29.979833130572633 29.966805178262927 30.0 30.0 30.0 30.0 30.0 30.0 30.0
48.9 30.0 30.0 29.98026221290085 29.967427500175535 30.0 30.0 30.0 30.0 30.0 30.0 30.0
49.0 30.0 30.0 29.980682165817814 29.968038367385606 30.0 30.0 30.0 30.0 30.0 30.0 30.0
49.1 30.0 30.0 29.981093183566337 29.96863798560602 30.0 30.0 30.0 30.0 30.0 30.0 30.0
49.2 30.0 30.0 29.981495456256454 29.9692265569816 30.0 30.0 30.0 30.0 30.0 30.0 30.0
49.3 30.0 30.0 29.98188916995317 29.969804280147706 30.0 30.0 30.0 30.0 30.0 30.0 30.0
49.4 30.0 30.0 29.98227450676267 29.970371350287756 30.0 30.0 30.0 30.0 30.0 30.0 30.0
49.5 30.0 30.0 29.982651644916707 29.970927959190423 30.0 30.0 30.0 30.0 30.0 30.0 30.0
49.6 30.0 30.0 29.983020758854614 29.97147429530593 30.0 30.0 30.0 30.0 30.0 30.0 30.0
49.7 30.0 30.0 29.98338201930451 29.972010543800607 30.0 30.0 30.0 30.0 30.0 30.0 30.0
49.8 30.0 30.0 29.983735593361864 29.972536886612286 30.0 30.0 30.0 30.0 30.0 30.0 30.0
49.9 30.0 30.0 29.98408164456698 29.973053502503127 30.0 30.0 30.0 30.0 30.0 30.0 30.0
50.0 30.0 30.0 29.984420332980473 29.973560567112727 30.0 30.0 30.0 30.0 30.0 30.0 30.0
50.1 30.0 30.0 29.98475181525749 29.974058253009872 30.0 30.0 30.0 30.0 30.0 30.0 30.0
50.2 30.0 30.0 29.98507624472006 29.97454672974388 30.0 30.0 30.0 30.0 30.0 30.0 30.0
50.3 30.0 30.0 29.985393771428136 29.975026163894736 30.0 30.0 30.0 30.0 30.0 30.0 30.0
50.4 30.0 30.0 29.985704542248858 29.97549671912308 30.0 30.0 30.0 30.0 30.0 30.0 30.0
50.5 30.0 30.0 29.98600870092438 29.97595855621874 30.0 30.0 30.0 30.0 30.0 30.0 30.0
50.6 30.0 30.0 29.98630638813873 29.97641183314853 30.0 30.0 30.0 30.0 30.0 30.0 30.0
50.7 30.0 30.0 29.98659774158263 29.976856705104236 30.0 30.0 30.0 30.0 30.0 30.0 30.0
50.8 30.0 30.0 29.986882896017075 29.97729332454898 30.0 30.0 30.0 30.0 30.0 30.0 30.0
50.9 30.0 30.0 29.98716198333582 29.97772184126266 30.0 30.0 30.0 30.0 30.0 30.0 30.0
51.0 30.0 30.0 29.98743513262655 29.978142402387444 30.0 30.0 30.0 30.0 30.0 30.0 30.0
51.1 30.0 30.0 29.987702470230268 29.978555152472435 30.0 30.0 30.0 30.0 30.0 30.0 30.0
51.2 30.0 30.0 29.987964119799845 29.97896023351696 30.0 30.0 30.0 30.0 30.0 30.0 30.0
51.3 30.0 30.0 29.988220202357283 29.97935778501396 30.0 30.0 30.0 30.0 30.0 30.0 30.0
51.4 30.0 30.0 29.98847083634966 29.97974794399203 30.0 30.0 30.0 30.0 30.0 30.0 30.0
51.5 30.0 30.0 29.988716137703882 29.980130845057463 30.0 30.0 30.0 30.0 30.0 30.0 30.0
51.6 30.0 30.0 29.98895621988038 29.980506620435225 30.0 30.0 30.0 30.0 30.0 30.0 30.0
51.7 30.0 30.0 29.989191193925457 29.98087540000918 30.0 30.0 30.0 30.0 30.0 30.0 30.0
51.8 30.0 30.0 29.98942116852276 29.981237311362026 30.0 30.0 30.0 30.0 30.0 30.0 30.0
51.9 30.0 30.0 29.989646250043602 29.981592479814328 30.0 30.0 30.0 30.0 30.0 30.0 30.0
52.0 30.0 30.0 29.9898665425959 29.981941028463282 30.0 30.0 30.0 30.0 30.0 30.0 30.0
52.1 30.0 30.0 29.990082148072577 29.982283078220043 30.0 30.0 30.0 30.0 30.0 30.0 30.0
52.2 30.0 30.0 29.990293166198658 29.982618747847503 30.0 30.0 30.0 30.0 30.0 30.0 30.0
52.3 30.0 30.0 29.99049969457744 29.982948153996713 30.0 30.0 30.0 30.0 30.0 30.0 30.0
52.4 30.0 30.0 29.990701828735375 29.983271411243408 30.0 30.0 30.0 30.0 30.0 30.0 30.0
52.5 30.0 30.0 29.990899662166587 29.98358863212286 30.0 30.0 30.0 30.0 30.0 30.0 30.0
52.6 30.0 30.0 29.99109328637582 29.983899927165396 30.0 30.0 30.0 30.0 30.0 30.0 30.0
52.7 30.0 30.0 29.991282790921012 29.984205404930336 30.0 30.0 30.0 30.0 30.0 30.0 30.0
52.8 30.0 30.0 29.991468263454625 29.98450517204017 30.0 30.0 30.0 30.0 30.0 30.0 30.0
52.9 30.0 30.0 29.991649789764068 29.984799333213736 30.0 30.0 30.0 30.0 30.0 30.0 30.0
53.0 30.0 30.0 29.991827453811663 29.985087991298784 30.0 30.0 30.0 30.0 30.0 30.0 30.0
53.1 30.0 30.0 29.992001337773164 29.985371247304556 30.0 30.0 30.0 30.0 30.0 30.0 30.0
53.2 30.0 30.0 29.99217152207586 29.985649200433183 30.0 30.0 30.0 30.0 30.0 30.0 30.0
53.3 30.0 30.0 29.992338085435943 29.985921948110665 30.0 30.0 30.0 30.0 30.0 30.0 30.0
53.4 30.0 30.0 29.992501104894767 29.986189586018078 30.0 30.0 30.0 30.0 30.0 30.0 30.0
53.5 30.0 30.0 29.99266065585448 29.98645220812136 30.0 30.0 30.0 30.0 30.0 30.0 30.0
53.6 30.0 30.0 29.992816812112927 29.986709906700934 30.0 30.0 30.0 30.0 30.0 30.0 30.0
53.7 30.0 30.0 29.992969645897734 29.986962772381236 30.0 30.0 30.0 30.0 30.0 30.0 30.0
53.8 30.0 30.0 29.99311922789995 29.98721089415893 30.0 30.0 30.0 30.0 30.0 30.0 30.0
53.9 30.0 30.0 29.993265627306293 29.98745435943178 30.0 30.0 30.0 30.0 30.0 30.0 30.0
54.0 30.0 30.0 29.99340891183174 29.987693254025594 30.0 30.0 30.0 30.0 30.0 30.0 30.0
54.1 30.0 30.0 29.9935491477502 29.987927662222386 30.0 30.0 30.0 30.0 30.0 30.0 30.0
54.2 30.0 30.0 29.99368639992577 29.988157666786385 30.0 30.0 30.0 30.0 30.0 30.0 30.0
54.3 30.0 30.0 29.993820731842252 29.98838334899142 30.0 30.0 30.0 30.0 30.0 30.0 30.0
54.4 30.0 30.0 29.99395220563283 29.98860478864592 30.0 30.0 30.0 30.0 30.0 30.0 30.0
54.5 30.0 30.0 29.994080882108744 29.98882206411906 30.0 30.0 30.0 30.0 30.0 30.0 30.0
54.6 30.0 30.0 29.994206820787326 29.989035252365777 30.0 30.0 30.0 30.0 30.0 30.0 30.0
54.7 30.0 30.0 29.99433007991949 29.98924442895154 30.0 30.0 30.0 30.0 30.0 30.0 30.0
54.8 30.0 30.0 29.99445071651691 29.98944966807619 30.0 30.0 30.0 30.0 30.0 30.0 30.0
54.9 30.0 30.0 29.99456878637824 29.989651042598396 30.0 30.0 30.0 30.0 30.0 30.0 30.0
55.0 30.0 30.0 29.994684344114873 29.989848624059047 30.0 30.0 30.0 30.0 30.0 30.0 30.0
55.1 30.0 30.0 29.99479744317626 29.99004248270397 30.0 30.0 30.0 30.0 30.0 30.0 30.0
55.2 30.0 30.0 29.9949081358746 29.99023268750705 30.0 30.0 30.0 30.0 30.0 30.0 30.0
55.3 30.0 30.0 29.995016473409223 29.990419306192276 30.0 30.0 30.0 30.0 30.0 30.0 30.0
55.4 30.0 30.0 29.9951225058899 29.99060240525607 30.0 30.0 30.0 30.0 30.0 30.0 30.0
55.5 30.0 30.0 29.995226282360356 29.990782049988372 30.0 30.0 30.0 30.0 30.0 30.0 30.0
55.6 30.0 30.0 29.995327850820825 29.99095830449422 30.0 30.0 30.0 30.0 30.0 30.0 30.0
55.7 30.0 30.0 29.99542725825018 29.991131231714743 30.0 30.0 30.0 30.0 30.0 30.0 30.0
55.8 30.0 30.0 29.995524550627845 29.99130089344714 30.0 30.0 30.0 30.0 30.0 30.0 30.0
55.9 30.0 30.0 29.995619772954928 29.991467350365276 30.0 30.0 30.0 30.0 30.0 30.0 30.0
56.0 30.0 30.0 29.995712969275065 29.991630662039555 30.0 30.0 30.0 30.0 30.0 30.0 30.0
56.1 30.0 30.0 29.995804182694734 29.991790886956192 30.0 30.0 30.0 30.0 30.0 30.0 30.0
56.2 30.0 30.0 29.99589345540335 29.991948082536318 30.0 30.0 30.0 30.0 30.0 30.0 30.0
56.3 30.0 30.0 29.995980828692662 29.992102305155107 30.0 30.0 30.0 30.0 30.0 30.0 30.0
56.4 30.0 30.0 29.99606634297577 29.992253610160294 30.0 30.0 30.0 30.0 30.0 30.0 30.0
56.5 30.0 30.0 29.996150037806114 29.992402051889794 30.0 30.0 30.0 30.0 30.0 30.0 30.0
56.6 30.0 30.0 29.99623195189537 29.99254768369061 30.0 30.0 30.0 30.0 30.0 30.0 30.0
56.7 30.0 30.0 29.996312123131638 29.992690557935425 30.0 30.0 30.0 30.0 30.0 30.0 30.0
56.8 30.0 30.0 29.99639058859695 29.992830726040513 30.0 30.0 30.0 30.0 30.0 30.0 30.0
56.9 30.0 30.0 29.996467384584207 29.992968238482508 30.0 30.0 30.0 30.0 30.0 30.0 30.0
57.0 30.0 30.0 29.99654254661431 29.99310314481505 30.0 30.0 30.0 30.0 30.0 30.0 30.0
57.1 30.0 30.0 29.9966161094523 29.993235493685518 30.0 30.0 30.0 30.0 30.0 30.0 30.0
57.2 30.0 30.0 29.996688107123543 29.993365332850896 30.0 30.0 30.0 30.0 30.0 30.0 30.0
57.3 30.0 30.0 29.996758572929473 29.99349270919355 30.0 30.0 30.0 30.0 30.0 30.0 30.0
57.4 30.0 30.0 29.996827539462895 29.993617668737237 30.0 30.0 30.0 30.0 30.0 30.0 30.0
57.5 30.0 30.0 29.996895038623272 29.993740256661933 30.0 30.0 30.0 30.0 30.0 30.0 30.0
57.6 30.0 30.0 29.99696110163134 29.993860517319195 30.0 30.0 30.0 30.0 30.0 30.0 30.0
57.7 30.0 30.0 29.9970257590434 29.993978494247095 30.0 30.0 30.0 30.0 30.0 30.0 30.0
57.8 30.0 30.0 29.997089040765868 29.994094230184146 30.0 30.0 30.0 30.0 30.0 30.0 30.0
57.9 30.0 30.0 29.997150976068703 29.99420776708447 30.0 30.0 30.0 30.0 30.0 30.0 30.0
58.0 30.0 30.0 29.99721159359915 29.994319146131026 30.0 30.0 30.0 30.0 30.0 30.0 30.0
58.1 30.0 30.0 29.9972709213949 29.994428407750082 30.0 30.0 30.0 30.0 30.0 30.0 30.0
58.2 30.0 30.0 29.99732898689715 29.99453559162429 30.0 30.0 30.0 30.0 30.0 30.0 30.0
58.3 30.0 30.0 29.997385816963174 29.994640736706366 30.0 30.0 30.0 30.0 30.0 30.0 30.0
58.4 30.0 30.0 29.99744143787883 29.994743881231962 30.0 30.0 30.0 30.0 30.0 30.0 30.0
58.5 30.0 30.0 29.997495875370817 29.99484506273242 30.0 30.0 30.0 30.0 30.0 30.0 30.0
58.6 30.0 30.0 29.997549154618206 29.994944318048223 30.0 30.0 30.0 30.0 30.0 30.0 30.0
58.7 30.0 30.0 29.997601300264623 29.99504168334017 30.0 30.0 30.0 30.0 30.0 30.0 30.0
58.8 30.0 30.0 29.997652336429194 29.995137194102746 30.0 30.0 30.0 30.0 30.0 30.0 30.0
58.9 30.0 30.0 29.99770228671795 29.99523088517544 30.0 30.0 30.0 30.0 30.0 30.0 30.0
59.0 30.0 30.0 29.99775117423457 29.99532279075477 30.0 30.0 30.0 30.0 30.0 30.0 30.0
59.1 30.0 30.0 29.997799021591323 29.99541294440567 30.0 30.0 30.0 30.0 30.0 30.0 30.0
59.2 30.0 30.0 29.99784585091921 29.99550137907344 30.0 30.0 30.0 30.0 30.0 30.0 30.0
59.3 30.0 30.0 29.99789168387833 29.99558812709433 30.0 30.0 30.0 30.0 30.0 30.0 30.0
59.4 30.0 30.0 29.997936541668135 29.9956732202065 30.0 30.0 30.0 30.0 30.0 30.0 30.0
59.5 30.0 30.0 29.997980445036912 29.995756689561496 30.0 30.0 30.0 30.0 30.0 30.0 30.0
59.6 30.0 30.0 29.99802341429145 29.995838565734225 30.0 30.0 30.0 30.0 30.0 30.0 30.0
59.7 30.0 30.0 29.99806546930653 29.995918878733722 30.0 30.0 30.0 30.0 30.0 30.0 30.0
59.8 30.0 30.0 29.998106629534014 29.9959976580131 30.0 30.0 30.0 30.0 30.0 30.0 30.0
59.9 30.0 30.0 29.998146914012054 29.99607493247986 30.0 30.0 30.0 30.0 30.0 30.0 30.0
60.0 30.0 30.0 29.99818634137348 29.996150730505867 30.0 30.0 30.0 30.0 30.0 30.0 30.0
60.1 30.0 30.0 29.99822492985492 29.996225079936444 30.0 30.0 30.0 30.0 30.0 30.0 30.0
60.2 30.0 30.0 29.99826269730482 29.99629800810097 30.0 30.0 30.0 30.0 30.0 30.0 30.0
60.3 30.0 30.0 29.998299661191968 29.99636954182119 30.0 30.0 30.0 30.0 30.0 30.0 30.0
60.4 30.0 30.0 29.998335838613404 29.996439707421068 30.0 30.0 30.0 30.0 30.0 30.0 30.0
60.5 30.0 30.0 29.99837124630248 29.99650853073567 30.0 30.0 30.0 30.0 30.0 30.0 30.0
60.6 30.0 30.0 29.998405900636484 29.996576037119983 30.0 30.0 30.0 30.0 30.0 30.0 30.0
60.7 30.0 30.0 29.998439817644197 29.996642251457775 30.0 30.0 30.0 30.0 30.0 30.0 30.0
60.8 30.0 30.0 29.998473013013438 29.996707198169965 30.0 30.0 30.0 30.0 30.0 30.0 30.0
60.9 30.0 30.0 29.998505502098215 29.996770901223307 30.0 30.0 30.0 30.0 30.0 30.0 30.0
61.0 30.0 30.0 29.9985372999259 29.996833384138426 30.0 30.0 30.0 30.0 30.0 30.0 30.0
61.1 30.0 30.0 29.998568421204084 29.996894669998227 30.0 30.0 30.0 30.0 30.0 30.0 30.0
61.2 30.0 30.0 29.99859888032736 29.996954781455685 30.0 30.0 30.0 30.0 30.0 30.0 30.0
61.3 30.0 30.0 29.998628691384187 29.99701374074156 30.0 30.0 30.0 30.0 30.0 30.0 30.0
61.4 30.0 30.0 29.998657868163278 29.99707156967231 30.0 30.0 30.0 30.0 30.0 30.0 30.0
61.5 30.0 30.0 29.998686424159793 29.99712828965777 30.0 30.0 30.0 30.0 30.0 30.0 30.0
61.6 30.0 30.0 29.998714372581922 29.99718392170831 30.0 30.0 30.0 30.0 30.0 30.0 30.0
61.7 30.0 30.0 29.99874172635677 29.99723848644216 30.0 30.0 30.0 30.0 30.0 30.0 30.0
61.8 30.0 30.0 29.998768498136382 29.997292004092877 30.0 30.0 30.0 30.0 30.0 30.0 30.0
61.9 30.0 30.0 29.99879470030372 29.997344494516064 30.0 30.0 30.0 30.0 30.0 30.0 30.0
62.0 30.0 30.0 29.99882034497809 29.99739597719645 30.0 30.0 30.0 30.0 30.0 30.0 30.0
62.1 30.0 30.0 29.99884544402114 29.997446471254545 30.0 30.0 30.0 30.0 30.0 30.0 30.0
62.2 30.0 30.0 29.99887000904199 29.99749599545361 30.0 30.0 30.0 30.0 30.0 30.0 30.0
62.3 30.0 30.0 29.998894051402846 29.997544568205903 30.0 30.0 30.0 30.0 30.0 30.0 30.0
62.4 30.0 30.0 29.998917582224017 29.997592207579345 30.0 30.0 30.0 30.0 30.0 30.0 30.0
62.5 30.0 30.0 29.998940612389447 29.997638931303385 30.0 30.0 30.0 30.0 30.0 30.0 30.0
62.6 30.0 30.0 29.998963152551354 29.997684756775882 30.0 30.0 30.0 30.0 30.0 30.0 30.0
62.7 30.0 30.0 29.99898521313535 29.997729701068774 30.0 30.0 30.0 30.0 30.0 30.0 30.0
62.8 30.0 30.0 29.999006804345186 29.99777378093426 30.0 30.0 30.0 30.0 30.0 30.0 30.0
62.9 30.0 30.0 29.999027936167607 29.997817012810373 30.0 30.0 30.0 30.0 30.0 30.0 30.0
63.0 30.0 30.0 29.999048618376776 29.997859412827175 30.0 30.0 30.0 30.0 30.0 30.0 30.0
63.1 30.0 30.0 29.99906886053893 29.99790099681205 30.0 30.0 30.0 30.0 30.0 30.0 30.0
63.2 30.0 30.0 29.999088672016835 29.99794178029555 30.0 30.0 30.0 30.0 30.0 30.0 30.0
63.3 30.0 30.0 29.99910806197394 29.997981778516937 30.0 30.0 30.0 30.0 30.0 30.0 30.0
63.4 30.0 30.0 29.99912703937873 29.998021006429116 30.0 30.0 30.0 30.0 30.0 30.0 30.0
63.5 30.0 30.0 29.999145613008995 29.998059478704086 30.0 30.0 30.0 30.0 30.0 30.0 30.0
63.6 30.0 30.0 29.99916379145559 29.998097209738702 30.0 30.0 30.0 30.0 30.0 30.0 30.0
63.7 30.0 30.0 29.999181583126788 29.998134213658727 30.0 30.0 30.0 30.0 30.0 30.0 30.0
63.8 30.0 30.0 29.99919899625178 29.998170504324662 30.0 30.0 30.0 30.0 30.0 30.0 30.0
63.9 30.0 30.0 29.99921603888472 29.998206095336442 30.0 30.0 30.0 30.0 30.0 30.0 30.0
64.0 30.0 30.0 29.999232718908413 29.998241000037876 30.0 30.0 30.0 30.0 30.0 30.0 30.0
64.1 30.0 30.0 29.99924904403798 29.998275231521866 30.0 30.0 30.0 30.0 30.0 30.0 30.0
64.2 30.0 30.0 29.999265021824364 29.99830880263485 30.0 30.0 30.0 30.0 30.0 30.0 30.0
64.3 30.0 30.0 29.999280659657884 29.998341725981405 30.0 30.0 30.0 30.0 30.0 30.0 30.0
64.4 30.0 30.0 29.999295964771537 29.998374013928565 30.0 30.0 30.0 30.0 30.0 30.0 30.0
64.5 30.0 30.0 29.99931094424448 29.998405678610396 30.0 30.0 30.0 30.0 30.0 30.0 30.0
64.6 30.0 30.0 29.99932560500523 29.998436731932365 30.0 30.0 30.0 30.0 30.0 30.0 30.0
64.7 30.0 30.0 29.999339953834937 29.998467185575365 30.0 30.0 30.0 30.0 30.0 30.0 30.0
64.8 30.0 30.0 29.999353997370395 29.998497051000026 30.0 30.0 30.0 30.0 30.0 30.0 30.0
64.9 30.0 30.0 29.999367742107236 29.998526339450645 30.0 30.0 30.0 30.0 30.0 30.0 30.0
65.0 30.0 30.0 29.99938119440283 29.998555061959586 30.0 30.0 30.0 30.0 30.0 30.0 30.0
65.1 30.0 30.0 29.99939436047938 29.998583229350604 30.0 30.0 30.0 30.0 30.0 30.0 30.0
65.2 30.0 30.0 29.99940724642662 29.998610852243438 30.0 30.0 30.0 30.0 30.0 30.0 30.0
65.3 30.0 30.0 29.999419858204753 29.99863794105687 30.0 30.0 30.0 30.0 30.0 30.0 30.0
65.4 30.0 30.0 29.99943220164721 29.998664506012997 30.0 30.0 30.0 30.0 30.0 30.0 30.0
65.5 30.0 30.0 29.999444282463205 29.998690557140836 30.0 30.0 30.0 30.0 30.0 30.0 30.0
65.6 30.0 30.0 29.999456106240615 29.99871610427941 30.0 30.0 30.0 30.0 30.0 30.0 30.0
65.7 30.0 30.0 29.999467678448305 29.998741157082065 30.0 30.0 30.0 30.0 30.0 30.0 30.0
65.8 30.0 30.0 29.99947900443875 29.99876572501931 30.0 30.0 30.0 30.0 30.0 30.0 30.0
65.9 30.0 30.0 29.999490089450738 29.998789817382406 30.0 30.0 30.0 30.0 30.0 30.0 30.0
66.0 30.0 30.0 29.999500938611398 29.99881344328688 30.0 30.0 30.0 30.0 30.0 30.0 30.0
66.1 30.0 30.0 29.99951155693882 29.998836611675614 30.0 30.0 30.0 30.0 30.0 30.0 30.0
66.2 30.0 30.0 29.999521949344373 29.998859331321952 30.0 30.0 30.0 30.0 30.0 30.0 30.0
66.3 30.0 30.0 29.999532120634928 29.998881610833173 30.0 30.0 30.0 30.0 30.0 30.0 30.0
66.4 30.0 30.0 29.99954207551499 29.998903458653512 30.0 30.0 30.0 30.0 30.0 30.0 30.0
66.5 30.0 30.0 29.999551818589122 29.998924883066785 30.0 30.0 30.0 30.0 30.0 30.0 30.0
66.6 30.0 30.0 29.99956135436387 29.998945892200055 30.0 30.0 30.0 30.0 30.0 30.0 30.0
66.7 30.0 30.0 29.999570687249697 29.998966494026302 30.0 30.0 30.0 30.0 30.0 30.0 30.0
66.8 30.0 30.0 29.999579821563515 29.998986696366714 30.0 30.0 30.0 30.0 30.0 30.0 30.0
66.9 30.0 30.0 29.999588761530216 29.999006506894535 30.0 30.0 30.0 30.0 30.0 30.0 30.0
67.0 30.0 30.0 29.999597511284907 29.999025933137116 30.0 30.0 30.0 30.0 30.0 30.0 30.0
67.1 30.0 30.0 29.999606074874546 29.99904498247907 30.0 30.0 30.0 30.0 30.0 30.0 30.0
67.2 30.0 30.0 29.999614456260176 29.99906366216447 30.0 30.0 30.0 30.0 30.0 30.0 30.0
67.3 30.0 30.0 29.999622659318472 29.99908197929992 30.0 30.0 30.0 30.0 30.0 30.0 30.0
67.4 30.0 30.0 29.99963068784357 29.999099940856897 30.0 30.0 30.0 30.0 30.0 30.0 30.0
67.5 30.0 30.0 29.999638545549022 29.99911755367428 30.0 30.0 30.0 30.0 30.0 30.0 30.0
67.6 30.0 30.0 29.99964623606922 29.999134824461027 30.0 30.0 30.0 30.0 30.0 30.0 30.0
67.7 30.0 30.0 29.99965376296136 29.999151759798384 30.0 30.0 30.0 30.0 30.0 30.0 30.0
67.8 30.0 30.0 29.999661129706862 29.99916836614247 30.0 30.0 30.0 30.0 30.0 30.0 30.0
67.9 30.0 30.0 29.999668339713146 29.999184649826397 30.0 30.0 30.0 30.0 30.0 30.0 30.0
68.0 30.0 30.0 29.999675396314956 29.999200617062986 30.0 30.0 30.0 30.0 30.0 30.0 30.0
68.1 30.0 30.0 29.99968230277632 29.999216273946406 30.0 30.0 30.0 30.0 30.0 30.0 30.0
68.2 30.0 30.0 29.999689062291687 29.999231626454968 30.0 30.0 30.0 30.0 30.0 30.0 30.0
68.3 30.0 30.0 29.999695677987592 29.999246680452927 30.0 30.0 30.0 30.0 30.0 30.0 30.0
68.4 30.0 30.0 29.999702152924005 29.99926144169299 30.0 30.0 30.0 30.0 30.0 30.0 30.0
68.5 30.0 30.0 29.999708490095866 29.999275915818 30.0 30.0 30.0 30.0 30.0 30.0 30.0
68.6 30.0 30.0 29.999714692434267 29.999290108363493 30.0 30.0 30.0 30.0 30.0 30.0 30.0
68.7 30.0 30.0 29.999720762807986 29.999304024759105 30.0 30.0 30.0 30.0 30.0 30.0 30.0
68.8 30.0 30.0 29.999726704024845 29.999317670330935 30.0 30.0 30.0 30.0 30.0 30.0 30.0
68.9 30.0 30.0 29.999732518832875 29.999331050303603 30.0 30.0 30.0 30.0 30.0 30.0 30.0
69.0 30.0 30.0 29.999738209921567 29.99934416980201 30.0 30.0 30.0 30.0 30.0 30.0 30.0
69.1 30.0 30.0 29.999743779923232 29.999357033853137 30.0 30.0 30.0 30.0 30.0 30.0 30.0
69.2 30.0 30.0 29.999749231414253 29.99936964738783 30.0 30.0 30.0 30.0 30.0 30.0 30.0
69.3 30.0 30.0 29.99975456691606 29.99938201524301 30.0 30.0 30.0 30.0 30.0 30.0 30.0
69.4 30.0 30.0 29.999759788896576 29.999394142162984 30.0 30.0 30.0 30.0 30.0 30.0 30.0
69.5 30.0 30.0 29.99976489977109 29.999406032801545 30.0 30.0 30.0 30.0 30.0 30.0 30.0
69.6 30.0 30.0 29.999769901903612 29.999417691723373 30.0 30.0 30.0 30.0 30.0 30.0 30.0
69.7 30.0 30.0 29.99977479760784 29.999429123405935 30.0 30.0 30.0 30.0 30.0 30.0 30.0
69.8 30.0 30.0 29.999779589148122 29.999440332241225 30.0 30.0 30.0 30.0 30.0 30.0 30.0
69.9 30.0 30.0 29.999784278740723 29.999451322536935 30.0 30.0 30.0 30.0 30.0 30.0 30.0
70.0 30.0 30.0 29.99978886855479 29.99946209851837 30.0 30.0 30.0 30.0 30.0 30.0 30.0
70.1 30.0 30.0 29.99979336071322 29.999472664330234 30.0 30.0 30.0 30.0 30.0 30.0 30.0
70.2 30.0 30.0 29.999797757293816 29.99948302403753 30.0 30.0 30.0 30.0 30.0 30.0 30.0
70.3 30.0 30.0 29.99980206033008 29.999493181627706 30.0 30.0 30.0 30.0 30.0 30.0 30.0
70.4 30.0 30.0 29.999806271812442 29.999503141011626 30.0 30.0 30.0 30.0 30.0 30.0 30.0
70.5 30.0 30.0 29.999810393688776 29.99951290602542 30.0 30.0 30.0 30.0 30.0 30.0 30.0
70.6 30.0 30.0 29.999814427865633 29.999522480431537 30.0 30.0 30.0 30.0 30.0 30.0 30.0
70.7 30.0 30.0 29.99981837620893 29.999531867920457 30.0 30.0 30.0 30.0 30.0 30.0 30.0
70.8 30.0 30.0 29.999822240544905 29.999541072111747 30.0 30.0 30.0 30.0 30.0 30.0 30.0
70.9 30.0 30.0 29.99982602266101 29.999550096555637 30.0 30.0 30.0 30.0 30.0 30.0 30.0
71.0 30.0 30.0 29.99982972430648 29.99955894473446 30.0 30.0 30.0 30.0 30.0 30.0 30.0
71.1 30.0 30.0 29.999833347193576 29.999567620063317 30.0 30.0 30.0 30.0 30.0 30.0 30.0
71.2 30.0 30.0 29.999836892997997 29.999576125892105 30.0 30.0 30.0 30.0 30.0 30.0 30.0
71.3 30.0 30.0 29.999840363359738 29.999584465506352 30.0 30.0 30.0 30.0 30.0 30.0 30.0
71.4 30.0 30.0 29.999843759883955 29.99959264212852 30.0 30.0 30.0 30.0 30.0 30.0 30.0
71.5 30.0 30.0 29.99984708414176 29.999600658918936 30.0 30.0 30.0 30.0 30.0 30.0 30.0
71.6 30.0 30.0 29.999850337670672 29.999608518977638 30.0 30.0 30.0 30.0 30.0 30.0 30.0
71.7 30.0 30.0 29.999853521975524 29.999616225344937 30.0 30.0 30.0 30.0 30.0 30.0 30.0
71.8 30.0 30.0 29.999856638529216 29.99962378100261 30.0 30.0 30.0 30.0 30.0 30.0 30.0
71.9 30.0 30.0 29.99985968877329 29.99963118887517 30.0 30.0 30.0 30.0 30.0 30.0 30.0
72.0 30.0 30.0 29.999862674118535 29.999638451831107 30.0 30.0 30.0 30.0 30.0 30.0 30.0
72.1 30.0 30.0 29.99986559594583 29.999645572683434 30.0 30.0 30.0 30.0 30.0 30.0 30.0
72.2 30.0 30.0 29.999868455606553 29.99965255419135 30.0 30.0 30.0 30.0 30.0 30.0 30.0
72.3 30.0 30.0 29.99987125442343 29.99965939906072 30.0 30.0 30.0 30.0 30.0 30.0 30.0
72.4 30.0 30.0 29.999873993691047 29.999666109945558 30.0 30.0 30.0 30.0 30.0 30.0 30.0
72.5 30.0 30.0 29.999876674676308 29.99967268944869 30.0 30.0 30.0 30.0 30.0 30.0 30.0
72.6 30.0 30.0 29.99987929861932 29.999679140122787 30.0 30.0 30.0 30.0 30.0 30.0 30.0
72.7 30.0 30.0 29.99988186673377 29.999685464471476 30.0 30.0 30.0 30.0 30.0 30.0 30.0
72.8 30.0 30.0 29.999884380207522 29.999691664950117 30.0 30.0 30.0 30.0 30.0 30.0 30.0
72.9 30.0 30.0 29.999886840203082 29.999697743966916 30.0 30.0 30.0 30.0 30.0 30.0 30.0
73.0 30.0 30.0 29.999889247858384 29.99970370388333 30.0 30.0 30.0 30.0 30.0 30.0 30.0
73.1 30.0 30.0 29.99989160428698 29.99970954701564 30.0 30.0 30.0 30.0 30.0 30.0 30.0
73.2 30.0 30.0 29.99989391057871 29.999715275635477 30.0 30.0 30.0 30.0 30.0 30.0 30.0
73.3 30.0 30.0 29.999896167800394 29.999720891970362 30.0 30.0 30.0 30.0 30.0 30.0 30.0
73.4 30.0 30.0 29.999898376996114 29.999726398205127 30.0 30.0 30.0 30.0 30.0 30.0 30.0
73.5 30.0 30.0 29.9999005391877 29.99973179648241 30.0 30.0 30.0 30.0 30.0 30.0 30.0
73.6 30.0 30.0 29.9999026553752 29.99973708890353 30.0 30.0 30.0 30.0 30.0 30.0 30.0
73.7 30.0 30.0 29.999904726537395 29.999742277529343 30.0 30.0 30.0 30.0 30.0 30.0 30.0
73.8 30.0 30.0 29.999906753632345 29.99974736438063 30.0 30.0 30.0 30.0 30.0 30.0 30.0
73.9 30.0 30.0 29.999908737597604 29.999752351439447 30.0 30.0 30.0 30.0 30.0 30.0 30.0
74.0 30.0 30.0 29.999910679350894 29.99975724064942 30.0 30.0 30.0 30.0 30.0 30.0 30.0
74.1 30.0 30.0 29.99991257979019 29.999762033917005 30.0 30.0 30.0 30.0 30.0 30.0 30.0
74.2 30.0 30.0 29.999914439794612 29.999766733111237 30.0 30.0 30.0 30.0 30.0 30.0 30.0
74.3 30.0 30.0 29.999916260224502 29.999771340065415 30.0 30.0 30.0 30.0 30.0 30.0 30.0
74.4 30.0 30.0 29.999918041921816 29.999775856577436 30.0 30.0 30.0 30.0 30.0 30.0 30.0
74.5 30.0 30.0 29.999919785710716 29.999780284410317 30.0 30.0 30.0 30.0 30.0 30.0 30.0
74.6 30.0 30.0 29.999921492397746 29.99978462529304 30.0 30.0 30.0 30.0 30.0 30.0 30.0
74.7 30.0 30.0 29.99992316277223 29.999788880921262 30.0 30.0 30.0 30.0 30.0 30.0 30.0
74.8 30.0 30.0 29.999924797606855 29.999793052957553 30.0 30.0 30.0 30.0 30.0 30.0 30.0
74.9 30.0 30.0 29.99992639765776 29.99979714303269 30.0 30.0 30.0 30.0 30.0 30.0 30.0
75.0 30.0 30.0 29.99992796366502 29.999801152745675 30.0 30.0 30.0 30.0 30.0 30.0 30.0
75.1 30.0 30.0 29.99992949635304 29.99980508366456 30.0 30.0 30.0 30.0 30.0 30.0 30.0
75.2 30.0 30.0 29.999930996430642 29.99980893732717 30.0 30.0 30.0 30.0 30.0 30.0 30.0
75.3 30.0 30.0 29.999932464591655 29.99981271524156 30.0 30.0 30.0 30.0 30.0 30.0 30.0
75.4 30.0 30.0 29.999933901515202 29.99981641888644 30.0 30.0 30.0 30.0 30.0 30.0 30.0
75.5 30.0 30.0 29.99993530786599 29.999820049711946 30.0 30.0 30.0 30.0 30.0 30.0 30.0
75.6 30.0 30.0 29.9999366842944 29.9998236091403 30.0 30.0 30.0 30.0 30.0 30.0 30.0
75.7 30.0 30.0 29.999938031437082 29.99982709856591 30.0 30.0 30.0 30.0 30.0 30.0 30.0
75.8 30.0 30.0 29.999939349917135 29.99983051935631 30.0 30.0 30.0 30.0 30.0 30.0 30.0
75.9 30.0 30.0 29.999940640344406 29.999833872852594 30.0 30.0 30.0 30.0 30.0 30.0 30.0
76.0 30.0 30.0 29.99994190331577 29.99983716036966 30.0 30.0 30.0 30.0 30.0 30.0 30.0
76.1 30.0 30.0 29.999943139415436 29.999840383196993 30.0 30.0 30.0 30.0 30.0 30.0 30.0
76.2 30.0 30.0 29.99994434921513 29.999843542599212 30.0 30.0 30.0 30.0 30.0 30.0 30.0
76.3 30.0 30.0 29.99994553327438 29.9998466398163 30.0 30.0 30.0 30.0 30.0 30.0 30.0
76.4 30.0 30.0 29.99994669214092 29.999849676064144 30.0 30.0 30.0 30.0 30.0 30.0 30.0
76.5 30.0 30.0 29.99994782635067 29.99985265253519 30.0 30.0 30.0 30.0 30.0 30.0 30.0
76.6 30.0 30.0 29.999948936428332 29.99985557039848 30.0 30.0 30.0 30.0 30.0 30.0 30.0
76.7 30.0 30.0 29.99995002288729 29.999858430800668 30.0 30.0 30.0 30.0 30.0 30.0 30.0
76.8 30.0 30.0 29.999951086230084 29.99986123486596 30.0 30.0 30.0 30.0 30.0 30.0 30.0
76.9 30.0 30.0 29.999952126948614 29.999863983696766 30.0 30.0 30.0 30.0 30.0 30.0 30.0
77.0 30.0 30.0 29.999953145524145 29.999866678374154 30.0 30.0 30.0 30.0 30.0 30.0 30.0
77.1 30.0 30.0 29.999954142427868 29.999869319958144 30.0 30.0 30.0 30.0 30.0 30.0 30.0
77.2 30.0 30.0 29.999955118120912 29.999871909488053 30.0 30.0 30.0 30.0 30.0 30.0 30.0
77.3 30.0 30.0 29.999956073054552 29.999874447983192 30.0 30.0 30.0 30.0 30.0 30.0 30.0
77.4 30.0 30.0 29.999957007670368 29.99987693644311 30.0 30.0 30.0 30.0 30.0 30.0 30.0
77.5 30.0 30.0 29.99995792240076 29.99987937584762 30.0 30.0 30.0 30.0 30.0 30.0 30.0
77.6 30.0 30.0 29.999958817668837 29.999881767157813 30.0 30.0 30.0 30.0 30.0 30.0 30.0
77.7 30.0 30.0 29.99995969388861 29.999884111315936 30.0 30.0 30.0 30.0 30.0 30.0 30.0
77.8 30.0 30.0 29.999960551465485 29.999886409245768 30.0 30.0 30.0 30.0 30.0 30.0 30.0
77.9 30.0 30.0 29.99996139079596 29.999888661853557 30.0 30.0 30.0 30.0 30.0 30.0 30.0
78.0 30.0 30.0 29.999962212268407 29.99989087002733 30.0 30.0 30.0 30.0 30.0 30.0 30.0
78.1 30.0 30.0 29.999963016262694 29.99989303463846 30.0 30.0 30.0 30.0 30.0 30.0 30.0
78.2 30.0 30.0 29.999963803150735 29.999895156540862 30.0 30.0 30.0 30.0 30.0 30.0 30.0
78.3 30.0 30.0 29.99996457329643 29.999897236572075 30.0 30.0 30.0 30.0 30.0 30.0 30.0
78.4 30.0 30.0 29.99996532705613 29.999899275553222 30.0 30.0 30.0 30.0 30.0 30.0 30.0
78.5 30.0 30.0 29.99996606477834 29.99990127428963 30.0 30.0 30.0 30.0 30.0 30.0 30.0
78.6 30.0 30.0 29.99996678680432 29.99990323357069 30.0 30.0 30.0 30.0 30.0 30.0 30.0
78.7 30.0 30.0 29.99996749346806 29.999905154170595 30.0 30.0 30.0 30.0 30.0 30.0 30.0
78.8 30.0 30.0 29.999968185096403 29.99990703684833 30.0 30.0 30.0 30.0 30.0 30.0 30.0
78.9 30.0 30.0 29.999968862009215 29.99990888234827 30.0 30.0 30.0 30.0 30.0 30.0 30.0
79.0 30.0 30.0 29.9999695245197 29.999910691400082 30.0 30.0 30.0 30.0 30.0 30.0 30.0
79.1 30.0 30.0 29.999970172934173 29.999912464719408 30.0 30.0 30.0 30.0 30.0 30.0 30.0
79.2 30.0 30.0 29.999970807552582 29.999914203007748 30.0 30.0 30.0 30.0 30.0 30.0 30.0
79.3 30.0 30.0 29.999971428668477 29.999915906952978 30.0 30.0 30.0 30.0 30.0 30.0 30.0
79.4 30.0 30.0 29.999972036569126 29.999917577229713 30.0 30.0 30.0 30.0 30.0 30.0 30.0
79.5 30.0 30.0 29.99997263153569 29.999919214499204 30.0 30.0 30.0 30.0 30.0 30.0 30.0
79.6 30.0 30.0 29.99997321384345 29.999920819409777 30.0 30.0 30.0 30.0 30.0 30.0 30.0
79.7 30.0 30.0 29.99997378376166 29.999922392597473 30.0 30.0 30.0 30.0 30.0 30.0 30.0
79.8 30.0 30.0 29.999974341553987 29.999923934685466 30.0 30.0 30.0 30.0 30.0 30.0 30.0
79.9 30.0 30.0 29.999974887478377 29.99992544628517 30.0 30.0 30.0 30.0 30.0 30.0 30.0
80.0 30.0 30.0 29.999975421787358 29.999926927995684 30.0 30.0 30.0 30.0 30.0 30.0 30.0
80.1 30.0 30.0 29.99997594472804 29.99992838040475 30.0 30.0 30.0 30.0 30.0 30.0 30.0
80.2 30.0 30.0 29.999976456542313 29.9999298040884 30.0 30.0 30.0 30.0 30.0 30.0 30.0
80.3 30.0 30.0 29.999976957466934 29.99993119961141 30.0 30.0 30.0 30.0 30.0 30.0 30.0
80.4 30.0 30.0 29.999977447733635 29.999932567527637 30.0 30.0 30.0 30.0 30.0 30.0 30.0
80.5 30.0 30.0 29.999977927569105 29.99993390838021 30.0 30.0 30.0 30.0 30.0 30.0 30.0
80.6 30.0 30.0 29.999978397195306 29.999935222701513 30.0 30.0 30.0 30.0 30.0 30.0 30.0
80.7 30.0 30.0 29.99997885682945 29.999936511013537 30.0 30.0 30.0 30.0 30.0 30.0 30.0
80.8 30.0 30.0 29.999979306684107 29.99993777382805 30.0 30.0 30.0 30.0 30.0 30.0 30.0
80.9 30.0 30.0 29.999979746967394 29.99993901164677 30.0 30.0 30.0 30.0 30.0 30.0 30.0
81.0 30.0 30.0 29.999980177882986 29.99994022496174 30.0 30.0 30.0 30.0 30.0 30.0 30.0
81.1 30.0 30.0 29.99998059963019 29.99994141425529 30.0 30.0 30.0 30.0 30.0 30.0 30.0
81.2 30.0 30.0 29.999981012403975 29.99994258000051 30.0 30.0 30.0 30.0 30.0 30.0 30.0
81.3 30.0 30.0 29.999981416395425 29.999943722660714 30.0 30.0 30.0 30.0 30.0 30.0 30.0
81.4 30.0 30.0 29.999981811791283 29.999944842690898 30.0 30.0 30.0 30.0 30.0 30.0 30.0
81.5 30.0 30.0 29.999982198774408 29.999945940536666 30.0 30.0 30.0 30.0 30.0 30.0 30.0
81.6 30.0 30.0 29.999982577523898 29.99994701663484 30.0 30.0 30.0 30.0 30.0 30.0 30.0
81.7 30.0 30.0 29.99998294821488 29.99994807141397 30.0 30.0 30.0 30.0 30.0 30.0 30.0
81.8 30.0 30.0 29.999983311018795 29.999949105294167 30.0 30.0 30.0 30.0 30.0 30.0 30.0
81.9 30.0 30.0 29.999983666103525 29.999950118687096 30.0 30.0 30.0 30.0 30.0 30.0 30.0
82.0 30.0 30.0 29.999984013633252 29.99995111199671 30.0 30.0 30.0 30.0 30.0 30.0 30.0
82.1 30.0 30.0 29.999984353768696 29.999952085618826 30.0 30.0 30.0 30.0 30.0 30.0 30.0
82.2 30.0 30.0 29.99998468666727 29.999953039941385 30.0 30.0 30.0 30.0 30.0 30.0 30.0
82.3 30.0 30.0 29.99998501248281 29.999953975345104 30.0 30.0 30.0 30.0 30.0 30.0 30.0
82.4 30.0 30.0 29.999985331366165 29.999954892202844 30.0 30.0 30.0 30.0 30.0 30.0 30.0
82.5 30.0 30.0 29.99998564346479 29.99995579088037 30.0 30.0 30.0 30.0 30.0 30.0 30.0
82.6 30.0 30.0 29.999985948922937 29.99995667173643 30.0 30.0 30.0 30.0 30.0 30.0 30.0
82.7 30.0 30.0 29.99998624788207 29.999957535122306 30.0 30.0 30.0 30.0 30.0 30.0 30.0
82.8 30.0 30.0 29.999986540480354 29.999958381382832 30.0 30.0 30.0 30.0 30.0 30.0 30.0
82.9 30.0 30.0 29.999986826853142 29.99995921085589 30.0 30.0 30.0 30.0 30.0 30.0 30.0
83.0 30.0 30.0 29.9999871071329 29.99996002387271 30.0 30.0 30.0 30.0 30.0 30.0 30.0
83.1 30.0 30.0 29.999987381449177 29.999960820758062 30.0 30.0 30.0 30.0 30.0 30.0 30.0
83.2 30.0 30.0 29.99998764992901 29.99996160183019 30.0 30.0 30.0 30.0 30.0 30.0 30.0
83.3 30.0 30.0 29.999987912696447 29.999962367401572 30.0 30.0 30.0 30.0 30.0 30.0 30.0
83.4 30.0 30.0 29.999988169873102 29.999963117777977 30.0 30.0 30.0 30.0 30.0 30.0 30.0
83.5 30.0 30.0 29.99998842157789 29.9999638532595 30.0 30.0 30.0 30.0 30.0 30.0 30.0
83.6 30.0 30.0 29.9999886679273 29.999964574140222 30.0 30.0 30.0 30.0 30.0 30.0 30.0
83.7 30.0 30.0 29.999988909035217 29.999965280708654 30.0 30.0 30.0 30.0 30.0 30.0 30.0
83.8 30.0 30.0 29.9999891450132 29.999965973247367 30.0 30.0 30.0 30.0 30.0 30.0 30.0
83.9 30.0 30.0 29.99998937597038 29.999966652033542 30.0 30.0 30.0 30.0 30.0 30.0 30.0
84.0 30.0 30.0 29.99998960201358 29.999967317338864 30.0 30.0 30.0 30.0 30.0 30.0 30.0
84.1 30.0 30.0 29.999989823247294 29.9999679694298 30.0 30.0 30.0 30.0 30.0 30.0 30.0
84.2 30.0 30.0 29.999990039773987 29.999968608567322 30.0 30.0 30.0 30.0 30.0 30.0 30.0
84.3 30.0 30.0 29.999990251693703 29.999969235007608 30.0 30.0 30.0 30.0 30.0 30.0 30.0
84.4 30.0 30.0 29.999990459104456 29.99996984900155 30.0 30.0 30.0 30.0 30.0 30.0 30.0
84.5 30.0 30.0 29.99999066210222 29.99997045079522 30.0 30.0 30.0 30.0 30.0 30.0 30.0
84.6 30.0 30.0 29.999990860780855 29.999971040629834 30.0 30.0 30.0 30.0 30.0 30.0 30.0
84.7 30.0 30.0 29.99999105523237 29.999971618741736 30.0 30.0 30.0 30.0 30.0 30.0 30.0
84.8 30.0 30.0 29.999991245546557 29.99997218536299 30.0 30.0 30.0 30.0 30.0 30.0 30.0
84.9 30.0 30.0 29.999991431811555 29.999972740720548 30.0 30.0 30.0 30.0 30.0 30.0 30.0
85.0 30.0 30.0 29.999991614113476 29.999973285037445 30.0 30.0 30.0 30.0 30.0 30.0 30.0
85.1 30.0 30.0 29.9999917925366 29.999973818532023 30.0 30.0 30.0 30.0 30.0 30.0 30.0
85.2 30.0 30.0 29.999991967163453 29.99997434141847 30.0 30.0 30.0 30.0 30.0 30.0 30.0
85.3 30.0 30.0 29.999992138074827 29.999974853906583 30.0 30.0 30.0 30.0 30.0 30.0 30.0
85.4 30.0 30.0 29.999992305349867 29.999975356202025 30.0 30.0 30.0 30.0 30.0 30.0 30.0
85.5 30.0 30.0 29.99999246906578 29.999975848506793 30.0 30.0 30.0 30.0 30.0 30.0 30.0
85.6 30.0 30.0 29.99999262929843 29.99997633101849 30.0 30.0 30.0 30.0 30.0 30.0 30.0
85.7 30.0 30.0 29.999992786121826 29.99997680393103 30.0 30.0 30.0 30.0 30.0 30.0 30.0
85.8 30.0 30.0 29.99999293960864 29.999977267434367 30.0 30.0 30.0 30.0 30.0 30.0 30.0
85.9 30.0 30.0 29.999993089829683 29.99997772171497 30.0 30.0 30.0 30.0 30.0 30.0 30.0
86.0 30.0 30.0 29.999993236854632 29.999978166955238 30.0 30.0 30.0 30.0 30.0 30.0 30.0
86.1 30.0 30.0 29.999993380751302 29.999978603334448 30.0 30.0 30.0 30.0 30.0 30.0 30.0
86.2 30.0 30.0 29.99999352158636 29.999979031027994 30.0 30.0 30.0 30.0 30.0 30.0 30.0
86.3 30.0 30.0 29.99999365942493 29.999979450207956 30.0 30.0 30.0 30.0 30.0 30.0 30.0
86.4 30.0 30.0 29.999993794330763 29.999979861042945 30.0 30.0 30.0 30.0 30.0 30.0 30.0
86.5 30.0 30.0 29.99999392636627 29.9999802636983 30.0 30.0 30.0 30.0 30.0 30.0 30.0
86.6 30.0 30.0 29.999994055592502 29.99998065833626 30.0 30.0 30.0 30.0 30.0 30.0 30.0
86.7 30.0 30.0 29.99999418206925 29.999981045115575 30.0 30.0 30.0 30.0 30.0 30.0 30.0
86.8 30.0 30.0 29.99999430585506 29.99998142419197 30.0 30.0 30.0 30.0 30.0 30.0 30.0
86.9 30.0 30.0 29.99999442700711 29.999981795718245 30.0 30.0 30.0 30.0 30.0 30.0 30.0
87.0 30.0 30.0 29.999994545581416 29.999982159844105 30.0 30.0 30.0 30.0 30.0 30.0 30.0
87.1 30.0 30.0 29.999994661632844 29.99998251671622 30.0 30.0 30.0 30.0 30.0 30.0 30.0
87.2 30.0 30.0 29.99999477521509 29.99998286647839 30.0 30.0 30.0 30.0 30.0 30.0 30.0
87.3 30.0 30.0 29.99999488638069 29.99998320927159 30.0 30.0 30.0 30.0 30.0 30.0 30.0
87.4 30.0 30.0 29.999994995181126 29.99998354523402 30.0 30.0 30.0 30.0 30.0 30.0 30.0
87.5 30.0 30.0 29.999995101666602 29.99998387450132 30.0 30.0 30.0 30.0 30.0 30.0 30.0
87.6 30.0 30.0 29.99999520588647 29.999984197206196 30.0 30.0 30.0 30.0 30.0 30.0 30.0
87.7 30.0 30.0 29.999995307888913 29.99998451347883 30.0 30.0 30.0 30.0 30.0 30.0 30.0
87.8 30.0 30.0 29.999995407721052 29.999984823446933 30.0 30.0 30.0 30.0 30.0 30.0 30.0
87.9 30.0 30.0 29.99999550542913 29.999985127235465 30.0 30.0 30.0 30.0 30.0 30.0 30.0
88.0 30.0 30.0 29.999995601058338 29.999985424967228 30.0 30.0 30.0 30.0 30.0 30.0 30.0
88.1 30.0 30.0 29.999995694652892 29.999985716762367 30.0 30.0 30.0 30.0 30.0 30.0 30.0
88.2 30.0 30.0 29.999995786256036 29.99998600273869 30.0 30.0 30.0 30.0 30.0 30.0 30.0
88.3 30.0 30.0 29.99999587591015 29.99998628301173 30.0 30.0 30.0 30.0 30.0 30.0 30.0
88.4 30.0 30.0 29.99999596365675 29.999986557694754 30.0 30.0 30.0 30.0 30.0 30.0 30.0
88.5 30.0 30.0 29.999996049536367 29.999986826898724 30.0 30.0 30.0 30.0 30.0 30.0 30.0
88.6 30.0 30.0 29.999996133588773 29.999987090732468 30.0 30.0 30.0 30.0 30.0 30.0 30.0
88.7 30.0 30.0 29.99999621585286 29.999987349302568 30.0 30.0 30.0 30.0 30.0 30.0 30.0
88.8 30.0 30.0 29.99999629636665 29.99998760271366 30.0 30.0 30.0 30.0 30.0 30.0 30.0
88.9 30.0 30.0 29.999996375167402 29.999987851068145 30.0 30.0 30.0 30.0 30.0 30.0 30.0
89.0 30.0 30.0 29.999996452291487 29.999988094466573 30.0 30.0 30.0 30.0 30.0 30.0 30.0
89.1 30.0 30.0 29.999996527774613 29.999988333007327 30.0 30.0 30.0 30.0 30.0 30.0 30.0
89.2 30.0 30.0 29.999996601651706 29.99998856678702 30.0 30.0 30.0 30.0 30.0 30.0 30.0
89.3 30.0 30.0 29.999996673957018 29.99998879590011 30.0 30.0 30.0 30.0 30.0 30.0 30.0
89.4 30.0 30.0 29.99999674472393 29.999989020439543 30.0 30.0 30.0 30.0 30.0 30.0 30.0
89.5 30.0 30.0 29.999996813985145 29.999989240496134 30.0 30.0 30.0 30.0 30.0 30.0 30.0
89.6 30.0 30.0 29.999996881772688 29.999989456159 30.0 30.0 30.0 30.0 30.0 30.0 30.0
89.7 30.0 30.0 29.999996948117907 29.999989667515464 30.0 30.0 30.0 30.0 30.0 30.0 30.0
89.8 30.0 30.0 29.999997013051477 29.999989874651178 30.0 30.0 30.0 30.0 30.0 30.0 30.0
89.9 30.0 30.0 29.99999707660348 29.99999007765006 30.0 30.0 30.0 30.0 30.0 30.0 30.0
90.0 30.0 30.0 29.999997138803437 29.99999027659425 30.0 30.0 30.0 30.0 30.0 30.0 30.0
90.1 30.0 30.0 29.99999719967998 29.99999047156465 30.0 30.0 30.0 30.0 30.0 30.0 30.0
90.2 30.0 30.0 29.999997259261175 29.999990662640204 30.0 30.0 30.0 30.0 30.0 30.0 30.0
90.3 30.0 30.0 29.999997317574685 29.999990849898253 30.0 30.0 30.0 30.0 30.0 30.0 30.0
90.4 30.0 30.0 29.999997374647606 29.999991033414762 30.0 30.0 30.0 30.0 30.0 30.0 30.0
90.5 30.0 30.0 29.999997430506255 29.999991213264273 30.0 30.0 30.0 30.0 30.0 30.0 30.0
90.6 30.0 30.0 29.99999748517637 29.999991389519852 30.0 30.0 30.0 30.0 30.0 30.0 30.0
90.7 30.0 30.0 29.999997538683296 29.99999156225284 30.0 30.0 30.0 30.0 30.0 30.0 30.0
90.8 30.0 30.0 29.99999759105181 29.999991731533317 30.0 30.0 30.0 30.0 30.0 30.0 30.0
90.9 30.0 30.0 29.99999764230609 29.999991897430128 30.0 30.0 30.0 30.0 30.0 30.0 30.0
91.0 30.0 30.0 29.999997692469755 29.999992060010694 30.0 30.0 30.0 30.0 30.0 30.0 30.0
91.1 30.0 30.0 29.999997741566215 29.999992219340704 30.0 30.0 30.0 30.0 30.0 30.0 30.0
91.2 30.0 30.0 29.999997789617915 29.999992375485437 30.0 30.0 30.0 30.0 30.0 30.0 30.0
91.3 30.0 30.0 29.999997836647307 29.99999252850765 30.0 30.0 30.0 30.0 30.0 30.0 30.0
91.4 30.0 30.0 29.99999788267606 29.99999267846991 30.0 30.0 30.0 30.0 30.0 30.0 30.0
91.5 30.0 30.0 29.99999792772546 29.999992825433193 30.0 30.0 30.0 30.0 30.0 30.0 30.0
91.6 30.0 30.0 29.99999797181641 29.99999296945703 30.0 30.0 30.0 30.0 30.0 30.0 30.0
91.7 30.0 30.0 29.999998014969222 29.99999311060006 30.0 30.0 30.0 30.0 30.0 30.0 30.0
91.8 30.0 30.0 29.999998057203836 29.99999324891988 30.0 30.0 30.0 30.0 30.0 30.0 30.0
91.9 30.0 30.0 29.999998098539983 29.99999338447224 30.0 30.0 30.0 30.0 30.0 30.0 30.0
92.0 30.0 30.0 29.999998138996627 29.99999351731273 30.0 30.0 30.0 30.0 30.0 30.0 30.0
92.1 30.0 30.0 29.99999817859235 29.999993647495373 30.0 30.0 30.0 30.0 30.0 30.0 30.0
92.2 30.0 30.0 29.999998217345727 29.999993775072717 30.0 30.0 30.0 30.0 30.0 30.0 30.0
92.3 30.0 30.0 29.99999825527456 29.999993900097127 30.0 30.0 30.0 30.0 30.0 30.0 30.0
92.4 30.0 30.0 29.999998292396455 29.99999402261918 30.0 30.0 30.0 30.0 30.0 30.0 30.0
92.5 30.0 30.0 29.999998328728445 29.999994142689133 30.0 30.0 30.0 30.0 30.0 30.0 30.0
92.6 30.0 30.0 29.999998364287368 29.999994260355603 30.0 30.0 30.0 30.0 30.0 30.0 30.0
92.7 30.0 30.0 29.999998399089858 29.999994375666475 30.0 30.0 30.0 30.0 30.0 30.0 30.0
92.8 30.0 30.0 29.99999843315179 29.999994488668918 30.0 30.0 30.0 30.0 30.0 30.0 30.0
92.9 30.0 30.0 29.99999846648903 29.99999459940871 30.0 30.0 30.0 30.0 30.0 30.0 30.0
93.0 30.0 30.0 29.99999849911686 29.99999470793123 30.0 30.0 30.0 30.0 30.0 30.0 30.0
93.1 30.0 30.0 29.999998531050576 29.999994814280434 30.0 30.0 30.0 30.0 30.0 30.0 30.0
93.2 30.0 30.0 29.999998562304874 29.999994918499922 30.0 30.0 30.0 30.0 30.0 30.0 30.0
93.3 30.0 30.0 29.999998592894084 29.999995020632216 30.0 30.0 30.0 30.0 30.0 30.0 30.0
93.4 30.0 30.0 29.99999862283252 29.999995120718584 30.0 30.0 30.0 30.0 30.0 30.0 30.0
93.5 30.0 30.0 29.999998652133925 29.999995218800304 30.0 30.0 30.0 30.0 30.0 30.0 30.0
93.6 30.0 30.0 29.999998680811842 29.99999531491701 30.0 30.0 30.0 30.0 30.0 30.0 30.0
93.7 30.0 30.0 29.999998708879623 29.99999540910802 30.0 30.0 30.0 30.0 30.0 30.0 30.0
93.8 30.0 30.0 29.999998736350232 29.999995501411895 30.0 30.0 30.0 30.0 30.0 30.0 30.0
93.9 30.0 30.0 29.999998763236444 29.99999559186612 30.0 30.0 30.0 30.0 30.0 30.0 30.0
94.0 30.0 30.0 29.99999878955064 29.99999568050766 30.0 30.0 30.0 30.0 30.0 30.0 30.0
94.1 30.0 30.0 29.99999881530482 29.999995767372965 30.0 30.0 30.0 30.0 30.0 30.0 30.0
94.2 30.0 30.0 29.99999884051118 29.999995852497022 30.0 30.0 30.0 30.0 30.0 30.0 30.0
94.3 30.0 30.0 29.999998865181126 29.999995935915162 30.0 30.0 30.0 30.0 30.0 30.0 30.0
94.4 30.0 30.0 29.999998889326275 29.99999601766095 30.0 30.0 30.0 30.0 30.0 30.0 30.0
94.5 30.0 30.0 29.999998912957654 29.999996097768108 30.0 30.0 30.0 30.0 30.0 30.0 30.0
94.6 30.0 30.0 29.9999989360863 29.999996176269118 30.0 30.0 30.0 30.0 30.0 30.0 30.0
94.7 30.0 30.0 29.99999895872285 29.999996253196265 30.0 30.0 30.0 30.0 30.0 30.0 30.0
94.8 30.0 30.0 29.999998980877752 29.99999632858077 30.0 30.0 30.0 30.0 30.0 30.0 30.0
94.9 30.0 30.0 29.999999002561268 29.99999640245369 30.0 30.0 30.0 30.0 30.0 30.0 30.0
95.0 30.0 30.0 29.999999023783456 29.999996474844963 30.0 30.0 30.0 30.0 30.0 30.0 30.0
95.1 30.0 30.0 29.99999904455399 29.999996545784576 30.0 30.0 30.0 30.0 30.0 30.0 30.0
95.2 30.0 30.0 29.99999906488255 29.999996615301235 30.0 30.0 30.0 30.0 30.0 30.0 30.0
95.3 30.0 30.0 29.999999084778622 29.999996683423454 30.0 30.0 30.0 30.0 30.0 30.0 30.0
95.4 30.0 30.0 29.999999104251483 29.999996750178823 30.0 30.0 30.0 30.0 30.0 30.0 30.0
95.5 30.0 30.0 29.99999912331004 29.999996815595168 30.0 30.0 30.0 30.0 30.0 30.0 30.0
95.6 30.0 30.0 29.999999141963002 29.999996879699044 30.0 30.0 30.0 30.0 30.0 30.0 30.0
95.7 30.0 30.0 29.999999160219076 29.999996942516653 30.0 30.0 30.0 30.0 30.0 30.0 30.0
95.8 30.0 30.0 29.999999178086778 29.999997004073624 30.0 30.0 30.0 30.0 30.0 30.0 30.0
95.9 30.0 30.0 29.999999195574233 29.999997064395426 30.0 30.0 30.0 30.0 30.0 30.0 30.0
96.0 30.0 30.0 29.99999921268976 29.99999712350626 30.0 30.0 30.0 30.0 30.0 30.0 30.0
96.1 30.0 30.0 29.999999229441105 29.99999718143087 30.0 30.0 30.0 30.0 30.0 30.0 30.0
96.2 30.0 30.0 29.999999245836005 29.999997238192762 30.0 30.0 30.0 30.0 30.0 30.0 30.0
96.3 30.0 30.0 29.999999261882007 29.999997293815255 30.0 30.0 30.0 30.0 30.0 30.0 30.0
96.4 30.0 30.0 29.99999927758666 29.999997348320928 30.0 30.0 30.0 30.0 30.0 30.0 30.0
96.5 30.0 30.0 29.99999929295712 29.99999740173238 30.0 30.0 30.0 30.0 30.0 30.0 30.0
96.6 30.0 30.0 29.99999930800055 29.999997454071476 30.0 30.0 30.0 30.0 30.0 30.0 30.0
96.7 30.0 30.0 29.999999322723912 29.99999750535954 30.0 30.0 30.0 30.0 30.0 30.0 30.0
96.8 30.0 30.0 29.999999337133985 29.99999755561773 30.0 30.0 30.0 30.0 30.0 30.0 30.0
96.9 30.0 30.0 29.99999935123754 29.999997604866472 30.0 30.0 30.0 30.0 30.0 30.0 30.0
97.0 30.0 30.0 29.99999936504096 29.999997653126197 30.0 30.0 30.0 30.0 30.0 30.0 30.0
97.1 30.0 30.0 29.999999378550633 29.999997700416625 30.0 30.0 30.0 30.0 30.0 30.0 30.0
97.2 30.0 30.0 29.999999391772946 29.999997746756915 30.0 30.0 30.0 30.0 30.0 30.0 30.0
97.3 30.0 30.0 29.999999404713893 29.999997792166425 30.0 30.0 30.0 30.0 30.0 30.0 30.0
97.4 30.0 30.0 29.999999417379478 29.999997836663606 30.0 30.0 30.0 30.0 30.0 30.0 30.0
97.5 30.0 30.0 29.9999994297757 29.999997880266527 30.0 30.0 30.0 30.0 30.0 30.0 30.0
97.6 30.0 30.0 29.999999441908162 29.999997922993472 30.0 30.0 30.0 30.0 30.0 30.0 30.0
97.7 30.0 30.0 29.999999453782486 29.999997964861805 30.0 30.0 30.0 30.0 30.0 30.0 30.0
97.8 30.0 30.0 29.999999465404088 29.99999800588893 30.0 30.0 30.0 30.0 30.0 30.0 30.0
97.9 30.0 30.0 29.999999476778385 29.99999804609148 30.0 30.0 30.0 30.0 30.0 30.0 30.0
98.0 30.0 30.0 29.99999948791079 29.999998085485924 30.0 30.0 30.0 30.0 30.0 30.0 30.0
98.1 30.0 30.0 29.999999498806346 29.99999812408851 30.0 30.0 30.0 30.0 30.0 30.0 30.0
98.2 30.0 30.0 29.999999509470076 29.999998161915215 30.0 30.0 30.0 30.0 30.0 30.0 30.0
98.3 30.0 30.0 29.999999519906815 29.999998198981594 30.0 30.0 30.0 30.0 30.0 30.0 30.0
98.4 30.0 30.0 29.999999530121602 29.99999823530249 30.0 30.0 30.0 30.0 30.0 30.0 30.0
98.5 30.0 30.0 29.999999540119077 29.99999827089329 30.0 30.0 30.0 30.0 30.0 30.0 30.0
98.6 30.0 30.0 29.99999954990369 29.999998305768475 30.0 30.0 30.0 30.0 30.0 30.0 30.0
98.7 30.0 30.0 29.999999559480287 29.9999983399422 30.0 30.0 30.0 30.0 30.0 30.0 30.0
98.8 30.0 30.0 29.999999568853113 29.99999837342871 30.0 30.0 30.0 30.0 30.0 30.0 30.0
98.9 30.0 30.0 29.99999957802643 29.999998406241826 30.0 30.0 30.0 30.0 30.0 30.0 30.0
99.0 30.0 30.0 29.9999995870045 29.99999843839514 30.0 30.0 30.0 30.0 30.0 30.0 30.0
99.1 30.0 30.0 29.99999959579157 29.999998469901488 30.0 30.0 30.0 30.0 30.0 30.0 30.0
99.2 30.0 30.0 29.999999604391714 29.999998500774097 30.0 30.0 30.0 30.0 30.0 30.0 30.0
99.3 30.0 30.0 29.999999612808992 29.999998531025636 30.0 30.0 30.0 30.0 30.0 30.0 30.0
99.4 30.0 30.0 29.999999621047078 29.999998560668608 30.0 30.0 30.0 30.0 30.0 30.0 30.0
99.5 30.0 30.0 29.999999629109844 29.999998589715183 30.0 30.0 30.0 30.0 30.0 30.0 30.0
99.6 30.0 30.0 29.999999637001164 29.99999861817712 30.0 30.0 30.0 30.0 30.0 30.0 30.0
99.7 30.0 30.0 29.999999644724515 29.999998646066565 30.0 30.0 30.0 30.0 30.0 30.0 30.0
99.8 30.0 30.0 29.999999652283577 29.999998673394767 30.0 30.0 30.0 30.0 30.0 30.0 30.0
99.9 30.0 30.0 29.999999659681833 29.99999870017295 30.0 30.0 30.0 30.0 30.0 30.0 30.0
