0.0 30.0 30.0 30.0 30.0 30.0 30.0 30.0 30.0 30.0 30.0 30.0
0.1 30.0 30.0 30.0 30.0 30.0 30.0 30.0 30.0 30.0 30.0 30.0
0.2 30.0 30.0 30.0 30.0 30.0 30.0 30.0 30.0 30.0 30.0 30.0
0.3 30.0 30.0 30.0 30.0 30.0 30.0 30.0 30.0 30.0 30.0 30.0
0.4 30.0 30.0 30.0 30.0 30.0 30.0 30.0 30.0 30.0 30.0 30.0
0.5 30.0 30.0 30.0 30.0 30.0 30.0 30.0 30.0 30.0 30.0 30.0
0.6 30.0 30.0 30.0 30.0 30.0 30.0 30.0 30.0 30.0 30.0 30.0
0.7 30.0 30.0 30.0 30.0 30.0 30.0 30.0 30.0 30.0 30.0 30.0
0.8 30.0 30.0 30.0 30.0 30.0 30.0 30.0 30.0 30.0 30.0 30.0
0.9 30.0 30.0 30.0 30.0 30.0 30.0 30.0 30.0 30.0 30.0 30.0
1.0 30.0 30.0 30.0 30.0 30.0 30.0 30.0 30.0 30.0 30.0 30.0
1.1 30.0 30.0 30.0 30.0 30.0 30.0 30.0 30.0 30.0 30.0 30.0
1.2 30.0 30.0 30.0 30.0 30.0 30.0 30.0 30.0 30.0 30.0 30.0
1.3 30.0 30.0 30.0 30.0 30.0 30.0 30.0 30.0 30.0 30.0 30.0
1.4 30.0 30.0 30.0 30.0 30.0 30.0 30.0 30.0 30.0 30.0 30.0
1.5 30.0 30.0 30.0 30.0 30.0 30.0 30.0 30.0 30.0 30.0 30.0
1.6 30.0 30.0 30.0 30.0 30.0 30.0 30.0 30.0 30.0 30.0 30.0
1.7 30.0 30.0 30.0 30.0 30.0 30.0 30.0 30.0 30.0 30.0 30.0
1.8 30.0 30.0 30.0 30.0 30.0 30.0 30.0 30.0 30.0 30.0 30.0
1.9 30.0 30.0 30.0 30.0 30.0 30.0 30.0 30.0 30.0 30.0 30.0
2.0 30.0 30.0 30.0 30.0 30.0 30.0 30.0 30.0 30.0 30.0 30.0
2.1 30.0 30.0 30.0 30.0 30.0 30.0 30.0 30.0 30.0 30.0 30.0
2.2 30.0 30.0 30.0 30.0 30.0 30.0 30.0 30.0 30.0 30.0 30.0
2.3 30.0 30.0 30.0 30.0 30.0 30.0 30.0 30.0 30.0 30.0 30.0
2.4 30.0 30.0 30.0 30.0 30.0 30.0 30.0 30.0 30.0 30.0 30.0
2.5 30.0 30.0 30.0 30.0 30.0 30.0 30.0 30.0 30.0 30.0 30.0
2.6 30.0 30.0 30.0 30.0 30.0 30.0 30.0 30.0 30.0 30.0 30.0
2.7 30.0 30.0 30.0 30.0 30.0 30.0 30.0 30.0 30.0 30.0 30.0
2.8 30.0 30.0 30.0 30.0 30.0 30.0 30.0 30.0 30.0 30.0 30.0
2.9 30.0 30.0 30.0 30.0 30.0 30.0 30.0 30.0 30.0 30.0 30.0
3.0 30.0 30.0 30.0 30.0 30.0 30.0 30.0 30.0 30.0 30.0 30.0
3.1 30.0 30.0 30.0 30.0 30.0 30.0 30.0 30.0 30.0 30.0 30.0
3.2 30.0 30.0 30.0 30.0 30.0 30.0 30.0 30.0 30.0 30.0 30.0
3.3 30.0 30.0 30.0 30.0 30.0 30.0 30.0 30.0 30.0 30.0 30.0
3.4 30.0 30.0 30.0 30.0 30.0 30.0 30.0 30.0 30.0 30.0 30.0
3.5 30.0 30.0 30.0 30.0 30.0 30.0 30.0 30.0 30.0 30.0 30.0
3.6 30.0 30.0 30.0 30.0 30.0 30.0 30.0 30.0 30.0 30.0 30.0
3.7 30.0 30.0 30.0 30.0 30.0 30.0 30.0 30.0 30.0 30.0 30.0
3.8 30.0 30.0 30.0 30.0 30.0 30.0 30.0 30.0 30.0 30.0 30.0
3.9 30.0 30.0 30.0 30.0 30.0 30.0 30.0 30.0 30.0 30.0 30.0
4.0 30.0 30.0 30.0 30.0 30.0 30.0 30.0 30.0 30.0 30.0 30.0
4.1 30.0 30.0 30.0 30.0 30.0 30.0 30.0 30.0 30.0 30.0 30.0
4.2 30.0 30.0 30.0 30.0 30.0 30.0 30.0 30.0 30.0 30.0 30.0
4.3 30.0 30.0 30.0 30.0 30.0 30.0 30.0 30.0 30.0 30.0 30.0
4.4 30.0 30.0 30.0 30.0 30.0 30.0 30.0 30.0 30.0 30.0 30.0
4.5 30.0 30.0 30.0 30.0 30.0 30.0 30.0 30.0 30.0 30.0 30.0
4.6 30.0 30.0 30.0 30.0 30.0 30.0 30.0 30.0 30.0 30.0 30.0
4.7 30.0 30.0 30.0 30.0 30.0 30.0 30.0 30.0 30.0 30.0 30.0
4.8 30.0 30.0 30.0 30.0 30.0 30.0 30.0 30.0 30.0 30.0 30.0
4.9 30.0 30.0 30.0 30.0 30.0 30.0 30.0 30.0 30.0 30.0 30.0
5.0 30.0 30.0 30.0 30.0 30.0 30.0 30.0 30.0 30.0 30.0 30.0
5.1 30.0 30.0 30.0 30.0 30.0 30.0 30.0 30.0 30.0 30.0 30.0
5.2 30.0 30.0 30.0 30.0 30.0 30.0 30.0 30.0 30.0 30.0 30.0
5.3 30.0 30.0 30.0 30.0 30.0 30.0 30.0 30.0 30.0 30.0 30.0
5.4 30.0 30.0 30.0 30.0 30.0 30.0 30.0 30.0 30.0 30.0 30.0
5.5 30.0 30.0 30.0 30.0 30.0 30.0 30.0 30.0 30.0 30.0 30.0
5.6 30.0 30.0 30.0 30.0 30.0 30.0 30.0 30.0 30.0 30.0 30.0
5.7 30.0 30.0 30.0 30.0 30.0 30.0 30.0 30.0 30.0 30.0 30.0
5.8 30.0 30.0 30.0 30.0 30.0 30.0 30.0 30.0 30.0 30.0 30.0
5.9 30.0 30.0 30.0 30.0 30.0 30.0 30.0 30.0 30.0 30.0 30.0
6.0 30.0 30.0 30.0 30.0 30.0 30.0 30.0 30.0 30.0 30.0 30.0
6.1 30.0 30.0 30.0 30.0 30.0 30.0 30.0 30.0 30.0 30.0 30.0
6.2 30.0 30.0 30.0 30.0 30.0 30.0 30.0 30.0 30.0 30.0 30.0
6.3 30.0 30.0 30.0 30.0 30.0 30.0 30.0 30.0 30.0 30.0 30.0
6.4 30.0 30.0 30.0 30.0 30.0 30.0 30.0 30.0 30.0 30.0 30.0
6.5 30.0 30.0 30.0 30.0 30.0 30.0 30.0 30.0 30.0 30.0 30.0
6.6 30.0 30.0 30.0 30.0 30.0 30.0 30.0 30.0 30.0 30.0 30.0
6.7 30.0 30.0 30.0 30.0 30.0 30.0 30.0 30.0 30.0 30.0 30.0
6.8 30.0 30.0 30.0 30.0 30.0 30.0 30.0 30.0 30.0 30.0 30.0
6.9 30.0 30.0 30.0 30.0 30.0 30.0 30.0 30.0 30.0 30.0 30.0
7.0 30.0 30.0 30.0 30.0 30.0 30.0 30.0 30.0 30.0 30.0 30.0
7.1 30.0 30.0 30.0 30.0 30.0 30.0 30.0 30.0 30.0 30.0 30.0
7.2 30.0 30.0 30.0 30.0 30.0 30.0 30.0 30.0 30.0 30.0 30.0
7.3 30.0 30.0 30.0 30.0 30.0 30.0 30.0 30.0 30.0 30.0 30.0
7.4 30.0 30.0 30.0 30.0 30.0 30.0 30.0 30.0 30.0 30.0 30.0
7.5 30.0 30.0 30.0 30.0 30.0 30.0 30.0 30.0 30.0 30.0 30.0
7.6 30.0 30.0 30.0 30.0 30.0 30.0 30.0 30.0 30.0 30.0 30.0
7.7 30.0 30.0 30.0 30.0 30.0 30.0 30.0 30.0 30.0 30.0 30.0
7.8 30.0 30.0 30.0 30.0 30.0 30.0 30.0 30.0 30.0 30.0 30.0
7.9 30.0 30.0 30.0 30.0 30.0 30.0 30.0 30.0 30.0 30.0 30.0
8.0 30.0 30.0 30.0 30.0 30.0 30.0 30.0 30.0 30.0 30.0 30.0
8.1 30.0 30.0 30.0 30.0 30.0 30.0 30.0 30.0 30.0 30.0 30.0
8.2 30.0 30.0 30.0 30.0 30.0 30.0 30.0 30.0 30.0 30.0 30.0
8.3 30.0 30.0 30.0 30.0 30.0 30.0 30.0 30.0 30.0 30.0 30.0
8.4 30.0 30.0 30.0 30.0 30.0 30.0 30.0 30.0 30.0 30.0 30.0
8.5 30.0 30.0 30.0 30.0 30.0 30.0 30.0 30.0 30.0 30.0 30.0
8.6 30.0 30.0 30.0 30.0 30.0 30.0 30.0 30.0 30.0 30.0 30.0
8.7 30.0 30.0 30.0 30.0 30.0 30.0 30.0 30.0 30.0 30.0 30.0
8.8 30.0 30.0 30.0 30.0 30.0 30.0 30.0 30.0 30.0 30.0 30.0
8.9 30.0 30.0 30.0 30.0 30.0 30.0 30.0 30.0 30.0 30.0 30.0
9.0 30.0 30.0 30.0 30.0 30.0 30.0 30.0 30.0 30.0 30.0 30.0
9.1 30.0 30.0 30.0 30.0 30.0 30.0 30.0 30.0 30.0 30.0 30.0
9.2 30.0 30.0 30.0 30.0 30.0 30.0 30.0 30.0 30.0 30.0 30.0
9.3 30.0 30.0 30.0 30.0 30.0 30.0 30.0 30.0 30.0 30.0 30.0
9.4 30.0 30.0 30.0 30.0 30.0 30.0 30.0 30.0 30.0 30.0 30.0
9.5 30.0 30.0 30.0 30.0 30.0 30.0 30.0 30.0 30.0 30.0 30.0
9.6 30.0 30.0 30.0 30.0 30.0 30.0 30.0 30.0 30.0 30.0 30.0
9.7 30.0 30.0 30.0 30.0 30.0 30.0 30.0 30.0 30.0 30.0 30.0
9.8 30.0 30.0 30.0 30.0 30.0 30.0 30.0 30.0 30.0 30.0 30.0
9.9 30.0 30.0 30.0 30.0 30.0 30.0 30.0 30.0 30.0 30.0 30.0
10.0 30.0 30.0 30.0 30.0 30.0 30.0 30.0 30.0 30.0 30.0 30.0
10.1 30.0 30.0 30.0 30.0 30.0 30.0 30.0 30.0 30.0 30.0 30.0
10.2 30.0 30.0 30.0 30.0 30.0 30.0 30.0 30.0 30.0 30.0 30.0
10.3 30.0 30.0 30.0 30.0 30.0 30.0 30.0 30.0 30.0 30.0 30.0
10.4 30.0 30.0 30.0 30.0 30.0 30.0 30.0 30.0 30.0 30.0 30.0
10.5 30.0 30.0 30.0 30.0 30.0 30.0 30.0 30.0 30.0 30.0 30.0
10.6 30.0 30.0 30.0 30.0 30.0 30.0 30.0 30.0 30.0 30.0 30.0
10.7 30.0 30.0 30.0 30.0 30.0 30.0 30.0 30.0 30.0 30.0 30.0
10.8 30.0 30.0 30.0 30.0 30.0 30.0 30.0 30.0 30.0 30.0 30.0
10.9 30.0 30.0 30.0 30.0 30.0 30.0 30.0 30.0 30.0 30.0 30.0
11.0 30.0 30.0 30.0 30.0 30.0 30.0 30.0 30.0 30.0 30.0 30.0
11.1 30.0 30.0 30.0 30.0 30.0 30.0 30.0 30.0 30.0 30.0 30.0
11.2 30.0 30.0 30.0 30.0 30.0 30.0 30.0 30.0 30.0 30.0 30.0
11.3 30.0 30.0 30.0 30.0 30.0 30.0 30.0 30.0 30.0 30.0 30.0
11.4 30.0 30.0 30.0 30.0 30.0 30.0 30.0 30.0 30.0 30.0 30.0
11.5 30.0 30.0 30.0 30.0 30.0 30.0 30.0 30.0 30.0 30.0 30.0
11.6 30.0 30.0 30.0 30.0 30.0 30.0 30.0 30.0 30.0 30.0 30.0
11.7 30.0 30.0 30.0 30.0 30.0 30.0 30.0 30.0 30.0 30.0 30.0
11.8 30.0 30.0 30.0 30.0 30.0 30.0 30.0 30.0 30.0 30.0 30.0
11.9 30.0 30.0 30.0 30.0 30.0 30.0 30.0 30.0 30.0 30.0 30.0
12.0 30.0 30.0 30.0 30.0 30.0 30.0 30.0 30.0 30.0 30.0 30.0
12.1 30.0 30.0 30.0 30.0 30.0 30.0 30.0 30.0 30.0 30.0 30.0
12.2 30.0 30.0 30.0 30.0 30.0 30.0 30.0 30.0 30.0 30.0 30.0
12.3 30.0 30.0 30.0 30.0 30.0 30.0 30.0 30.0 30.0 30.0 30.0
12.4 30.0 30.0 30.0 30.0 30.0 30.0 30.0 30.0 30.0 30.0 30.0
12.5 30.0 30.0 30.0 30.0 30.0 30.0 30.0 30.0 30.0 30.0 30.0
12.6 30.0 30.0 30.0 30.0 30.0 30.0 30.0 30.0 30.0 30.0 30.0
12.7 30.0 30.0 30.0 30.0 30.0 30.0 30.0 30.0 30.0 30.0 30.0
12.8 30.0 30.0 30.0 30.0 30.0 30.0 30.0 30.0 30.0 30.0 30.0
12.9 30.0 30.0 30.0 30.0 30.0 30.0 30.0 30.0 30.0 30.0 30.0
13.0 30.0 30.0 30.0 30.0 30.0 30.0 30.0 30.0 30.0 30.0 30.0
13.1 30.0 30.0 30.0 30.0 30.0 30.0 30.0 30.0 30.0 30.0 30.0
13.2 30.0 29.856834745205706 30.0 30.0 30.0 30.0 30.0 30.0 30.0 30.0 30.0
13.3 30.0 29.714175943269158 30.0 30.0 30.0 30.0 30.0 30.0 30.0 30.0 30.0
13.4 30.0 29.57399922705587 30.0 30.0 30.0 30.0 30.0 30.0 30.0 30.0 30.0
13.5 30.0 29.43438774503703 30.0 30.0 30.0 30.0 30.0 30.0 30.0 30.0 30.0
13.6 30.0 29.297811295235967 30.0 30.0 30.0 30.0 30.0 30.0 30.0 30.0 30.0
13.7 30.0 29.16420389869142 30.0 30.0 30.0 30.0 30.0 30.0 30.0 30.0 30.0
13.8 30.0 29.033501010767452 30.0 30.0 30.0 30.0 30.0 30.0 30.0 30.0 30.0
13.9 30.0 28.905639489972245 30.0 30.0 30.0 30.0 30.0 30.0 30.0 30.0 30.0
14.0 30.0 28.78012551339865 30.0 30.0 30.0 30.0 30.0 30.0 30.0 30.0 30.0
14.1 30.0 28.655053192082843 30.0 30.0 30.0 30.0 30.0 30.0 30.0 30.0 30.0
14.2 30.0 28.532760255685172 30.0 30.0 30.0 30.0 30.0 30.0 30.0 30.0 30.0
14.3 30.0 28.413184940096354 30.0 30.0 30.0 30.0 30.0 30.0 30.0 30.0 30.0
14.4 30.0 28.296266853742846 30.0 30.0 30.0 30.0 30.0 30.0 30.0 30.0 30.0
14.5 30.0 28.181946947086022 30.0 30.0 30.0 30.0 30.0 30.0 30.0 30.0 30.0
14.6 30.0 28.070167482799445 30.0 30.0 30.0 30.0 30.0 30.0 30.0 30.0 30.0
14.7 30.0 28.359802474478855 30.0 30.0 30.0 30.0 30.0 30.0 30.0 30.0 30.0
14.8 30.0 28.66522335523209 30.0 30.0 30.0 30.0 30.0 30.0 30.0 30.0 30.0
14.9 30.0 28.982034124751838 30.0 30.0 30.0 30.0 30.0 30.0 30.0 30.0 30.0
15.0 30.0 29.31181318843519 30.0 30.0 30.0 30.0 30.0 30.0 30.0 30.0 30.0
15.1 30.0 28.511813188435188 30.0 30.0 30.0 30.0 30.0 30.0 30.0 30.0 30.0
15.2 30.0 27.711813188435187 30.0 30.0 30.0 30.0 30.0 30.0 30.0 30.0 30.0
15.3 30.0 26.911813188435186 30.0 30.0 30.0 30.0 30.0 30.0 30.0 30.0 30.0
15.4 30.0 26.111813188435185 30.0 30.0 30.0 30.0 30.0 30.0 30.0 30.0 30.0
15.5 30.0 25.567823107096835 30.0 30.0 30.0 30.0 30.0 30.0 30.0 30.0 30.0
15.6 30.0 25.501111538185345 30.0 30.0 30.0 30.0 30.0 30.0 30.0 30.0 30.0
15.7 30.0 25.43602708071071 30.0 30.0 30.0 30.0 30.0 30.0 30.0 30.0 30.0
15.8 30.0 25.37253004902823 30.0 30.0 30.0 30.0 30.0 30.0 30.0 30.0 30.0
15.9 30.0 25.310581725435476 30.0 30.0 30.0 30.0 30.0 30.0 30.0 30.0 30.0
16.0 30.0 25.250144336564578 30.0 30.0 30.0 30.0 30.0 30.0 30.0 30.0 30.0
16.1 30.0 25.191181030349043 30.0 30.0 30.0 30.0 30.0 30.0 30.0 30.0 30.0
16.2 30.0 25.133655853553375 30.0 30.0 30.0 30.0 30.0 30.0 30.0 30.0 30.0
16.3 30.0 25.077533729850355 30.0 30.0 30.0 30.0 30.0 30.0 30.0 30.0 30.0
16.4 30.0 25.022780438432733 30.0 30.0 30.0 30.0 30.0 30.0 30.0 30.0 30.0
16.5 30.0 24.96936259314719 30.0 30.0 30.0 30.0 30.0 30.0 30.0 30.0 30.0
16.6 30.0 25.347312226569365 30.0 30.0 30.0 30.0 30.0 30.0 30.0 30.0 30.0
16.7 30.0 25.73709015776754 30.0 30.0 30.0 30.0 30.0 30.0 30.0 30.0 30.0
16.8 30.0 26.139365363099987 30.0 30.0 30.0 30.0 30.0 30.0 30.0 30.0 30.0
16.9 30.0 26.553006452338536 30.0 30.0 30.0 30.0 30.0 30.0 30.0 30.0 30.0
17.0 30.0 25.753006452338536 30.0 30.0 30.0 30.0 30.0 30.0 30.0 30.0 30.0
17.1 30.0 24.953006452338535 30.0 30.0 30.0 30.0 30.0 30.0 30.0 30.0 30.0
17.2 30.0 24.153006452338534 30.0 30.0 30.0 30.0 30.0 30.0 30.0 30.0 30.0
17.3 30.0 23.353006452338533 30.0 30.0 30.0 30.0 30.0 30.0 30.0 30.0 30.0
17.4 30.0 22.812426508134173 30.0 30.0 30.0 30.0 30.0 30.0 30.0 30.0 30.0
17.5 30.0 22.80455808711146 30.0 30.0 30.0 30.0 30.0 30.0 30.0 30.0 30.0
17.6 30.0 22.79689672979995 30.0 30.0 30.0 30.0 30.0 30.0 30.0 30.0 30.0
17.7 30.0 22.789436987154446 30.0 30.0 30.0 30.0 30.0 30.0 30.0 30.0 30.0
17.8 30.0 22.782173553525954 30.0 30.0 30.0 30.0 30.0 30.0 30.0 30.0 30.0
17.9 30.0 22.775101262887638 30.0 30.0 30.0 30.0 30.0 30.0 30.0 30.0 30.0
18.0 30.0 22.76821508516093 30.0 30.0 30.0 30.0 30.0 30.0 30.0 30.0 30.0
18.1 30.0 22.76151012263752 30.0 30.0 30.0 30.0 30.0 30.0 30.0 30.0 30.0
18.2 30.0 22.75498160649635 30.0 30.0 30.0 30.0 30.0 30.0 30.0 30.0 30.0
18.3 30.0 22.748624893411538 30.0 30.0 30.0 30.0 30.0 30.0 30.0 30.0 30.0
18.4 30.0 22.742435462249986 30.0 30.0 30.0 30.0 30.0 30.0 30.0 30.0 30.0
18.5 30.0 23.1943036476979 30.0 30.0 30.0 30.0 30.0 30.0 30.0 30.0 30.0
18.6 30.0 23.65169456367602 30.0 30.0 30.0 30.0 30.0 30.0 30.0 30.0 30.0
18.7 30.0 24.119781160955707 30.0 30.0 30.0 30.0 30.0 30.0 30.0 30.0 30.0
18.8 30.0 24.592457957395286 30.0 30.0 30.0 30.0 30.0 30.0 30.0 30.0 30.0
18.9 30.0 23.792457957395285 30.0 30.0 30.0 30.0 30.0 30.0 30.0 30.0 30.0
19.0 30.0 22.992457957395285 30.0 30.0 30.0 30.0 30.0 30.0 30.0 30.0 30.0
19.1 30.0 22.192457957395284 30.0 30.0 30.0 30.0 30.0 30.0 30.0 30.0 30.0
19.2 30.0 21.392457957395283 30.0 30.0 30.0 30.0 30.0 30.0 30.0 30.0 30.0
19.3 30.0 20.860037273535628 30.0 30.0 30.0 30.0 30.0 30.0 30.0 30.0 30.0
19.4 30.0 20.89709746695992 30.0 30.0 30.0 30.0 30.0 30.0 30.0 30.0 30.0
19.5 30.0 20.93312821056694 30.0 30.0 30.0 30.0 30.0 30.0 30.0 30.0 30.0
19.6 30.0 20.968158100184834 30.0 30.0 30.0 30.0 30.0 30.0 30.0 30.0 30.0
19.7 30.0 21.00221493731333 30.0 30.0 30.0 30.0 30.0 30.0 30.0 30.0 30.0
19.8 30.0 21.035325751188335 30.0 30.0 30.0 30.0 30.0 30.0 30.0 30.0 30.0
19.9 30.0 21.067516820233497 30.0 30.0 30.0 30.0 30.0 30.0 30.0 30.0 30.0
20.0 30.0 21.09881369291618 30.0 30.0 30.0 30.0 30.0 30.0 30.0 30.0 30.0
20.1 30.0 21.129241208024418 30.0 30.0 30.0 30.0 30.0 30.0 30.0 30.0 30.0
20.2 30.0 21.158823514379666 30.0 30.0 30.0 30.0 30.0 30.0 30.0 30.0 30.0
20.3 30.0 20.358823514379665 29.2 29.2 29.2 29.2 29.2 29.2 29.2 29.2 29.2
20.4 30.0 19.558823514379664 28.4 28.4 28.4 28.4 28.4 28.4 28.4 28.4 28.4
20.5 30.0 18.758823514379664 27.599999999999998 27.599999999999998 27.599999999999998 27.599999999999998 27.599999999999998 27.599999999999998 27.599999999999998 27.599999999999998 27.599999999999998
20.6 30.0 17.958823514379663 26.799999999999997 26.799999999999997 26.799999999999997 26.799999999999997 26.799999999999997 26.799999999999997 26.799999999999997 26.799999999999997 26.799999999999997
20.7 30.0 17.158823514379662 25.999999999999996 25.999999999999996 25.999999999999996 25.999999999999996 25.999999999999996 25.999999999999996 25.999999999999996 25.999999999999996 25.999999999999996
20.8 30.0 16.35882351437966 25.199999999999996 25.199999999999996 25.199999999999996 25.199999999999996 25.199999999999996 25.199999999999996 25.199999999999996 25.199999999999996 25.199999999999996
20.9 30.0 15.558823514379661 24.399999999999995 24.399999999999995 24.399999999999995 24.399999999999995 24.399999999999995 24.399999999999995 24.399999999999995 24.399999999999995 24.399999999999995
21.0 30.0 14.75882351437966 23.599999999999994 23.599999999999994 23.599999999999994 23.599999999999994 23.599999999999994 23.599999999999994 23.599999999999994 23.599999999999994 23.599999999999994
21.1 30.0 14.75882351437966 23.599999999999994 23.599999999999994 23.599999999999994 23.599999999999994 23.599999999999994 23.599999999999994 23.599999999999994 23.599999999999994 23.599999999999994
21.2 30.0 14.75882351437966 23.599999999999994 23.599999999999994 23.599999999999994 23.599999999999994 23.599999999999994 23.599999999999994 23.599999999999994 23.599999999999994 23.599999999999994
21.3 30.0 14.75882351437966 23.599999999999994 23.599999999999994 23.599999999999994 23.599999999999994 23.599999999999994 23.599999999999994 23.599999999999994 23.599999999999994 23.599999999999994
21.4 30.0 14.75882351437966 23.599999999999994 23.599999999999994 23.599999999999994 23.599999999999994 23.599999999999994 23.599999999999994 23.599999999999994 23.599999999999994 23.599999999999994
21.5 30.0 14.75882351437966 23.599999999999994 23.599999999999994 23.599999999999994 23.599999999999994 23.599999999999994 23.599999999999994 23.599999999999994 23.599999999999994 23.599999999999994
21.6 30.0 14.75882351437966 23.599999999999994 23.599999999999994 23.599999999999994 23.599999999999994 23.599999999999994 23.599999999999994 23.599999999999994 23.599999999999994 23.599999999999994
21.7 30.0 14.75882351437966 23.599999999999994 23.599999999999994 23.599999999999994 23.599999999999994 23.599999999999994 23.599999999999994 23.599999999999994 23.599999999999994 23.599999999999994
21.8 30.0 14.75882351437966 23.599999999999994 23.599999999999994 23.599999999999994 23.599999999999994 23.599999999999994 23.599999999999994 23.599999999999994 23.599999999999994 23.599999999999994
21.9 30.0 14.75882351437966 23.599999999999994 23.599999999999994 23.599999999999994 23.599999999999994 23.599999999999994 23.599999999999994 23.599999999999994 23.599999999999994 23.599999999999994
22.0 30.0 14.75882351437966 23.599999999999994 23.599999999999994 23.599999999999994 23.599999999999994 23.599999999999994 23.599999999999994 23.599999999999994 23.599999999999994 23.599999999999994
22.1 30.0 14.75882351437966 23.599999999999994 23.599999999999994 23.599999999999994 23.599999999999994 23.599999999999994 23.599999999999994 23.599999999999994 23.599999999999994 23.599999999999994
22.2 30.0 14.75882351437966 23.599999999999994 23.599999999999994 23.599999999999994 23.599999999999994 23.599999999999994 23.599999999999994 23.599999999999994 23.599999999999994 23.599999999999994
22.3 30.0 14.75882351437966 23.599999999999994 23.599999999999994 23.599999999999994 23.599999999999994 23.599999999999994 23.599999999999994 23.599999999999994 23.599999999999994 23.599999999999994
22.4 30.0 14.75882351437966 23.599999999999994 23.599999999999994 23.599999999999994 23.599999999999994 23.599999999999994 23.599999999999994 23.599999999999994 23.599999999999994 23.599999999999994
22.5 30.0 14.75882351437966 23.599999999999994 23.599999999999994 23.599999999999994 23.599999999999994 23.599999999999994 23.599999999999994 23.599999999999994 23.599999999999994 23.599999999999994
22.6 30.0 14.75882351437966 23.599999999999994 23.599999999999994 23.599999999999994 23.599999999999994 23.599999999999994 23.599999999999994 23.599999999999994 23.599999999999994 23.599999999999994
22.7 30.0 14.75882351437966 23.599999999999994 23.599999999999994 23.599999999999994 23.599999999999994 23.599999999999994 23.599999999999994 23.599999999999994 23.599999999999994 23.599999999999994
22.8 30.0 14.75882351437966 23.599999999999994 23.599999999999994 23.599999999999994 23.599999999999994 23.599999999999994 23.599999999999994 23.599999999999994 23.599999999999994 23.599999999999994
22.9 30.0 14.75882351437966 23.599999999999994 23.599999999999994 23.599999999999994 23.599999999999994 23.599999999999994 23.599999999999994 23.599999999999994 23.599999999999994 23.599999999999994
23.0 30.0 14.75882351437966 23.599999999999994 23.599999999999994 23.599999999999994 23.599999999999994 23.599999999999994 23.599999999999994 23.599999999999994 23.599999999999994 23.599999999999994
23.1 30.0 14.75882351437966 23.599999999999994 23.599999999999994 23.599999999999994 23.599999999999994 23.599999999999994 23.599999999999994 23.599999999999994 23.599999999999994 23.599999999999994
23.2 30.0 14.75882351437966 23.599999999999994 23.599999999999994 23.599999999999994 23.599999999999994 23.599999999999994 23.599999999999994 23.599999999999994 23.599999999999994 23.599999999999994
23.3 30.0 14.75882351437966 23.599999999999994 23.599999999999994 23.599999999999994 23.599999999999994 23.599999999999994 23.599999999999994 23.599999999999994 23.599999999999994 23.599999999999994
23.4 30.0 14.75882351437966 23.599999999999994 23.599999999999994 23.599999999999994 23.599999999999994 23.599999999999994 23.599999999999994 23.599999999999994 23.599999999999994 23.599999999999994
23.5 30.0 14.75882351437966 23.599999999999994 23.599999999999994 23.599999999999994 23.599999999999994 23.599999999999994 23.599999999999994 23.599999999999994 23.599999999999994 23.599999999999994
23.6 30.0 14.75882351437966 23.599999999999994 23.599999999999994 23.599999999999994 23.599999999999994 23.599999999999994 23.599999999999994 23.599999999999994 23.599999999999994 23.599999999999994
23.7 30.0 14.75882351437966 23.599999999999994 23.599999999999994 23.599999999999994 23.599999999999994 23.599999999999994 23.599999999999994 23.599999999999994 23.599999999999994 23.599999999999994
23.8 30.0 14.75882351437966 23.599999999999994 23.599999999999994 23.599999999999994 23.599999999999994 23.599999999999994 23.599999999999994 23.599999999999994 23.599999999999994 23.599999999999994
23.9 30.0 14.75882351437966 23.599999999999994 23.599999999999994 23.599999999999994 23.599999999999994 23.599999999999994 23.599999999999994 23.599999999999994 23.599999999999994 23.599999999999994
24.0 30.0 14.75882351437966 23.599999999999994 23.599999999999994 23.599999999999994 23.599999999999994 23.599999999999994 23.599999999999994 23.599999999999994 23.599999999999994 23.599999999999994
24.1 30.0 14.75882351437966 23.599999999999994 23.599999999999994 23.599999999999994 23.599999999999994 23.599999999999994 23.599999999999994 23.599999999999994 23.599999999999994 23.599999999999994
24.2 30.0 14.75882351437966 23.599999999999994 23.599999999999994 23.599999999999994 23.599999999999994 23.599999999999994 23.599999999999994 23.599999999999994 23.599999999999994 23.599999999999994
24.3 30.0 14.75882351437966 23.599999999999994 23.599999999999994 23.599999999999994 23.599999999999994 23.599999999999994 23.599999999999994 23.599999999999994 23.599999999999994 23.599999999999994
24.4 30.0 14.75882351437966 23.442899736148615 23.599999999999994 23.599999999999994 23.599999999999994 23.599999999999994 23.599999999999994 23.599999999999994 23.599999999999994 23.599999999999994
24.5 30.0 14.75882351437966 23.220231115077688 23.599999999999994 23.599999999999994 23.599999999999994 23.599999999999994 23.599999999999994 23.599999999999994 23.599999999999994 23.599999999999994
24.6 30.0 14.75882351437966 22.99809489177188 23.599999999999994 23.599999999999994 23.599999999999994 23.599999999999994 23.599999999999994 23.599999999999994 23.599999999999994 23.599999999999994
24.7 30.0 14.75882351437966 22.78127196078787 23.599999999999994 23.599999999999994 23.599999999999994 23.599999999999994 23.599999999999994 23.599999999999994 23.599999999999994 23.599999999999994
24.8 30.0 14.75882351437966 22.570154896408688 23.599999999999994 23.599999999999994 23.599999999999994 23.599999999999994 23.599999999999994 23.599999999999994 23.599999999999994 23.599999999999994
24.9 30.0 14.75882351437966 22.363636613013604 23.599999999999994 23.599999999999994 23.599999999999994 23.599999999999994 23.599999999999994 23.599999999999994 23.599999999999994 23.599999999999994
25.0 30.0 14.75882351437966 22.158101123861368 23.599999999999994 23.599999999999994 23.599999999999994 23.599999999999994 23.599999999999994 23.599999999999994 23.599999999999994 23.599999999999994
25.1 30.0 14.75882351437966 21.958120647929494 23.599999999999994 23.599999999999994 23.599999999999994 23.599999999999994 23.599999999999994 23.599999999999994 23.599999999999994 23.599999999999994
25.2 30.0 14.75882351437966 21.763545049725508 23.599999999999994 23.599999999999994 23.599999999999994 23.599999999999994 23.599999999999994 23.599999999999994 23.599999999999994 23.599999999999994
25.3 30.0 14.75882351437966 21.573512369569407 23.599999999999994 23.599999999999994 23.599999999999994 23.599999999999994 23.599999999999994 23.599999999999994 23.599999999999994 23.599999999999994
25.4 30.0 14.75882351437966 21.38421545692529 23.599999999999994 23.599999999999994 23.599999999999994 23.599999999999994 23.599999999999994 23.599999999999994 23.599999999999994 23.599999999999994
25.5 30.0 14.75882351437966 21.200176791854634 23.599999999999994 23.599999999999994 23.599999999999994 23.599999999999994 23.599999999999994 23.599999999999994 23.599999999999994 23.599999999999994
25.6 30.0 14.75882351437966 21.02125031192482 23.599999999999994 23.599999999999994 23.599999999999994 23.599999999999994 23.599999999999994 23.599999999999994 23.599999999999994 23.599999999999994
25.7 30.0 14.75882351437966 20.847294011993057 23.599999999999994 23.599999999999994 23.599999999999994 23.599999999999994 23.599999999999994 23.599999999999994 23.599999999999994 23.599999999999994
25.8 30.0 14.75882351437966 20.674688969546814 23.599999999999994 23.599999999999994 23.599999999999994 23.599999999999994 23.599999999999994 23.599999999999994 23.599999999999994 23.599999999999994
25.9 30.0 14.75882351437966 20.505664242256316 23.599999999999994 23.599999999999994 23.599999999999994 23.599999999999994 23.599999999999994 23.599999999999994 23.599999999999994 23.599999999999994
26.0 30.0 14.75882351437966 20.341468792888467 23.599999999999994 23.599999999999994 23.599999999999994 23.599999999999994 23.599999999999994 23.599999999999994 23.599999999999994 23.599999999999994
26.1 30.0 14.75882351437966 20.181964642073908 23.599999999999994 23.599999999999994 23.599999999999994 23.599999999999994 23.599999999999994 23.599999999999994 23.599999999999994 23.599999999999994
26.2 30.0 14.75882351437966 20.027017752711217 23.599999999999994 23.599999999999994 23.599999999999994 23.599999999999994 23.599999999999994 23.599999999999994 23.599999999999994 23.599999999999994
26.3 30.0 14.75882351437966 19.872865503134232 23.599999999999994 23.599999999999994 23.599999999999994 23.599999999999994 23.599999999999994 23.599999999999994 23.599999999999994 23.599999999999994
26.4 30.0 14.75882351437966 19.72245250346499 23.599999999999994 23.599999999999994 23.599999999999994 23.599999999999994 23.599999999999994 23.599999999999994 23.599999999999994 23.599999999999994
26.5 30.0 14.75882351437966 19.576463415550727 23.599999999999994 23.599999999999994 23.599999999999994 23.599999999999994 23.599999999999994 23.599999999999994 23.599999999999994 23.599999999999994
26.6 30.0 14.75882351437966 19.43476812433982 23.599999999999994 23.599999999999994 23.599999999999994 23.599999999999994 23.599999999999994 23.599999999999994 23.599999999999994 23.599999999999994
26.7 30.0 14.75882351437966 19.297240341694003 23.599999999999994 23.599999999999994 23.599999999999994 23.599999999999994 23.599999999999994 23.599999999999994 23.599999999999994 23.599999999999994
26.8 30.0 14.75882351437966 19.16265923606918 23.599999999999994 23.599999999999994 23.599999999999994 23.599999999999994 23.599999999999994 23.599999999999994 23.599999999999994 23.599999999999994
26.9 30.0 14.75882351437966 19.029209668745338 23.599999999999994 23.599999999999994 23.599999999999994 23.599999999999994 23.599999999999994 23.599999999999994 23.599999999999994 23.599999999999994
27.0 30.0 14.75882351437966 18.899804027703915 23.599999999999994 23.599999999999994 23.599999999999994 23.599999999999994 23.599999999999994 23.599999999999994 23.599999999999994 23.599999999999994
27.1 30.0 14.75882351437966 18.77431976972436 23.599999999999994 23.599999999999994 23.599999999999994 23.599999999999994 23.599999999999994 23.599999999999994 23.599999999999994 23.599999999999994
27.2 30.0 14.75882351437966 18.652638065017015 23.599999999999994 23.599999999999994 23.599999999999994 23.599999999999994 23.599999999999994 23.599999999999994 23.599999999999994 23.599999999999994
27.3 30.0 14.75882351437966 18.534643684694647 23.599999999999994 23.599999999999994 23.599999999999994 23.599999999999994 23.599999999999994 23.599999999999994 23.599999999999994 23.599999999999994
27.4 30.0 15.35882351437966 18.42022489165487 24.199999999999996 24.199999999999996 24.199999999999996 24.199999999999996 24.199999999999996 24.199999999999996 24.199999999999996 24.199999999999996
27.5 30.0 15.95882351437966 18.659540713991326 24.799999999999997 24.799999999999997 24.799999999999997 24.799999999999997 24.799999999999997 24.799999999999997 24.799999999999997 24.799999999999997
27.6 30.0 16.55882351437966 18.92315534430606 25.4 25.4 25.4 25.4 25.4 25.4 25.4 25.4
27.7 30.0 17.158823514379662 19.2134887660751 26.0 26.0 26.0 26.0 26.0 26.0 26.0 26.0
27.8 30.0 17.758823514379664 19.516552244389246 26.6 26.6 26.6 26.6 26.6 26.6 26.6 26.6
27.9 30.0 18.358823514379665 19.840113855694153 27.200000000000003 27.200000000000003 27.200000000000003 27.200000000000003 27.200000000000003 27.200000000000003 27.200000000000003 27.200000000000003
28.0 30.0 18.958823514379667 20.17950230720826 27.800000000000004 27.800000000000004 27.800000000000004 27.800000000000004 27.800000000000004 27.800000000000004 27.800000000000004 27.800000000000004
28.1 30.0 19.558823514379668 20.537735013538278 28.400000000000006 28.400000000000006 28.400000000000006 28.400000000000006 28.400000000000006 28.400000000000006 28.400000000000006 28.400000000000006
28.2 30.0 20.15882351437967 20.911128819140544 29.000000000000007 29.000000000000007 29.000000000000007 29.000000000000007 29.000000000000007 29.000000000000007 29.000000000000007 29.000000000000007
28.3 30.0 20.75882351437967 21.294643213852233 29.60000000000001 29.60000000000001 29.60000000000001 29.60000000000001 29.60000000000001 29.60000000000001 29.60000000000001 29.60000000000001
28.4 30.0 21.358823514379672 21.693819891870515 30.0 30.0 30.0 30.0 30.0 30.0 30.0 30.0
28.5 30.0 21.958823514379674 22.105274679353975 30.0 30.0 30.0 30.0 30.0 30.0 30.0 30.0
28.6 30.0 22.558823514379675 22.529145670671134 30.0 30.0 30.0 30.0 30.0 30.0 30.0 30.0
28.7 30.0 23.158823514379677 22.960422022199776 30.0 30.0 30.0 30.0 30.0 30.0 30.0 30.0
28.8 30.0 23.758823514379678 23.402421495789014 30.0 30.0 30.0 30.0 30.0 30.0 30.0 30.0
28.9 30.0 24.35882351437968 23.856658047916497 30.0 30.0 30.0 30.0 30.0 30.0 30.0 30.0
29.0 30.0 24.95882351437968 24.316766321239683 30.0 30.0 30.0 30.0 30.0 30.0 30.0 30.0
29.1 30.0 25.558823514379682 24.786788338927686 30.0 30.0 30.0 30.0 30.0 30.0 30.0 30.0
29.2 30.0 26.158823514379684 25.259599237379465 30.0 30.0 30.0 30.0 30.0 30.0 30.0 30.0
29.3 30.0 26.758823514379685 25.74527658390328 30.0 30.0 30.0 30.0 30.0 30.0 30.0 30.0
29.4 30.0 27.358823514379687 26.235094927828413 30.0 30.0 30.0 30.0 30.0 30.0 30.0 30.0
29.5 30.0 27.958823514379688 26.72922183883075 30.0 30.0 30.0 30.0 30.0 30.0 30.0 30.0
29.6 30.0 28.55882351437969 27.231503198756183 30.0 30.0 30.0 30.0 30.0 30.0 30.0 30.0
29.7 30.0 29.15882351437969 27.738006467619975 30.0 30.0 30.0 30.0 30.0 30.0 30.0 30.0
29.8 30.0 29.758823514379692 28.250042780809306 30.0 30.0 30.0 30.0 30.0 30.0 30.0 30.0
29.9 30.0 30.0 28.767100652985974 30.0 30.0 30.0 30.0 30.0 30.0 30.0 30.0
30.0 30.0 30.0 28.988607797811625 30.0 30.0 30.0 30.0 30.0 30.0 30.0 30.0
30.1 30.0 30.0 29.010594584815756 30.0 30.0 30.0 30.0 30.0 30.0 30.0 30.0
30.2 30.0 30.0 29.032103398189335 30.0 30.0 30.0 30.0 30.0 30.0 30.0 30.0
30.3 30.0 30.0 29.053144628663468 30.0 30.0 30.0 30.0 30.0 30.0 30.0 30.0
30.4 30.0 30.0 29.07372844108379 30.0 30.0 30.0 30.0 30.0 30.0 30.0 30.0
30.5 30.0 30.0 29.09386477932107 30.0 30.0 30.0 30.0 30.0 30.0 30.0 30.0
30.6 30.0 30.0 29.11356337107498 30.0 30.0 30.0 30.0 30.0 30.0 30.0 30.0
30.7 30.0 30.0 29.13283373257336 30.0 30.0 30.0 30.0 30.0 30.0 30.0 30.0
30.8 30.0 30.0 29.15168517316958 30.0 30.0 30.0 30.0 30.0 30.0 30.0 30.0
30.9 30.0 30.0 29.170126799839807 30.0 30.0 30.0 30.0 30.0 30.0 30.0 30.0
31.0 30.0 30.0 29.188167521582404 30.0 30.0 30.0 30.0 30.0 30.0 30.0 30.0
31.1 30.0 30.0 29.20581605372189 30.0 30.0 30.0 30.0 30.0 30.0 30.0 30.0
31.2 30.0 30.0 29.223080922119223 30.0 30.0 30.0 30.0 30.0 30.0 30.0 30.0
31.3 30.0 30.0 29.239970467290526 30.0 30.0 30.0 30.0 30.0 30.0 30.0 30.0
31.4 30.0 30.0 29.25649284843634 30.0 30.0 30.0 30.0 30.0 30.0 30.0 30.0
31.5 30.0 30.0 29.2726560473834 30.0 30.0 30.0 30.0 30.0 30.0 30.0 30.0
31.6 30.0 30.0 29.288467872440293 30.0 30.0 30.0 30.0 30.0 30.0 30.0 30.0
31.7 30.0 30.0 29.303935962169888 30.0 30.0 30.0 30.0 30.0 30.0 30.0 30.0
31.8 30.0 30.0 29.31906778907922 30.0 30.0 30.0 30.0 30.0 30.0 30.0 30.0
31.9 30.0 30.0 29.333870663229682 30.0 30.0 30.0 30.0 30.0 30.0 30.0 30.0
32.0 30.0 30.0 29.348351735768134 30.0 30.0 30.0 30.0 30.0 30.0 30.0 30.0
32.1 30.0 30.0 29.362518002381908 30.0 30.0 30.0 30.0 30.0 30.0 30.0 30.0
32.2 30.0 30.0 29.376376306677976 30.0 30.0 30.0 30.0 30.0 30.0 30.0 30.0
32.3 30.0 30.0 29.38993334348934 30.0 30.0 30.0 30.0 30.0 30.0 30.0 30.0
32.4 30.0 30.0 29.4031956621091 30.0 30.0 30.0 30.0 30.0 30.0 30.0 30.0
32.5 30.0 30.0 29.41616966945459 30.0 30.0 30.0 30.0 30.0 30.0 30.0 30.0
32.6 30.0 30.0 29.428861633162136 30.0 30.0 30.0 30.0 30.0 30.0 30.0 30.0
32.7 30.0 30.0 29.44127768461509 30.0 30.0 30.0 30.0 30.0 30.0 30.0 30.0
32.8 30.0 30.0 29.453423821906092 30.0 30.0 30.0 30.0 30.0 30.0 30.0 30.0
32.9 30.0 30.0 29.46530591273423 30.0 30.0 30.0 30.0 30.0 30.0 30.0 30.0
33.0 30.0 30.0 29.47692969723997 30.0 30.0 30.0 30.0 30.0 30.0 30.0 30.0
33.1 30.0 30.0 29.488300790778254 30.0 30.0 30.0 30.0 30.0 30.0 30.0 30.0
33.2 30.0 30.0 29.499424686630938 30.0 30.0 30.0 30.0 30.0 30.0 30.0 30.0
33.3 30.0 30.0 29.51030675866066 30.0 30.0 30.0 30.0 30.0 30.0 30.0 30.0
33.4 30.0 30.0 29.52095226390715 30.0 30.0 30.0 30.0 30.0 30.0 30.0 30.0
33.5 30.0 30.0 29.531366345126585 30.0 30.0 30.0 30.0 30.0 30.0 30.0 30.0
33.6 30.0 30.0 29.541554033275997 30.0 30.0 30.0 30.0 30.0 30.0 30.0 30.0
33.7 30.0 30.0 29.55152024994391 30.0 30.0 30.0 30.0 30.0 30.0 30.0 30.0
33.8 30.0 30.0 29.56126980972776 30.0 30.0 30.0 30.0 30.0 30.0 30.0 30.0
33.9 30.0 30.0 29.570807422559753 30.0 30.0 30.0 30.0 30.0 30.0 30.0 30.0
34.0 30.0 30.0 29.58013769598235 30.0 30.0 30.0 30.0 30.0 30.0 30.0 30.0
34.1 30.0 30.0 29.589265137373996 30.0 30.0 30.0 30.0 30.0 30.0 30.0 30.0
34.2 30.0 30.0 29.59819415612673 30.0 30.0 30.0 30.0 30.0 30.0 30.0 30.0
34.3 30.0 30.0 29.6067816388447 30.0 30.0 30.0 30.0 30.0 30.0 30.0 30.0
34.4 30.0 30.0 29.615147986954383 30.0 30.0 30.0 30.0 30.0 30.0 30.0 30.0
34.5 30.0 30.0 29.62333632765745 30.0 30.0 30.0 30.0 30.0 30.0 30.0 30.0
34.6 30.0 30.0 29.63135044834556 30.0 30.0 30.0 30.0 30.0 30.0 30.0 30.0
34.7 30.0 30.0 29.639194055827602 30.0 30.0 30.0 30.0 30.0 30.0 30.0 30.0
34.8 30.0 30.0 29.646870778044068 30.0 30.0 30.0 30.0 30.0 30.0 30.0 30.0
34.9 30.0 30.0 29.6543841657453 30.0 30.0 30.0 30.0 30.0 30.0 30.0 30.0
35.0 30.0 30.0 29.661737694133667 30.0 30.0 30.0 30.0 30.0 30.0 30.0 30.0
35.1 30.0 30.0 29.668934764471278 30.0 30.0 30.0 30.0 30.0 30.0 30.0 30.0
35.2 30.0 30.0 29.675978705652717 30.0 30.0 30.0 30.0 30.0 30.0 30.0 30.0
35.3 30.0 30.0 29.682872775745174 30.0 30.0 30.0 30.0 30.0 30.0 30.0 30.0
35.4 30.0 30.0 29.689620163495327 30.0 30.0 30.0 30.0 30.0 30.0 30.0 30.0
35.5 30.0 30.0 29.696223989803954 30.0 30.0 30.0 30.0 30.0 30.0 30.0 30.0
35.6 30.0 30.0 29.70268730916983 30.0 30.0 30.0 30.0 30.0 30.0 30.0 30.0
35.7 30.0 30.0 29.709013111102422 30.0 30.0 30.0 30.0 30.0 30.0 30.0 30.0
35.8 30.0 30.0 29.71520432150453 30.0 30.0 30.0 30.0 30.0 30.0 30.0 30.0
35.9 30.0 30.0 29.72126380402569 30.0 30.0 30.0 30.0 30.0 30.0 30.0 30.0
36.0 30.0 30.0 29.72719436138683 30.0 30.0 30.0 30.0 30.0 30.0 30.0 30.0
36.1 30.0 30.0 29.73299873667651 30.0 30.0 30.0 30.0 30.0 30.0 30.0 30.0
36.2 30.0 30.0 29.73867961461956 30.0 30.0 30.0 30.0 30.0 30.0 30.0 30.0
36.3 30.0 30.0 29.744239622819133 30.0 30.0 30.0 30.0 30.0 30.0 30.0 30.0
36.4 30.0 30.0 29.74968133297192 30.0 30.0 30.0 30.0 30.0 30.0 30.0 30.0
36.5 30.0 30.0 29.755007262057592 30.0 30.0 30.0 30.0 30.0 30.0 30.0 30.0
36.6 30.0 30.0 29.760219873503207 30.0 30.0 30.0 30.0 30.0 30.0 30.0 30.0
36.7 30.0 30.0 29.76532157832233 30.0 30.0 30.0 30.0 30.0 30.0 30.0 30.0
36.8 30.0 30.0 29.770314736230407 30.0 30.0 30.0 30.0 30.0 30.0 30.0 30.0
36.9 30.0 30.0 29.775201656736176 30.0 30.0 30.0 30.0 30.0 30.0 30.0 30.0
37.0 30.0 30.0 29.779984600209904 30.0 30.0 30.0 30.0 30.0 30.0 30.0 30.0
37.1 30.0 30.0 29.78466577892886 30.0 30.0 30.0 30.0 30.0 30.0 30.0 30.0
37.2 30.0 30.0 29.78924735810057 30.0 30.0 30.0 30.0 30.0 30.0 30.0 30.0
37.3 30.0 30.0 29.793731456864432 30.0 30.0 30.0 30.0 30.0 30.0 30.0 30.0
37.4 30.0 30.0 29.798120149271533 30.0 30.0 30.0 30.0 30.0 30.0 30.0 30.0
37.5 30.0 30.0 29.802415465244486 30.0 30.0 30.0 30.0 30.0 30.0 30.0 30.0
37.6 30.0 30.0 29.806619391515834 30.0 30.0 30.0 30.0 30.0 30.0 30.0 30.0
37.7 30.0 30.0 29.810733872547416 30.0 30.0 30.0 30.0 30.0 30.0 30.0 30.0
37.8 30.0 30.0 29.81476081142942 30.0 30.0 30.0 30.0 30.0 30.0 30.0 30.0
37.9 30.0 30.0 29.818702070760743 30.0 30.0 30.0 30.0 30.0 30.0 30.0 30.0
38.0 30.0 30.0 29.82255947351051 30.0 30.0 30.0 30.0 30.0 30.0 30.0 30.0
38.1 30.0 30.0 29.82633480386137 30.0 30.0 30.0 30.0 30.0 30.0 30.0 30.0
38.2 30.0 30.0 29.830029808034546 30.0 30.0 30.0 30.0 30.0 30.0 30.0 30.0
38.3 30.0 30.0 29.833646195097614 30.0 30.0 30.0 30.0 30.0 30.0 30.0 30.0
38.4 30.0 30.0 29.837185637755113 30.0 30.0 30.0 30.0 30.0 30.0 30.0 30.0
38.5 30.0 30.0 29.84064977312198 30.0 30.0 30.0 30.0 30.0 30.0 30.0 30.0
38.6 30.0 30.0 29.844040203481068 30.0 30.0 30.0 30.0 30.0 30.0 30.0 30.0
38.7 30.0 30.0 29.84735849702406 30.0 30.0 30.0 30.0 30.0 30.0 30.0 30.0
38.8 30.0 30.0 29.850606188576773 30.0 30.0 30.0 30.0 30.0 30.0 30.0 30.0
38.9 30.0 30.0 29.85378478030923 30.0 30.0 30.0 30.0 30.0 30.0 30.0 30.0
39.0 30.0 30.0 29.85689574243035 30.0 30.0 30.0 30.0 30.0 30.0 30.0 30.0
39.1 30.0 30.0 29.85994051386796 30.0 30.0 30.0 30.0 30.0 30.0 30.0 30.0
39.2 30.0 30.0 29.86292050293465 30.0 30.0 30.0 30.0 30.0 30.0 30.0 30.0
39.3 30.0 30.0 29.865837087978633 30.0 30.0 30.0 30.0 30.0 30.0 30.0 30.0
39.4 30.0 30.0 29.868691618021664 30.0 30.0 30.0 30.0 30.0 30.0 30.0 30.0
39.5 30.0 30.0 29.87148541338291 30.0 30.0 30.0 30.0 30.0 30.0 30.0 30.0
39.6 30.0 30.0 29.87421976628967 30.0 30.0 30.0 30.0 30.0 30.0 30.0 30.0
39.7 30.0 30.0 29.87689594147502 30.0 30.0 30.0 30.0 30.0 30.0 30.0 30.0
39.8 30.0 30.0 29.87951517676279 30.0 30.0 30.0 30.0 30.0 30.0 30.0 30.0
39.9 30.0 30.0 29.88207868364018 30.0 30.0 30.0 30.0 30.0 30.0 30.0 30.0
40.0 30.0 30.0 29.884587647818044 30.0 30.0 30.0 30.0 30.0 30.0 30.0 30.0
40.1 30.0 30.0 29.8870432297794 30.0 30.0 30.0 30.0 30.0 30.0 30.0 30.0
40.2 30.0 30.0 29.88944656531604 30.0 30.0 30.0 30.0 30.0 30.0 30.0 30.0
40.3 30.0 30.0 29.891798766053984 30.0 30.0 30.0 30.0 30.0 30.0 30.0 30.0
40.4 30.0 30.0 29.89410091996776 30.0 30.0 30.0 30.0 30.0 30.0 30.0 30.0
40.5 30.0 30.0 29.896354091883314 30.0 30.0 30.0 30.0 30.0 30.0 30.0 30.0
40.6 30.0 30.0 29.89855932397089 30.0 30.0 30.0 30.0 30.0 30.0 30.0 30.0
40.7 30.0 30.0 29.900717636226858 30.0 30.0 30.0 30.0 30.0 30.0 30.0 30.0
40.8 30.0 30.0 29.902830026945406 30.0 30.0 30.0 30.0 30.0 30.0 30.0 30.0
40.9 30.0 30.0 29.904897473180625 30.0 30.0 30.0 30.0 30.0 30.0 30.0 30.0
41.0 30.0 30.0 29.90692093119808 30.0 30.0 30.0 30.0 30.0 30.0 30.0 30.0
41.1 30.0 30.0 29.908901336917264 30.0 30.0 30.0 30.0 30.0 30.0 30.0 30.0
41.2 30.0 30.0 29.91083960634457 30.0 30.0 30.0 30.0 30.0 30.0 30.0 30.0
41.3 30.0 30.0 29.91273663599679 30.0 30.0 30.0 30.0 30.0 30.0 30.0 30.0
41.4 30.0 30.0 29.914593303316 30.0 30.0 30.0 30.0 30.0 30.0 30.0 30.0
41.5 30.0 30.0 29.916410467075252 30.0 30.0 30.0 30.0 30.0 30.0 30.0 30.0
41.6 30.0 30.0 29.91818896777576 30.0 30.0 30.0 30.0 30.0 30.0 30.0 30.0
41.7 30.0 30.0 29.91992962803583 30.0 30.0 30.0 30.0 30.0 30.0 30.0 30.0
41.8 30.0 30.0 29.92163325297124 30.0 30.0 30.0 30.0 30.0 30.0 30.0 30.0
41.9 30.0 30.0 29.923300630567613 30.0 30.0 30.0 30.0 30.0 30.0 30.0 30.0
42.0 30.0 30.0 29.924932532044917 30.0 30.0 30.0 30.0 30.0 30.0 30.0 30.0
42.1 30.0 30.0 29.92652971221419 30.0 30.0 30.0 30.0 30.0 30.0 30.0 30.0
42.2 30.0 30.0 29.928092909826624 30.0 30.0 30.0 30.0 30.0 30.0 30.0 30.0
42.3 30.0 30.0 29.929622847915414 30.0 30.0 30.0 30.0 30.0 30.0 30.0 30.0
42.4 30.0 30.0 29.931120234129946 30.0 30.0 30.0 30.0 30.0 30.0 30.0 30.0
42.5 30.0 30.0 29.932585761063397 30.0 30.0 30.0 30.0 30.0 30.0 30.0 30.0
42.6 30.0 30.0 29.934020106572717 30.0 30.0 30.0 30.0 30.0 30.0 30.0 30.0
42.7 30.0 30.0 29.93542393409249 30.0 30.0 30.0 30.0 30.0 30.0 30.0 30.0
42.8 30.0 30.0 29.93679789294156 30.0 30.0 30.0 30.0 30.0 30.0 30.0 30.0
42.9 30.0 30.0 29.93814261862364 30.0 30.0 30.0 30.0 30.0 30.0 30.0 30.0
43.0 30.0 30.0 29.939458733120972 30.0 30.0 30.0 30.0 30.0 30.0 30.0 30.0
43.1 30.0 30.0 29.94074684518225 30.0 30.0 30.0 30.0 30.0 30.0 30.0 30.0
43.2 30.0 30.0 29.942007550603915 30.0 30.0 30.0 30.0 30.0 30.0 30.0 30.0
43.3 30.0 30.0 29.943241432505975 30.0 30.0 30.0 30.0 30.0 30.0 30.0 30.0
43.4 30.0 30.0 29.944449061601578 30.0 30.0 30.0 30.0 30.0 30.0 30.0 30.0
43.5 30.0 30.0 29.945630996461162 30.0 30.0 30.0 30.0 30.0 30.0 30.0 30.0
43.6 30.0 30.0 29.946787783770468 30.0 30.0 30.0 30.0 30.0 30.0 30.0 30.0
43.7 30.0 30.0 29.947919958583878 30.0 30.0 30.0 30.0 30.0 30.0 30.0 30.0
43.8 30.0 30.0 29.949028044571417 30.0 30.0 30.0 30.0 30.0 30.0 30.0 30.0
43.9 30.0 30.0 29.950112554261402 30.0 30.0 30.0 30.0 30.0 30.0 30.0 30.0
44.0 30.0 30.0 29.951173989277123 30.0 30.0 30.0 30.0 30.0 30.0 30.0 30.0
44.1 30.0 30.0 29.952212840569143 30.0 30.0 30.0 30.0 30.0 30.0 30.0 30.0
44.2 30.0 30.0 29.953229588642188 30.0 30.0 30.0 30.0 30.0 30.0 30.0 30.0
44.3 30.0 30.0 29.954224703777484 30.0 30.0 30.0 30.0 30.0 30.0 30.0 30.0
44.4 30.0 30.0 29.95519864625027 30.0 30.0 30.0 30.0 30.0 30.0 30.0 30.0
44.5 30.0 30.0 29.95615186654286 30.0 30.0 30.0 30.0 30.0 30.0 30.0 30.0
44.6 30.0 30.0 29.95708480555254 30.0 30.0 30.0 30.0 30.0 30.0 30.0 30.0
44.7 30.0 30.0 29.957997894796137 30.0 30.0 30.0 30.0 30.0 30.0 30.0 30.0
44.8 30.0 30.0 29.95889155660903 30.0 30.0 30.0 30.0 30.0 30.0 30.0 30.0
44.9 30.0 30.0 29.959766204340788 30.0 30.0 30.0 30.0 30.0 30.0 30.0 30.0
45.0 30.0 30.0 29.960622242546265 30.0 30.0 30.0 30.0 30.0 30.0 30.0 30.0
45.1 30.0 30.0 29.96146006717292 30.0 30.0 30.0 30.0 30.0 30.0 30.0 30.0
45.2 30.0 30.0 29.96228006574367 30.0 30.0 30.0 30.0 30.0 30.0 30.0 30.0
45.3 30.0 30.0 29.96308261753638 30.0 30.0 30.0 30.0 30.0 30.0 30.0 30.0
45.4 30.0 30.0 29.963868093758993 30.0 30.0 30.0 30.0 30.0 30.0 30.0 30.0
45.5 30.0 30.0 29.964636857721555 30.0 30.0 30.0 30.0 30.0 30.0 30.0 30.0
45.6 30.0 30.0 29.965389265004077 30.0 30.0 30.0 30.0 30.0 30.0 30.0 30.0
45.7 30.0 30.0 29.966125663621035 30.0 30.0 30.0 30.0 30.0 30.0 30.0 30.0
45.8 30.0 30.0 29.96684639418225 30.0 30.0 30.0 30.0 30.0 30.0 30.0 30.0
45.9 30.0 30.0 29.967551790050727 30.0 30.0 30.0 30.0 30.0 30.0 30.0 30.0
46.0 30.0 30.0 29.968242177496464 30.0 30.0 30.0 30.0 30.0 30.0 30.0 30.0
46.1 30.0 30.0 29.968917875847595 30.0 30.0 30.0 30.0 30.0 30.0 30.0 30.0
46.2 30.0 30.0 29.96957919763804 30.0 30.0 30.0 30.0 30.0 30.0 30.0 30.0
46.3 30.0 30.0 29.970226448752157 30.0 30.0 30.0 30.0 30.0 30.0 30.0 30.0
46.4 30.0 30.0 29.9708599285659 30.0 30.0 30.0 30.0 30.0 30.0 30.0 30.0
46.5 30.0 30.0 29.971479930085753 30.0 30.0 30.0 30.0 30.0 30.0 30.0 30.0
46.6 30.0 30.0 29.972086740083917 30.0 30.0 30.0 30.0 30.0 30.0 30.0 30.0
46.7 30.0 30.0 29.97268063923103 30.0 30.0 30.0 30.0 30.0 30.0 30.0 30.0
46.8 30.0 30.0 29.973261902226138 30.0 30.0 30.0 30.0 30.0 30.0 30.0 30.0
46.9 30.0 30.0 29.973830797923416 30.0 30.0 30.0 30.0 30.0 30.0 30.0 30.0
47.0 30.0 30.0 29.974387589457002 30.0 30.0 30.0 30.0 30.0 30.0 30.0 30.0
47.1 30.0 30.0 29.974932534362125 30.0 30.0 30.0 30.0 30.0 30.0 30.0 30.0
47.2 30.0 30.0 29.97546588469489 30.0 30.0 30.0 30.0 30.0 30.0 30.0 30.0
47.3 30.0 30.0 29.975987887148186 30.0 30.0 30.0 30.0 30.0 30.0 30.0 30.0
47.4 30.0 30.0 29.97649878316635 30.0 30.0 30.0 30.0 30.0 30.0 30.0 30.0
47.5 30.0 30.0 29.97699880905642 30.0 30.0 30.0 30.0 30.0 30.0 30.0 30.0
47.6 30.0 30.0 29.977488196097767 30.0 30.0 30.0 30.0 30.0 30.0 30.0 30.0
47.7 30.0 30.0 29.97796717064892 30.0 30.0 30.0 30.0 30.0 30.0 30.0 30.0
47.8 30.0 30.0 29.97843595425215 30.0 30.0 30.0 30.0 30.0 30.0 30.0 30.0
47.9 30.0 30.0 29.978894763736115 30.0 30.0 30.0 30.0 30.0 30.0 30.0 30.0
48.0 30.0 30.0 29.979343811316216 30.0 30.0 30.0 30.0 30.0 30.0 30.0 30.0
48.1 30.0 30.0 29.979783304692496 30.0 30.0 30.0 30.0 30.0 30.0 30.0 30.0
48.2 30.0 30.0 29.980213447145832 30.0 30.0 30.0 30.0 30.0 30.0 30.0 30.0
48.3 30.0 30.0 29.98063443763206 30.0 30.0 30.0 30.0 30.0 30.0 30.0 30.0
48.4 30.0 30.0 29.981046470873892 30.0 30.0 30.0 30.0 30.0 30.0 30.0 30.0
48.5 30.0 30.0 29.981449737451012 30.0 30.0 30.0 30.0 30.0 30.0 30.0 30.0
48.6 30.0 30.0 29.981844423888205 30.0 30.0 30.0 30.0 30.0 30.0 30.0 30.0
48.7 30.0 30.0 29.98223071274167 30.0 30.0 30.0 30.0 30.0 30.0 30.0 30.0
48.8 30.0 30.0 29.98260878268338 30.0 30.0 30.0 30.0 30.0 30.0 30.0 30.0
48.9 30.0 30.0 29.982978808583717 30.0 30.0 30.0 30.0 30.0 30.0 30.0 30.0
49.0 30.0 30.0 29.98334096159256 30.0 30.0 30.0 30.0 30.0 30.0 30.0 30.0
49.1 30.0 30.0 29.983695409218218 30.0 30.0 30.0 30.0 30.0 30.0 30.0 30.0
49.2 30.0 30.0 29.984042315405052 30.0 30.0 30.0 30.0 30.0 30.0 30.0 30.0
49.3 30.0 30.0 29.98438184060921 30.0 30.0 30.0 30.0 30.0 30.0 30.0 30.0
49.4 30.0 30.0 29.98471414187285 30.0 30.0 30.0 30.0 30.0 30.0 30.0 30.0
49.5 30.0 30.0 29.985039372896807 30.0 30.0 30.0 30.0 30.0 30.0 30.0 30.0
49.6 30.0 30.0 29.98535768411179 30.0 30.0 30.0 30.0 30.0 30.0 30.0 30.0
49.7 30.0 30.0 29.985669222747678 30.0 30.0 30.0 30.0 30.0 30.0 30.0 30.0
49.8 30.0 30.0 29.985974132902 30.0 30.0 30.0 30.0 30.0 30.0 30.0 30.0
49.9 30.0 30.0 29.986272555606238 30.0 30.0 30.0 30.0 30.0 30.0 30.0 30.0
50.0 30.0 30.0 29.9865646288912 30.0 30.0 30.0 30.0 30.0 30.0 30.0 30.0
50.1 30.0 30.0 29.986850487851008 30.0 30.0 30.0 30.0 30.0 30.0 30.0 30.0
50.2 30.0 30.0 29.987130264705193 30.0 30.0 30.0 30.0 30.0 30.0 30.0 30.0
50.3 30.0 30.0 29.98740408886044 30.0 30.0 30.0 30.0 30.0 30.0 30.0 30.0
50.4 30.0 30.0 29.987672086969784 30.0 30.0 30.0 30.0 30.0 30.0 30.0 30.0
50.5 30.0 30.0 29.987934382991746 30.0 30.0 30.0 30.0 30.0 30.0 30.0 30.0
50.6 30.0 30.0 29.988191098247203 30.0 30.0 30.0 30.0 30.0 30.0 30.0 30.0
50.7 30.0 30.0 29.988442351476017 30.0 30.0 30.0 30.0 30.0 30.0 30.0 30.0
50.8 30.0 30.0 29.988688258891383 30.0 30.0 30.0 30.0 30.0 30.0 30.0 30.0
50.9 30.0 30.0 29.988928934234135 30.0 30.0 30.0 30.0 30.0 30.0 30.0 30.0
51.0 30.0 30.0 29.98916448882487 30.0 30.0 30.0 30.0 30.0 30.0 30.0 30.0
51.1 30.0 30.0 29.98939503161583 30.0 30.0 30.0 30.0 30.0 30.0 30.0 30.0
51.2 30.0 30.0 29.989620669241013 30.0 30.0 30.0 30.0 30.0 30.0 30.0 30.0
51.3 30.0 30.0 29.989841506065712 30.0 30.0 30.0 30.0 30.0 30.0 30.0 30.0
51.4 30.0 30.0 29.990057644234497 30.0 30.0 30.0 30.0 30.0 30.0 30.0 30.0
51.5 30.0 30.0 29.990269183718837 30.0 30.0 30.0 30.0 30.0 30.0 30.0 30.0
51.6 30.0 30.0 29.99047622236314 30.0 30.0 30.0 30.0 30.0 30.0 30.0 30.0
51.7 30.0 30.0 29.99067885592984 30.0 30.0 30.0 30.0 30.0 30.0 30.0 30.0
51.8 30.0 30.0 29.990877178144114 30.0 30.0 30.0 30.0 30.0 30.0 30.0 30.0
51.9 30.0 30.0 29.99107128073682 30.0 30.0 30.0 30.0 30.0 30.0 30.0 30.0
52.0 30.0 30.0 29.991261253487078 30.0 30.0 30.0 30.0 30.0 30.0 30.0 30.0
52.1 30.0 30.0 29.991447184263986 30.0 30.0 30.0 30.0 30.0 30.0 30.0 30.0
52.2 30.0 30.0 29.99162915906684 30.0 30.0 30.0 30.0 30.0 30.0 30.0 30.0
52.3 30.0 30.0 29.991807262065414 30.0 30.0 30.0 30.0 30.0 30.0 30.0 30.0
52.4 30.0 30.0 29.991981575638444 30.0 30.0 30.0 30.0 30.0 30.0 30.0 30.0
52.5 30.0 30.0 29.992152180412056 30.0 30.0 30.0 30.0 30.0 30.0 30.0 30.0
52.6 30.0 30.0 29.99231915529691 30.0 30.0 30.0 30.0 30.0 30.0 30.0 30.0
52.7 30.0 30.0 29.992482577524594 30.0 30.0 30.0 30.0 30.0 30.0 30.0 30.0
52.8 30.0 30.0 29.992642522683692 30.0 30.0 30.0 30.0 30.0 30.0 30.0 30.0
52.9 30.0 30.0 29.992799064754244 30.0 30.0 30.0 30.0 30.0 30.0 30.0 30.0
53.0 30.0 30.0 29.99295227614248 30.0 30.0 30.0 30.0 30.0 30.0 30.0 30.0
53.1 30.0 30.0 29.9931022277139 30.0 30.0 30.0 30.0 30.0 30.0 30.0 30.0
53.2 30.0 30.0 29.993248988826387 30.0 30.0 30.0 30.0 30.0 30.0 30.0 30.0
53.3 30.0 30.0 29.993392627362002 30.0 30.0 30.0 30.0 30.0 30.0 30.0 30.0
53.4 30.0 30.0 29.993533209758564 30.0 30.0 30.0 30.0 30.0 30.0 30.0 30.0
53.5 30.0 30.0 29.9936708010403 30.0 30.0 30.0 30.0 30.0 30.0 30.0 30.0
53.6 30.0 30.0 29.99380546484794 30.0 30.0 30.0 30.0 30.0 30.0 30.0 30.0
53.7 30.0 30.0 29.99393726346823 30.0 30.0 30.0 30.0 30.0 30.0 30.0 30.0
53.8 30.0 30.0 29.994066257862563 30.0 30.0 30.0 30.0 30.0 30.0 30.0 30.0
53.9 30.0 30.0 29.99419250769525 30.0 30.0 30.0 30.0 30.0 30.0 30.0 30.0
54.0 30.0 30.0 29.99431607136126 30.0 30.0 30.0 30.0 30.0 30.0 30.0 30.0
54.1 30.0 30.0 29.994437006013158 30.0 30.0 30.0 30.0 30.0 30.0 30.0 30.0
54.2 30.0 30.0 29.994555367587367 30.0 30.0 30.0 30.0 30.0 30.0 30.0 30.0
54.3 30.0 30.0 29.99467121083016 30.0 30.0 30.0 30.0 30.0 30.0 30.0 30.0
54.4 30.0 30.0 29.99478458932315 30.0 30.0 30.0 30.0 30.0 30.0 30.0 30.0
54.5 30.0 30.0 29.994895555507803 30.0 30.0 30.0 30.0 30.0 30.0 30.0 30.0
54.6 30.0 30.0 29.995004160709815 30.0 30.0 30.0 30.0 30.0 30.0 30.0 30.0
54.7 30.0 30.0 29.995110455162795 30.0 30.0 30.0 30.0 30.0 30.0 30.0 30.0
54.8 30.0 30.0 29.99521448803171 30.0 30.0 30.0 30.0 30.0 30.0 30.0 30.0
54.9 30.0 30.0 29.99531630743531 30.0 30.0 30.0 30.0 30.0 30.0 30.0 30.0
55.0 30.0 30.0 29.995415960468588 30.0 30.0 30.0 30.0 30.0 30.0 30.0 30.0
55.1 30.0 30.0 29.995513493224536 30.0 30.0 30.0 30.0 30.0 30.0 30.0 30.0
55.2 30.0 30.0 29.995608950815548 30.0 30.0 30.0 30.0 30.0 30.0 30.0 30.0
55.3 30.0 30.0 29.99570237739391 30.0 30.0 30.0 30.0 30.0 30.0 30.0 30.0
55.4 30.0 30.0 29.99579381617272 30.0 30.0 30.0 30.0 30.0 30.0 30.0 30.0
55.5 30.0 30.0 29.99588330944561 30.0 30.0 30.0 30.0 30.0 30.0 30.0 30.0
55.6 30.0 30.0 29.99597089860639 30.0 30.0 30.0 30.0 30.0 30.0 30.0 30.0
55.7 30.0 30.0 29.996056624167924 30.0 30.0 30.0 30.0 30.0 30.0 30.0 30.0
55.8 30.0 30.0 29.99614052578137 30.0 30.0 30.0 30.0 30.0 30.0 30.0 30.0
55.9 30.0 30.0 29.996222642254097 30.0 30.0 30.0 30.0 30.0 30.0 30.0 30.0
56.0 30.0 30.0 29.99630301156786 30.0 30.0 30.0 30.0 30.0 30.0 30.0 30.0
56.1 30.0 30.0 29.996381670896227 30.0 30.0 30.0 30.0 30.0 30.0 30.0 30.0
56.2 30.0 30.0 29.996458656621883 30.0 30.0 30.0 30.0 30.0 30.0 30.0 30.0
56.3 30.0 30.0 29.99653400435329 30.0 30.0 30.0 30.0 30.0 30.0 30.0 30.0
56.4 30.0 30.0 29.99660774894151 30.0 30.0 30.0 30.0 30.0 30.0 30.0 30.0
56.5 30.0 30.0 29.996679924495982 30.0 30.0 30.0 30.0 30.0 30.0 30.0 30.0
56.6 30.0 30.0 29.99675056440029 30.0 30.0 30.0 30.0 30.0 30.0 30.0 30.0
56.7 30.0 30.0 29.99681970132793 30.0 30.0 30.0 30.0 30.0 30.0 30.0 30.0
56.8 30.0 30.0 29.99688736725713 30.0 30.0 30.0 30.0 30.0 30.0 30.0 30.0
56.9 30.0 30.0 29.996953593485724 30.0 30.0 30.0 30.0 30.0 30.0 30.0 30.0
57.0 30.0 30.0 29.997018410645595 30.0 30.0 30.0 30.0 30.0 30.0 30.0 30.0
57.1 30.0 30.0 29.997081848716977 30.0 30.0 30.0 30.0 30.0 30.0 30.0 30.0
57.2 30.0 30.0 29.997143937042104 30.0 30.0 30.0 30.0 30.0 30.0 30.0 30.0
57.3 30.0 30.0 29.997204704339044 30.0 30.0 30.0 30.0 30.0 30.0 30.0 30.0
57.4 30.0 30.0 29.997264178714765 30.0 30.0 30.0 30.0 30.0 30.0 30.0 30.0
57.5 30.0 30.0 29.997322387678288 30.0 30.0 30.0 30.0 30.0 30.0 30.0 30.0
57.6 30.0 30.0 29.99737935815317 30.0 30.0 30.0 30.0 30.0 30.0 30.0 30.0
57.7 30.0 30.0 29.99743511649038 30.0 30.0 30.0 30.0 30.0 30.0 30.0 30.0
57.8 30.0 30.0 29.99748968847999 30.0 30.0 30.0 30.0 30.0 30.0 30.0 30.0
57.9 30.0 30.0 29.997543099363384 30.0 30.0 30.0 30.0 30.0 30.0 30.0 30.0
58.0 30.0 30.0 29.997595373845048 30.0 30.0 30.0 30.0 30.0 30.0 30.0 30.0
58.1 30.0 30.0 29.997646536103705 30.0 30.0 30.0 30.0 30.0 30.0 30.0 30.0
58.2 30.0 30.0 29.997696609803636 30.0 30.0 30.0 30.0 30.0 30.0 30.0 30.0
58.3 30.0 30.0 29.9977456181057 30.0 30.0 30.0 30.0 30.0 30.0 30.0 30.0
58.4 30.0 30.0 29.997793583677897 30.0 30.0 30.0 30.0 30.0 30.0 30.0 30.0
58.5 30.0 30.0 29.99784052870599 30.0 30.0 30.0 30.0 30.0 30.0 30.0 30.0
58.6 30.0 30.0 29.99788647490378 30.0 30.0 30.0 30.0 30.0 30.0 30.0 30.0
58.7 30.0 30.0 29.99793144352287 30.0 30.0 30.0 30.0 30.0 30.0 30.0 30.0
58.8 30.0 30.0 29.997975455362823 30.0 30.0 30.0 30.0 30.0 30.0 30.0 30.0
58.9 30.0 30.0 29.998018530780644 30.0 30.0 30.0 30.0 30.0 30.0 30.0 30.0
59.0 30.0 30.0 29.99806068970017 30.0 30.0 30.0 30.0 30.0 30.0 30.0 30.0
59.1 30.0 30.0 29.998101951621454 30.0 30.0 30.0 30.0 30.0 30.0 30.0 30.0
59.2 30.0 30.0 29.998142335629463 30.0 30.0 30.0 30.0 30.0 30.0 30.0 30.0
59.3 30.0 30.0 29.998181860403285 30.0 30.0 30.0 30.0 30.0 30.0 30.0 30.0
59.4 30.0 30.0 29.99822054422454 30.0 30.0 30.0 30.0 30.0 30.0 30.0 30.0
59.5 30.0 30.0 29.998258404985698 30.0 30.0 30.0 30.0 30.0 30.0 30.0 30.0
59.6 30.0 30.0 29.998295460198786 30.0 30.0 30.0 30.0 30.0 30.0 30.0 30.0
59.7 30.0 30.0 29.998331727003038 30.0 30.0 30.0 30.0 30.0 30.0 30.0 30.0
59.8 30.0 30.0 29.998367222173215 30.0 30.0 30.0 30.0 30.0 30.0 30.0 30.0
59.9 30.0 30.0 29.998401962126955 30.0 30.0 30.0 30.0 30.0 30.0 30.0 30.0
60.0 30.0 30.0 29.998435962932803 30.0 30.0 30.0 30.0 30.0 30.0 30.0 30.0
60.1 30.0 30.0 29.99846924031718 30.0 30.0 30.0 30.0 30.0 30.0 30.0 30.0
60.2 30.0 30.0 29.99850180967212 30.0 30.0 30.0 30.0 30.0 30.0 30.0 30.0
60.3 30.0 30.0 29.998533686062054 30.0 30.0 30.0 30.0 30.0 30.0 30.0 30.0
60.4 30.0 30.0 29.99856488423095 30.0 30.0 30.0 30.0 30.0 30.0 30.0 30.0
60.5 30.0 30.0 29.998595418609014 30.0 30.0 30.0 30.0 30.0 30.0 30.0 30.0
60.6 30.0 30.0 29.99862530331943 30.0 30.0 30.0 30.0 30.0 30.0 30.0 30.0
60.7 30.0 30.0 29.998654552184973 30.0 30.0 30.0 30.0 30.0 30.0 30.0 30.0
60.8 30.0 30.0 29.998683178734186 30.0 30.0 30.0 30.0 30.0 30.0 30.0 30.0
60.9 30.0 30.0 29.998711196207957 30.0 30.0 30.0 30.0 30.0 30.0 30.0 30.0
61.0 30.0 30.0 29.99873861756523 30.0 30.0 30.0 30.0 30.0 30.0 30.0 30.0
61.1 30.0 30.0 29.99876545548939 30.0 30.0 30.0 30.0 30.0 30.0 30.0 30.0
61.2 30.0 30.0 29.998791722393882 30.0 30.0 30.0 30.0 30.0 30.0 30.0 30.0
61.3 30.0 30.0 29.998817430428105 30.0 30.0 30.0 30.0 30.0 30.0 30.0 30.0
61.4 30.0 30.0 29.998842591482827 30.0 30.0 30.0 30.0 30.0 30.0 30.0 30.0
61.5 30.0 30.0 29.998867217196 30.0 30.0 30.0 30.0 30.0 30.0 30.0 30.0
61.6 30.0 30.0 29.998891318957796 30.0 30.0 30.0 30.0 30.0 30.0 30.0 30.0
61.7 30.0 30.0 29.99891490791609 30.0 30.0 30.0 30.0 30.0 30.0 30.0 30.0
61.8 30.0 30.0 29.998937994981738 30.0 30.0 30.0 30.0 30.0 30.0 30.0 30.0
61.9 30.0 30.0 29.998960590833164 30.0 30.0 30.0 30.0 30.0 30.0 30.0 30.0
62.0 30.0 30.0 29.998982705921822 30.0 30.0 30.0 30.0 30.0 30.0 30.0 30.0
62.1 30.0 30.0 29.999004350476717 30.0 30.0 30.0 30.0 30.0 30.0 30.0 30.0
62.2 30.0 30.0 29.999025534509165 30.0 30.0 30.0 30.0 30.0 30.0 30.0 30.0
62.3 30.0 30.0 29.99904626781752 30.0 30.0 30.0 30.0 30.0 30.0 30.0 30.0
62.4 30.0 30.0 29.999066559991626 30.0 30.0 30.0 30.0 30.0 30.0 30.0 30.0
62.5 30.0 30.0 29.999086420417374 30.0 30.0 30.0 30.0 30.0 30.0 30.0 30.0
62.6 30.0 30.0 29.999105858280853 30.0 30.0 30.0 30.0 30.0 30.0 30.0 30.0
62.7 30.0 30.0 29.999124882572712 30.0 30.0 30.0 30.0 30.0 30.0 30.0 30.0
62.8 30.0 30.0 29.9991435020924 30.0 30.0 30.0 30.0 30.0 30.0 30.0 30.0
62.9 30.0 30.0 29.999161725452165 30.0 30.0 30.0 30.0 30.0 30.0 30.0 30.0
63.0 30.0 30.0 29.99917956108089 30.0 30.0 30.0 30.0 30.0 30.0 30.0 30.0
63.1 30.0 30.0 29.999197017228077 30.0 30.0 30.0 30.0 30.0 30.0 30.0 30.0
63.2 30.0 30.0 29.99921410196791 30.0 30.0 30.0 30.0 30.0 30.0 30.0 30.0
63.3 30.0 30.0 29.999230823202645 30.0 30.0 30.0 30.0 30.0 30.0 30.0 30.0
63.4 30.0 30.0 29.999247188666466 30.0 30.0 30.0 30.0 30.0 30.0 30.0 30.0
63.5 30.0 30.0 29.999263205928887 30.0 30.0 30.0 30.0 30.0 30.0 30.0 30.0
63.6 30.0 30.0 29.999278882398517 30.0 30.0 30.0 30.0 30.0 30.0 30.0 30.0
63.7 30.0 30.0 29.99929422532625 30.0 30.0 30.0 30.0 30.0 30.0 30.0 30.0
63.8 30.0 30.0 29.999309241808664 30.0 30.0 30.0 30.0 30.0 30.0 30.0 30.0
63.9 30.0 30.0 29.999323938791488 30.0 30.0 30.0 30.0 30.0 30.0 30.0 30.0
64.0 30.0 30.0 29.999338323072525 30.0 30.0 30.0 30.0 30.0 30.0 30.0 30.0
64.1 30.0 30.0 29.99935240130501 30.0 30.0 30.0 30.0 30.0 30.0 30.0 30.0
64.2 30.0 30.0 29.999366180000646 30.0 30.0 30.0 30.0 30.0 30.0 30.0 30.0
64.3 30.0 30.0 29.99937966553256 30.0 30.0 30.0 30.0 30.0 30.0 30.0 30.0
64.4 30.0 30.0 29.99939286413825 30.0 30.0 30.0 30.0 30.0 30.0 30.0 30.0
64.5 30.0 30.0 29.99940578192255 30.0 30.0 30.0 30.0 30.0 30.0 30.0 30.0
64.6 30.0 30.0 29.999418424860355 30.0 30.0 30.0 30.0 30.0 30.0 30.0 30.0
64.7 30.0 30.0 29.999430798799526 30.0 30.0 30.0 30.0 30.0 30.0 30.0 30.0
64.8 30.0 30.0 29.999442909463397 30.0 30.0 30.0 30.0 30.0 30.0 30.0 30.0
64.9 30.0 30.0 29.99945476245358 30.0 30.0 30.0 30.0 30.0 30.0 30.0 30.0
65.0 30.0 30.0 29.9994663632524 30.0 30.0 30.0 30.0 30.0 30.0 30.0 30.0
65.1 30.0 30.0 29.999477717225773 30.0 30.0 30.0 30.0 30.0 30.0 30.0 30.0
65.2 30.0 30.0 29.999488829625257 30.0 30.0 30.0 30.0 30.0 30.0 30.0 30.0
65.3 30.0 30.0 29.99949970559066 30.0 30.0 30.0 30.0 30.0 30.0 30.0 30.0
65.4 30.0 30.0 29.999510350152555 30.0 30.0 30.0 30.0 30.0 30.0 30.0 30.0
65.5 30.0 30.0 29.9995207682344 30.0 30.0 30.0 30.0 30.0 30.0 30.0 30.0
65.6 30.0 30.0 29.99953096465497 30.0 30.0 30.0 30.0 30.0 30.0 30.0 30.0
65.7 30.0 30.0 29.999540944130384 30.0 30.0 30.0 30.0 30.0 30.0 30.0 30.0
65.8 30.0 30.0 29.999550711276516 30.0 30.0 30.0 30.0 30.0 30.0 30.0 30.0
65.9 30.0 30.0 29.999560270611045 30.0 30.0 30.0 30.0 30.0 30.0 30.0 30.0
66.0 30.0 30.0 29.99956962655547 30.0 30.0 30.0 30.0 30.0 30.0 30.0 30.0
66.1 30.0 30.0 29.999578783437236 30.0 30.0 30.0 30.0 30.0 30.0 30.0 30.0
66.2 30.0 30.0 29.99958774549179 30.0 30.0 30.0 30.0 30.0 30.0 30.0 30.0
66.3 30.0 30.0 29.999596516864298 30.0 30.0 30.0 30.0 30.0 30.0 30.0 30.0
66.4 30.0 30.0 29.99960510161188 30.0 30.0 30.0 30.0 30.0 30.0 30.0 30.0
66.5 30.0 30.0 29.999613503705255 30.0 30.0 30.0 30.0 30.0 30.0 30.0 30.0
66.6 30.0 30.0 29.99962172703067 30.0 30.0 30.0 30.0 30.0 30.0 30.0 30.0
66.7 30.0 30.0 29.999629775391753 30.0 30.0 30.0 30.0 30.0 30.0 30.0 30.0
66.8 30.0 30.0 29.999637652511048 30.0 30.0 30.0 30.0 30.0 30.0 30.0 30.0
66.9 30.0 30.0 29.99964536203204 30.0 30.0 30.0 30.0 30.0 30.0 30.0 30.0
67.0 30.0 30.0 29.999652907520733 30.0 30.0 30.0 30.0 30.0 30.0 30.0 30.0
67.1 30.0 30.0 29.999660292467063 30.0 30.0 30.0 30.0 30.0 30.0 30.0 30.0
67.2 30.0 30.0 29.999667520286962 30.0 30.0 30.0 30.0 30.0 30.0 30.0 30.0
67.3 30.0 30.0 29.999674594323402 30.0 30.0 30.0 30.0 30.0 30.0 30.0 30.0
67.4 30.0 30.0 29.99968151784843 30.0 30.0 30.0 30.0 30.0 30.0 30.0 30.0
67.5 30.0 30.0 29.999688294064445 30.0 30.0 30.0 30.0 30.0 30.0 30.0 30.0
67.6 30.0 30.0 29.999694926105615 30.0 30.0 30.0 30.0 30.0 30.0 30.0 30.0
67.7 30.0 30.0 29.999701417039553 30.0 30.0 30.0 30.0 30.0 30.0 30.0 30.0
67.8 30.0 30.0 29.99970776986846 30.0 30.0 30.0 30.0 30.0 30.0 30.0 30.0
67.9 30.0 30.0 29.999713987530882 30.0 30.0 30.0 30.0 30.0 30.0 30.0 30.0
68.0 30.0 30.0 29.999720072902555 30.0 30.0 30.0 30.0 30.0 30.0 30.0 30.0
68.1 30.0 30.0 29.999726028798275 30.0 30.0 30.0 30.0 30.0 30.0 30.0 30.0
68.2 30.0 30.0 29.99973185797274 30.0 30.0 30.0 30.0 30.0 30.0 30.0 30.0
68.3 30.0 30.0 29.99973756312222 30.0 30.0 30.0 30.0 30.0 30.0 30.0 30.0
68.4 30.0 30.0 29.999743146885603 30.0 30.0 30.0 30.0 30.0 30.0 30.0 30.0
68.5 30.0 30.0 29.999748611845465 30.0 30.0 30.0 30.0 30.0 30.0 30.0 30.0
68.6 30.0 30.0 29.999753960529624 30.0 30.0 30.0 30.0 30.0 30.0 30.0 30.0
68.7 30.0 30.0 29.999759195412 30.0 30.0 30.0 30.0 30.0 30.0 30.0 30.0
68.8 30.0 30.0 29.999764318913883 30.0 30.0 30.0 30.0 30.0 30.0 30.0 30.0
68.9 30.0 30.0 29.999769333405084 30.0 30.0 30.0 30.0 30.0 30.0 30.0 30.0
69.0 30.0 30.0 29.99977424120501 30.0 30.0 30.0 30.0 30.0 30.0 30.0 30.0
69.1 30.0 30.0 29.999779044583622 30.0 30.0 30.0 30.0 30.0 30.0 30.0 30.0
69.2 30.0 30.0 29.999783745762702 30.0 30.0 30.0 30.0 30.0 30.0 30.0 30.0
69.3 30.0 30.0 29.999788346916716 30.0 30.0 30.0 30.0 30.0 30.0 30.0 30.0
69.4 30.0 30.0 29.999792850173787 30.0 30.0 30.0 30.0 30.0 30.0 30.0 30.0
69.5 30.0 30.0 29.999797257616944 30.0 30.0 30.0 30.0 30.0 30.0 30.0 30.0
69.6 30.0 30.0 29.999801571284713 30.0 30.0 30.0 30.0 30.0 30.0 30.0 30.0
69.7 30.0 30.0 29.99980579317228 30.0 30.0 30.0 30.0 30.0 30.0 30.0 30.0
69.8 30.0 30.0 29.999809925232437 30.0 30.0 30.0 30.0 30.0 30.0 30.0 30.0
69.9 30.0 30.0 29.99981396937639 30.0 30.0 30.0 30.0 30.0 30.0 30.0 30.0
70.0 30.0 30.0 29.999817927474787 30.0 30.0 30.0 30.0 30.0 30.0 30.0 30.0
70.1 30.0 30.0 29.99982180135833 30.0 30.0 30.0 30.0 30.0 30.0 30.0 30.0
70.2 30.0 30.0 29.99982559281882 30.0 30.0 30.0 30.0 30.0 30.0 30.0 30.0
70.3 30.0 30.0 29.999829303609932 30.0 30.0 30.0 30.0 30.0 30.0 30.0 30.0
70.4 30.0 30.0 29.999832935448005 30.0 30.0 30.0 30.0 30.0 30.0 30.0 30.0
70.5 30.0 30.0 29.999836490012992 30.0 30.0 30.0 30.0 30.0 30.0 30.0 30.0
70.6 30.0 30.0 29.999839968948848 30.0 30.0 30.0 30.0 30.0 30.0 30.0 30.0
70.7 30.0 30.0 29.9998433738648 30.0 30.0 30.0 30.0 30.0 30.0 30.0 30.0
70.8 30.0 30.0 29.999846706335724 30.0 30.0 30.0 30.0 30.0 30.0 30.0 30.0
70.9 30.0 30.0 29.999849967903025 30.0 30.0 30.0 30.0 30.0 30.0 30.0 30.0
71.0 30.0 30.0 29.999853160075297 30.0 30.0 30.0 30.0 30.0 30.0 30.0 30.0
71.1 30.0 30.0 29.99985628432902 30.0 30.0 30.0 30.0 30.0 30.0 30.0 30.0
71.2 30.0 30.0 29.99985934210923 30.0 30.0 30.0 30.0 30.0 30.0 30.0 30.0
71.3 30.0 30.0 29.99986233483028 30.0 30.0 30.0 30.0 30.0 30.0 30.0 30.0
71.4 30.0 30.0 29.999865263876448 30.0 30.0 30.0 30.0 30.0 30.0 30.0 30.0
71.5 30.0 30.0 29.99986813060249 30.0 30.0 30.0 30.0 30.0 30.0 30.0 30.0
71.6 30.0 30.0 29.999870936334332 30.0 30.0 30.0 30.0 30.0 30.0 30.0 30.0
71.7 30.0 30.0 29.999873682369753 30.0 30.0 30.0 30.0 30.0 30.0 30.0 30.0
71.8 30.0 30.0 29.99987636997894 30.0 30.0 30.0 30.0 30.0 30.0 30.0 30.0
71.9 30.0 30.0 29.999879000404906 30.0 30.0 30.0 30.0 30.0 30.0 30.0 30.0
72.0 30.0 30.0 29.999881574864343 30.0 30.0 30.0 30.0 30.0 30.0 30.0 30.0
72.1 30.0 30.0 29.999884094548104 30.0 30.0 30.0 30.0 30.0 30.0 30.0 30.0
72.2 30.0 30.0 29.99988656062151 30.0 30.0 30.0 30.0 30.0 30.0 30.0 30.0
72.3 30.0 30.0 29.999888974225293 30.0 30.0 30.0 30.0 30.0 30.0 30.0 30.0
72.4 30.0 30.0 29.999891336475816 30.0 30.0 30.0 30.0 30.0 30.0 30.0 30.0
72.5 30.0 30.0 29.999893648465722 30.0 30.0 30.0 30.0 30.0 30.0 30.0 30.0
72.6 30.0 30.0 29.999895911264353 30.0 30.0 30.0 30.0 30.0 30.0 30.0 30.0
72.7 30.0 30.0 29.9998981259183 30.0 30.0 30.0 30.0 30.0 30.0 30.0 30.0
72.8 30.0 30.0 29.999900293451905 30.0 30.0 30.0 30.0 30.0 30.0 30.0 30.0
72.9 30.0 30.0 29.99990241486784 30.0 30.0 30.0 30.0 30.0 30.0 30.0 30.0
73.0 30.0 30.0 29.999904491147298 30.0 30.0 30.0 30.0 30.0 30.0 30.0 30.0
73.1 30.0 30.0 29.999906523250562 30.0 30.0 30.0 30.0 30.0 30.0 30.0 30.0
73.2 30.0 30.0 29.999908512117614 30.0 30.0 30.0 30.0 30.0 30.0 30.0 30.0
73.3 30.0 30.0 29.999910458668293 30.0 30.0 30.0 30.0 30.0 30.0 30.0 30.0
73.4 30.0 30.0 29.999912363803002 30.0 30.0 30.0 30.0 30.0 30.0 30.0 30.0
73.5 30.0 30.0 29.999914228402986 30.0 30.0 30.0 30.0 30.0 30.0 30.0 30.0
73.6 30.0 30.0 29.999916053330615 30.0 30.0 30.0 30.0 30.0 30.0 30.0 30.0
73.7 30.0 30.0 29.99991783942998 30.0 30.0 30.0 30.0 30.0 30.0 30.0 30.0
73.8 30.0 30.0 29.999919587527174 30.0 30.0 30.0 30.0 30.0 30.0 30.0 30.0
73.9 30.0 30.0 29.999921298430873 30.0 30.0 30.0 30.0 30.0 30.0 30.0 30.0
74.0 30.0 30.0 29.99992297293234 30.0 30.0 30.0 30.0 30.0 30.0 30.0 30.0
74.1 30.0 30.0 29.999924611806087 30.0 30.0 30.0 30.0 30.0 30.0 30.0 30.0
74.2 30.0 30.0 29.9999262158102 30.0 30.0 30.0 30.0 30.0 30.0 30.0 30.0
74.3 30.0 30.0 29.999927785686584 30.0 30.0 30.0 30.0 30.0 30.0 30.0 30.0
74.4 30.0 30.0 29.999929322161293 30.0 30.0 30.0 30.0 30.0 30.0 30.0 30.0
74.5 30.0 30.0 29.999930825945086 30.0 30.0 30.0 30.0 30.0 30.0 30.0 30.0
74.6 30.0 30.0 29.999932297733533 30.0 30.0 30.0 30.0 30.0 30.0 30.0 30.0
74.7 30.0 30.0 29.999933738207304 30.0 30.0 30.0 30.0 30.0 30.0 30.0 30.0
74.8 30.0 30.0 29.999935148032648 30.0 30.0 30.0 30.0 30.0 30.0 30.0 30.0
74.9 30.0 30.0 29.9999365278617 30.0 30.0 30.0 30.0 30.0 30.0 30.0 30.0
75.0 30.0 30.0 29.999937878332744 30.0 30.0 30.0 30.0 30.0 30.0 30.0 30.0
75.1 30.0 30.0 29.999939200070337 30.0 30.0 30.0 30.0 30.0 30.0 30.0 30.0
75.2 30.0 30.0 29.999940493685866 30.0 30.0 30.0 30.0 30.0 30.0 30.0 30.0
75.3 30.0 30.0 29.99994175977767 30.0 30.0 30.0 30.0 30.0 30.0 30.0 30.0
75.4 30.0 30.0 29.999942998931306 30.0 30.0 30.0 30.0 30.0 30.0 30.0 30.0
75.5 30.0 30.0 29.99994421172004 30.0 30.0 30.0 30.0 30.0 30.0 30.0 30.0
75.6 30.0 30.0 29.99994539870477 30.0 30.0 30.0 30.0 30.0 30.0 30.0 30.0
75.7 30.0 30.0 29.999946560434477 30.0 30.0 30.0 30.0 30.0 30.0 30.0 30.0
75.8 30.0 30.0 29.999947697446533 30.0 30.0 30.0 30.0 30.0 30.0 30.0 30.0
75.9 30.0 30.0 29.999948810266808 30.0 30.0 30.0 30.0 30.0 30.0 30.0 30.0
76.0 30.0 30.0 29.99994989941003 30.0 30.0 30.0 30.0 30.0 30.0 30.0 30.0
76.1 30.0 30.0 29.999950965380005 30.0 30.0 30.0 30.0 30.0 30.0 30.0 30.0
76.2 30.0 30.0 29.999952008669798 30.0 30.0 30.0 30.0 30.0 30.0 30.0 30.0
76.3 30.0 30.0 29.999953029761915 30.0 30.0 30.0 30.0 30.0 30.0 30.0 30.0
76.4 30.0 30.0 29.999954029128723 30.0 30.0 30.0 30.0 30.0 30.0 30.0 30.0
76.5 30.0 30.0 29.999955007232415 30.0 30.0 30.0 30.0 30.0 30.0 30.0 30.0
76.6 30.0 30.0 29.999955964525324 30.0 30.0 30.0 30.0 30.0 30.0 30.0 30.0
76.7 30.0 30.0 29.99995690145029 30.0 30.0 30.0 30.0 30.0 30.0 30.0 30.0
76.8 30.0 30.0 29.999957818440677 30.0 30.0 30.0 30.0 30.0 30.0 30.0 30.0
76.9 30.0 30.0 29.999958715920663 30.0 30.0 30.0 30.0 30.0 30.0 30.0 30.0
77.0 30.0 30.0 29.999959594305324 30.0 30.0 30.0 30.0 30.0 30.0 30.0 30.0
77.1 30.0 30.0 29.999960454000934 30.0 30.0 30.0 30.0 30.0 30.0 30.0 30.0
77.2 30.0 30.0 29.999961295405154 30.0 30.0 30.0 30.0 30.0 30.0 30.0 30.0
77.3 30.0 30.0 29.99996211890713 30.0 30.0 30.0 30.0 30.0 30.0 30.0 30.0
77.4 30.0 30.0 29.999962924887793 30.0 30.0 30.0 30.0 30.0 30.0 30.0 30.0
77.5 30.0 30.0 29.99996371371993 30.0 30.0 30.0 30.0 30.0 30.0 30.0 30.0
77.6 30.0 30.0 29.999964485768405 30.0 30.0 30.0 30.0 30.0 30.0 30.0 30.0
77.7 30.0 30.0 29.999965241390342 30.0 30.0 30.0 30.0 30.0 30.0 30.0 30.0
77.8 30.0 30.0 29.99996598093522 30.0 30.0 30.0 30.0 30.0 30.0 30.0 30.0
77.9 30.0 30.0 29.999966704745063 30.0 30.0 30.0 30.0 30.0 30.0 30.0 30.0
78.0 30.0 30.0 29.999967413154742 30.0 30.0 30.0 30.0 30.0 30.0 30.0 30.0
78.1 30.0 30.0 29.99996810649187 30.0 30.0 30.0 30.0 30.0 30.0 30.0 30.0
78.2 30.0 30.0 29.99996878507719 30.0 30.0 30.0 30.0 30.0 30.0 30.0 30.0
78.3 30.0 30.0 29.99996944922447 30.0 30.0 30.0 30.0 30.0 30.0 30.0 30.0
78.4 30.0 30.0 29.99997009924101 30.0 30.0 30.0 30.0 30.0 30.0 30.0 30.0
78.5 30.0 30.0 29.99997073542733 30.0 30.0 30.0 30.0 30.0 30.0 30.0 30.0
78.6 30.0 30.0 29.999971358077854 30.0 30.0 30.0 30.0 30.0 30.0 30.0 30.0
78.7 30.0 30.0 29.999971967480423 30.0 30.0 30.0 30.0 30.0 30.0 30.0 30.0
78.8 30.0 30.0 29.999972563916987 30.0 30.0 30.0 30.0 30.0 30.0 30.0 30.0
78.9 30.0 30.0 29.99997314766339 30.0 30.0 30.0 30.0 30.0 30.0 30.0 30.0
79.0 30.0 30.0 29.999973718989676 30.0 30.0 30.0 30.0 30.0 30.0 30.0 30.0
79.1 30.0 30.0 29.999974278160078 30.0 30.0 30.0 30.0 30.0 30.0 30.0 30.0
79.2 30.0 30.0 29.999974825433227 30.0 30.0 30.0 30.0 30.0 30.0 30.0 30.0
79.3 30.0 30.0 29.99997536106233 30.0 30.0 30.0 30.0 30.0 30.0 30.0 30.0
79.4 30.0 30.0 29.999975885295076 30.0 30.0 30.0 30.0 30.0 30.0 30.0 30.0
79.5 30.0 30.0 29.999976398373935 30.0 30.0 30.0 30.0 30.0 30.0 30.0 30.0
79.6 30.0 30.0 29.999976900536147 30.0 30.0 30.0 30.0 30.0 30.0 30.0 30.0
79.7 30.0 30.0 29.99997739201412 30.0 30.0 30.0 30.0 30.0 30.0 30.0 30.0
79.8 30.0 30.0 29.999977873035128 30.0 30.0 30.0 30.0 30.0 30.0 30.0 30.0
79.9 30.0 30.0 29.99997834382161 30.0 30.0 30.0 30.0 30.0 30.0 30.0 30.0
80.0 30.0 30.0 29.999978804591365 30.0 30.0 30.0 30.0 30.0 30.0 30.0 30.0
80.1 30.0 30.0 29.999979255557538 30.0 30.0 30.0 30.0 30.0 30.0 30.0 30.0
80.2 30.0 30.0 29.99997969692864 30.0 30.0 30.0 30.0 30.0 30.0 30.0 30.0
80.3 30.0 30.0 29.99998012890892 30.0 30.0 30.0 30.0 30.0 30.0 30.0 30.0
80.4 30.0 30.0 29.99998055169808 30.0 30.0 30.0 30.0 30.0 30.0 30.0 30.0
80.5 30.0 30.0 29.999980965491755 30.0 30.0 30.0 30.0 30.0 30.0 30.0 30.0
80.6 30.0 30.0 29.99998137048133 30.0 30.0 30.0 30.0 30.0 30.0 30.0 30.0
80.7 30.0 30.0 29.99998176685402 30.0 30.0 30.0 30.0 30.0 30.0 30.0 30.0
80.8 30.0 30.0 29.999982154793276 30.0 30.0 30.0 30.0 30.0 30.0 30.0 30.0
80.9 30.0 30.0 29.99998253447848 30.0 30.0 30.0 30.0 30.0 30.0 30.0 30.0
81.0 30.0 30.0 29.99998290608534 30.0 30.0 30.0 30.0 30.0 30.0 30.0 30.0
81.1 30.0 30.0 29.999983269785695 30.0 30.0 30.0 30.0 30.0 30.0 30.0 30.0
81.2 30.0 30.0 29.999983625747696 30.0 30.0 30.0 30.0 30.0 30.0 30.0 30.0
81.3 30.0 30.0 29.99998397413603 30.0 30.0 30.0 30.0 30.0 30.0 30.0 30.0
81.4 30.0 30.0 29.99998431511188 30.0 30.0 30.0 30.0 30.0 30.0 30.0 30.0
81.5 30.0 30.0 29.999984648832868 30.0 30.0 30.0 30.0 30.0 30.0 30.0 30.0
81.6 30.0 30.0 29.999984975453412 30.0 30.0 30.0 30.0 30.0 30.0 30.0 30.0
81.7 30.0 30.0 29.99998529512464 30.0 30.0 30.0 30.0 30.0 30.0 30.0 30.0
81.8 30.0 30.0 29.9999856079943 30.0 30.0 30.0 30.0 30.0 30.0 30.0 30.0
81.9 30.0 30.0 29.999985914207233 30.0 30.0 30.0 30.0 30.0 30.0 30.0 30.0
82.0 30.0 30.0 29.999986213904993 30.0 30.0 30.0 30.0 30.0 30.0 30.0 30.0
82.1 30.0 30.0 29.99998650722613 30.0 30.0 30.0 30.0 30.0 30.0 30.0 30.0
82.2 30.0 30.0 29.99998679430639 30.0 30.0 30.0 30.0 30.0 30.0 30.0 30.0
82.3 30.0 30.0 29.99998707527862 30.0 30.0 30.0 30.0 30.0 30.0 30.0 30.0
82.4 30.0 30.0 29.999987350272665 30.0 30.0 30.0 30.0 30.0 30.0 30.0 30.0
82.5 30.0 30.0 29.999987619415755 30.0 30.0 30.0 30.0 30.0 30.0 30.0 30.0
82.6 30.0 30.0 29.999987882832414 30.0 30.0 30.0 30.0 30.0 30.0 30.0 30.0
82.7 30.0 30.0 29.999988140644458 30.0 30.0 30.0 30.0 30.0 30.0 30.0 30.0
82.8 30.0 30.0 29.999988392971186 30.0 30.0 30.0 30.0 30.0 30.0 30.0 30.0
82.9 30.0 30.0 29.99998863992928 30.0 30.0 30.0 30.0 30.0 30.0 30.0 30.0
83.0 30.0 30.0 29.999988881632916 30.0 30.0 30.0 30.0 30.0 30.0 30.0 30.0
83.1 30.0 30.0 29.99998911819394 30.0 30.0 30.0 30.0 30.0 30.0 30.0 30.0
83.2 30.0 30.0 29.999989349721684 30.0 30.0 30.0 30.0 30.0 30.0 30.0 30.0
83.3 30.0 30.0 29.999989576323355 30.0 30.0 30.0 30.0 30.0 30.0 30.0 30.0
83.4 30.0 30.0 29.999989798103734 30.0 30.0 30.0 30.0 30.0 30.0 30.0 30.0
83.5 30.0 30.0 29.999990015165384 30.0 30.0 30.0 30.0 30.0 30.0 30.0 30.0
83.6 30.0 30.0 29.999990227608638 30.0 30.0 30.0 30.0 30.0 30.0 30.0 30.0
83.7 30.0 30.0 29.9999904355319 30.0 30.0 30.0 30.0 30.0 30.0 30.0 30.0
83.8 30.0 30.0 29.999990639031243 30.0 30.0 30.0 30.0 30.0 30.0 30.0 30.0
83.9 30.0 30.0 29.99999083820081 30.0 30.0 30.0 30.0 30.0 30.0 30.0 30.0
84.0 30.0 30.0 29.999991033132712 30.0 30.0 30.0 30.0 30.0 30.0 30.0 30.0
84.1 30.0 30.0 29.999991223917128 30.0 30.0 30.0 30.0 30.0 30.0 30.0 30.0
84.2 30.0 30.0 29.99999141064229 30.0 30.0 30.0 30.0 30.0 30.0 30.0 30.0
84.3 30.0 30.0 29.999991593394608 30.0 30.0 30.0 30.0 30.0 30.0 30.0 30.0
84.4 30.0 30.0 29.999991772258547 30.0 30.0 30.0 30.0 30.0 30.0 30.0 30.0
84.5 30.0 30.0 29.99999194731683 30.0 30.0 30.0 30.0 30.0 30.0 30.0 30.0
84.6 30.0 30.0 29.999992118650535 30.0 30.0 30.0 30.0 30.0 30.0 30.0 30.0
84.7 30.0 30.0 29.999992286338816 30.0 30.0 30.0 30.0 30.0 30.0 30.0 30.0
84.8 30.0 30.0 29.999992450459263 30.0 30.0 30.0 30.0 30.0 30.0 30.0 30.0
84.9 30.0 30.0 29.99999261108783 30.0 30.0 30.0 30.0 30.0 30.0 30.0 30.0
85.0 30.0 30.0 29.999992768298732 30.0 30.0 30.0 30.0 30.0 30.0 30.0 30.0
85.1 30.0 30.0 29.999992922164722 30.0 30.0 30.0 30.0 30.0 30.0 30.0 30.0
85.2 30.0 30.0 29.99999307275692 30.0 30.0 30.0 30.0 30.0 30.0 30.0 30.0
85.3 30.0 30.0 29.999993220145083 30.0 30.0 30.0 30.0 30.0 30.0 30.0 30.0
85.4 30.0 30.0 29.99999336439733 30.0 30.0 30.0 30.0 30.0 30.0 30.0 30.0
85.5 30.0 30.0 29.99999350558032 30.0 30.0 30.0 30.0 30.0 30.0 30.0 30.0
85.6 30.0 30.0 29.999993643759463 30.0 30.0 30.0 30.0 30.0 30.0 30.0 30.0
85.7 30.0 30.0 29.99999377899862 30.0 30.0 30.0 30.0 30.0 30.0 30.0 30.0
85.8 30.0 30.0 29.99999391136038 30.0 30.0 30.0 30.0 30.0 30.0 30.0 30.0
85.9 30.0 30.0 29.999994040905904 30.0 30.0 30.0 30.0 30.0 30.0 30.0 30.0
86.0 30.0 30.0 29.999994167695174 30.0 30.0 30.0 30.0 30.0 30.0 30.0 30.0
86.1 30.0 30.0 29.999994291786727 30.0 30.0 30.0 30.0 30.0 30.0 30.0 30.0
86.2 30.0 30.0 29.999994413238035 30.0 30.0 30.0 30.0 30.0 30.0 30.0 30.0
86.3 30.0 30.0 29.99999453210532 30.0 30.0 30.0 30.0 30.0 30.0 30.0 30.0
86.4 30.0 30.0 29.999994648443526 30.0 30.0 30.0 30.0 30.0 30.0 30.0 30.0
86.5 30.0 30.0 29.999994762306457 30.0 30.0 30.0 30.0 30.0 30.0 30.0 30.0
86.6 30.0 30.0 29.999994873746747 30.0 30.0 30.0 30.0 30.0 30.0 30.0 30.0
86.7 30.0 30.0 29.999994982815963 30.0 30.0 30.0 30.0 30.0 30.0 30.0 30.0
86.8 30.0 30.0 29.999995089564518 30.0 30.0 30.0 30.0 30.0 30.0 30.0 30.0
86.9 30.0 30.0 29.99999519404185 30.0 30.0 30.0 30.0 30.0 30.0 30.0 30.0
87.0 30.0 30.0 29.999995296296245 30.0 30.0 30.0 30.0 30.0 30.0 30.0 30.0
87.1 30.0 30.0 29.99999539637501 30.0 30.0 30.0 30.0 30.0 30.0 30.0 30.0
87.2 30.0 30.0 29.99999549432449 30.0 30.0 30.0 30.0 30.0 30.0 30.0 30.0
87.3 30.0 30.0 29.999995590189975 30.0 30.0 30.0 30.0 30.0 30.0 30.0 30.0
87.4 30.0 30.0 29.999995684015673 30.0 30.0 30.0 30.0 30.0 30.0 30.0 30.0
87.5 30.0 30.0 29.99999577584513 30.0 30.0 30.0 30.0 30.0 30.0 30.0 30.0
87.6 30.0 30.0 29.999995865720717 30.0 30.0 30.0 30.0 30.0 30.0 30.0 30.0
87.7 30.0 30.0 29.99999595368414 30.0 30.0 30.0 30.0 30.0 30.0 30.0 30.0
87.8 30.0 30.0 29.999996039775944 30.0 30.0 30.0 30.0 30.0 30.0 30.0 30.0
87.9 30.0 30.0 29.99999612403598 30.0 30.0 30.0 30.0 30.0 30.0 30.0 30.0
88.0 30.0 30.0 29.999996206503255 30.0 30.0 30.0 30.0 30.0 30.0 30.0 30.0
88.1 30.0 30.0 29.999996287215875 30.0 30.0 30.0 30.0 30.0 30.0 30.0 30.0
88.2 30.0 30.0 29.999996366211295 30.0 30.0 30.0 30.0 30.0 30.0 30.0 30.0
88.3 30.0 30.0 29.999996443525895 30.0 30.0 30.0 30.0 30.0 30.0 30.0 30.0
88.4 30.0 30.0 29.999996519195467 30.0 30.0 30.0 30.0 30.0 30.0 30.0 30.0
88.5 30.0 30.0 29.999996593255233 30.0 30.0 30.0 30.0 30.0 30.0 30.0 30.0
88.6 30.0 30.0 29.99999666573925 30.0 30.0 30.0 30.0 30.0 30.0 30.0 30.0
88.7 30.0 30.0 29.999996736681 30.0 30.0 30.0 30.0 30.0 30.0 30.0 30.0
88.8 30.0 30.0 29.999996806113373 30.0 30.0 30.0 30.0 30.0 30.0 30.0 30.0
88.9 30.0 30.0 29.999996874068493 30.0 30.0 30.0 30.0 30.0 30.0 30.0 30.0
89.0 30.0 30.0 29.999996940577713 30.0 30.0 30.0 30.0 30.0 30.0 30.0 30.0
89.1 30.0 30.0 29.999997005671798 30.0 30.0 30.0 30.0 30.0 30.0 30.0 30.0
89.2 30.0 30.0 29.99999706938093 30.0 30.0 30.0 30.0 30.0 30.0 30.0 30.0
89.3 30.0 30.0 29.999997131734535 30.0 30.0 30.0 30.0 30.0 30.0 30.0 30.0
89.4 30.0 30.0 29.999997192761438 30.0 30.0 30.0 30.0 30.0 30.0 30.0 30.0
89.5 30.0 30.0 29.999997252489887 30.0 30.0 30.0 30.0 30.0 30.0 30.0 30.0
89.6 30.0 30.0 29.999997310947563 30.0 30.0 30.0 30.0 30.0 30.0 30.0 30.0
89.7 30.0 30.0 29.99999736816136 30.0 30.0 30.0 30.0 30.0 30.0 30.0 30.0
89.8 30.0 30.0 29.999997424157982 30.0 30.0 30.0 30.0 30.0 30.0 30.0 30.0
89.9 30.0 30.0 29.999997478963163 30.0 30.0 30.0 30.0 30.0 30.0 30.0 30.0
90.0 30.0 30.0 29.999997532602258 30.0 30.0 30.0 30.0 30.0 30.0 30.0 30.0
90.1 30.0 30.0 29.999997585100036 30.0 30.0 30.0 30.0 30.0 30.0 30.0 30.0
90.2 30.0 30.0 29.999997636480874 30.0 30.0 30.0 30.0 30.0 30.0 30.0 30.0
90.3 30.0 30.0 29.999997686768577 30.0 30.0 30.0 30.0 30.0 30.0 30.0 30.0
90.4 30.0 30.0 29.999997735986174 30.0 30.0 30.0 30.0 30.0 30.0 30.0 30.0
90.5 30.0 30.0 29.99999778415669 30.0 30.0 30.0 30.0 30.0 30.0 30.0 30.0
90.6 30.0 30.0 29.99999783130238 30.0 30.0 30.0 30.0 30.0 30.0 30.0 30.0
90.7 30.0 30.0 29.999997877444915 30.0 30.0 30.0 30.0 30.0 30.0 30.0 30.0
90.8 30.0 30.0 29.999997922605584 30.0 30.0 30.0 30.0 30.0 30.0 30.0 30.0
90.9 30.0 30.0 29.99999796680548 30.0 30.0 30.0 30.0 30.0 30.0 30.0 30.0
91.0 30.0 30.0 29.999998010064918 30.0 30.0 30.0 30.0 30.0 30.0 30.0 30.0
91.1 30.0 30.0 29.999998052404024 30.0 30.0 30.0 30.0 30.0 30.0 30.0 30.0
91.2 30.0 30.0 29.99999809384215 30.0 30.0 30.0 30.0 30.0 30.0 30.0 30.0
91.3 30.0 30.0 29.99999813439865 30.0 30.0 30.0 30.0 30.0 30.0 30.0 30.0
91.4 30.0 30.0 29.999998174092287 30.0 30.0 30.0 30.0 30.0 30.0 30.0 30.0
91.5 30.0 30.0 29.99999821294145 30.0 30.0 30.0 30.0 30.0 30.0 30.0 30.0
91.6 30.0 30.0 29.99999825096394 30.0 30.0 30.0 30.0 30.0 30.0 30.0 30.0
91.7 30.0 30.0 29.99999828817756 30.0 30.0 30.0 30.0 30.0 30.0 30.0 30.0
91.8 30.0 30.0 29.99999832459934 30.0 30.0 30.0 30.0 30.0 30.0 30.0 30.0
91.9 30.0 30.0 29.999998360246114 30.0 30.0 30.0 30.0 30.0 30.0 30.0 30.0
92.0 30.0 30.0 29.999998395134526 30.0 30.0 30.0 30.0 30.0 30.0 30.0 30.0
92.1 30.0 30.0 29.999998429280634 30.0 30.0 30.0 30.0 30.0 30.0 30.0 30.0
92.2 30.0 30.0 29.999998462700113 30.0 30.0 30.0 30.0 30.0 30.0 30.0 30.0
92.3 30.0 30.0 29.999998495408637 30.0 30.0 30.0 30.0 30.0 30.0 30.0 30.0
92.4 30.0 30.0 29.999998527421305 30.0 30.0 30.0 30.0 30.0 30.0 30.0 30.0
92.5 30.0 30.0 29.999998558752814 30.0 30.0 30.0 30.0 30.0 30.0 30.0 30.0
92.6 30.0 30.0 29.999998589417686 30.0 30.0 30.0 30.0 30.0 30.0 30.0 30.0
92.7 30.0 30.0 29.999998619430045 30.0 30.0 30.0 30.0 30.0 30.0 30.0 30.0
92.8 30.0 30.0 29.99999864880382 30.0 30.0 30.0 30.0 30.0 30.0 30.0 30.0
92.9 30.0 30.0 29.999998677552753 30.0 30.0 30.0 30.0 30.0 30.0 30.0 30.0
93.0 30.0 30.0 29.999998705690004 30.0 30.0 30.0 30.0 30.0 30.0 30.0 30.0
93.1 30.0 30.0 29.999998733228537 30.0 30.0 30.0 30.0 30.0 30.0 30.0 30.0
93.2 30.0 30.0 29.99999876018112 30.0 30.0 30.0 30.0 30.0 30.0 30.0 30.0
93.3 30.0 30.0 29.99999878656034 30.0 30.0 30.0 30.0 30.0 30.0 30.0 30.0
93.4 30.0 30.0 29.999998812378184 30.0 30.0 30.0 30.0 30.0 30.0 30.0 30.0
93.5 30.0 30.0 29.999998837646658 30.0 30.0 30.0 30.0 30.0 30.0 30.0 30.0
93.6 30.0 30.0 29.99999886237756 30.0 30.0 30.0 30.0 30.0 30.0 30.0 30.0
93.7 30.0 30.0 29.999998886582308 30.0 30.0 30.0 30.0 30.0 30.0 30.0 30.0
93.8 30.0 30.0 29.99999891027213 30.0 30.0 30.0 30.0 30.0 30.0 30.0 30.0
93.9 30.0 30.0 29.99999893345786 30.0 30.0 30.0 30.0 30.0 30.0 30.0 30.0
94.0 30.0 30.0 29.999998956150332 30.0 30.0 30.0 30.0 30.0 30.0 30.0 30.0
94.1 30.0 30.0 29.999998978359805 30.0 30.0 30.0 30.0 30.0 30.0 30.0 30.0
94.2 30.0 30.0 29.999999000096924 30.0 30.0 30.0 30.0 30.0 30.0 30.0 30.0
94.3 30.0 30.0 29.999999021371554 30.0 30.0 30.0 30.0 30.0 30.0 30.0 30.0
94.4 30.0 30.0 29.99999904219337 30.0 30.0 30.0 30.0 30.0 30.0 30.0 30.0
94.5 30.0 30.0 29.999999062572243 30.0 30.0 30.0 30.0 30.0 30.0 30.0 30.0
94.6 30.0 30.0 29.999999082517462 30.0 30.0 30.0 30.0 30.0 30.0 30.0 30.0
94.7 30.0 30.0 29.999999102038313 30.0 30.0 30.0 30.0 30.0 30.0 30.0 30.0
94.8 30.0 30.0 29.999999121143894 30.0 30.0 30.0 30.0 30.0 30.0 30.0 30.0
94.9 30.0 30.0 29.999999139842913 30.0 30.0 30.0 30.0 30.0 30.0 30.0 30.0
95.0 30.0 30.0 29.999999158144075 30.0 30.0 30.0 30.0 30.0 30.0 30.0 30.0
95.1 30.0 30.0 29.999999176055894 30.0 30.0 30.0 30.0 30.0 30.0 30.0 30.0
95.2 30.0 30.0 29.999999193586696 30.0 30.0 30.0 30.0 30.0 30.0 30.0 30.0
95.3 30.0 30.0 29.99999921074441 30.0 30.0 30.0 30.0 30.0 30.0 30.0 30.0
95.4 30.0 30.0 29.999999227537167 30.0 30.0 30.0 30.0 30.0 30.0 30.0 30.0
95.5 30.0 30.0 29.99999924397251 30.0 30.0 30.0 30.0 30.0 30.0 30.0 30.0
95.6 30.0 30.0 29.999999260058182 30.0 30.0 30.0 30.0 30.0 30.0 30.0 30.0
95.7 30.0 30.0 29.999999275801535 30.0 30.0 30.0 30.0 30.0 30.0 30.0 30.0
95.8 30.0 30.0 29.99999929120992 30.0 30.0 30.0 30.0 30.0 30.0 30.0 30.0
95.9 30.0 30.0 29.999999306290505 30.0 30.0 30.0 30.0 30.0 30.0 30.0 30.0
96.0 30.0 30.0 29.99999932105025 30.0 30.0 30.0 30.0 30.0 30.0 30.0 30.0
96.1 30.0 30.0 29.99999933549593 30.0 30.0 30.0 30.0 30.0 30.0 30.0 30.0
96.2 30.0 30.0 29.999999349634315 30.0 30.0 30.0 30.0 30.0 30.0 30.0 30.0
96.3 30.0 30.0 29.999999363471794 30.0 30.0 30.0 30.0 30.0 30.0 30.0 30.0
96.4 30.0 30.0 29.99999937701494 30.0 30.0 30.0 30.0 30.0 30.0 30.0 30.0
96.5 30.0 30.0 29.999999390269956 30.0 30.0 30.0 30.0 30.0 30.0 30.0 30.0
96.6 30.0 30.0 29.999999403243027 30.0 30.0 30.0 30.0 30.0 30.0 30.0 30.0
96.7 30.0 30.0 29.99999941593996 30.0 30.0 30.0 30.0 30.0 30.0 30.0 30.0
96.8 30.0 30.0 29.999999428366756 30.0 30.0 30.0 30.0 30.0 30.0 30.0 30.0
96.9 30.0 30.0 29.999999440529216 30.0 30.0 30.0 30.0 30.0 30.0 30.0 30.0
97.0 30.0 30.0 29.99999945243276 30.0 30.0 30.0 30.0 30.0 30.0 30.0 30.0
97.1 30.0 30.0 29.999999464083192 30.0 30.0 30.0 30.0 30.0 30.0 30.0 30.0
97.2 30.0 30.0 29.99999947548574 30.0 30.0 30.0 30.0 30.0 30.0 30.0 30.0
97.3 30.0 30.0 29.999999486645628 30.0 30.0 30.0 30.0 30.0 30.0 30.0 30.0
97.4 30.0 30.0 29.999999497568076 30.0 30.0 30.0 30.0 30.0 30.0 30.0 30.0
97.5 30.0 30.0 29.999999508258124 30.0 30.0 30.0 30.0 30.0 30.0 30.0 30.0
97.6 30.0 30.0 29.999999518720795 30.0 30.0 30.0 30.0 30.0 30.0 30.0 30.0
97.7 30.0 30.0 29.99999952896074 30.0 30.0 30.0 30.0 30.0 30.0 30.0 30.0
97.8 30.0 30.0 29.99999953898279 30.0 30.0 30.0 30.0 30.0 30.0 30.0 30.0
97.9 30.0 30.0 29.999999548791592 30.0 30.0 30.0 30.0 30.0 30.0 30.0 30.0
98.0 30.0 30.0 29.999999558391796 30.0 30.0 30.0 30.0 30.0 30.0 30.0 30.0
98.1 30.0 30.0 29.999999567787647 30.0 30.0 30.0 30.0 30.0 30.0 30.0 30.0
98.2 30.0 30.0 29.99999957698361 30.0 30.0 30.0 30.0 30.0 30.0 30.0 30.0
98.3 30.0 30.0 29.99999958598393 30.0 30.0 30.0 30.0 30.0 30.0 30.0 30.0
98.4 30.0 30.0 29.999999594792868 30.0 30.0 30.0 30.0 30.0 30.0 30.0 30.0
98.5 30.0 30.0 29.9999996034143 30.0 30.0 30.0 30.0 30.0 30.0 30.0 30.0
98.6 30.0 30.0 29.999999611852278 30.0 30.0 30.0 30.0 30.0 30.0 30.0 30.0
98.7 30.0 30.0 29.999999620110685 30.0 30.0 30.0 30.0 30.0 30.0 30.0 30.0
98.8 30.0 30.0 29.999999628193383 30.0 30.0 30.0 30.0 30.0 30.0 30.0 30.0
98.9 30.0 30.0 29.999999636104246 30.0 30.0 30.0 30.0 30.0 30.0 30.0 30.0
99.0 30.0 30.0 29.999999643846756 30.0 30.0 30.0 30.0 30.0 30.0 30.0 30.0
99.1 30.0 30.0 29.999999651424393 30.0 30.0 30.0 30.0 30.0 30.0 30.0 30.0
99.2 30.0 30.0 29.99999965884084 30.0 30.0 30.0 30.0 30.0 30.0 30.0 30.0
99.3 30.0 30.0 29.999999666099576 30.0 30.0 30.0 30.0 30.0 30.0 30.0 30.0
99.4 30.0 30.0 29.999999673203888 30.0 30.0 30.0 30.0 30.0 30.0 30.0 30.0
99.5 30.0 30.0 29.999999680157075 30.0 30.0 30.0 30.0 30.0 30.0 30.0 30.0
99.6 30.0 30.0 29.999999686962223 30.0 30.0 30.0 30.0 30.0 30.0 30.0 30.0
99.7 30.0 30.0 29.999999693622627 30.0 30.0 30.0 30.0 30.0 30.0 30.0 30.0
99.8 30.0 30.0 29.99999970014138 30.0 30.0 30.0 30.0 30.0 30.0 30.0 30.0
99.9 30.0 30.0 29.99999970652139 30.0 30.0 30.0 30.0 30.0 30.0 30.0 30.0
