0.0 0.0 -1073741824.0 -1073741824.0 -1073741824.0 -1073741824.0 -1073741824.0 -1073741824.0 -1073741824.0 -1073741824.0 -1073741824.0 -1073741824.0
0.1 0.6000000000000001 -1073741824.0 -1073741824.0 -1073741824.0 -1073741824.0 -1073741824.0 -1073741824.0 -1073741824.0 -1073741824.0 -1073741824.0 -1073741824.0
0.2 27.0 0.0 0.0 0.0 0.0 0.0 0.0 0.0 0.0 0.0 0.0
0.3 27.0 27.0 27.0 27.0 27.0 27.0 27.0 27.0 27.0 27.0 0.0
0.4 27.0 27.0 27.0 27.0 27.0 27.0 27.0 27.0 27.0 27.0 0.0
0.5 27.0 27.0 27.0 27.0 27.0 27.0 27.0 27.0 27.0 27.0 0.0
0.6 27.0 27.0 27.0 27.0 27.0 27.0 27.0 27.0 27.0 27.0 0.0
0.7 27.0 27.0 27.0 27.0 27.0 27.0 27.0 27.0 27.0 27.0 0.0
0.8 27.0 27.0 27.0 27.0 27.0 27.0 27.0 27.0 27.0 27.0 0.0
0.9 27.0 27.0 27.0 27.0 27.0 27.0 27.0 27.0 27.0 27.0 0.0
1.0 27.0 27.0 27.0 27.0 27.0 27.0 27.0 27.0 27.0 27.0 0.0
1.1 27.0 27.0 27.0 27.0 27.0 27.0 27.0 27.0 27.0 27.0 0.0
1.2 27.0 27.0 27.0 27.0 27.0 27.0 27.0 27.0 27.0 27.0 0.0
1.3 27.0 27.0 27.0 27.0 27.0 27.0 27.0 27.0 27.0 27.0 0.0
1.4 27.0 27.0 27.0 27.0 27.0 27.0 27.0 27.0 27.0 27.0 0.0
1.5 27.0 27.0 27.0 27.0 27.0 27.0 27.0 27.0 27.0 27.0 0.0
1.6 27.0 27.0 27.0 27.0 27.0 27.0 27.0 27.0 27.0 27.0 0.0
1.7 27.0 27.0 27.0 27.0 27.0 27.0 27.0 27.0 27.0 27.0 0.0
1.8 27.0 27.0 27.0 27.0 27.0 27.0 27.0 27.0 27.0 27.0 0.0
1.9 27.0 27.0 27.0 27.0 27.0 27.0 27.0 27.0 27.0 27.0 0.0
2.0 27.0 27.0 27.0 27.0 27.0 27.0 27.0 27.0 27.0 27.0 0.0
2.1 27.0 27.0 27.0 27.0 27.0 27.0 27.0 27.0 27.0 27.0 0.0
2.2 26.95818847084163 26.95818847084163 26.95818847084163 26.95818847084163 26.95818847084163 26.95818847084163 26.95818847084163 26.95818847084163 26.95818847084163 26.95818847084163 0.0
2.3 26.91637694168326 26.91637694168326 26.91637694168326 26.91637694168326 26.91637694168326 26.91637694168326 26.91637694168326 26.91637694168326 26.91637694168326 26.91637694168326 0.0
2.4 26.87456541252489 26.87456541252489 26.87456541252489 26.87456541252489 26.87456541252489 26.87456541252489 26.87456541252489 26.87456541252489 26.87456541252489 26.87456541252489 0.0
2.5 26.83275388336652 26.83275388336652 26.83275388336652 26.83275388336652 26.83275388336652 26.83275388336652 26.83275388336652 26.83275388336652 26.83275388336652 26.83275388336652 0.0
2.6 26.790942354208152 26.790942354208152 26.790942354208152 26.790942354208152 26.790942354208152 26.790942354208152 26.790942354208152 26.790942354208152 26.790942354208152 26.790942354208152 0.0
2.7 26.749130825049782 26.749130825049782 26.749130825049782 26.749130825049782 26.749130825049782 26.749130825049782 26.749130825049782 26.749130825049782 26.749130825049782 26.749130825049782 0.0
2.8 26.707319295891413 26.707319295891413 26.707319295891413 26.707319295891413 26.707319295891413 26.707319295891413 26.707319295891413 26.707319295891413 26.707319295891413 26.707319295891413 0.0
2.9 26.665507766733043 26.665507766733043 26.665507766733043 26.665507766733043 26.665507766733043 26.665507766733043 26.665507766733043 26.665507766733043 26.665507766733043 26.665507766733043 0.0
3.0 26.623696237574674 26.623696237574674 26.623696237574674 26.623696237574674 26.623696237574674 26.623696237574674 26.623696237574674 26.623696237574674 26.623696237574674 26.623696237574674 0.0
3.1 26.581884708416304 26.581884708416304 26.581884708416304 26.581884708416304 26.581884708416304 26.581884708416304 26.581884708416304 26.581884708416304 26.581884708416304 26.581884708416304 0.0
3.2 26.540073179257934 26.540073179257934 26.540073179257934 26.540073179257934 26.540073179257934 26.540073179257934 26.540073179257934 26.540073179257934 26.540073179257934 26.540073179257934 0.0
3.3 26.498261650099565 26.498261650099565 26.498261650099565 26.498261650099565 26.498261650099565 26.498261650099565 26.498261650099565 26.498261650099565 26.498261650099565 26.498261650099565 0.0
3.4 26.456450120941195 26.456450120941195 26.456450120941195 26.456450120941195 26.456450120941195 26.456450120941195 26.456450120941195 26.456450120941195 26.456450120941195 26.456450120941195 0.0
3.5 26.414638591782825 26.414638591782825 26.414638591782825 26.414638591782825 26.414638591782825 26.414638591782825 26.414638591782825 26.414638591782825 26.414638591782825 26.414638591782825 0.0
3.6 26.372827062624456 26.372827062624456 26.372827062624456 26.372827062624456 26.372827062624456 26.372827062624456 26.372827062624456 26.372827062624456 26.372827062624456 26.372827062624456 0.0
3.7 26.331015533466086 26.331015533466086 26.331015533466086 26.331015533466086 26.331015533466086 26.331015533466086 26.331015533466086 26.331015533466086 26.331015533466086 26.331015533466086 0.0
3.8 26.289204004307717 26.289204004307717 26.289204004307717 26.289204004307717 26.289204004307717 26.289204004307717 26.289204004307717 26.289204004307717 26.289204004307717 26.289204004307717 0.0
3.9 26.247392475149347 26.247392475149347 26.247392475149347 26.247392475149347 26.247392475149347 26.247392475149347 26.247392475149347 26.247392475149347 26.247392475149347 26.247392475149347 0.0
4.0 26.205580945990977 26.205580945990977 26.205580945990977 26.205580945990977 26.205580945990977 26.205580945990977 26.205580945990977 26.205580945990977 26.205580945990977 26.205580945990977 0.0
4.1 26.163769416832608 26.163769416832608 26.163769416832608 26.163769416832608 26.163769416832608 26.163769416832608 26.163769416832608 26.163769416832608 26.163769416832608 26.163769416832608 0.0
4.2 26.121957887674238 26.121957887674238 26.121957887674238 26.121957887674238 26.121957887674238 26.121957887674238 26.121957887674238 26.121957887674238 26.121957887674238 26.121957887674238 0.0
4.3 26.08014635851587 26.08014635851587 26.08014635851587 26.08014635851587 26.08014635851587 26.08014635851587 26.08014635851587 26.08014635851587 26.08014635851587 26.08014635851587 0.0
4.4 26.0383348293575 26.0383348293575 26.0383348293575 26.0383348293575 26.0383348293575 26.0383348293575 26.0383348293575 26.0383348293575 26.0383348293575 26.0383348293575 0.0
4.5 25.99652330019913 25.99652330019913 25.99652330019913 25.99652330019913 25.99652330019913 25.99652330019913 25.99652330019913 25.99652330019913 25.99652330019913 25.99652330019913 0.0
4.6 25.95471177104076 25.95471177104076 25.95471177104076 25.95471177104076 25.95471177104076 25.95471177104076 25.95471177104076 25.95471177104076 25.95471177104076 25.95471177104076 0.0
4.7 25.91290024188239 25.91290024188239 25.91290024188239 25.91290024188239 25.91290024188239 25.91290024188239 25.91290024188239 25.91290024188239 25.91290024188239 25.91290024188239 0.0
4.8 25.87108871272402 25.87108871272402 25.87108871272402 25.87108871272402 25.87108871272402 25.87108871272402 25.87108871272402 25.87108871272402 25.87108871272402 25.87108871272402 0.0
4.9 25.82927718356565 25.82927718356565 25.82927718356565 25.82927718356565 25.82927718356565 25.82927718356565 25.82927718356565 25.82927718356565 25.82927718356565 25.82927718356565 0.0
5.0 25.78746565440728 25.78746565440728 25.78746565440728 25.78746565440728 25.78746565440728 25.78746565440728 25.78746565440728 25.78746565440728 25.78746565440728 25.78746565440728 0.0
5.1 25.74565412524891 25.74565412524891 25.74565412524891 25.74565412524891 25.74565412524891 25.74565412524891 25.74565412524891 25.74565412524891 25.74565412524891 25.74565412524891 0.0
5.2 25.703842596090542 25.703842596090542 25.703842596090542 25.703842596090542 25.703842596090542 25.703842596090542 25.703842596090542 25.703842596090542 25.703842596090542 25.703842596090542 0.0
5.3 25.662031066932173 25.662031066932173 25.662031066932173 25.662031066932173 25.662031066932173 25.662031066932173 25.662031066932173 25.662031066932173 25.662031066932173 25.662031066932173 0.0
5.4 25.620219537773803 25.620219537773803 25.620219537773803 25.620219537773803 25.620219537773803 25.620219537773803 25.620219537773803 25.620219537773803 25.620219537773803 25.620219537773803 0.0
5.5 25.578408008615433 25.578408008615433 25.578408008615433 25.578408008615433 25.578408008615433 25.578408008615433 25.578408008615433 25.578408008615433 25.578408008615433 25.578408008615433 0.0
5.6 25.536596479457064 25.536596479457064 25.536596479457064 25.536596479457064 25.536596479457064 25.536596479457064 25.536596479457064 25.536596479457064 25.536596479457064 25.536596479457064 0.0
5.7 25.494784950298694 25.494784950298694 25.494784950298694 25.494784950298694 25.494784950298694 25.494784950298694 25.494784950298694 25.494784950298694 25.494784950298694 25.494784950298694 0.0
5.8 25.452973421140324 25.452973421140324 25.452973421140324 25.452973421140324 25.452973421140324 25.452973421140324 25.452973421140324 25.452973421140324 25.452973421140324 25.452973421140324 0.0
5.9 25.411161891981955 25.411161891981955 25.411161891981955 25.411161891981955 25.411161891981955 25.411161891981955 25.411161891981955 25.411161891981955 25.411161891981955 25.411161891981955 0.0
6.0 25.369350362823585 25.369350362823585 25.369350362823585 25.369350362823585 25.369350362823585 25.369350362823585 25.369350362823585 25.369350362823585 25.369350362823585 25.369350362823585 0.0
6.1 25.327538833665216 25.327538833665216 25.327538833665216 25.327538833665216 25.327538833665216 25.327538833665216 25.327538833665216 25.327538833665216 25.327538833665216 25.327538833665216 0.0
6.2 25.285727304506846 25.285727304506846 25.285727304506846 25.285727304506846 25.285727304506846 25.285727304506846 25.285727304506846 25.285727304506846 25.285727304506846 25.285727304506846 0.0
6.3 25.243915775348476 25.243915775348476 25.243915775348476 25.243915775348476 25.243915775348476 25.243915775348476 25.243915775348476 25.243915775348476 25.243915775348476 25.243915775348476 0.0
6.4 25.202104246190107 25.202104246190107 25.202104246190107 25.202104246190107 25.202104246190107 25.202104246190107 25.202104246190107 25.202104246190107 25.202104246190107 25.202104246190107 0.0
6.5 25.160292717031737 25.160292717031737 25.160292717031737 25.160292717031737 25.160292717031737 25.160292717031737 25.160292717031737 25.160292717031737 25.160292717031737 25.160292717031737 0.0
6.6 25.118481187873368 25.118481187873368 25.118481187873368 25.118481187873368 25.118481187873368 25.118481187873368 25.118481187873368 25.118481187873368 25.118481187873368 25.118481187873368 0.0
6.7 25.076669658714998 25.076669658714998 25.076669658714998 25.076669658714998 25.076669658714998 25.076669658714998 25.076669658714998 25.076669658714998 25.076669658714998 25.076669658714998 0.0
6.8 25.03485812955663 25.03485812955663 25.03485812955663 25.03485812955663 25.03485812955663 25.03485812955663 25.03485812955663 25.03485812955663 25.03485812955663 25.03485812955663 0.0
6.9 24.99304660039826 24.99304660039826 24.99304660039826 24.99304660039826 24.99304660039826 24.99304660039826 24.99304660039826 24.99304660039826 24.99304660039826 24.99304660039826 0.0
7.0 24.95123507123989 24.95123507123989 24.95123507123989 24.95123507123989 24.95123507123989 24.95123507123989 24.95123507123989 24.95123507123989 24.95123507123989 24.95123507123989 0.0
7.1 24.90942354208152 24.90942354208152 24.90942354208152 24.90942354208152 24.90942354208152 24.90942354208152 24.90942354208152 24.90942354208152 24.90942354208152 24.90942354208152 0.0
7.2 24.86761201292315 24.86761201292315 24.86761201292315 24.86761201292315 24.86761201292315 24.86761201292315 24.86761201292315 24.86761201292315 24.86761201292315 24.86761201292315 0.0
7.3 24.82580048376478 24.82580048376478 24.82580048376478 24.82580048376478 24.82580048376478 24.82580048376478 24.82580048376478 24.82580048376478 24.82580048376478 24.82580048376478 0.0
7.4 24.78398895460641 24.78398895460641 24.78398895460641 24.78398895460641 24.78398895460641 24.78398895460641 24.78398895460641 24.78398895460641 24.78398895460641 24.78398895460641 0.0
7.5 24.74217742544804 24.74217742544804 24.74217742544804 24.74217742544804 24.74217742544804 24.74217742544804 24.74217742544804 24.74217742544804 24.74217742544804 24.74217742544804 0.0
7.6 24.70036589628967 24.70036589628967 24.70036589628967 24.70036589628967 24.70036589628967 24.70036589628967 24.70036589628967 24.70036589628967 24.70036589628967 24.70036589628967 0.0
7.7 24.658554367131302 24.658554367131302 24.658554367131302 24.658554367131302 24.658554367131302 24.658554367131302 24.658554367131302 24.658554367131302 24.658554367131302 24.658554367131302 0.0
7.8 24.616742837972932 24.616742837972932 24.616742837972932 24.616742837972932 24.616742837972932 24.616742837972932 24.616742837972932 24.616742837972932 24.616742837972932 24.616742837972932 0.0
7.9 24.574931308814563 24.574931308814563 24.574931308814563 24.574931308814563 24.574931308814563 24.574931308814563 24.574931308814563 24.574931308814563 24.574931308814563 24.574931308814563 0.0
8.0 24.533119779656193 24.533119779656193 24.533119779656193 24.533119779656193 24.533119779656193 24.533119779656193 24.533119779656193 24.533119779656193 24.533119779656193 24.533119779656193 0.0
8.1 24.491308250497823 24.491308250497823 24.491308250497823 24.491308250497823 24.491308250497823 24.491308250497823 24.491308250497823 24.491308250497823 24.491308250497823 24.491308250497823 0.0
8.2 24.449496721339454 24.449496721339454 24.449496721339454 24.449496721339454 24.449496721339454 24.449496721339454 24.449496721339454 24.449496721339454 24.449496721339454 24.449496721339454 0.0
8.3 24.407685192181084 24.407685192181084 24.407685192181084 24.407685192181084 24.407685192181084 24.407685192181084 24.407685192181084 24.407685192181084 24.407685192181084 24.407685192181084 0.0
8.4 24.365873663022715 24.365873663022715 24.365873663022715 24.365873663022715 24.365873663022715 24.365873663022715 24.365873663022715 24.365873663022715 24.365873663022715 24.365873663022715 0.0
8.5 24.324062133864345 24.324062133864345 24.324062133864345 24.324062133864345 24.324062133864345 24.324062133864345 24.324062133864345 24.324062133864345 24.324062133864345 24.324062133864345 0.0
8.6 24.282250604705975 24.282250604705975 24.282250604705975 24.282250604705975 24.282250604705975 24.282250604705975 24.282250604705975 24.282250604705975 24.282250604705975 24.282250604705975 0.0
8.7 24.240439075547606 24.240439075547606 24.240439075547606 24.240439075547606 24.240439075547606 24.240439075547606 24.240439075547606 24.240439075547606 24.240439075547606 24.240439075547606 0.0
8.8 24.198627546389236 24.198627546389236 24.198627546389236 24.198627546389236 24.198627546389236 24.198627546389236 24.198627546389236 24.198627546389236 24.198627546389236 24.198627546389236 0.0
8.9 24.156816017230867 24.156816017230867 24.156816017230867 24.156816017230867 24.156816017230867 24.156816017230867 24.156816017230867 24.156816017230867 24.156816017230867 24.156816017230867 0.0
9.0 24.115004488072497 24.115004488072497 24.115004488072497 24.115004488072497 24.115004488072497 24.115004488072497 24.115004488072497 24.115004488072497 24.115004488072497 24.115004488072497 0.0
9.1 24.073192958914127 24.073192958914127 24.073192958914127 24.073192958914127 24.073192958914127 24.073192958914127 24.073192958914127 24.073192958914127 24.073192958914127 24.073192958914127 0.0
9.2 24.031381429755758 24.031381429755758 24.031381429755758 24.031381429755758 24.031381429755758 24.031381429755758 24.031381429755758 24.031381429755758 24.031381429755758 24.031381429755758 0.0
9.3 23.989569900597388 23.989569900597388 23.989569900597388 23.989569900597388 23.989569900597388 23.989569900597388 23.989569900597388 23.989569900597388 23.989569900597388 23.989569900597388 0.0
9.4 23.94775837143902 23.94775837143902 23.94775837143902 23.94775837143902 23.94775837143902 23.94775837143902 23.94775837143902 23.94775837143902 23.94775837143902 23.94775837143902 0.0
9.5 23.90594684228065 23.90594684228065 23.90594684228065 23.90594684228065 23.90594684228065 23.90594684228065 23.90594684228065 23.90594684228065 23.90594684228065 23.90594684228065 0.0
9.6 23.86413531312228 23.86413531312228 23.86413531312228 23.86413531312228 23.86413531312228 23.86413531312228 23.86413531312228 23.86413531312228 23.86413531312228 23.86413531312228 0.0
9.7 23.82232378396391 23.82232378396391 23.82232378396391 23.82232378396391 23.82232378396391 23.82232378396391 23.82232378396391 23.82232378396391 23.82232378396391 23.82232378396391 0.0
9.8 23.78051225480554 23.78051225480554 23.78051225480554 23.78051225480554 23.78051225480554 23.78051225480554 23.78051225480554 23.78051225480554 23.78051225480554 23.78051225480554 0.0
9.9 23.73870072564717 23.73870072564717 23.73870072564717 23.73870072564717 23.73870072564717 23.73870072564717 23.73870072564717 23.73870072564717 23.73870072564717 23.73870072564717 0.0
10.0 23.6968891964888 23.6968891964888 23.6968891964888 23.6968891964888 23.6968891964888 23.6968891964888 23.6968891964888 23.6968891964888 23.6968891964888 23.6968891964888 0.0
10.1 23.65507766733043 23.65507766733043 23.65507766733043 23.65507766733043 23.65507766733043 23.65507766733043 23.65507766733043 23.65507766733043 23.65507766733043 23.65507766733043 0.0
10.2 23.61326613817206 23.61326613817206 23.61326613817206 23.61326613817206 23.61326613817206 23.61326613817206 23.61326613817206 23.61326613817206 23.61326613817206 23.61326613817206 0.0
10.3 23.571454609013692 23.571454609013692 23.571454609013692 23.571454609013692 23.571454609013692 23.571454609013692 23.571454609013692 23.571454609013692 23.571454609013692 23.571454609013692 0.0
10.4 23.529643079855322 23.529643079855322 23.529643079855322 23.529643079855322 23.529643079855322 23.529643079855322 23.529643079855322 23.529643079855322 23.529643079855322 23.529643079855322 0.0
10.5 23.487831550696953 23.487831550696953 23.487831550696953 23.487831550696953 23.487831550696953 23.487831550696953 23.487831550696953 23.487831550696953 23.487831550696953 23.487831550696953 0.0
10.6 23.446020021538583 23.446020021538583 23.446020021538583 23.446020021538583 23.446020021538583 23.446020021538583 23.446020021538583 23.446020021538583 23.446020021538583 23.446020021538583 0.0
10.7 23.446020021538583 23.404208492380214 23.404208492380214 23.404208492380214 23.404208492380214 23.404208492380214 23.404208492380214 23.404208492380214 23.404208492380214 23.404208492380214 0.0
10.8 23.446020021538583 23.362396963221844 23.362396963221844 23.362396963221844 23.362396963221844 23.362396963221844 23.362396963221844 23.362396963221844 23.362396963221844 23.362396963221844 0.0
10.9 23.446020021538583 23.320585434063474 23.320585434063474 23.320585434063474 23.320585434063474 23.320585434063474 23.320585434063474 23.320585434063474 23.320585434063474 23.320585434063474 0.0
11.0 23.446020021538583 23.278773904905105 23.278773904905105 23.278773904905105 23.278773904905105 23.278773904905105 23.278773904905105 23.278773904905105 23.278773904905105 23.278773904905105 0.0
11.1 23.446020021538583 23.236962375746735 23.236962375746735 23.236962375746735 23.236962375746735 23.236962375746735 23.236962375746735 23.236962375746735 23.236962375746735 23.236962375746735 0.0
11.2 23.446020021538583 23.195150846588366 23.195150846588366 23.195150846588366 23.195150846588366 23.195150846588366 23.195150846588366 23.195150846588366 23.195150846588366 23.195150846588366 0.0
11.3 23.446020021538583 23.153339317429996 23.153339317429996 23.153339317429996 23.153339317429996 23.153339317429996 23.153339317429996 23.153339317429996 23.153339317429996 23.153339317429996 0.0
11.4 23.446020021538583 23.111527788271626 23.111527788271626 23.111527788271626 23.111527788271626 23.111527788271626 23.111527788271626 23.111527788271626 23.111527788271626 23.111527788271626 0.0
11.5 23.446020021538583 23.069716259113257 23.069716259113257 23.069716259113257 23.069716259113257 23.069716259113257 23.069716259113257 23.069716259113257 23.069716259113257 23.069716259113257 0.0
11.6 23.446020021538583 23.027904729954887 23.027904729954887 23.027904729954887 23.027904729954887 23.027904729954887 23.027904729954887 23.027904729954887 23.027904729954887 23.027904729954887 0.0
11.7 23.446020021538583 22.986093200796518 22.986093200796518 22.986093200796518 22.986093200796518 22.986093200796518 22.986093200796518 22.986093200796518 22.986093200796518 22.986093200796518 0.0
11.8 23.446020021538583 22.944281671638148 22.944281671638148 22.944281671638148 22.944281671638148 22.944281671638148 22.944281671638148 22.944281671638148 22.944281671638148 22.944281671638148 0.0
11.9 23.446020021538583 22.90247014247978 22.90247014247978 22.90247014247978 22.90247014247978 22.90247014247978 22.90247014247978 22.90247014247978 22.90247014247978 22.90247014247978 0.0
12.0 23.446020021538583 22.86065861332141 22.86065861332141 22.86065861332141 22.86065861332141 22.86065861332141 22.86065861332141 22.86065861332141 22.86065861332141 22.86065861332141 0.0
12.1 24.046020021538585 22.81884708416304 22.81884708416304 22.81884708416304 22.81884708416304 22.81884708416304 22.81884708416304 22.81884708416304 22.81884708416304 22.81884708416304 0.0
12.2 24.646020021538586 22.77703555500467 22.77703555500467 22.77703555500467 22.77703555500467 22.77703555500467 22.77703555500467 22.77703555500467 22.77703555500467 22.77703555500467 0.0
12.3 25.246020021538587 22.7352240258463 22.7352240258463 22.7352240258463 22.7352240258463 22.7352240258463 22.7352240258463 22.7352240258463 22.7352240258463 22.7352240258463 0.0
12.4 25.84602002153859 22.69341249668793 22.69341249668793 22.69341249668793 22.69341249668793 22.69341249668793 22.69341249668793 22.69341249668793 22.69341249668793 22.69341249668793 0.0
12.5 26.44602002153859 22.69341249668793 22.65160096752956 22.65160096752956 22.65160096752956 22.65160096752956 22.65160096752956 22.65160096752956 22.65160096752956 22.65160096752956 0.0
12.6 27.04602002153859 22.69341249668793 22.60978943837119 22.60978943837119 22.60978943837119 22.60978943837119 22.60978943837119 22.60978943837119 22.60978943837119 22.60978943837119 0.0
12.7 27.646020021538593 22.69341249668793 22.56797790921282 22.56797790921282 22.56797790921282 22.56797790921282 22.56797790921282 22.56797790921282 22.56797790921282 22.56797790921282 0.0
12.8 28.246020021538595 22.69341249668793 22.526166380054452 22.526166380054452 22.526166380054452 22.526166380054452 22.526166380054452 22.526166380054452 22.526166380054452 22.526166380054452 0.0
12.9 28.846020021538596 22.69341249668793 22.484354850896082 22.484354850896082 22.484354850896082 22.484354850896082 22.484354850896082 22.484354850896082 22.484354850896082 22.484354850896082 0.0
13.0 29.446020021538597 22.69341249668793 22.442543321737713 22.442543321737713 22.442543321737713 22.442543321737713 22.442543321737713 22.442543321737713 22.442543321737713 22.442543321737713 0.0
13.1 30.0 22.69341249668793 22.400731792579343 22.400731792579343 22.400731792579343 22.400731792579343 22.400731792579343 22.400731792579343 22.400731792579343 22.400731792579343 0.0
13.2 30.0 22.69341249668793 22.358920263420973 22.358920263420973 22.358920263420973 22.358920263420973 22.358920263420973 22.358920263420973 22.358920263420973 22.358920263420973 0.0
13.3 30.0 22.69341249668793 22.317108734262604 22.317108734262604 22.317108734262604 22.317108734262604 22.317108734262604 22.317108734262604 22.317108734262604 22.317108734262604 0.0
13.4 30.0 22.69341249668793 22.275297205104234 22.275297205104234 22.275297205104234 22.275297205104234 22.275297205104234 22.275297205104234 22.275297205104234 22.275297205104234 0.0
13.5 30.0 22.69341249668793 22.233485675945865 22.233485675945865 22.233485675945865 22.233485675945865 22.233485675945865 22.233485675945865 22.233485675945865 22.233485675945865 0.0
13.6 30.0 22.69341249668793 22.191674146787495 22.191674146787495 22.191674146787495 22.191674146787495 22.191674146787495 22.191674146787495 22.191674146787495 22.191674146787495 0.0
13.7 30.0 22.69341249668793 22.149862617629125 22.149862617629125 22.149862617629125 22.149862617629125 22.149862617629125 22.149862617629125 22.149862617629125 22.149862617629125 0.0
13.8 30.0 22.69341249668793 22.108051088470756 22.108051088470756 22.108051088470756 22.108051088470756 22.108051088470756 22.108051088470756 22.108051088470756 22.108051088470756 0.0
13.9 30.0 23.29341249668793 22.066239559312386 22.066239559312386 22.066239559312386 22.066239559312386 22.066239559312386 22.066239559312386 22.066239559312386 22.066239559312386 0.0
14.0 30.0 23.893412496687933 22.024428030154017 22.024428030154017 22.024428030154017 22.024428030154017 22.024428030154017 22.024428030154017 22.024428030154017 22.024428030154017 0.0
14.1 30.0 24.493412496687935 21.982616500995647 21.982616500995647 21.982616500995647 21.982616500995647 21.982616500995647 21.982616500995647 21.982616500995647 21.982616500995647 0.0
14.2 30.0 25.093412496687936 21.940804971837277 21.940804971837277 21.940804971837277 21.940804971837277 21.940804971837277 21.940804971837277 21.940804971837277 21.940804971837277 0.0
14.3 30.0 25.693412496687937 21.940804971837277 21.898993442678908 21.898993442678908 21.898993442678908 21.898993442678908 21.898993442678908 21.898993442678908 21.898993442678908 0.0
14.4 30.0 26.29341249668794 21.940804971837277 21.857181913520538 21.857181913520538 21.857181913520538 21.857181913520538 21.857181913520538 21.857181913520538 21.857181913520538 0.0
14.5 30.0 26.89341249668794 21.940804971837277 21.81537038436217 21.81537038436217 21.81537038436217 21.81537038436217 21.81537038436217 21.81537038436217 21.81537038436217 0.0
14.6 30.0 27.49341249668794 21.940804971837277 21.7735588552038 21.7735588552038 21.7735588552038 21.7735588552038 21.7735588552038 21.7735588552038 21.7735588552038 0.0
14.7 30.0 28.093412496687943 21.940804971837277 21.73174732604543 21.73174732604543 21.73174732604543 21.73174732604543 21.73174732604543 21.73174732604543 21.73174732604543 0.0
14.8 30.0 28.693412496687944 21.940804971837277 21.68993579688706 21.68993579688706 21.68993579688706 21.68993579688706 21.68993579688706 21.68993579688706 21.68993579688706 0.0
14.9 30.0 29.293412496687946 21.940804971837277 21.64812426772869 21.64812426772869 21.64812426772869 21.64812426772869 21.64812426772869 21.64812426772869 21.64812426772869 0.0
15.0 30.0 29.893412496687947 21.940804971837277 21.60631273857032 21.60631273857032 21.60631273857032 21.60631273857032 21.60631273857032 21.60631273857032 21.60631273857032 0.0
15.1 30.0 30.0 21.940804971837277 21.56450120941195 21.56450120941195 21.56450120941195 21.56450120941195 21.56450120941195 21.56450120941195 21.56450120941195 0.0
15.2 30.0 30.0 21.940804971837277 21.52268968025358 21.52268968025358 21.52268968025358 21.52268968025358 21.52268968025358 21.52268968025358 21.52268968025358 0.0
15.3 30.0 30.0 21.940804971837277 21.48087815109521 21.48087815109521 21.48087815109521 21.48087815109521 21.48087815109521 21.48087815109521 21.48087815109521 0.0
15.4 30.0 30.0 21.940804971837277 21.439066621936842 21.439066621936842 21.439066621936842 21.439066621936842 21.439066621936842 21.439066621936842 21.439066621936842 0.0
15.5 30.0 30.0 21.940804971837277 21.397255092778472 21.397255092778472 21.397255092778472 21.397255092778472 21.397255092778472 21.397255092778472 21.397255092778472 0.0
15.6 30.0 30.0 21.940804971837277 21.355443563620103 21.355443563620103 21.355443563620103 21.355443563620103 21.355443563620103 21.355443563620103 21.355443563620103 0.0
15.7 30.0 30.0 22.54080497183728 21.313632034461733 21.313632034461733 21.313632034461733 21.313632034461733 21.313632034461733 21.313632034461733 21.313632034461733 0.0
15.8 30.0 30.0 23.14080497183728 21.271820505303364 21.271820505303364 21.271820505303364 21.271820505303364 21.271820505303364 21.271820505303364 21.271820505303364 0.0
15.9 30.0 30.0 23.74080497183728 21.230008976144994 21.230008976144994 21.230008976144994 21.230008976144994 21.230008976144994 21.230008976144994 21.230008976144994 0.0
16.0 30.0 30.0 24.340804971837283 21.188197446986624 21.188197446986624 21.188197446986624 21.188197446986624 21.188197446986624 21.188197446986624 21.188197446986624 0.0
16.1 30.0 30.0 24.940804971837284 21.188197446986624 21.146385917828255 21.146385917828255 21.146385917828255 21.146385917828255 21.146385917828255 21.146385917828255 0.0
16.2 30.0 30.0 25.540804971837286 21.188197446986624 21.104574388669885 21.104574388669885 21.104574388669885 21.104574388669885 21.104574388669885 21.104574388669885 0.0
16.3 30.0 30.0 26.140804971837287 21.188197446986624 21.062762859511516 21.062762859511516 21.062762859511516 21.062762859511516 21.062762859511516 21.062762859511516 0.0
16.4 30.0 30.0 26.74080497183729 21.188197446986624 21.020951330353146 21.020951330353146 21.020951330353146 21.020951330353146 21.020951330353146 21.020951330353146 0.0
16.5 30.0 30.0 27.34080497183729 21.188197446986624 20.979139801194776 20.979139801194776 20.979139801194776 20.979139801194776 20.979139801194776 20.979139801194776 0.0
16.6 30.0 30.0 27.94080497183729 21.188197446986624 20.937328272036407 20.937328272036407 20.937328272036407 20.937328272036407 20.937328272036407 20.937328272036407 0.0
16.7 30.0 30.0 28.540804971837293 21.188197446986624 20.895516742878037 20.895516742878037 20.895516742878037 20.895516742878037 20.895516742878037 20.895516742878037 0.0
16.8 30.0 30.0 29.140804971837294 21.188197446986624 20.853705213719667 20.853705213719667 20.853705213719667 20.853705213719667 20.853705213719667 20.853705213719667 0.0
16.9 30.0 30.0 29.740804971837296 21.188197446986624 20.811893684561298 20.811893684561298 20.811893684561298 20.811893684561298 20.811893684561298 20.811893684561298 0.0
17.0 30.0 30.0 30.0 21.188197446986624 20.77008215540293 20.77008215540293 20.77008215540293 20.77008215540293 20.77008215540293 20.77008215540293 0.0
17.1 30.0 30.0 30.0 21.188197446986624 20.72827062624456 20.72827062624456 20.72827062624456 20.72827062624456 20.72827062624456 20.72827062624456 0.0
17.2 30.0 30.0 30.0 21.188197446986624 20.68645909708619 20.68645909708619 20.68645909708619 20.68645909708619 20.68645909708619 20.68645909708619 0.0
17.3 30.0 30.0 30.0 21.188197446986624 20.64464756792782 20.64464756792782 20.64464756792782 20.64464756792782 20.64464756792782 20.64464756792782 0.0
17.4 30.0 30.0 30.0 21.188197446986624 20.60283603876945 20.60283603876945 20.60283603876945 20.60283603876945 20.60283603876945 20.60283603876945 0.0
17.5 30.0 30.0 30.0 21.788197446986626 20.56102450961108 20.56102450961108 20.56102450961108 20.56102450961108 20.56102450961108 20.56102450961108 0.0
17.6 30.0 30.0 30.0 22.388197446986627 20.51921298045271 20.51921298045271 20.51921298045271 20.51921298045271 20.51921298045271 20.51921298045271 0.0
17.7 30.0 30.0 30.0 22.98819744698663 20.47740145129434 20.47740145129434 20.47740145129434 20.47740145129434 20.47740145129434 20.47740145129434 0.0
17.8 30.0 30.0 30.0 23.58819744698663 20.43558992213597 20.43558992213597 20.43558992213597 20.43558992213597 20.43558992213597 20.43558992213597 0.0
17.9 30.0 30.0 30.0 24.18819744698663 20.43558992213597 20.3937783929776 20.3937783929776 20.3937783929776 20.3937783929776 20.3937783929776 0.0
18.0 30.0 30.0 30.0 24.788197446986633 20.43558992213597 20.351966863819232 20.351966863819232 20.351966863819232 20.351966863819232 20.351966863819232 0.0
18.1 30.0 30.0 30.0 25.388197446986634 20.43558992213597 20.310155334660863 20.310155334660863 20.310155334660863 20.310155334660863 20.310155334660863 0.0
18.2 30.0 30.0 30.0 25.988197446986636 20.43558992213597 20.268343805502493 20.268343805502493 20.268343805502493 20.268343805502493 20.268343805502493 0.0
18.3 30.0 30.0 30.0 26.588197446986637 20.43558992213597 20.226532276344123 20.226532276344123 20.226532276344123 20.226532276344123 20.226532276344123 0.0
18.4 30.0 30.0 30.0 27.18819744698664 20.43558992213597 20.184720747185754 20.184720747185754 20.184720747185754 20.184720747185754 20.184720747185754 0.0
18.5 30.0 30.0 30.0 27.78819744698664 20.43558992213597 20.142909218027384 20.142909218027384 20.142909218027384 20.142909218027384 20.142909218027384 0.0
18.6 30.0 30.0 30.0 28.38819744698664 20.43558992213597 20.101097688869014 20.101097688869014 20.101097688869014 20.101097688869014 20.101097688869014 0.0
18.7 30.0 30.0 30.0 28.988197446986643 20.43558992213597 20.059286159710645 20.059286159710645 20.059286159710645 20.059286159710645 20.059286159710645 0.0
18.8 30.0 30.0 30.0 29.588197446986644 20.43558992213597 20.017474630552275 20.017474630552275 20.017474630552275 20.017474630552275 20.017474630552275 0.0
18.9 30.0 30.0 30.0 30.0 20.43558992213597 19.975663101393906 19.975663101393906 19.975663101393906 19.975663101393906 19.975663101393906 0.0
19.0 30.0 30.0 30.0 30.0 20.43558992213597 19.933851572235536 19.933851572235536 19.933851572235536 19.933851572235536 19.933851572235536 0.0
19.1 30.0 30.0 30.0 30.0 20.43558992213597 19.892040043077166 19.892040043077166 19.892040043077166 19.892040043077166 19.892040043077166 0.0
19.2 30.0 30.0 30.0 30.0 20.43558992213597 19.850228513918797 19.850228513918797 19.850228513918797 19.850228513918797 19.850228513918797 0.0
19.3 30.0 30.0 30.0 30.0 21.035589922135973 19.808416984760427 19.808416984760427 19.808416984760427 19.808416984760427 19.808416984760427 0.0
19.4 30.0 30.0 30.0 30.0 21.635589922135974 19.766605455602058 19.766605455602058 19.766605455602058 19.766605455602058 19.766605455602058 0.0
19.5 30.0 30.0 30.0 30.0 22.235589922135976 19.724793926443688 19.724793926443688 19.724793926443688 19.724793926443688 19.724793926443688 0.0
19.6 30.0 30.0 30.0 30.0 22.835589922135977 19.68298239728532 19.68298239728532 19.68298239728532 19.68298239728532 19.68298239728532 0.0
19.7 30.0 30.0 30.0 30.0 23.43558992213598 19.68298239728532 19.64117086812695 19.64117086812695 19.64117086812695 19.64117086812695 0.0
19.8 30.0 30.0 30.0 30.0 24.03558992213598 19.68298239728532 19.59935933896858 19.59935933896858 19.59935933896858 19.59935933896858 0.0
19.9 30.0 30.0 30.0 30.0 24.63558992213598 19.68298239728532 19.55754780981021 19.55754780981021 19.55754780981021 19.55754780981021 0.0
20.0 30.0 30.0 30.0 30.0 25.235589922135983 19.68298239728532 19.51573628065184 19.51573628065184 19.51573628065184 19.51573628065184 0.0
20.1 30.0 30.0 30.0 30.0 25.835589922135984 19.68298239728532 19.47392475149347 19.47392475149347 19.47392475149347 19.47392475149347 0.0
20.2 30.0 30.0 30.0 30.0 26.435589922135986 19.68298239728532 19.4321132223351 19.4321132223351 19.4321132223351 19.4321132223351 0.0
20.3 30.0 30.0 30.0 30.0 27.035589922135987 19.68298239728532 19.39030169317673 19.39030169317673 19.39030169317673 19.39030169317673 0.0
20.4 30.0 30.0 30.0 30.0 27.63558992213599 19.68298239728532 19.34849016401836 19.34849016401836 19.34849016401836 19.34849016401836 0.0
20.5 30.0 30.0 30.0 30.0 28.23558992213599 19.68298239728532 19.306678634859992 19.306678634859992 19.306678634859992 19.306678634859992 0.0
20.6 30.0 30.0 30.0 30.0 28.83558992213599 19.68298239728532 19.264867105701622 19.264867105701622 19.264867105701622 19.264867105701622 0.0
20.7 30.0 30.0 30.0 30.0 29.435589922135993 19.68298239728532 19.223055576543253 19.223055576543253 19.223055576543253 19.223055576543253 0.0
20.8 30.0 30.0 30.0 30.0 30.0 19.68298239728532 19.181244047384883 19.181244047384883 19.181244047384883 19.181244047384883 0.0
20.9 30.0 30.0 30.0 30.0 30.0 19.68298239728532 19.139432518226513 19.139432518226513 19.139432518226513 19.139432518226513 0.0
21.0 30.0 30.0 30.0 30.0 30.0 19.68298239728532 19.097620989068144 19.097620989068144 19.097620989068144 19.097620989068144 0.0
21.1 30.0 30.0 30.0 30.0 30.0 20.28298239728532 19.055809459909774 19.055809459909774 19.055809459909774 19.055809459909774 0.0
21.2 30.0 30.0 30.0 30.0 30.0 20.88298239728532 19.013997930751405 19.013997930751405 19.013997930751405 19.013997930751405 0.0
21.3 30.0 30.0 30.0 30.0 30.0 21.482982397285323 18.972186401593035 18.972186401593035 18.972186401593035 18.972186401593035 0.0
21.4 30.0 30.0 30.0 30.0 30.0 22.082982397285324 18.930374872434665 18.930374872434665 18.930374872434665 18.930374872434665 0.0
21.5 30.0 30.0 30.0 30.0 30.0 22.682982397285326 18.930374872434665 18.888563343276296 18.888563343276296 18.888563343276296 0.0
21.6 30.0 30.0 30.0 30.0 30.0 23.282982397285327 18.930374872434665 18.846751814117926 18.846751814117926 18.846751814117926 0.0
21.7 30.0 30.0 30.0 30.0 30.0 23.88298239728533 18.930374872434665 18.804940284959557 18.804940284959557 18.804940284959557 0.0
21.8 30.0 30.0 30.0 30.0 30.0 24.48298239728533 18.930374872434665 18.763128755801187 18.763128755801187 18.763128755801187 0.0
21.9 30.0 30.0 30.0 30.0 30.0 25.08298239728533 18.930374872434665 18.721317226642817 18.721317226642817 18.721317226642817 0.0
22.0 30.0 30.0 30.0 30.0 30.0 25.682982397285333 18.930374872434665 18.679505697484448 18.679505697484448 18.679505697484448 0.0
22.1 30.0 30.0 30.0 30.0 30.0 26.282982397285334 18.930374872434665 18.637694168326078 18.637694168326078 18.637694168326078 0.0
22.2 30.0 30.0 30.0 30.0 30.0 26.882982397285335 18.930374872434665 18.59588263916771 18.59588263916771 18.59588263916771 0.0
22.3 30.0 30.0 30.0 30.0 30.0 27.482982397285337 18.930374872434665 18.55407111000934 18.55407111000934 18.55407111000934 0.0
22.4 30.0 30.0 30.0 30.0 30.0 28.08298239728534 18.930374872434665 18.51225958085097 18.51225958085097 18.51225958085097 0.0
22.5 30.0 30.0 30.0 30.0 30.0 28.68298239728534 18.930374872434665 18.4704480516926 18.4704480516926 18.4704480516926 0.0
22.6 30.0 30.0 30.0 30.0 30.0 29.28298239728534 18.930374872434665 18.42863652253423 18.42863652253423 18.42863652253423 0.0
22.7 30.0 30.0 30.0 30.0 30.0 29.882982397285343 18.930374872434665 18.38682499337586 18.38682499337586 18.38682499337586 0.0
22.8 30.0 30.0 30.0 30.0 30.0 30.0 18.930374872434665 18.34501346421749 18.34501346421749 18.34501346421749 0.0
22.9 30.0 30.0 30.0 30.0 30.0 30.0 19.530374872434667 18.30320193505912 18.30320193505912 18.30320193505912 0.0
23.0 30.0 30.0 30.0 30.0 30.0 30.0 20.13037487243467 18.26139040590075 18.26139040590075 18.26139040590075 0.0
23.1 30.0 30.0 30.0 30.0 30.0 30.0 20.73037487243467 18.219578876742382 18.219578876742382 18.219578876742382 0.0
23.2 30.0 30.0 30.0 30.0 30.0 30.0 21.33037487243467 18.177767347584012 18.177767347584012 18.177767347584012 0.0
23.3 30.0 30.0 30.0 30.0 30.0 30.0 21.930374872434673 18.177767347584012 18.135955818425643 18.135955818425643 0.0
23.4 30.0 30.0 30.0 30.0 30.0 30.0 22.530374872434674 18.177767347584012 18.094144289267273 18.094144289267273 0.0
23.5 30.0 30.0 30.0 30.0 30.0 30.0 23.130374872434675 18.177767347584012 18.052332760108904 18.052332760108904 0.0
23.6 30.0 30.0 30.0 30.0 30.0 30.0 23.730374872434677 18.177767347584012 18.010521230950534 18.010521230950534 0.0
23.7 30.0 30.0 30.0 30.0 30.0 30.0 24.33037487243468 18.177767347584012 17.968709701792164 17.968709701792164 0.0
23.8 30.0 30.0 30.0 30.0 30.0 30.0 24.93037487243468 18.177767347584012 17.926898172633795 17.926898172633795 0.0
23.9 30.0 30.0 30.0 30.0 30.0 30.0 25.53037487243468 18.177767347584012 17.885086643475425 17.885086643475425 0.0
24.0 30.0 30.0 30.0 30.0 30.0 30.0 26.130374872434682 18.177767347584012 17.843275114317056 17.843275114317056 0.0
24.1 30.0 30.0 30.0 30.0 30.0 30.0 26.730374872434684 18.177767347584012 17.801463585158686 17.801463585158686 0.0
24.2 30.0 30.0 30.0 30.0 30.0 30.0 27.330374872434685 18.177767347584012 17.759652056000316 17.759652056000316 0.0
24.3 30.0 30.0 30.0 30.0 30.0 30.0 27.930374872434687 18.177767347584012 17.717840526841947 17.717840526841947 0.0
24.4 30.0 30.0 30.0 30.0 30.0 30.0 28.530374872434688 18.177767347584012 17.676028997683577 17.676028997683577 0.0
24.5 30.0 30.0 30.0 30.0 30.0 30.0 29.13037487243469 18.177767347584012 17.634217468525208 17.634217468525208 0.0
24.6 30.0 30.0 30.0 30.0 30.0 30.0 29.73037487243469 18.177767347584012 17.592405939366838 17.592405939366838 0.0
24.7 30.0 30.0 30.0 30.0 30.0 30.0 30.0 18.777767347584014 17.55059441020847 17.55059441020847 0.0
24.8 30.0 30.0 30.0 30.0 30.0 30.0 30.0 19.377767347584015 17.5087828810501 17.5087828810501 0.0
24.9 30.0 30.0 30.0 30.0 30.0 30.0 30.0 19.977767347584017 17.46697135189173 17.46697135189173 0.0
25.0 30.0 30.0 30.0 30.0 30.0 30.0 30.0 20.577767347584018 17.42515982273336 17.42515982273336 0.0
25.1 30.0 30.0 30.0 30.0 30.0 30.0 30.0 21.17776734758402 17.42515982273336 17.38334829357499 0.0
25.2 30.0 30.0 30.0 30.0 30.0 30.0 30.0 21.77776734758402 17.42515982273336 17.34153676441662 0.0
25.3 30.0 30.0 30.0 30.0 30.0 30.0 30.0 22.377767347584022 17.42515982273336 17.29972523525825 0.0
25.4 30.0 30.0 30.0 30.0 30.0 30.0 30.0 22.977767347584024 17.42515982273336 17.25791370609988 0.0
25.5 30.0 30.0 30.0 30.0 30.0 30.0 30.0 23.577767347584025 17.42515982273336 17.21610217694151 0.0
25.6 30.0 30.0 30.0 30.0 30.0 30.0 30.0 24.177767347584027 17.42515982273336 17.174290647783142 0.0
25.7 30.0 30.0 30.0 30.0 30.0 30.0 30.0 24.777767347584028 17.42515982273336 17.132479118624772 0.0
25.8 30.0 30.0 30.0 30.0 30.0 30.0 30.0 25.37776734758403 17.42515982273336 17.090667589466403 0.0
25.9 30.0 30.0 30.0 30.0 30.0 30.0 30.0 25.97776734758403 17.42515982273336 17.048856060308033 0.0
26.0 30.0 30.0 30.0 30.0 30.0 30.0 30.0 26.577767347584032 17.42515982273336 17.007044531149663 0.0
26.1 30.0 30.0 30.0 30.0 30.0 30.0 30.0 27.177767347584034 17.42515982273336 16.965233001991294 0.0
26.2 30.0 30.0 30.0 30.0 30.0 30.0 30.0 27.777767347584035 17.42515982273336 16.923421472832924 0.0
26.3 30.0 30.0 30.0 30.0 30.0 30.0 30.0 28.377767347584037 17.42515982273336 16.881609943674555 0.0
26.4 30.0 30.0 30.0 30.0 30.0 30.0 30.0 28.977767347584038 17.42515982273336 16.839798414516185 0.0
26.5 30.0 30.0 30.0 30.0 30.0 30.0 30.0 29.57776734758404 18.02515982273336 16.797986885357815 0.0
26.6 30.0 30.0 30.0 30.0 30.0 30.0 30.0 30.0 18.625159822733362 16.756175356199446 0.0
26.7 30.0 30.0 30.0 30.0 30.0 30.0 30.0 30.0 19.225159822733364 16.714363827041076 0.0
26.8 30.0 30.0 30.0 30.0 30.0 30.0 30.0 30.0 19.825159822733365 16.672552297882707 0.0
26.9 30.0 30.0 30.0 30.0 30.0 30.0 30.0 30.0 20.425159822733367 16.672552297882707 0.0
27.0 30.0 30.0 30.0 30.0 30.0 30.0 30.0 30.0 21.025159822733368 16.672552297882707 0.0
27.1 30.0 30.0 30.0 30.0 30.0 30.0 30.0 30.0 21.62515982273337 16.672552297882707 0.0
27.2 30.0 30.0 30.0 30.0 30.0 30.0 30.0 30.0 22.22515982273337 16.672552297882707 0.0
27.3 30.0 30.0 30.0 30.0 30.0 30.0 30.0 30.0 22.825159822733372 16.672552297882707 0.0
27.4 30.0 30.0 30.0 30.0 30.0 30.0 30.0 30.0 23.425159822733374 16.672552297882707 0.0
27.5 30.0 30.0 30.0 30.0 30.0 30.0 30.0 30.0 24.025159822733375 16.672552297882707 0.0
27.6 30.0 30.0 30.0 30.0 30.0 30.0 30.0 30.0 24.625159822733377 16.672552297882707 0.0
27.7 30.0 30.0 30.0 30.0 30.0 30.0 30.0 30.0 25.225159822733378 16.672552297882707 0.0
27.8 30.0 30.0 30.0 30.0 30.0 30.0 30.0 30.0 25.82515982273338 16.672552297882707 0.0
27.9 30.0 30.0 30.0 30.0 30.0 30.0 30.0 30.0 26.42515982273338 16.672552297882707 0.0
28.0 30.0 30.0 30.0 30.0 30.0 30.0 30.0 30.0 27.025159822733382 16.672552297882707 0.0
28.1 30.0 30.0 30.0 30.0 30.0 30.0 30.0 30.0 27.625159822733384 16.672552297882707 0.0
28.2 30.0 30.0 30.0 30.0 30.0 30.0 30.0 30.0 28.225159822733385 16.672552297882707 0.0
28.3 30.0 30.0 30.0 30.0 30.0 30.0 30.0 30.0 28.825159822733387 17.272552297882708 0.0
28.4 30.0 30.0 30.0 30.0 30.0 30.0 30.0 30.0 29.425159822733388 17.87255229788271 0.0
28.5 30.0 30.0 30.0 30.0 30.0 30.0 30.0 30.0 30.0 18.47255229788271 0.0
28.6 30.0 30.0 30.0 30.0 30.0 30.0 30.0 30.0 30.0 19.072552297882712 0.0
28.7 30.0 30.0 30.0 30.0 30.0 30.0 30.0 30.0 30.0 19.672552297882714 0.0
28.8 30.0 30.0 30.0 30.0 30.0 30.0 30.0 30.0 30.0 20.272552297882715 0.0
28.9 30.0 30.0 30.0 30.0 30.0 30.0 30.0 30.0 30.0 20.872552297882716 0.0
29.0 30.0 30.0 30.0 30.0 30.0 30.0 30.0 30.0 30.0 21.472552297882718 0.0
29.1 30.0 30.0 30.0 30.0 30.0 30.0 30.0 30.0 30.0 22.07255229788272 0.0
29.2 30.0 30.0 30.0 30.0 30.0 30.0 30.0 30.0 30.0 22.67255229788272 0.0
29.3 30.0 30.0 30.0 30.0 30.0 30.0 30.0 30.0 30.0 23.272552297882722 0.0
29.4 30.0 30.0 30.0 30.0 30.0 30.0 30.0 30.0 30.0 23.872552297882724 0.0
29.5 30.0 30.0 30.0 30.0 30.0 30.0 30.0 30.0 30.0 24.472552297882725 0.0
29.6 30.0 30.0 30.0 30.0 30.0 30.0 30.0 30.0 30.0 25.072552297882726 0.0
29.7 30.0 30.0 30.0 30.0 30.0 30.0 30.0 30.0 30.0 25.672552297882728 0.0
29.8 30.0 30.0 30.0 30.0 30.0 30.0 30.0 30.0 30.0 26.27255229788273 0.0
29.9 30.0 30.0 30.0 30.0 30.0 30.0 30.0 30.0 30.0 26.87255229788273 0.0
30.0 30.0 30.0 30.0 30.0 30.0 30.0 30.0 30.0 30.0 27.472552297882732 0.0
30.1 30.0 30.0 30.0 30.0 30.0 30.0 30.0 30.0 30.0 28.072552297882734 0.0
30.2 30.0 30.0 30.0 30.0 30.0 30.0 30.0 30.0 30.0 28.672552297882735 0.0
30.3 30.0 30.0 30.0 30.0 30.0 30.0 30.0 30.0 30.0 29.272552297882736 0.0
30.4 30.0 30.0 30.0 30.0 30.0 30.0 30.0 30.0 30.0 29.872552297882738 0.0
30.5 30.0 30.0 30.0 30.0 30.0 30.0 30.0 30.0 30.0 30.0 0.0
30.6 30.0 30.0 30.0 30.0 30.0 30.0 30.0 30.0 30.0 30.0 0.0
30.7 30.0 30.0 30.0 30.0 30.0 30.0 30.0 30.0 30.0 30.0 0.0
30.8 30.0 30.0 30.0 30.0 30.0 30.0 30.0 30.0 30.0 30.0 0.0
30.9 30.0 30.0 30.0 30.0 30.0 30.0 30.0 30.0 30.0 30.0 0.0
31.0 30.0 30.0 30.0 30.0 30.0 30.0 30.0 30.0 30.0 30.0 0.0
31.1 30.0 30.0 30.0 30.0 30.0 30.0 30.0 30.0 30.0 30.0 0.0
31.2 30.0 30.0 30.0 30.0 30.0 30.0 30.0 30.0 30.0 30.0 0.0
31.3 30.0 30.0 30.0 30.0 30.0 30.0 30.0 30.0 30.0 30.0 0.0
31.4 30.0 30.0 30.0 30.0 30.0 30.0 30.0 30.0 30.0 30.0 0.0
31.5 30.0 30.0 30.0 30.0 30.0 30.0 30.0 30.0 30.0 30.0 0.0
31.6 30.0 30.0 30.0 30.0 30.0 30.0 30.0 30.0 30.0 30.0 0.0
31.7 30.0 30.0 30.0 30.0 30.0 30.0 30.0 30.0 30.0 30.0 0.0
31.8 30.0 30.0 30.0 30.0 30.0 30.0 30.0 30.0 30.0 30.0 0.0
31.9 30.0 30.0 30.0 30.0 30.0 30.0 30.0 30.0 30.0 30.0 0.0
32.0 30.0 30.0 30.0 30.0 30.0 30.0 30.0 30.0 30.0 30.0 0.0
32.1 30.0 30.0 30.0 30.0 30.0 30.0 30.0 30.0 30.0 30.0 0.0
32.2 30.0 30.0 30.0 30.0 30.0 30.0 30.0 30.0 30.0 30.0 0.0
32.3 30.0 30.0 30.0 30.0 30.0 30.0 30.0 30.0 30.0 30.0 0.0
32.4 30.0 30.0 30.0 30.0 30.0 30.0 30.0 30.0 30.0 30.0 0.0
32.5 30.0 30.0 30.0 30.0 30.0 30.0 30.0 30.0 30.0 30.0 0.0
32.6 30.0 30.0 30.0 30.0 30.0 30.0 30.0 30.0 30.0 30.0 0.0
32.7 30.0 30.0 30.0 30.0 30.0 30.0 30.0 30.0 30.0 30.0 0.0
32.8 30.0 30.0 30.0 30.0 30.0 30.0 30.0 30.0 30.0 30.0 0.0
32.9 30.0 30.0 30.0 30.0 30.0 30.0 30.0 30.0 30.0 30.0 0.0
33.0 30.0 30.0 30.0 30.0 30.0 30.0 30.0 30.0 30.0 30.0 0.0
33.1 30.0 30.0 30.0 30.0 30.0 30.0 30.0 30.0 30.0 30.0 0.0
33.2 30.0 30.0 30.0 30.0 30.0 30.0 30.0 30.0 30.0 30.0 0.0
33.3 30.0 30.0 30.0 30.0 30.0 30.0 30.0 30.0 30.0 30.0 0.0
33.4 30.0 30.0 30.0 30.0 30.0 30.0 30.0 30.0 30.0 30.0 0.0
33.5 30.0 30.0 30.0 30.0 30.0 30.0 30.0 30.0 30.0 30.0 0.0
33.6 30.0 30.0 30.0 30.0 30.0 30.0 30.0 30.0 30.0 30.0 0.0
33.7 30.0 30.0 30.0 30.0 30.0 30.0 30.0 30.0 30.0 30.0 0.0
33.8 30.0 30.0 30.0 30.0 30.0 30.0 30.0 30.0 30.0 30.0 0.0
33.9 30.0 30.0 30.0 30.0 30.0 30.0 30.0 30.0 30.0 30.0 0.0
34.0 30.0 30.0 30.0 30.0 30.0 30.0 30.0 30.0 30.0 30.0 0.0
34.1 30.0 30.0 30.0 30.0 30.0 30.0 30.0 30.0 30.0 30.0 0.0
34.2 30.0 30.0 30.0 30.0 30.0 30.0 30.0 30.0 30.0 30.0 0.0
34.3 30.0 30.0 30.0 30.0 30.0 30.0 30.0 30.0 30.0 30.0 0.0
34.4 30.0 30.0 30.0 30.0 30.0 30.0 30.0 30.0 30.0 30.0 0.0
34.5 30.0 30.0 30.0 30.0 30.0 30.0 30.0 30.0 30.0 30.0 0.0
34.6 30.0 30.0 30.0 30.0 30.0 30.0 30.0 30.0 30.0 30.0 0.0
34.7 30.0 30.0 30.0 30.0 30.0 30.0 30.0 30.0 30.0 30.0 0.0
34.8 30.0 30.0 30.0 30.0 30.0 30.0 30.0 30.0 30.0 30.0 0.0
34.9 30.0 30.0 30.0 30.0 30.0 30.0 30.0 30.0 30.0 30.0 0.0
35.0 30.0 30.0 30.0 30.0 30.0 30.0 30.0 30.0 30.0 30.0 0.0
35.1 30.0 30.0 30.0 30.0 30.0 30.0 30.0 30.0 30.0 30.0 0.0
35.2 30.0 30.0 30.0 30.0 30.0 30.0 30.0 30.0 30.0 30.0 0.0
35.3 30.0 30.0 30.0 30.0 30.0 30.0 30.0 30.0 30.0 30.0 0.0
35.4 30.0 30.0 30.0 30.0 30.0 30.0 30.0 30.0 30.0 30.0 0.0
35.5 30.0 30.0 30.0 30.0 30.0 30.0 30.0 30.0 30.0 30.0 0.0
35.6 30.0 30.0 30.0 30.0 30.0 30.0 30.0 30.0 30.0 30.0 0.0
35.7 30.0 30.0 30.0 30.0 30.0 30.0 30.0 30.0 30.0 30.0 0.0
35.8 30.0 30.0 30.0 30.0 30.0 30.0 30.0 30.0 30.0 30.0 0.0
35.9 30.0 30.0 30.0 30.0 30.0 30.0 30.0 30.0 30.0 30.0 0.0
36.0 30.0 30.0 30.0 30.0 30.0 30.0 30.0 30.0 30.0 30.0 0.0
36.1 30.0 30.0 30.0 30.0 30.0 30.0 30.0 30.0 30.0 30.0 0.0
36.2 30.0 30.0 30.0 30.0 30.0 30.0 30.0 30.0 30.0 30.0 0.0
36.3 30.0 30.0 30.0 30.0 30.0 30.0 30.0 30.0 30.0 30.0 0.0
36.4 30.0 30.0 30.0 30.0 30.0 30.0 30.0 30.0 30.0 30.0 0.0
36.5 30.0 30.0 30.0 30.0 30.0 30.0 30.0 30.0 30.0 30.0 0.0
36.6 30.0 30.0 30.0 30.0 30.0 30.0 30.0 30.0 30.0 30.0 0.0
36.7 30.0 30.0 30.0 30.0 30.0 30.0 30.0 30.0 30.0 30.0 0.0
36.8 30.0 30.0 30.0 30.0 30.0 30.0 30.0 30.0 30.0 30.0 0.0
36.9 30.0 30.0 30.0 30.0 30.0 30.0 30.0 30.0 30.0 30.0 0.0
37.0 30.0 30.0 30.0 30.0 30.0 30.0 30.0 30.0 30.0 30.0 0.0
37.1 30.0 30.0 30.0 30.0 30.0 30.0 30.0 30.0 30.0 30.0 0.0
37.2 30.0 30.0 30.0 30.0 30.0 30.0 30.0 30.0 30.0 30.0 0.0
37.3 30.0 30.0 30.0 30.0 30.0 30.0 30.0 30.0 30.0 30.0 0.0
37.4 30.0 30.0 30.0 30.0 30.0 30.0 30.0 30.0 30.0 30.0 0.0
37.5 30.0 30.0 30.0 30.0 30.0 30.0 30.0 30.0 30.0 30.0 0.0
37.6 30.0 30.0 30.0 30.0 30.0 30.0 30.0 30.0 30.0 30.0 0.0
37.7 30.0 30.0 30.0 30.0 30.0 30.0 30.0 30.0 30.0 30.0 0.0
37.8 30.0 30.0 30.0 30.0 30.0 30.0 30.0 30.0 30.0 30.0 0.0
37.9 30.0 30.0 30.0 30.0 30.0 30.0 30.0 30.0 30.0 30.0 0.0
38.0 30.0 30.0 30.0 30.0 30.0 30.0 30.0 30.0 30.0 30.0 0.0
38.1 30.0 30.0 30.0 30.0 30.0 30.0 30.0 30.0 30.0 30.0 0.0
38.2 30.0 30.0 30.0 30.0 30.0 30.0 30.0 30.0 30.0 30.0 0.0
38.3 30.0 30.0 30.0 30.0 30.0 30.0 30.0 30.0 30.0 30.0 0.0
38.4 30.0 30.0 30.0 30.0 30.0 30.0 30.0 30.0 30.0 30.0 0.0
38.5 30.0 30.0 30.0 30.0 30.0 30.0 30.0 30.0 30.0 30.0 0.0
38.6 30.0 30.0 30.0 30.0 30.0 30.0 30.0 30.0 30.0 30.0 0.0
38.7 30.0 30.0 30.0 30.0 30.0 30.0 30.0 30.0 30.0 30.0 0.0
38.8 30.0 30.0 30.0 30.0 30.0 30.0 30.0 30.0 30.0 30.0 0.0
38.9 30.0 30.0 30.0 30.0 30.0 30.0 30.0 30.0 30.0 30.0 0.0
39.0 30.0 30.0 30.0 30.0 30.0 30.0 30.0 30.0 30.0 30.0 0.0
39.1 30.0 30.0 30.0 30.0 30.0 30.0 30.0 30.0 30.0 30.0 0.0
39.2 30.0 30.0 30.0 30.0 30.0 30.0 30.0 30.0 30.0 30.0 0.0
39.3 30.0 30.0 30.0 30.0 30.0 30.0 30.0 30.0 30.0 30.0 0.0
39.4 30.0 30.0 30.0 30.0 30.0 30.0 30.0 30.0 30.0 30.0 0.0
39.5 30.0 30.0 30.0 30.0 30.0 30.0 30.0 30.0 30.0 30.0 0.0
39.6 30.0 30.0 30.0 30.0 30.0 30.0 30.0 30.0 30.0 30.0 0.0
39.7 30.0 30.0 30.0 30.0 30.0 30.0 30.0 30.0 30.0 30.0 0.0
39.8 30.0 30.0 30.0 30.0 30.0 30.0 30.0 30.0 30.0 30.0 0.0
39.9 30.0 30.0 30.0 30.0 30.0 30.0 30.0 30.0 30.0 30.0 0.0
40.0 30.0 30.0 30.0 30.0 30.0 30.0 30.0 30.0 30.0 30.0 0.0
40.1 30.0 30.0 30.0 30.0 30.0 30.0 30.0 30.0 30.0 30.0 0.0
40.2 30.0 30.0 30.0 30.0 30.0 30.0 30.0 30.0 30.0 30.0 0.0
40.3 30.0 30.0 30.0 30.0 30.0 30.0 30.0 30.0 30.0 30.0 0.0
40.4 30.0 30.0 30.0 30.0 30.0 30.0 30.0 30.0 30.0 30.0 0.0
40.5 30.0 30.0 30.0 30.0 30.0 30.0 30.0 30.0 30.0 30.0 0.0
40.6 30.0 30.0 30.0 30.0 30.0 30.0 30.0 30.0 30.0 30.0 0.0
40.7 30.0 30.0 30.0 30.0 30.0 30.0 30.0 30.0 30.0 30.0 0.0
40.8 30.0 30.0 30.0 30.0 30.0 30.0 30.0 30.0 30.0 30.0 0.0
40.9 30.0 30.0 30.0 30.0 30.0 30.0 30.0 30.0 30.0 30.0 0.0
41.0 30.0 30.0 30.0 30.0 30.0 30.0 30.0 30.0 30.0 30.0 0.0
41.1 30.0 30.0 30.0 30.0 30.0 30.0 30.0 30.0 30.0 30.0 0.0
41.2 30.0 30.0 30.0 30.0 30.0 30.0 30.0 30.0 30.0 30.0 0.0
41.3 30.0 30.0 30.0 30.0 30.0 30.0 30.0 30.0 30.0 30.0 0.0
41.4 30.0 30.0 30.0 30.0 30.0 30.0 30.0 30.0 30.0 30.0 0.0
41.5 30.0 30.0 30.0 30.0 30.0 30.0 30.0 30.0 30.0 30.0 0.0
41.6 30.0 30.0 30.0 30.0 30.0 30.0 30.0 30.0 30.0 30.0 0.0
41.7 30.0 30.0 30.0 30.0 30.0 30.0 30.0 30.0 30.0 30.0 0.0
41.8 30.0 30.0 30.0 30.0 30.0 30.0 30.0 30.0 30.0 30.0 0.0
41.9 30.0 30.0 30.0 30.0 30.0 30.0 30.0 30.0 30.0 30.0 0.0
42.0 30.0 30.0 30.0 30.0 30.0 30.0 30.0 30.0 30.0 30.0 0.0
42.1 30.0 30.0 30.0 30.0 30.0 30.0 30.0 30.0 30.0 30.0 0.0
42.2 30.0 30.0 30.0 30.0 30.0 30.0 30.0 30.0 30.0 30.0 0.0
42.3 30.0 30.0 30.0 30.0 30.0 30.0 30.0 30.0 30.0 30.0 0.0
42.4 30.0 30.0 30.0 30.0 30.0 30.0 30.0 30.0 30.0 30.0 0.0
42.5 30.0 30.0 30.0 30.0 30.0 30.0 30.0 30.0 30.0 30.0 0.0
42.6 30.0 30.0 30.0 30.0 30.0 30.0 30.0 30.0 30.0 30.0 0.0
42.7 30.0 30.0 30.0 30.0 30.0 30.0 30.0 30.0 30.0 30.0 0.0
42.8 30.0 30.0 30.0 30.0 30.0 30.0 30.0 30.0 30.0 30.0 0.0
42.9 30.0 30.0 30.0 30.0 30.0 30.0 30.0 30.0 30.0 30.0 0.0
43.0 30.0 30.0 30.0 30.0 30.0 30.0 30.0 30.0 30.0 30.0 0.0
43.1 30.0 30.0 30.0 30.0 30.0 30.0 30.0 30.0 30.0 30.0 0.0
43.2 30.0 30.0 30.0 30.0 30.0 30.0 30.0 30.0 30.0 30.0 0.0
43.3 30.0 30.0 30.0 30.0 30.0 30.0 30.0 30.0 30.0 30.0 0.0
43.4 30.0 30.0 30.0 30.0 30.0 30.0 30.0 30.0 30.0 30.0 0.0
43.5 30.0 30.0 30.0 30.0 30.0 30.0 30.0 30.0 30.0 30.0 0.0
43.6 30.0 30.0 30.0 30.0 30.0 30.0 30.0 30.0 30.0 30.0 0.0
43.7 30.0 30.0 30.0 30.0 30.0 30.0 30.0 30.0 30.0 30.0 0.0
43.8 30.0 30.0 30.0 30.0 30.0 30.0 30.0 30.0 30.0 30.0 0.0
43.9 30.0 30.0 30.0 30.0 30.0 30.0 30.0 30.0 30.0 30.0 0.0
44.0 30.0 30.0 30.0 30.0 30.0 30.0 30.0 30.0 30.0 30.0 0.0
44.1 30.0 30.0 30.0 30.0 30.0 30.0 30.0 30.0 30.0 30.0 0.0
44.2 30.0 30.0 30.0 30.0 30.0 30.0 30.0 30.0 30.0 30.0 0.0
44.3 30.0 30.0 30.0 30.0 30.0 30.0 30.0 30.0 30.0 30.0 0.0
44.4 30.0 30.0 30.0 30.0 30.0 30.0 30.0 30.0 30.0 30.0 0.0
44.5 30.0 30.0 30.0 30.0 30.0 30.0 30.0 30.0 30.0 30.0 0.0
44.6 30.0 30.0 30.0 30.0 30.0 30.0 30.0 30.0 30.0 30.0 0.0
44.7 30.0 30.0 30.0 30.0 30.0 30.0 30.0 30.0 30.0 30.0 0.0
44.8 30.0 30.0 30.0 30.0 30.0 30.0 30.0 30.0 30.0 30.0 0.0
44.9 30.0 30.0 30.0 30.0 30.0 30.0 30.0 30.0 30.0 30.0 0.0
45.0 30.0 30.0 30.0 30.0 30.0 30.0 30.0 30.0 30.0 30.0 0.0
45.1 30.0 30.0 30.0 30.0 30.0 30.0 30.0 30.0 30.0 30.0 0.0
45.2 30.0 30.0 30.0 30.0 30.0 30.0 30.0 30.0 30.0 30.0 0.0
45.3 30.0 30.0 30.0 30.0 30.0 30.0 30.0 30.0 30.0 30.0 0.0
45.4 30.0 30.0 30.0 30.0 30.0 30.0 30.0 30.0 30.0 30.0 0.0
45.5 30.0 30.0 30.0 30.0 30.0 30.0 30.0 30.0 30.0 30.0 0.0
45.6 30.0 30.0 30.0 30.0 30.0 30.0 30.0 30.0 30.0 30.0 0.0
45.7 30.0 30.0 30.0 30.0 30.0 30.0 30.0 30.0 30.0 30.0 0.0
45.8 30.0 30.0 30.0 30.0 30.0 30.0 30.0 30.0 30.0 30.0 0.0
45.9 30.0 30.0 30.0 30.0 30.0 30.0 30.0 30.0 30.0 30.0 0.0
46.0 30.0 30.0 30.0 30.0 30.0 30.0 30.0 30.0 30.0 30.0 0.0
46.1 30.0 30.0 30.0 30.0 30.0 30.0 30.0 30.0 30.0 30.0 0.0
46.2 30.0 30.0 30.0 30.0 30.0 30.0 30.0 30.0 30.0 30.0 0.0
46.3 30.0 30.0 30.0 30.0 30.0 30.0 30.0 30.0 30.0 30.0 0.0
46.4 30.0 30.0 30.0 30.0 30.0 30.0 30.0 30.0 30.0 30.0 0.0
46.5 30.0 30.0 30.0 30.0 30.0 30.0 30.0 30.0 30.0 30.0 0.0
46.6 30.0 30.0 30.0 30.0 30.0 30.0 30.0 30.0 30.0 30.0 0.0
46.7 30.0 30.0 30.0 30.0 30.0 30.0 30.0 30.0 30.0 30.0 0.0
46.8 30.0 30.0 30.0 30.0 30.0 30.0 30.0 30.0 30.0 30.0 0.0
46.9 30.0 30.0 30.0 30.0 30.0 30.0 30.0 30.0 30.0 30.0 0.0
47.0 30.0 30.0 30.0 30.0 30.0 30.0 30.0 30.0 30.0 30.0 0.0
47.1 30.0 30.0 30.0 30.0 30.0 30.0 30.0 30.0 30.0 30.0 0.0
47.2 30.0 30.0 30.0 30.0 30.0 30.0 30.0 30.0 30.0 30.0 0.0
47.3 30.0 30.0 30.0 30.0 30.0 30.0 30.0 30.0 30.0 30.0 0.0
47.4 30.0 30.0 30.0 30.0 30.0 30.0 30.0 30.0 30.0 30.0 0.0
47.5 30.0 30.0 30.0 30.0 30.0 30.0 30.0 30.0 30.0 30.0 0.0
47.6 30.0 30.0 30.0 30.0 30.0 30.0 30.0 30.0 30.0 30.0 0.0
47.7 30.0 30.0 30.0 30.0 30.0 30.0 30.0 30.0 30.0 30.0 0.0
47.8 30.0 30.0 30.0 30.0 30.0 30.0 30.0 30.0 30.0 30.0 0.0
47.9 30.0 30.0 30.0 30.0 30.0 30.0 30.0 30.0 30.0 30.0 0.0
48.0 30.0 30.0 30.0 30.0 30.0 30.0 30.0 30.0 30.0 30.0 0.0
48.1 30.0 30.0 30.0 30.0 30.0 30.0 30.0 30.0 30.0 30.0 0.0
48.2 30.0 30.0 30.0 30.0 30.0 30.0 30.0 30.0 30.0 30.0 0.0
48.3 30.0 30.0 30.0 30.0 30.0 30.0 30.0 30.0 30.0 30.0 0.0
48.4 30.0 30.0 30.0 30.0 30.0 30.0 30.0 30.0 30.0 30.0 0.0
48.5 30.0 30.0 30.0 30.0 30.0 30.0 30.0 30.0 30.0 30.0 0.0
48.6 30.0 30.0 30.0 30.0 30.0 30.0 30.0 30.0 30.0 30.0 0.0
48.7 30.0 30.0 30.0 30.0 30.0 30.0 30.0 30.0 30.0 30.0 0.0
48.8 30.0 30.0 30.0 30.0 30.0 30.0 30.0 30.0 30.0 30.0 0.0
48.9 30.0 30.0 30.0 30.0 30.0 30.0 30.0 30.0 30.0 30.0 0.0
49.0 30.0 30.0 30.0 30.0 30.0 30.0 30.0 30.0 30.0 30.0 0.0
49.1 30.0 30.0 30.0 30.0 30.0 30.0 30.0 30.0 30.0 30.0 0.0
49.2 30.0 30.0 30.0 30.0 30.0 30.0 30.0 30.0 30.0 30.0 0.0
49.3 30.0 30.0 30.0 30.0 30.0 30.0 30.0 30.0 30.0 30.0 0.0
49.4 30.0 30.0 30.0 30.0 30.0 30.0 30.0 30.0 30.0 30.0 0.0
49.5 30.0 30.0 30.0 30.0 30.0 30.0 30.0 30.0 30.0 30.0 0.0
49.6 30.0 30.0 30.0 30.0 30.0 30.0 30.0 30.0 30.0 30.0 0.0
49.7 30.0 30.0 30.0 30.0 30.0 30.0 30.0 30.0 30.0 30.0 0.0
49.8 30.0 30.0 30.0 30.0 30.0 30.0 30.0 30.0 30.0 30.0 0.0
49.9 30.0 30.0 30.0 30.0 30.0 30.0 30.0 30.0 30.0 30.0 0.0
50.0 30.0 30.0 30.0 30.0 30.0 30.0 30.0 30.0 30.0 30.0 0.0
50.1 30.0 30.0 30.0 30.0 30.0 30.0 30.0 30.0 30.0 30.0 0.0
50.2 30.0 30.0 30.0 30.0 30.0 30.0 30.0 30.0 30.0 30.0 0.0
50.3 30.0 30.0 30.0 30.0 30.0 30.0 30.0 30.0 30.0 30.0 0.0
50.4 30.0 30.0 30.0 30.0 30.0 30.0 30.0 30.0 30.0 30.0 0.0
50.5 30.0 30.0 30.0 30.0 30.0 30.0 30.0 30.0 30.0 30.0 0.0
50.6 30.0 30.0 30.0 30.0 30.0 30.0 30.0 30.0 30.0 30.0 0.0
50.7 30.0 30.0 30.0 30.0 30.0 30.0 30.0 30.0 30.0 30.0 0.0
50.8 30.0 30.0 30.0 30.0 30.0 30.0 30.0 30.0 30.0 30.0 0.0
50.9 30.0 30.0 30.0 30.0 30.0 30.0 30.0 30.0 30.0 30.0 0.0
51.0 30.0 30.0 30.0 30.0 30.0 30.0 30.0 30.0 30.0 30.0 0.0
51.1 30.0 30.0 30.0 30.0 30.0 30.0 30.0 30.0 30.0 30.0 0.0
51.2 30.0 30.0 30.0 30.0 30.0 30.0 30.0 30.0 30.0 30.0 0.0
51.3 30.0 30.0 30.0 30.0 30.0 30.0 30.0 30.0 30.0 30.0 0.0
51.4 30.0 30.0 30.0 30.0 30.0 30.0 30.0 30.0 30.0 30.0 0.0
51.5 30.0 30.0 30.0 30.0 30.0 30.0 30.0 30.0 30.0 30.0 0.0
51.6 30.0 30.0 30.0 30.0 30.0 30.0 30.0 30.0 30.0 30.0 0.0
51.7 30.0 30.0 30.0 30.0 30.0 30.0 30.0 30.0 30.0 30.0 0.0
51.8 30.0 30.0 30.0 30.0 30.0 30.0 30.0 30.0 30.0 30.0 0.0
51.9 30.0 30.0 30.0 30.0 30.0 30.0 30.0 30.0 30.0 30.0 0.0
52.0 30.0 30.0 30.0 30.0 30.0 30.0 30.0 30.0 30.0 30.0 0.0
52.1 30.0 30.0 30.0 30.0 30.0 30.0 30.0 30.0 30.0 30.0 0.0
52.2 30.0 30.0 30.0 30.0 30.0 30.0 30.0 30.0 30.0 30.0 0.0
52.3 30.0 30.0 30.0 30.0 30.0 30.0 30.0 30.0 30.0 30.0 0.0
52.4 30.0 30.0 30.0 30.0 30.0 30.0 30.0 30.0 30.0 30.0 0.0
52.5 30.0 30.0 30.0 30.0 30.0 30.0 30.0 30.0 30.0 30.0 0.0
52.6 30.0 30.0 30.0 30.0 30.0 30.0 30.0 30.0 30.0 30.0 0.0
52.7 30.0 30.0 30.0 30.0 30.0 30.0 30.0 30.0 30.0 30.0 0.0
52.8 30.0 30.0 30.0 30.0 30.0 30.0 30.0 30.0 30.0 30.0 0.0
52.9 30.0 30.0 30.0 30.0 30.0 30.0 30.0 30.0 30.0 30.0 0.0
53.0 30.0 30.0 30.0 30.0 30.0 30.0 30.0 30.0 30.0 30.0 0.0
53.1 30.0 30.0 30.0 30.0 30.0 30.0 30.0 30.0 30.0 30.0 0.0
53.2 30.0 30.0 30.0 30.0 30.0 30.0 30.0 30.0 30.0 30.0 0.0
53.3 30.0 30.0 30.0 30.0 30.0 30.0 30.0 30.0 30.0 30.0 0.0
53.4 30.0 30.0 30.0 30.0 30.0 30.0 30.0 30.0 30.0 30.0 0.0
53.5 30.0 30.0 30.0 30.0 30.0 30.0 30.0 30.0 30.0 30.0 0.0
53.6 30.0 30.0 30.0 30.0 30.0 30.0 30.0 30.0 30.0 30.0 0.0
53.7 30.0 30.0 30.0 30.0 30.0 30.0 30.0 30.0 30.0 30.0 0.0
53.8 30.0 30.0 30.0 30.0 30.0 30.0 30.0 30.0 30.0 30.0 0.0
53.9 30.0 30.0 30.0 30.0 30.0 30.0 30.0 30.0 30.0 30.0 0.0
54.0 30.0 30.0 30.0 30.0 30.0 30.0 30.0 30.0 30.0 30.0 0.0
54.1 30.0 30.0 30.0 30.0 30.0 30.0 30.0 30.0 30.0 30.0 0.0
54.2 30.0 30.0 30.0 30.0 30.0 30.0 30.0 30.0 30.0 30.0 0.0
54.3 30.0 30.0 30.0 30.0 30.0 30.0 30.0 30.0 30.0 30.0 0.0
54.4 30.0 30.0 30.0 30.0 30.0 30.0 30.0 30.0 30.0 30.0 0.0
54.5 30.0 30.0 30.0 30.0 30.0 30.0 30.0 30.0 30.0 30.0 0.0
54.6 30.0 30.0 30.0 30.0 30.0 30.0 30.0 30.0 30.0 30.0 0.0
54.7 30.0 30.0 30.0 30.0 30.0 30.0 30.0 30.0 30.0 30.0 0.0
54.8 30.0 30.0 30.0 30.0 30.0 30.0 30.0 30.0 30.0 30.0 0.0
54.9 30.0 30.0 30.0 30.0 30.0 30.0 30.0 30.0 30.0 30.0 0.0
55.0 30.0 30.0 30.0 30.0 30.0 30.0 30.0 30.0 30.0 30.0 0.0
55.1 30.0 30.0 30.0 30.0 30.0 30.0 30.0 30.0 30.0 30.0 0.0
55.2 30.0 30.0 30.0 30.0 30.0 30.0 30.0 30.0 30.0 30.0 0.0
55.3 30.0 30.0 30.0 30.0 30.0 30.0 30.0 30.0 30.0 30.0 0.0
55.4 30.0 30.0 30.0 30.0 30.0 30.0 30.0 30.0 30.0 30.0 0.0
55.5 30.0 30.0 30.0 30.0 30.0 30.0 30.0 30.0 30.0 30.0 0.0
55.6 30.0 30.0 30.0 30.0 30.0 30.0 30.0 30.0 30.0 30.0 0.0
55.7 30.0 30.0 30.0 30.0 30.0 30.0 30.0 30.0 30.0 30.0 0.0
55.8 30.0 30.0 30.0 30.0 30.0 30.0 30.0 30.0 30.0 30.0 0.0
55.9 30.0 30.0 30.0 30.0 30.0 30.0 30.0 30.0 30.0 30.0 0.0
56.0 30.0 30.0 30.0 30.0 30.0 30.0 30.0 30.0 30.0 30.0 0.0
56.1 30.0 30.0 30.0 30.0 30.0 30.0 30.0 30.0 30.0 30.0 0.0
56.2 30.0 30.0 30.0 30.0 30.0 30.0 30.0 30.0 30.0 30.0 0.0
56.3 30.0 30.0 30.0 30.0 30.0 30.0 30.0 30.0 30.0 30.0 0.0
56.4 30.0 30.0 30.0 30.0 30.0 30.0 30.0 30.0 30.0 30.0 0.0
56.5 30.0 30.0 30.0 30.0 30.0 30.0 30.0 30.0 30.0 30.0 0.0
56.6 30.0 30.0 30.0 30.0 30.0 30.0 30.0 30.0 30.0 30.0 0.0
56.7 30.0 30.0 30.0 30.0 30.0 30.0 30.0 30.0 30.0 30.0 0.0
56.8 30.0 30.0 30.0 30.0 30.0 30.0 30.0 30.0 30.0 30.0 0.0
56.9 30.0 30.0 30.0 30.0 30.0 30.0 30.0 30.0 30.0 30.0 0.0
57.0 30.0 30.0 30.0 30.0 30.0 30.0 30.0 30.0 30.0 30.0 0.0
57.1 30.0 30.0 30.0 30.0 30.0 30.0 30.0 30.0 30.0 30.0 0.0
57.2 30.0 30.0 30.0 30.0 30.0 30.0 30.0 30.0 30.0 30.0 0.0
57.3 30.0 30.0 30.0 30.0 30.0 30.0 30.0 30.0 30.0 30.0 0.0
57.4 30.0 30.0 30.0 30.0 30.0 30.0 30.0 30.0 30.0 30.0 0.0
57.5 30.0 30.0 30.0 30.0 30.0 30.0 30.0 30.0 30.0 30.0 0.0
57.6 30.0 30.0 30.0 30.0 30.0 30.0 30.0 30.0 30.0 30.0 0.0
57.7 30.0 30.0 30.0 30.0 30.0 30.0 30.0 30.0 30.0 30.0 0.0
57.8 30.0 30.0 30.0 30.0 30.0 30.0 30.0 30.0 30.0 30.0 0.0
57.9 30.0 30.0 30.0 30.0 30.0 30.0 30.0 30.0 30.0 30.0 0.0
58.0 30.0 30.0 30.0 30.0 30.0 30.0 30.0 30.0 30.0 30.0 0.0
58.1 30.0 30.0 30.0 30.0 30.0 30.0 30.0 30.0 30.0 30.0 0.0
58.2 30.0 30.0 30.0 30.0 30.0 30.0 30.0 30.0 30.0 30.0 0.0
58.3 30.0 30.0 30.0 30.0 30.0 30.0 30.0 30.0 30.0 30.0 0.0
58.4 30.0 30.0 30.0 30.0 30.0 30.0 30.0 30.0 30.0 30.0 0.0
58.5 30.0 30.0 30.0 30.0 30.0 30.0 30.0 30.0 30.0 30.0 0.0
58.6 30.0 30.0 30.0 30.0 30.0 30.0 30.0 30.0 30.0 30.0 0.0
58.7 30.0 30.0 30.0 30.0 30.0 30.0 30.0 30.0 30.0 30.0 0.0
58.8 30.0 30.0 30.0 30.0 30.0 30.0 30.0 30.0 30.0 30.0 0.0
58.9 30.0 30.0 30.0 30.0 30.0 30.0 30.0 30.0 30.0 30.0 0.0
59.0 30.0 30.0 30.0 30.0 30.0 30.0 30.0 30.0 30.0 30.0 0.0
59.1 30.0 30.0 30.0 30.0 30.0 30.0 30.0 30.0 30.0 30.0 0.0
59.2 30.0 30.0 30.0 30.0 30.0 30.0 30.0 30.0 30.0 30.0 0.0
59.3 30.0 30.0 30.0 30.0 30.0 30.0 30.0 30.0 30.0 30.0 0.0
59.4 30.0 30.0 30.0 30.0 30.0 30.0 30.0 30.0 30.0 30.0 0.0
59.5 30.0 30.0 30.0 30.0 30.0 30.0 30.0 30.0 30.0 30.0 0.0
59.6 30.0 30.0 30.0 30.0 30.0 30.0 30.0 30.0 30.0 30.0 0.0
59.7 30.0 30.0 30.0 30.0 30.0 30.0 30.0 30.0 30.0 30.0 0.0
59.8 30.0 30.0 30.0 30.0 30.0 30.0 30.0 30.0 30.0 30.0 0.0
59.9 30.0 30.0 30.0 30.0 30.0 30.0 30.0 30.0 30.0 30.0 0.0
60.0 30.0 30.0 30.0 30.0 30.0 30.0 30.0 30.0 30.0 30.0 0.0
60.1 30.0 30.0 30.0 30.0 30.0 30.0 30.0 30.0 30.0 30.0 0.0
60.2 30.0 30.0 30.0 30.0 30.0 30.0 30.0 30.0 30.0 30.0 0.0
60.3 30.0 30.0 30.0 30.0 30.0 30.0 30.0 30.0 30.0 30.0 0.0
60.4 30.0 30.0 30.0 30.0 30.0 30.0 30.0 30.0 30.0 30.0 0.0
60.5 30.0 30.0 30.0 30.0 30.0 30.0 30.0 30.0 30.0 30.0 0.0
60.6 30.0 30.0 30.0 30.0 30.0 30.0 30.0 30.0 30.0 30.0 0.0
60.7 30.0 30.0 30.0 30.0 30.0 30.0 30.0 30.0 30.0 30.0 0.0
60.8 30.0 30.0 30.0 30.0 30.0 30.0 30.0 30.0 30.0 30.0 0.0
60.9 30.0 30.0 30.0 30.0 30.0 30.0 30.0 30.0 30.0 30.0 0.0
61.0 30.0 30.0 30.0 30.0 30.0 30.0 30.0 30.0 30.0 30.0 0.0
61.1 30.0 30.0 30.0 30.0 30.0 30.0 30.0 30.0 30.0 30.0 0.0
61.2 30.0 30.0 30.0 30.0 30.0 30.0 30.0 30.0 30.0 30.0 0.0
61.3 30.0 30.0 30.0 30.0 30.0 30.0 30.0 30.0 30.0 30.0 0.0
61.4 30.0 30.0 30.0 30.0 30.0 30.0 30.0 30.0 30.0 30.0 0.0
61.5 30.0 30.0 30.0 30.0 30.0 30.0 30.0 30.0 30.0 30.0 0.0
61.6 30.0 30.0 30.0 30.0 30.0 30.0 30.0 30.0 30.0 30.0 0.0
61.7 30.0 30.0 30.0 30.0 30.0 30.0 30.0 30.0 30.0 30.0 0.0
61.8 30.0 30.0 30.0 30.0 30.0 30.0 30.0 30.0 30.0 30.0 0.0
61.9 30.0 30.0 30.0 30.0 30.0 30.0 30.0 30.0 30.0 30.0 0.0
62.0 30.0 30.0 30.0 30.0 30.0 30.0 30.0 30.0 30.0 30.0 0.0
62.1 30.0 30.0 30.0 30.0 30.0 30.0 30.0 30.0 30.0 30.0 0.0
62.2 30.0 30.0 30.0 30.0 30.0 30.0 30.0 30.0 30.0 30.0 0.0
62.3 30.0 30.0 30.0 30.0 30.0 30.0 30.0 30.0 30.0 30.0 0.0
62.4 30.0 30.0 30.0 30.0 30.0 30.0 30.0 30.0 30.0 30.0 0.0
62.5 30.0 30.0 30.0 30.0 30.0 30.0 30.0 30.0 30.0 30.0 0.0
62.6 30.0 30.0 30.0 30.0 30.0 30.0 30.0 30.0 30.0 30.0 0.0
62.7 30.0 30.0 30.0 30.0 30.0 30.0 30.0 30.0 30.0 30.0 0.0
62.8 30.0 30.0 30.0 30.0 30.0 30.0 30.0 30.0 30.0 30.0 0.0
62.9 30.0 30.0 30.0 30.0 30.0 30.0 30.0 30.0 30.0 30.0 0.0
63.0 30.0 30.0 30.0 30.0 30.0 30.0 30.0 30.0 30.0 30.0 0.0
63.1 30.0 30.0 30.0 30.0 30.0 30.0 30.0 30.0 30.0 30.0 0.0
63.2 30.0 30.0 30.0 30.0 30.0 30.0 30.0 30.0 30.0 30.0 0.0
63.3 30.0 30.0 30.0 30.0 30.0 30.0 30.0 30.0 30.0 30.0 0.0
63.4 30.0 30.0 30.0 30.0 30.0 30.0 30.0 30.0 30.0 30.0 0.0
63.5 30.0 30.0 30.0 30.0 30.0 30.0 30.0 30.0 30.0 30.0 0.0
63.6 30.0 30.0 30.0 30.0 30.0 30.0 30.0 30.0 30.0 30.0 0.0
63.7 30.0 30.0 30.0 30.0 30.0 30.0 30.0 30.0 30.0 30.0 0.0
63.8 30.0 30.0 30.0 30.0 30.0 30.0 30.0 30.0 30.0 30.0 0.0
63.9 30.0 30.0 30.0 30.0 30.0 30.0 30.0 30.0 30.0 30.0 0.0
64.0 30.0 30.0 30.0 30.0 30.0 30.0 30.0 30.0 30.0 30.0 0.0
64.1 30.0 30.0 30.0 30.0 30.0 30.0 30.0 30.0 30.0 30.0 0.0
64.2 30.0 30.0 30.0 30.0 30.0 30.0 30.0 30.0 30.0 30.0 0.0
64.3 30.0 30.0 30.0 30.0 30.0 30.0 30.0 30.0 30.0 30.0 0.0
64.4 30.0 30.0 30.0 30.0 30.0 30.0 30.0 30.0 30.0 30.0 0.0
64.5 30.0 30.0 30.0 30.0 30.0 30.0 30.0 30.0 30.0 30.0 0.0
64.6 30.0 30.0 30.0 30.0 30.0 30.0 30.0 30.0 30.0 30.0 0.0
64.7 30.0 30.0 30.0 30.0 30.0 30.0 30.0 30.0 30.0 30.0 0.0
64.8 30.0 30.0 30.0 30.0 30.0 30.0 30.0 30.0 30.0 30.0 0.0
64.9 30.0 30.0 30.0 30.0 30.0 30.0 30.0 30.0 30.0 30.0 0.0
65.0 30.0 30.0 30.0 30.0 30.0 30.0 30.0 30.0 30.0 30.0 0.0
65.1 30.0 30.0 30.0 30.0 30.0 30.0 30.0 30.0 30.0 30.0 0.0
65.2 30.0 30.0 30.0 30.0 30.0 30.0 30.0 30.0 30.0 30.0 0.0
65.3 30.0 30.0 30.0 30.0 30.0 30.0 30.0 30.0 30.0 30.0 0.0
65.4 30.0 30.0 30.0 30.0 30.0 30.0 30.0 30.0 30.0 30.0 0.0
65.5 30.0 30.0 30.0 30.0 30.0 30.0 30.0 30.0 30.0 30.0 0.0
65.6 30.0 30.0 30.0 30.0 30.0 30.0 30.0 30.0 30.0 30.0 0.0
65.7 30.0 30.0 30.0 30.0 30.0 30.0 30.0 30.0 30.0 30.0 0.0
65.8 30.0 30.0 30.0 30.0 30.0 30.0 30.0 30.0 30.0 30.0 0.0
65.9 30.0 30.0 30.0 30.0 30.0 30.0 30.0 30.0 30.0 30.0 0.0
66.0 30.0 30.0 30.0 30.0 30.0 30.0 30.0 30.0 30.0 30.0 0.0
66.1 30.0 30.0 30.0 30.0 30.0 30.0 30.0 30.0 30.0 30.0 0.0
66.2 30.0 30.0 30.0 30.0 30.0 30.0 30.0 30.0 30.0 30.0 0.0
66.3 30.0 30.0 30.0 30.0 30.0 30.0 30.0 30.0 30.0 30.0 0.0
66.4 30.0 30.0 30.0 30.0 30.0 30.0 30.0 30.0 30.0 30.0 0.0
66.5 30.0 30.0 30.0 30.0 30.0 30.0 30.0 30.0 30.0 30.0 0.0
66.6 30.0 30.0 30.0 30.0 30.0 30.0 30.0 30.0 30.0 30.0 0.0
66.7 30.0 30.0 30.0 30.0 30.0 30.0 30.0 30.0 30.0 30.0 0.0
66.8 30.0 30.0 30.0 30.0 30.0 30.0 30.0 30.0 30.0 30.0 0.0
66.9 30.0 30.0 30.0 30.0 30.0 30.0 30.0 30.0 30.0 30.0 0.0
67.0 30.0 30.0 30.0 30.0 30.0 30.0 30.0 30.0 30.0 30.0 0.0
67.1 30.0 30.0 30.0 30.0 30.0 30.0 30.0 30.0 30.0 30.0 0.0
67.2 30.0 30.0 30.0 30.0 30.0 30.0 30.0 30.0 30.0 30.0 0.0
67.3 30.0 30.0 30.0 30.0 30.0 30.0 30.0 30.0 30.0 30.0 0.0
67.4 30.0 30.0 30.0 30.0 30.0 30.0 30.0 30.0 30.0 30.0 0.0
67.5 30.0 30.0 30.0 30.0 30.0 30.0 30.0 30.0 30.0 30.0 0.0
67.6 30.0 30.0 30.0 30.0 30.0 30.0 30.0 30.0 30.0 30.0 0.0
67.7 30.0 30.0 30.0 30.0 30.0 30.0 30.0 30.0 30.0 30.0 0.0
67.8 30.0 30.0 30.0 30.0 30.0 30.0 30.0 30.0 30.0 30.0 0.0
67.9 30.0 30.0 30.0 30.0 30.0 30.0 30.0 30.0 30.0 30.0 0.0
68.0 30.0 30.0 30.0 30.0 30.0 30.0 30.0 30.0 30.0 30.0 0.0
68.1 30.0 30.0 30.0 30.0 30.0 30.0 30.0 30.0 30.0 30.0 0.0
68.2 30.0 30.0 30.0 30.0 30.0 30.0 30.0 30.0 30.0 30.0 0.0
68.3 30.0 30.0 30.0 30.0 30.0 30.0 30.0 30.0 30.0 30.0 0.0
68.4 30.0 30.0 30.0 30.0 30.0 30.0 30.0 30.0 30.0 30.0 0.0
68.5 30.0 30.0 30.0 30.0 30.0 30.0 30.0 30.0 30.0 30.0 0.0
68.6 30.0 30.0 30.0 30.0 30.0 30.0 30.0 30.0 30.0 30.0 0.0
68.7 30.0 30.0 30.0 30.0 30.0 30.0 30.0 30.0 30.0 30.0 0.0
68.8 30.0 30.0 30.0 30.0 30.0 30.0 30.0 30.0 30.0 30.0 0.0
68.9 30.0 30.0 30.0 30.0 30.0 30.0 30.0 30.0 30.0 30.0 0.0
69.0 30.0 30.0 30.0 30.0 30.0 30.0 30.0 30.0 30.0 30.0 0.0
69.1 30.0 30.0 30.0 30.0 30.0 30.0 30.0 30.0 30.0 30.0 0.0
69.2 30.0 30.0 30.0 30.0 30.0 30.0 30.0 30.0 30.0 30.0 0.0
69.3 30.0 30.0 30.0 30.0 30.0 30.0 30.0 30.0 30.0 30.0 0.0
69.4 30.0 30.0 30.0 30.0 30.0 30.0 30.0 30.0 30.0 30.0 0.0
69.5 30.0 30.0 30.0 30.0 30.0 30.0 30.0 30.0 30.0 30.0 0.0
69.6 30.0 30.0 30.0 30.0 30.0 30.0 30.0 30.0 30.0 30.0 0.0
69.7 30.0 30.0 30.0 30.0 30.0 30.0 30.0 30.0 30.0 30.0 0.0
69.8 30.0 30.0 30.0 30.0 30.0 30.0 30.0 30.0 30.0 30.0 0.0
69.9 30.0 30.0 30.0 30.0 30.0 30.0 30.0 30.0 30.0 30.0 0.0
70.0 30.0 30.0 30.0 30.0 30.0 30.0 30.0 30.0 30.0 30.0 0.0
70.1 30.0 30.0 30.0 30.0 30.0 30.0 30.0 30.0 30.0 30.0 0.0
70.2 30.0 30.0 30.0 30.0 30.0 30.0 30.0 30.0 30.0 30.0 0.0
70.3 30.0 30.0 30.0 30.0 30.0 30.0 30.0 30.0 30.0 30.0 0.0
70.4 30.0 30.0 30.0 30.0 30.0 30.0 30.0 30.0 30.0 30.0 0.0
70.5 30.0 30.0 30.0 30.0 30.0 30.0 30.0 30.0 30.0 30.0 0.0
70.6 30.0 30.0 30.0 30.0 30.0 30.0 30.0 30.0 30.0 30.0 0.0
70.7 30.0 30.0 30.0 30.0 30.0 30.0 30.0 30.0 30.0 30.0 0.0
70.8 30.0 30.0 30.0 30.0 30.0 30.0 30.0 30.0 30.0 30.0 0.0
70.9 30.0 30.0 30.0 30.0 30.0 30.0 30.0 30.0 30.0 30.0 0.0
71.0 30.0 30.0 30.0 30.0 30.0 30.0 30.0 30.0 30.0 30.0 0.0
71.1 30.0 30.0 30.0 30.0 30.0 30.0 30.0 30.0 30.0 30.0 0.0
71.2 30.0 30.0 30.0 30.0 30.0 30.0 30.0 30.0 30.0 30.0 0.0
71.3 30.0 30.0 30.0 30.0 30.0 30.0 30.0 30.0 30.0 30.0 0.0
71.4 30.0 30.0 30.0 30.0 30.0 30.0 30.0 30.0 30.0 30.0 0.0
71.5 30.0 30.0 30.0 30.0 30.0 30.0 30.0 30.0 30.0 30.0 0.0
71.6 30.0 30.0 30.0 30.0 30.0 30.0 30.0 30.0 30.0 30.0 0.0
71.7 30.0 30.0 30.0 30.0 30.0 30.0 30.0 30.0 30.0 30.0 0.0
71.8 30.0 30.0 30.0 30.0 30.0 30.0 30.0 30.0 30.0 30.0 0.0
71.9 30.0 30.0 30.0 30.0 30.0 30.0 30.0 30.0 30.0 30.0 0.0
72.0 30.0 30.0 30.0 30.0 30.0 30.0 30.0 30.0 30.0 30.0 0.0
72.1 30.0 30.0 30.0 30.0 30.0 30.0 30.0 30.0 30.0 30.0 0.0
72.2 30.0 30.0 30.0 30.0 30.0 30.0 30.0 30.0 30.0 30.0 0.0
72.3 30.0 30.0 30.0 30.0 30.0 30.0 30.0 30.0 30.0 30.0 0.0
72.4 30.0 30.0 30.0 30.0 30.0 30.0 30.0 30.0 30.0 30.0 0.0
72.5 30.0 30.0 30.0 30.0 30.0 30.0 30.0 30.0 30.0 30.0 0.0
72.6 30.0 30.0 30.0 30.0 30.0 30.0 30.0 30.0 30.0 30.0 0.0
72.7 30.0 30.0 30.0 30.0 30.0 30.0 30.0 30.0 30.0 30.0 0.0
72.8 30.0 30.0 30.0 30.0 30.0 30.0 30.0 30.0 30.0 30.0 0.0
72.9 30.0 30.0 30.0 30.0 30.0 30.0 30.0 30.0 30.0 30.0 0.0
73.0 30.0 30.0 30.0 30.0 30.0 30.0 30.0 30.0 30.0 30.0 0.0
73.1 30.0 30.0 30.0 30.0 30.0 30.0 30.0 30.0 30.0 30.0 0.0
73.2 30.0 30.0 30.0 30.0 30.0 30.0 30.0 30.0 30.0 30.0 0.0
73.3 30.0 30.0 30.0 30.0 30.0 30.0 30.0 30.0 30.0 30.0 0.0
73.4 30.0 30.0 30.0 30.0 30.0 30.0 30.0 30.0 30.0 30.0 0.0
73.5 30.0 30.0 30.0 30.0 30.0 30.0 30.0 30.0 30.0 30.0 0.0
73.6 30.0 30.0 30.0 30.0 30.0 30.0 30.0 30.0 30.0 30.0 0.0
73.7 30.0 30.0 30.0 30.0 30.0 30.0 30.0 30.0 30.0 30.0 0.0
73.8 30.0 30.0 30.0 30.0 30.0 30.0 30.0 30.0 30.0 30.0 0.0
73.9 30.0 30.0 30.0 30.0 30.0 30.0 30.0 30.0 30.0 30.0 0.0
74.0 30.0 30.0 30.0 30.0 30.0 30.0 30.0 30.0 30.0 30.0 0.0
74.1 30.0 30.0 30.0 30.0 30.0 30.0 30.0 30.0 30.0 30.0 0.0
74.2 30.0 30.0 30.0 30.0 30.0 30.0 30.0 30.0 30.0 30.0 0.0
74.3 30.0 30.0 30.0 30.0 30.0 30.0 30.0 30.0 30.0 30.0 0.0
74.4 30.0 30.0 30.0 30.0 30.0 30.0 30.0 30.0 30.0 30.0 0.0
74.5 30.0 30.0 30.0 30.0 30.0 30.0 30.0 30.0 30.0 30.0 0.0
74.6 30.0 30.0 30.0 30.0 30.0 30.0 30.0 30.0 30.0 30.0 0.0
74.7 30.0 30.0 30.0 30.0 30.0 30.0 30.0 30.0 30.0 30.0 0.0
74.8 30.0 30.0 30.0 30.0 30.0 30.0 30.0 30.0 30.0 30.0 0.0
74.9 30.0 30.0 30.0 30.0 30.0 30.0 30.0 30.0 30.0 30.0 0.0
75.0 30.0 30.0 30.0 30.0 30.0 30.0 30.0 30.0 30.0 30.0 0.0
75.1 30.0 30.0 30.0 30.0 30.0 30.0 30.0 30.0 30.0 30.0 0.0
75.2 30.0 30.0 30.0 30.0 30.0 30.0 30.0 30.0 30.0 30.0 0.0
75.3 30.0 30.0 30.0 30.0 30.0 30.0 30.0 30.0 30.0 30.0 0.0
75.4 30.0 30.0 30.0 30.0 30.0 30.0 30.0 30.0 30.0 30.0 0.0
75.5 30.0 30.0 30.0 30.0 30.0 30.0 30.0 30.0 30.0 30.0 0.0
75.6 30.0 30.0 30.0 30.0 30.0 30.0 30.0 30.0 30.0 30.0 0.0
75.7 30.0 30.0 30.0 30.0 30.0 30.0 30.0 30.0 30.0 30.0 0.0
75.8 30.0 30.0 30.0 30.0 30.0 30.0 30.0 30.0 30.0 30.0 0.0
75.9 30.0 30.0 30.0 30.0 30.0 30.0 30.0 30.0 30.0 30.0 0.0
76.0 30.0 30.0 30.0 30.0 30.0 30.0 30.0 30.0 30.0 30.0 0.0
76.1 30.0 30.0 30.0 30.0 30.0 30.0 30.0 30.0 30.0 30.0 0.0
76.2 30.0 30.0 30.0 30.0 30.0 30.0 30.0 30.0 30.0 30.0 0.0
76.3 30.0 30.0 30.0 30.0 30.0 30.0 30.0 30.0 30.0 30.0 0.0
76.4 30.0 30.0 30.0 30.0 30.0 30.0 30.0 30.0 30.0 30.0 0.0
76.5 30.0 30.0 30.0 30.0 30.0 30.0 30.0 30.0 30.0 30.0 0.0
76.6 30.0 30.0 30.0 30.0 30.0 30.0 30.0 30.0 30.0 30.0 0.0
76.7 30.0 30.0 30.0 30.0 30.0 30.0 30.0 30.0 30.0 30.0 0.0
76.8 30.0 30.0 30.0 30.0 30.0 30.0 30.0 30.0 30.0 30.0 0.0
76.9 30.0 30.0 30.0 30.0 30.0 30.0 30.0 30.0 30.0 30.0 0.0
77.0 30.0 30.0 30.0 30.0 30.0 30.0 30.0 30.0 30.0 30.0 0.0
77.1 30.0 30.0 30.0 30.0 30.0 30.0 30.0 30.0 30.0 30.0 0.0
77.2 30.0 30.0 30.0 30.0 30.0 30.0 30.0 30.0 30.0 30.0 0.0
77.3 30.0 30.0 30.0 30.0 30.0 30.0 30.0 30.0 30.0 30.0 0.0
77.4 30.0 30.0 30.0 30.0 30.0 30.0 30.0 30.0 30.0 30.0 0.0
77.5 30.0 30.0 30.0 30.0 30.0 30.0 30.0 30.0 30.0 30.0 0.0
77.6 30.0 30.0 30.0 30.0 30.0 30.0 30.0 30.0 30.0 30.0 0.0
77.7 30.0 30.0 30.0 30.0 30.0 30.0 30.0 30.0 30.0 30.0 0.0
77.8 30.0 30.0 30.0 30.0 30.0 30.0 30.0 30.0 30.0 30.0 0.0
77.9 30.0 30.0 30.0 30.0 30.0 30.0 30.0 30.0 30.0 30.0 0.0
78.0 30.0 30.0 30.0 30.0 30.0 30.0 30.0 30.0 30.0 30.0 0.0
78.1 30.0 30.0 30.0 30.0 30.0 30.0 30.0 30.0 30.0 30.0 0.0
78.2 30.0 30.0 30.0 30.0 30.0 30.0 30.0 30.0 30.0 30.0 0.0
78.3 30.0 30.0 30.0 30.0 30.0 30.0 30.0 30.0 30.0 30.0 0.0
78.4 30.0 30.0 30.0 30.0 30.0 30.0 30.0 30.0 30.0 30.0 0.0
78.5 30.0 30.0 30.0 30.0 30.0 30.0 30.0 30.0 30.0 30.0 0.0
78.6 30.0 30.0 30.0 30.0 30.0 30.0 30.0 30.0 30.0 30.0 0.0
78.7 30.0 30.0 30.0 30.0 30.0 30.0 30.0 30.0 30.0 30.0 0.0
78.8 30.0 30.0 30.0 30.0 30.0 30.0 30.0 30.0 30.0 30.0 0.0
78.9 30.0 30.0 30.0 30.0 30.0 30.0 30.0 30.0 30.0 30.0 0.0
79.0 30.0 30.0 30.0 30.0 30.0 30.0 30.0 30.0 30.0 30.0 0.0
79.1 30.0 30.0 30.0 30.0 30.0 30.0 30.0 30.0 30.0 30.0 0.0
79.2 30.0 30.0 30.0 30.0 30.0 30.0 30.0 30.0 30.0 30.0 0.0
79.3 30.0 30.0 30.0 30.0 30.0 30.0 30.0 30.0 30.0 30.0 0.0
79.4 30.0 30.0 30.0 30.0 30.0 30.0 30.0 30.0 30.0 30.0 0.0
79.5 30.0 30.0 30.0 30.0 30.0 30.0 30.0 30.0 30.0 30.0 0.0
79.6 30.0 30.0 30.0 30.0 30.0 30.0 30.0 30.0 30.0 30.0 0.0
79.7 30.0 30.0 30.0 30.0 30.0 30.0 30.0 30.0 30.0 30.0 0.0
79.8 30.0 30.0 30.0 30.0 30.0 30.0 30.0 30.0 30.0 30.0 0.0
79.9 30.0 30.0 30.0 30.0 30.0 30.0 30.0 30.0 30.0 30.0 0.0
80.0 30.0 30.0 30.0 30.0 30.0 30.0 30.0 30.0 30.0 30.0 0.0
80.1 30.0 30.0 30.0 30.0 30.0 30.0 30.0 30.0 30.0 30.0 0.0
80.2 30.0 30.0 30.0 30.0 30.0 30.0 30.0 30.0 30.0 30.0 0.0
80.3 30.0 30.0 30.0 30.0 30.0 30.0 30.0 30.0 30.0 30.0 0.0
80.4 30.0 30.0 30.0 30.0 30.0 30.0 30.0 30.0 30.0 30.0 0.0
80.5 30.0 30.0 30.0 30.0 30.0 30.0 30.0 30.0 30.0 30.0 0.0
80.6 30.0 30.0 30.0 30.0 30.0 30.0 30.0 30.0 30.0 30.0 0.0
80.7 30.0 30.0 30.0 30.0 30.0 30.0 30.0 30.0 30.0 30.0 0.0
80.8 30.0 30.0 30.0 30.0 30.0 30.0 30.0 30.0 30.0 30.0 0.0
80.9 30.0 30.0 30.0 30.0 30.0 30.0 30.0 30.0 30.0 30.0 0.0
81.0 30.0 30.0 30.0 30.0 30.0 30.0 30.0 30.0 30.0 30.0 0.0
81.1 30.0 30.0 30.0 30.0 30.0 30.0 30.0 30.0 30.0 30.0 0.0
81.2 30.0 30.0 30.0 30.0 30.0 30.0 30.0 30.0 30.0 30.0 0.0
81.3 30.0 30.0 30.0 30.0 30.0 30.0 30.0 30.0 30.0 30.0 0.0
81.4 30.0 30.0 30.0 30.0 30.0 30.0 30.0 30.0 30.0 30.0 0.0
81.5 30.0 30.0 30.0 30.0 30.0 30.0 30.0 30.0 30.0 30.0 0.0
81.6 30.0 30.0 30.0 30.0 30.0 30.0 30.0 30.0 30.0 30.0 0.0
81.7 30.0 30.0 30.0 30.0 30.0 30.0 30.0 30.0 30.0 30.0 0.0
81.8 30.0 30.0 30.0 30.0 30.0 30.0 30.0 30.0 30.0 30.0 0.0
81.9 30.0 30.0 30.0 30.0 30.0 30.0 30.0 30.0 30.0 30.0 0.0
82.0 30.0 30.0 30.0 30.0 30.0 30.0 30.0 30.0 30.0 30.0 0.0
82.1 30.0 30.0 30.0 30.0 30.0 30.0 30.0 30.0 30.0 30.0 0.0
82.2 30.0 30.0 30.0 30.0 30.0 30.0 30.0 30.0 30.0 30.0 0.0
82.3 30.0 30.0 30.0 30.0 30.0 30.0 30.0 30.0 30.0 30.0 0.0
82.4 30.0 30.0 30.0 30.0 30.0 30.0 30.0 30.0 30.0 30.0 0.0
82.5 30.0 30.0 30.0 30.0 30.0 30.0 30.0 30.0 30.0 30.0 0.0
82.6 30.0 30.0 30.0 30.0 30.0 30.0 30.0 30.0 30.0 30.0 0.0
82.7 30.0 30.0 30.0 30.0 30.0 30.0 30.0 30.0 30.0 30.0 0.0
82.8 30.0 30.0 30.0 30.0 30.0 30.0 30.0 30.0 30.0 30.0 0.0
82.9 30.0 30.0 30.0 30.0 30.0 30.0 30.0 30.0 30.0 30.0 0.0
83.0 30.0 30.0 30.0 30.0 30.0 30.0 30.0 30.0 30.0 30.0 0.0
83.1 30.0 30.0 30.0 30.0 30.0 30.0 30.0 30.0 30.0 30.0 0.0
83.2 30.0 30.0 30.0 30.0 30.0 30.0 30.0 30.0 30.0 30.0 0.0
83.3 30.0 30.0 30.0 30.0 30.0 30.0 30.0 30.0 30.0 30.0 0.0
83.4 30.0 30.0 30.0 30.0 30.0 30.0 30.0 30.0 30.0 30.0 0.0
83.5 30.0 30.0 30.0 30.0 30.0 30.0 30.0 30.0 30.0 30.0 0.0
83.6 30.0 30.0 30.0 30.0 30.0 30.0 30.0 30.0 30.0 30.0 0.0
83.7 30.0 30.0 30.0 30.0 30.0 30.0 30.0 30.0 30.0 30.0 0.0
83.8 30.0 30.0 30.0 30.0 30.0 30.0 30.0 30.0 30.0 30.0 0.0
83.9 30.0 30.0 30.0 30.0 30.0 30.0 30.0 30.0 30.0 30.0 0.0
84.0 30.0 30.0 30.0 30.0 30.0 30.0 30.0 30.0 30.0 30.0 0.0
84.1 30.0 30.0 30.0 30.0 30.0 30.0 30.0 30.0 30.0 30.0 0.0
84.2 30.0 30.0 30.0 30.0 30.0 30.0 30.0 30.0 30.0 30.0 0.0
84.3 30.0 30.0 30.0 30.0 30.0 30.0 30.0 30.0 30.0 30.0 0.0
84.4 30.0 30.0 30.0 30.0 30.0 30.0 30.0 30.0 30.0 30.0 0.0
84.5 30.0 30.0 30.0 30.0 30.0 30.0 30.0 30.0 30.0 30.0 0.0
84.6 30.0 30.0 30.0 30.0 30.0 30.0 30.0 30.0 30.0 30.0 0.0
84.7 30.0 30.0 30.0 30.0 30.0 30.0 30.0 30.0 30.0 30.0 0.0
84.8 30.0 30.0 30.0 30.0 30.0 30.0 30.0 30.0 30.0 30.0 0.0
84.9 30.0 30.0 30.0 30.0 30.0 30.0 30.0 30.0 30.0 30.0 0.0
85.0 30.0 30.0 30.0 30.0 30.0 30.0 30.0 30.0 30.0 30.0 0.0
85.1 30.0 30.0 30.0 30.0 30.0 30.0 30.0 30.0 30.0 30.0 0.0
85.2 30.0 30.0 30.0 30.0 30.0 30.0 30.0 30.0 30.0 30.0 0.0
85.3 30.0 30.0 30.0 30.0 30.0 30.0 30.0 30.0 30.0 30.0 0.0
85.4 30.0 30.0 30.0 30.0 30.0 30.0 30.0 30.0 30.0 30.0 0.0
85.5 30.0 30.0 30.0 30.0 30.0 30.0 30.0 30.0 30.0 30.0 0.0
85.6 30.0 30.0 30.0 30.0 30.0 30.0 30.0 30.0 30.0 30.0 0.0
85.7 30.0 30.0 30.0 30.0 30.0 30.0 30.0 30.0 30.0 30.0 0.0
85.8 30.0 30.0 30.0 30.0 30.0 30.0 30.0 30.0 30.0 30.0 0.0
85.9 30.0 30.0 30.0 30.0 30.0 30.0 30.0 30.0 30.0 30.0 0.0
86.0 30.0 30.0 30.0 30.0 30.0 30.0 30.0 30.0 30.0 30.0 0.0
86.1 30.0 30.0 30.0 30.0 30.0 30.0 30.0 30.0 30.0 30.0 0.0
86.2 30.0 30.0 30.0 30.0 30.0 30.0 30.0 30.0 30.0 30.0 0.0
86.3 30.0 30.0 30.0 30.0 30.0 30.0 30.0 30.0 30.0 30.0 0.0
86.4 30.0 30.0 30.0 30.0 30.0 30.0 30.0 30.0 30.0 30.0 0.0
86.5 30.0 30.0 30.0 30.0 30.0 30.0 30.0 30.0 30.0 30.0 0.0
86.6 30.0 30.0 30.0 30.0 30.0 30.0 30.0 30.0 30.0 30.0 0.0
86.7 30.0 30.0 30.0 30.0 30.0 30.0 30.0 30.0 30.0 30.0 0.0
86.8 30.0 30.0 30.0 30.0 30.0 30.0 30.0 30.0 30.0 30.0 0.0
86.9 30.0 30.0 30.0 30.0 30.0 30.0 30.0 30.0 30.0 30.0 0.0
87.0 30.0 30.0 30.0 30.0 30.0 30.0 30.0 30.0 30.0 30.0 0.0
87.1 30.0 30.0 30.0 30.0 30.0 30.0 30.0 30.0 30.0 30.0 0.0
87.2 30.0 30.0 30.0 30.0 30.0 30.0 30.0 30.0 30.0 30.0 0.0
87.3 30.0 30.0 30.0 30.0 30.0 30.0 30.0 30.0 30.0 30.0 0.0
87.4 30.0 30.0 30.0 30.0 30.0 30.0 30.0 30.0 30.0 30.0 0.0
87.5 30.0 30.0 30.0 30.0 30.0 30.0 30.0 30.0 30.0 30.0 0.0
87.6 30.0 30.0 30.0 30.0 30.0 30.0 30.0 30.0 30.0 30.0 0.0
87.7 30.0 30.0 30.0 30.0 30.0 30.0 30.0 30.0 30.0 30.0 0.0
87.8 30.0 30.0 30.0 30.0 30.0 30.0 30.0 30.0 30.0 30.0 0.0
87.9 30.0 30.0 30.0 30.0 30.0 30.0 30.0 30.0 30.0 30.0 0.0
88.0 30.0 30.0 30.0 30.0 30.0 30.0 30.0 30.0 30.0 30.0 0.0
88.1 30.0 30.0 30.0 30.0 30.0 30.0 30.0 30.0 30.0 30.0 0.0
88.2 30.0 30.0 30.0 30.0 30.0 30.0 30.0 30.0 30.0 30.0 0.0
88.3 30.0 30.0 30.0 30.0 30.0 30.0 30.0 30.0 30.0 30.0 0.0
88.4 30.0 30.0 30.0 30.0 30.0 30.0 30.0 30.0 30.0 30.0 0.0
88.5 30.0 30.0 30.0 30.0 30.0 30.0 30.0 30.0 30.0 30.0 0.0
88.6 30.0 30.0 30.0 30.0 30.0 30.0 30.0 30.0 30.0 30.0 0.0
88.7 30.0 30.0 30.0 30.0 30.0 30.0 30.0 30.0 30.0 30.0 0.0
88.8 30.0 30.0 30.0 30.0 30.0 30.0 30.0 30.0 30.0 30.0 0.0
88.9 30.0 30.0 30.0 30.0 30.0 30.0 30.0 30.0 30.0 30.0 0.0
89.0 30.0 30.0 30.0 30.0 30.0 30.0 30.0 30.0 30.0 30.0 0.0
89.1 30.0 30.0 30.0 30.0 30.0 30.0 30.0 30.0 30.0 30.0 0.0
89.2 30.0 30.0 30.0 30.0 30.0 30.0 30.0 30.0 30.0 30.0 0.0
89.3 30.0 30.0 30.0 30.0 30.0 30.0 30.0 30.0 30.0 30.0 0.0
89.4 30.0 30.0 30.0 30.0 30.0 30.0 30.0 30.0 30.0 30.0 0.0
89.5 30.0 30.0 30.0 30.0 30.0 30.0 30.0 30.0 30.0 30.0 0.0
89.6 30.0 30.0 30.0 30.0 30.0 30.0 30.0 30.0 30.0 30.0 0.0
89.7 30.0 30.0 30.0 30.0 30.0 30.0 30.0 30.0 30.0 30.0 0.0
89.8 30.0 30.0 30.0 30.0 30.0 30.0 30.0 30.0 30.0 30.0 0.0
89.9 30.0 30.0 30.0 30.0 30.0 30.0 30.0 30.0 30.0 30.0 0.0
90.0 30.0 30.0 30.0 30.0 30.0 30.0 30.0 30.0 30.0 30.0 0.0
90.1 30.0 30.0 30.0 30.0 30.0 30.0 30.0 30.0 30.0 30.0 0.0
90.2 30.0 30.0 30.0 30.0 30.0 30.0 30.0 30.0 30.0 30.0 0.0
90.3 30.0 30.0 30.0 30.0 30.0 30.0 30.0 30.0 30.0 30.0 0.0
90.4 30.0 30.0 30.0 30.0 30.0 30.0 30.0 30.0 30.0 30.0 0.0
90.5 30.0 30.0 30.0 30.0 30.0 30.0 30.0 30.0 30.0 30.0 0.0
90.6 30.0 30.0 30.0 30.0 30.0 30.0 30.0 30.0 30.0 30.0 0.0
90.7 30.0 30.0 30.0 30.0 30.0 30.0 30.0 30.0 30.0 30.0 0.0
90.8 30.0 30.0 30.0 30.0 30.0 30.0 30.0 30.0 30.0 30.0 0.0
90.9 30.0 30.0 30.0 30.0 30.0 30.0 30.0 30.0 30.0 30.0 0.0
91.0 30.0 30.0 30.0 30.0 30.0 30.0 30.0 30.0 30.0 30.0 0.0
91.1 30.0 30.0 30.0 30.0 30.0 30.0 30.0 30.0 30.0 30.0 0.0
91.2 30.0 30.0 30.0 30.0 30.0 30.0 30.0 30.0 30.0 30.0 0.0
91.3 30.0 30.0 30.0 30.0 30.0 30.0 30.0 30.0 30.0 30.0 0.0
91.4 30.0 30.0 30.0 30.0 30.0 30.0 30.0 30.0 30.0 30.0 0.0
91.5 30.0 30.0 30.0 30.0 30.0 30.0 30.0 30.0 30.0 30.0 0.0
91.6 30.0 30.0 30.0 30.0 30.0 30.0 30.0 30.0 30.0 30.0 0.0
91.7 30.0 30.0 30.0 30.0 30.0 30.0 30.0 30.0 30.0 30.0 0.0
91.8 30.0 30.0 30.0 30.0 30.0 30.0 30.0 30.0 30.0 30.0 0.0
91.9 30.0 30.0 30.0 30.0 30.0 30.0 30.0 30.0 30.0 30.0 0.0
92.0 30.0 30.0 30.0 30.0 30.0 30.0 30.0 30.0 30.0 30.0 0.0
92.1 30.0 30.0 30.0 30.0 30.0 30.0 30.0 30.0 30.0 30.0 0.0
92.2 30.0 30.0 30.0 30.0 30.0 30.0 30.0 30.0 30.0 30.0 0.0
92.3 30.0 30.0 30.0 30.0 30.0 30.0 30.0 30.0 30.0 30.0 0.0
92.4 30.0 30.0 30.0 30.0 30.0 30.0 30.0 30.0 30.0 30.0 0.0
92.5 30.0 30.0 30.0 30.0 30.0 30.0 30.0 30.0 30.0 30.0 0.0
92.6 30.0 30.0 30.0 30.0 30.0 30.0 30.0 30.0 30.0 30.0 0.0
92.7 30.0 30.0 30.0 30.0 30.0 30.0 30.0 30.0 30.0 30.0 0.0
92.8 30.0 30.0 30.0 30.0 30.0 30.0 30.0 30.0 30.0 30.0 0.0
92.9 30.0 30.0 30.0 30.0 30.0 30.0 30.0 30.0 30.0 30.0 0.0
93.0 30.0 30.0 30.0 30.0 30.0 30.0 30.0 30.0 30.0 30.0 0.0
93.1 30.0 30.0 30.0 30.0 30.0 30.0 30.0 30.0 30.0 30.0 0.0
93.2 30.0 30.0 30.0 30.0 30.0 30.0 30.0 30.0 30.0 30.0 0.0
93.3 30.0 30.0 30.0 30.0 30.0 30.0 30.0 30.0 30.0 30.0 0.0
93.4 30.0 30.0 30.0 30.0 30.0 30.0 30.0 30.0 30.0 30.0 0.0
93.5 30.0 30.0 30.0 30.0 30.0 30.0 30.0 30.0 30.0 30.0 0.0
93.6 30.0 30.0 30.0 30.0 30.0 30.0 30.0 30.0 30.0 30.0 0.0
93.7 30.0 30.0 30.0 30.0 30.0 30.0 30.0 30.0 30.0 30.0 0.0
93.8 30.0 30.0 30.0 30.0 30.0 30.0 30.0 30.0 30.0 30.0 0.0
93.9 30.0 30.0 30.0 30.0 30.0 30.0 30.0 30.0 30.0 30.0 0.0
94.0 30.0 30.0 30.0 30.0 30.0 30.0 30.0 30.0 30.0 30.0 0.0
94.1 30.0 30.0 30.0 30.0 30.0 30.0 30.0 30.0 30.0 30.0 0.0
94.2 30.0 30.0 30.0 30.0 30.0 30.0 30.0 30.0 30.0 30.0 0.0
94.3 30.0 30.0 30.0 30.0 30.0 30.0 30.0 30.0 30.0 30.0 0.0
94.4 30.0 30.0 30.0 30.0 30.0 30.0 30.0 30.0 30.0 30.0 0.0
94.5 30.0 30.0 30.0 30.0 30.0 30.0 30.0 30.0 30.0 30.0 0.0
94.6 30.0 30.0 30.0 30.0 30.0 30.0 30.0 30.0 30.0 30.0 0.0
94.7 30.0 30.0 30.0 30.0 30.0 30.0 30.0 30.0 30.0 30.0 0.0
94.8 30.0 30.0 30.0 30.0 30.0 30.0 30.0 30.0 30.0 30.0 0.0
94.9 30.0 30.0 30.0 30.0 30.0 30.0 30.0 30.0 30.0 30.0 0.0
95.0 30.0 30.0 30.0 30.0 30.0 30.0 30.0 30.0 30.0 30.0 0.0
95.1 30.0 30.0 30.0 30.0 30.0 30.0 30.0 30.0 30.0 30.0 0.0
95.2 30.0 30.0 30.0 30.0 30.0 30.0 30.0 30.0 30.0 30.0 0.0
95.3 30.0 30.0 30.0 30.0 30.0 30.0 30.0 30.0 30.0 30.0 0.0
95.4 30.0 30.0 30.0 30.0 30.0 30.0 30.0 30.0 30.0 30.0 0.0
95.5 30.0 30.0 30.0 30.0 30.0 30.0 30.0 30.0 30.0 30.0 0.0
95.6 30.0 30.0 30.0 30.0 30.0 30.0 30.0 30.0 30.0 30.0 0.0
95.7 30.0 30.0 30.0 30.0 30.0 30.0 30.0 30.0 30.0 30.0 0.0
95.8 30.0 30.0 30.0 30.0 30.0 30.0 30.0 30.0 30.0 30.0 0.0
95.9 30.0 30.0 30.0 30.0 30.0 30.0 30.0 30.0 30.0 30.0 0.0
96.0 30.0 30.0 30.0 30.0 30.0 30.0 30.0 30.0 30.0 30.0 0.0
96.1 30.0 30.0 30.0 30.0 30.0 30.0 30.0 30.0 30.0 30.0 0.0
96.2 30.0 30.0 30.0 30.0 30.0 30.0 30.0 30.0 30.0 30.0 0.0
96.3 30.0 30.0 30.0 30.0 30.0 30.0 30.0 30.0 30.0 30.0 0.0
96.4 30.0 30.0 30.0 30.0 30.0 30.0 30.0 30.0 30.0 30.0 0.0
96.5 30.0 30.0 30.0 30.0 30.0 30.0 30.0 30.0 30.0 30.0 0.0
96.6 30.0 30.0 30.0 30.0 30.0 30.0 30.0 30.0 30.0 30.0 0.0
96.7 30.0 30.0 30.0 30.0 30.0 30.0 30.0 30.0 30.0 30.0 0.0
96.8 30.0 30.0 30.0 30.0 30.0 30.0 30.0 30.0 30.0 30.0 0.0
96.9 30.0 30.0 30.0 30.0 30.0 30.0 30.0 30.0 30.0 30.0 0.0
97.0 30.0 30.0 30.0 30.0 30.0 30.0 30.0 30.0 30.0 30.0 0.0
97.1 30.0 30.0 30.0 30.0 30.0 30.0 30.0 30.0 30.0 30.0 0.0
97.2 30.0 30.0 30.0 30.0 30.0 30.0 30.0 30.0 30.0 30.0 0.0
97.3 30.0 30.0 30.0 30.0 30.0 30.0 30.0 30.0 30.0 30.0 0.0
97.4 30.0 30.0 30.0 30.0 30.0 30.0 30.0 30.0 30.0 30.0 0.0
97.5 30.0 30.0 30.0 30.0 30.0 30.0 30.0 30.0 30.0 30.0 0.0
97.6 30.0 30.0 30.0 30.0 30.0 30.0 30.0 30.0 30.0 30.0 0.0
97.7 30.0 30.0 30.0 30.0 30.0 30.0 30.0 30.0 30.0 30.0 0.0
97.8 30.0 30.0 30.0 30.0 30.0 30.0 30.0 30.0 30.0 30.0 0.0
97.9 30.0 30.0 30.0 30.0 30.0 30.0 30.0 30.0 30.0 30.0 0.0
98.0 30.0 30.0 30.0 30.0 30.0 30.0 30.0 30.0 30.0 30.0 0.0
98.1 30.0 30.0 30.0 30.0 30.0 30.0 30.0 30.0 30.0 30.0 0.0
98.2 30.0 30.0 30.0 30.0 30.0 30.0 30.0 30.0 30.0 30.0 0.0
98.3 30.0 30.0 30.0 30.0 30.0 30.0 30.0 30.0 30.0 30.0 0.0
98.4 30.0 30.0 30.0 30.0 30.0 30.0 30.0 30.0 30.0 30.0 0.0
98.5 30.0 30.0 30.0 30.0 30.0 30.0 30.0 30.0 30.0 30.0 0.0
98.6 30.0 30.0 30.0 30.0 30.0 30.0 30.0 30.0 30.0 30.0 0.0
98.7 30.0 30.0 30.0 30.0 30.0 30.0 30.0 30.0 30.0 30.0 0.0
98.8 30.0 30.0 30.0 30.0 30.0 30.0 30.0 30.0 30.0 30.0 0.0
98.9 30.0 30.0 30.0 30.0 30.0 30.0 30.0 30.0 30.0 30.0 0.0
99.0 30.0 30.0 30.0 30.0 30.0 30.0 30.0 30.0 30.0 30.0 0.0
99.1 30.0 30.0 30.0 30.0 30.0 30.0 30.0 30.0 30.0 30.0 0.0
99.2 30.0 30.0 30.0 30.0 30.0 30.0 30.0 30.0 30.0 30.0 0.0
99.3 30.0 30.0 30.0 30.0 30.0 30.0 30.0 30.0 30.0 30.0 0.0
99.4 30.0 30.0 30.0 30.0 30.0 30.0 30.0 30.0 30.0 30.0 0.0
99.5 30.0 30.0 30.0 30.0 30.0 30.0 30.0 30.0 30.0 30.0 0.0
99.6 30.0 30.0 30.0 30.0 30.0 30.0 30.0 30.0 30.0 30.0 0.0
99.7 30.0 30.0 30.0 30.0 30.0 30.0 30.0 30.0 30.0 30.0 0.0
99.8 30.0 30.0 30.0 30.0 30.0 30.0 30.0 30.0 30.0 30.0 0.0
99.9 30.0 30.0 30.0 30.0 30.0 30.0 30.0 30.0 30.0 30.0 0.0
