0.0 0.0 -1073741824.0 -1073741824.0 -1073741824.0 -1073741824.0 -1073741824.0 -1073741824.0 -1073741824.0 -1073741824.0 -1073741824.0 -1073741824.0
0.1 0.6000000000000001 -1073741824.0 -1073741824.0 -1073741824.0 -1073741824.0 -1073741824.0 -1073741824.0 -1073741824.0 -1073741824.0 -1073741824.0 -1073741824.0
0.2 27.0 0.0 0.0 0.0 0.0 0.0 0.0 0.0 0.0 0.0 0.0
0.3 27.0 27.0 27.0 27.0 27.0 27.0 27.0 27.0 27.0 27.0 0.0
0.4 27.0 27.0 27.0 27.0 27.0 27.0 27.0 27.0 27.0 27.0 0.0
0.5 27.0 27.0 27.0 27.0 27.0 27.0 27.0 27.0 27.0 27.0 0.0
0.6 27.0 27.0 27.0 27.0 27.0 27.0 27.0 27.0 27.0 27.0 0.0
0.7 27.0 27.0 27.0 27.0 27.0 27.0 27.0 27.0 27.0 27.0 0.0
0.8 27.0 27.0 27.0 27.0 27.0 27.0 27.0 27.0 27.0 27.0 0.0
0.9 27.0 27.0 27.0 27.0 27.0 27.0 27.0 27.0 27.0 27.0 0.0
1.0 27.0 27.0 27.0 27.0 27.0 27.0 27.0 27.0 27.0 27.0 0.0
1.1 27.0 27.0 27.0 27.0 27.0 27.0 27.0 27.0 27.0 27.0 0.0
1.2 27.0 27.0 27.0 27.0 27.0 27.0 27.0 27.0 27.0 27.0 0.0
1.3 27.0 27.0 27.0 27.0 27.0 27.0 27.0 27.0 27.0 27.0 0.0
1.4 27.0 27.0 27.0 27.0 27.0 27.0 27.0 27.0 27.0 27.0 0.0
1.5 27.0 27.0 27.0 27.0 27.0 27.0 27.0 27.0 27.0 27.0 0.0
1.6 27.0 27.0 27.0 27.0 27.0 27.0 27.0 27.0 27.0 27.0 0.0
1.7 27.0 27.0 27.0 27.0 27.0 27.0 27.0 27.0 27.0 27.0 0.0
1.8 27.0 27.0 27.0 27.0 27.0 27.0 27.0 27.0 27.0 27.0 0.0
1.9 27.0 27.0 27.0 27.0 27.0 27.0 27.0 27.0 27.0 27.0 0.0
2.0 27.0 27.0 27.0 27.0 27.0 27.0 27.0 27.0 27.0 27.0 0.0
2.1 27.0 27.0 27.0 27.0 27.0 27.0 27.0 27.0 27.0 27.0 0.0
2.2 26.96409873308999 26.96409873308999 26.96409873308999 26.96409873308999 26.96409873308999 26.96409873308999 26.96409873308999 26.96409873308999 26.96409873308999 26.96409873308999 0.0
2.3 26.92819746617998 26.92819746617998 26.92819746617998 26.92819746617998 26.92819746617998 26.92819746617998 26.92819746617998 26.92819746617998 26.92819746617998 26.92819746617998 0.0
2.4 26.89229619926997 26.89229619926997 26.89229619926997 26.89229619926997 26.89229619926997 26.89229619926997 26.89229619926997 26.89229619926997 26.89229619926997 26.89229619926997 0.0
2.5 26.85639493235996 26.85639493235996 26.85639493235996 26.85639493235996 26.85639493235996 26.85639493235996 26.85639493235996 26.85639493235996 26.85639493235996 26.85639493235996 0.0
2.6 26.820493665449952 26.820493665449952 26.820493665449952 26.820493665449952 26.820493665449952 26.820493665449952 26.820493665449952 26.820493665449952 26.820493665449952 26.820493665449952 0.0
2.7 26.784592398539942 26.784592398539942 26.784592398539942 26.784592398539942 26.784592398539942 26.784592398539942 26.784592398539942 26.784592398539942 26.784592398539942 26.784592398539942 0.0
2.8 26.748691131629933 26.748691131629933 26.748691131629933 26.748691131629933 26.748691131629933 26.748691131629933 26.748691131629933 26.748691131629933 26.748691131629933 26.748691131629933 0.0
2.9 26.712789864719923 26.712789864719923 26.712789864719923 26.712789864719923 26.712789864719923 26.712789864719923 26.712789864719923 26.712789864719923 26.712789864719923 26.712789864719923 0.0
3.0 26.676888597809914 26.676888597809914 26.676888597809914 26.676888597809914 26.676888597809914 26.676888597809914 26.676888597809914 26.676888597809914 26.676888597809914 26.676888597809914 0.0
3.1 26.640987330899904 26.640987330899904 26.640987330899904 26.640987330899904 26.640987330899904 26.640987330899904 26.640987330899904 26.640987330899904 26.640987330899904 26.640987330899904 0.0
3.2 26.605086063989894 26.605086063989894 26.605086063989894 26.605086063989894 26.605086063989894 26.605086063989894 26.605086063989894 26.605086063989894 26.605086063989894 26.605086063989894 0.0
3.3 26.569184797079885 26.569184797079885 26.569184797079885 26.569184797079885 26.569184797079885 26.569184797079885 26.569184797079885 26.569184797079885 26.569184797079885 26.569184797079885 0.0
3.4 26.533283530169875 26.533283530169875 26.533283530169875 26.533283530169875 26.533283530169875 26.533283530169875 26.533283530169875 26.533283530169875 26.533283530169875 26.533283530169875 0.0
3.5 26.497382263259865 26.497382263259865 26.497382263259865 26.497382263259865 26.497382263259865 26.497382263259865 26.497382263259865 26.497382263259865 26.497382263259865 26.497382263259865 0.0
3.6 26.461480996349856 26.461480996349856 26.461480996349856 26.461480996349856 26.461480996349856 26.461480996349856 26.461480996349856 26.461480996349856 26.461480996349856 26.461480996349856 0.0
3.7 26.425579729439846 26.425579729439846 26.425579729439846 26.425579729439846 26.425579729439846 26.425579729439846 26.425579729439846 26.425579729439846 26.425579729439846 26.425579729439846 0.0
3.8 26.389678462529837 26.389678462529837 26.389678462529837 26.389678462529837 26.389678462529837 26.389678462529837 26.389678462529837 26.389678462529837 26.389678462529837 26.389678462529837 0.0
3.9 26.353777195619827 26.353777195619827 26.353777195619827 26.353777195619827 26.353777195619827 26.353777195619827 26.353777195619827 26.353777195619827 26.353777195619827 26.353777195619827 0.0
4.0 26.317875928709817 26.317875928709817 26.317875928709817 26.317875928709817 26.317875928709817 26.317875928709817 26.317875928709817 26.317875928709817 26.317875928709817 26.317875928709817 0.0
4.1 26.281974661799808 26.281974661799808 26.281974661799808 26.281974661799808 26.281974661799808 26.281974661799808 26.281974661799808 26.281974661799808 26.281974661799808 26.281974661799808 0.0
4.2 26.246073394889798 26.246073394889798 26.246073394889798 26.246073394889798 26.246073394889798 26.246073394889798 26.246073394889798 26.246073394889798 26.246073394889798 26.246073394889798 0.0
4.3 26.21017212797979 26.21017212797979 26.21017212797979 26.21017212797979 26.21017212797979 26.21017212797979 26.21017212797979 26.21017212797979 26.21017212797979 26.21017212797979 0.0
4.4 26.17427086106978 26.17427086106978 26.17427086106978 26.17427086106978 26.17427086106978 26.17427086106978 26.17427086106978 26.17427086106978 26.17427086106978 26.17427086106978 0.0
4.5 26.13836959415977 26.13836959415977 26.13836959415977 26.13836959415977 26.13836959415977 26.13836959415977 26.13836959415977 26.13836959415977 26.13836959415977 26.13836959415977 0.0
4.6 26.10246832724976 26.10246832724976 26.10246832724976 26.10246832724976 26.10246832724976 26.10246832724976 26.10246832724976 26.10246832724976 26.10246832724976 26.10246832724976 0.0
4.7 26.06656706033975 26.06656706033975 26.06656706033975 26.06656706033975 26.06656706033975 26.06656706033975 26.06656706033975 26.06656706033975 26.06656706033975 26.06656706033975 0.0
4.8 26.03066579342974 26.03066579342974 26.03066579342974 26.03066579342974 26.03066579342974 26.03066579342974 26.03066579342974 26.03066579342974 26.03066579342974 26.03066579342974 0.0
4.9 25.99476452651973 25.99476452651973 25.99476452651973 25.99476452651973 25.99476452651973 25.99476452651973 25.99476452651973 25.99476452651973 25.99476452651973 25.99476452651973 0.0
5.0 25.95886325960972 25.95886325960972 25.95886325960972 25.95886325960972 25.95886325960972 25.95886325960972 25.95886325960972 25.95886325960972 25.95886325960972 25.95886325960972 0.0
5.1 25.92296199269971 25.92296199269971 25.92296199269971 25.92296199269971 25.92296199269971 25.92296199269971 25.92296199269971 25.92296199269971 25.92296199269971 25.92296199269971 0.0
5.2 25.887060725789702 25.887060725789702 25.887060725789702 25.887060725789702 25.887060725789702 25.887060725789702 25.887060725789702 25.887060725789702 25.887060725789702 25.887060725789702 0.0
5.3 25.851159458879692 25.851159458879692 25.851159458879692 25.851159458879692 25.851159458879692 25.851159458879692 25.851159458879692 25.851159458879692 25.851159458879692 25.851159458879692 0.0
5.4 25.815258191969683 25.815258191969683 25.815258191969683 25.815258191969683 25.815258191969683 25.815258191969683 25.815258191969683 25.815258191969683 25.815258191969683 25.815258191969683 0.0
5.5 25.779356925059673 25.779356925059673 25.779356925059673 25.779356925059673 25.779356925059673 25.779356925059673 25.779356925059673 25.779356925059673 25.779356925059673 25.779356925059673 0.0
5.6 25.743455658149664 25.743455658149664 25.743455658149664 25.743455658149664 25.743455658149664 25.743455658149664 25.743455658149664 25.743455658149664 25.743455658149664 25.743455658149664 0.0
5.7 25.707554391239654 25.707554391239654 25.707554391239654 25.707554391239654 25.707554391239654 25.707554391239654 25.707554391239654 25.707554391239654 25.707554391239654 25.707554391239654 0.0
5.8 25.671653124329644 25.671653124329644 25.671653124329644 25.671653124329644 25.671653124329644 25.671653124329644 25.671653124329644 25.671653124329644 25.671653124329644 25.671653124329644 0.0
5.9 25.635751857419635 25.635751857419635 25.635751857419635 25.635751857419635 25.635751857419635 25.635751857419635 25.635751857419635 25.635751857419635 25.635751857419635 25.635751857419635 0.0
6.0 25.599850590509625 25.599850590509625 25.599850590509625 25.599850590509625 25.599850590509625 25.599850590509625 25.599850590509625 25.599850590509625 25.599850590509625 25.599850590509625 0.0
6.1 25.563949323599616 25.563949323599616 25.563949323599616 25.563949323599616 25.563949323599616 25.563949323599616 25.563949323599616 25.563949323599616 25.563949323599616 25.563949323599616 0.0
6.2 25.528048056689606 25.528048056689606 25.528048056689606 25.528048056689606 25.528048056689606 25.528048056689606 25.528048056689606 25.528048056689606 25.528048056689606 25.528048056689606 0.0
6.3 25.492146789779596 25.492146789779596 25.492146789779596 25.492146789779596 25.492146789779596 25.492146789779596 25.492146789779596 25.492146789779596 25.492146789779596 25.492146789779596 0.0
6.4 25.456245522869587 25.456245522869587 25.456245522869587 25.456245522869587 25.456245522869587 25.456245522869587 25.456245522869587 25.456245522869587 25.456245522869587 25.456245522869587 0.0
6.5 25.420344255959577 25.420344255959577 25.420344255959577 25.420344255959577 25.420344255959577 25.420344255959577 25.420344255959577 25.420344255959577 25.420344255959577 25.420344255959577 0.0
6.6 25.384442989049568 25.384442989049568 25.384442989049568 25.384442989049568 25.384442989049568 25.384442989049568 25.384442989049568 25.384442989049568 25.384442989049568 25.384442989049568 0.0
6.7 25.348541722139558 25.348541722139558 25.348541722139558 25.348541722139558 25.348541722139558 25.348541722139558 25.348541722139558 25.348541722139558 25.348541722139558 25.348541722139558 0.0
6.8 25.31264045522955 25.31264045522955 25.31264045522955 25.31264045522955 25.31264045522955 25.31264045522955 25.31264045522955 25.31264045522955 25.31264045522955 25.31264045522955 0.0
6.9 25.27673918831954 25.27673918831954 25.27673918831954 25.27673918831954 25.27673918831954 25.27673918831954 25.27673918831954 25.27673918831954 25.27673918831954 25.27673918831954 0.0
7.0 25.24083792140953 25.24083792140953 25.24083792140953 25.24083792140953 25.24083792140953 25.24083792140953 25.24083792140953 25.24083792140953 25.24083792140953 25.24083792140953 0.0
7.1 25.20493665449952 25.20493665449952 25.20493665449952 25.20493665449952 25.20493665449952 25.20493665449952 25.20493665449952 25.20493665449952 25.20493665449952 25.20493665449952 0.0
7.2 25.16903538758951 25.16903538758951 25.16903538758951 25.16903538758951 25.16903538758951 25.16903538758951 25.16903538758951 25.16903538758951 25.16903538758951 25.16903538758951 0.0
7.3 25.1331341206795 25.1331341206795 25.1331341206795 25.1331341206795 25.1331341206795 25.1331341206795 25.1331341206795 25.1331341206795 25.1331341206795 25.1331341206795 0.0
7.4 25.09723285376949 25.09723285376949 25.09723285376949 25.09723285376949 25.09723285376949 25.09723285376949 25.09723285376949 25.09723285376949 25.09723285376949 25.09723285376949 0.0
7.5 25.06133158685948 25.06133158685948 25.06133158685948 25.06133158685948 25.06133158685948 25.06133158685948 25.06133158685948 25.06133158685948 25.06133158685948 25.06133158685948 0.0
7.6 25.02543031994947 25.02543031994947 25.02543031994947 25.02543031994947 25.02543031994947 25.02543031994947 25.02543031994947 25.02543031994947 25.02543031994947 25.02543031994947 0.0
7.7 24.989529053039462 24.989529053039462 24.989529053039462 24.989529053039462 24.989529053039462 24.989529053039462 24.989529053039462 24.989529053039462 24.989529053039462 24.989529053039462 0.0
7.8 24.953627786129452 24.953627786129452 24.953627786129452 24.953627786129452 24.953627786129452 24.953627786129452 24.953627786129452 24.953627786129452 24.953627786129452 24.953627786129452 0.0
7.9 24.917726519219443 24.917726519219443 24.917726519219443 24.917726519219443 24.917726519219443 24.917726519219443 24.917726519219443 24.917726519219443 24.917726519219443 24.917726519219443 0.0
8.0 24.881825252309433 24.881825252309433 24.881825252309433 24.881825252309433 24.881825252309433 24.881825252309433 24.881825252309433 24.881825252309433 24.881825252309433 24.881825252309433 0.0
8.1 24.845923985399423 24.845923985399423 24.845923985399423 24.845923985399423 24.845923985399423 24.845923985399423 24.845923985399423 24.845923985399423 24.845923985399423 24.845923985399423 0.0
8.2 24.810022718489414 24.810022718489414 24.810022718489414 24.810022718489414 24.810022718489414 24.810022718489414 24.810022718489414 24.810022718489414 24.810022718489414 24.810022718489414 0.0
8.3 24.774121451579404 24.774121451579404 24.774121451579404 24.774121451579404 24.774121451579404 24.774121451579404 24.774121451579404 24.774121451579404 24.774121451579404 24.774121451579404 0.0
8.4 24.738220184669395 24.738220184669395 24.738220184669395 24.738220184669395 24.738220184669395 24.738220184669395 24.738220184669395 24.738220184669395 24.738220184669395 24.738220184669395 0.0
8.5 24.702318917759385 24.702318917759385 24.702318917759385 24.702318917759385 24.702318917759385 24.702318917759385 24.702318917759385 24.702318917759385 24.702318917759385 24.702318917759385 0.0
8.6 24.666417650849375 24.666417650849375 24.666417650849375 24.666417650849375 24.666417650849375 24.666417650849375 24.666417650849375 24.666417650849375 24.666417650849375 24.666417650849375 0.0
8.7 24.630516383939366 24.630516383939366 24.630516383939366 24.630516383939366 24.630516383939366 24.630516383939366 24.630516383939366 24.630516383939366 24.630516383939366 24.630516383939366 0.0
8.8 24.594615117029356 24.594615117029356 24.594615117029356 24.594615117029356 24.594615117029356 24.594615117029356 24.594615117029356 24.594615117029356 24.594615117029356 24.594615117029356 0.0
8.9 24.558713850119346 24.558713850119346 24.558713850119346 24.558713850119346 24.558713850119346 24.558713850119346 24.558713850119346 24.558713850119346 24.558713850119346 24.558713850119346 0.0
9.0 24.522812583209337 24.522812583209337 24.522812583209337 24.522812583209337 24.522812583209337 24.522812583209337 24.522812583209337 24.522812583209337 24.522812583209337 24.522812583209337 0.0
9.1 24.486911316299327 24.486911316299327 24.486911316299327 24.486911316299327 24.486911316299327 24.486911316299327 24.486911316299327 24.486911316299327 24.486911316299327 24.486911316299327 0.0
9.2 24.451010049389318 24.451010049389318 24.451010049389318 24.451010049389318 24.451010049389318 24.451010049389318 24.451010049389318 24.451010049389318 24.451010049389318 24.451010049389318 0.0
9.3 24.415108782479308 24.415108782479308 24.415108782479308 24.415108782479308 24.415108782479308 24.415108782479308 24.415108782479308 24.415108782479308 24.415108782479308 24.415108782479308 0.0
9.4 24.3792075155693 24.3792075155693 24.3792075155693 24.3792075155693 24.3792075155693 24.3792075155693 24.3792075155693 24.3792075155693 24.3792075155693 24.3792075155693 0.0
9.5 24.34330624865929 24.34330624865929 24.34330624865929 24.34330624865929 24.34330624865929 24.34330624865929 24.34330624865929 24.34330624865929 24.34330624865929 24.34330624865929 0.0
9.6 24.30740498174928 24.30740498174928 24.30740498174928 24.30740498174928 24.30740498174928 24.30740498174928 24.30740498174928 24.30740498174928 24.30740498174928 24.30740498174928 0.0
9.7 24.27150371483927 24.27150371483927 24.27150371483927 24.27150371483927 24.27150371483927 24.27150371483927 24.27150371483927 24.27150371483927 24.27150371483927 24.27150371483927 0.0
9.8 24.23560244792926 24.23560244792926 24.23560244792926 24.23560244792926 24.23560244792926 24.23560244792926 24.23560244792926 24.23560244792926 24.23560244792926 24.23560244792926 0.0
9.9 24.19970118101925 24.19970118101925 24.19970118101925 24.19970118101925 24.19970118101925 24.19970118101925 24.19970118101925 24.19970118101925 24.19970118101925 24.19970118101925 0.0
10.0 24.16379991410924 24.16379991410924 24.16379991410924 24.16379991410924 24.16379991410924 24.16379991410924 24.16379991410924 24.16379991410924 24.16379991410924 24.16379991410924 0.0
10.1 24.12789864719923 24.12789864719923 24.12789864719923 24.12789864719923 24.12789864719923 24.12789864719923 24.12789864719923 24.12789864719923 24.12789864719923 24.12789864719923 0.0
10.2 24.09199738028922 24.09199738028922 24.09199738028922 24.09199738028922 24.09199738028922 24.09199738028922 24.09199738028922 24.09199738028922 24.09199738028922 24.09199738028922 0.0
10.3 24.056096113379212 24.056096113379212 24.056096113379212 24.056096113379212 24.056096113379212 24.056096113379212 24.056096113379212 24.056096113379212 24.056096113379212 24.056096113379212 0.0
10.4 24.020194846469202 24.020194846469202 24.020194846469202 24.020194846469202 24.020194846469202 24.020194846469202 24.020194846469202 24.020194846469202 24.020194846469202 24.020194846469202 0.0
10.5 23.984293579559193 23.984293579559193 23.984293579559193 23.984293579559193 23.984293579559193 23.984293579559193 23.984293579559193 23.984293579559193 23.984293579559193 23.984293579559193 0.0
10.6 23.948392312649183 23.948392312649183 23.948392312649183 23.948392312649183 23.948392312649183 23.948392312649183 23.948392312649183 23.948392312649183 23.948392312649183 23.948392312649183 0.0
10.7 23.912491045739174 23.912491045739174 23.912491045739174 23.912491045739174 23.912491045739174 23.912491045739174 23.912491045739174 23.912491045739174 23.912491045739174 23.912491045739174 0.0
10.8 23.876589778829164 23.876589778829164 23.876589778829164 23.876589778829164 23.876589778829164 23.876589778829164 23.876589778829164 23.876589778829164 23.876589778829164 23.876589778829164 0.0
10.9 23.840688511919154 23.840688511919154 23.840688511919154 23.840688511919154 23.840688511919154 23.840688511919154 23.840688511919154 23.840688511919154 23.840688511919154 23.840688511919154 0.0
11.0 23.804787245009145 23.804787245009145 23.804787245009145 23.804787245009145 23.804787245009145 23.804787245009145 23.804787245009145 23.804787245009145 23.804787245009145 23.804787245009145 0.0
11.1 23.804787245009145 23.768885978099135 23.768885978099135 23.768885978099135 23.768885978099135 23.768885978099135 23.768885978099135 23.768885978099135 23.768885978099135 23.768885978099135 0.0
11.2 23.804787245009145 23.732984711189125 23.732984711189125 23.732984711189125 23.732984711189125 23.732984711189125 23.732984711189125 23.732984711189125 23.732984711189125 23.732984711189125 0.0
11.3 23.804787245009145 23.697083444279116 23.697083444279116 23.697083444279116 23.697083444279116 23.697083444279116 23.697083444279116 23.697083444279116 23.697083444279116 23.697083444279116 0.0
11.4 23.804787245009145 23.661182177369106 23.661182177369106 23.661182177369106 23.661182177369106 23.661182177369106 23.661182177369106 23.661182177369106 23.661182177369106 23.661182177369106 0.0
11.5 23.804787245009145 23.625280910459097 23.625280910459097 23.625280910459097 23.625280910459097 23.625280910459097 23.625280910459097 23.625280910459097 23.625280910459097 23.625280910459097 0.0
11.6 23.804787245009145 23.589379643549087 23.589379643549087 23.589379643549087 23.589379643549087 23.589379643549087 23.589379643549087 23.589379643549087 23.589379643549087 23.589379643549087 0.0
11.7 23.804787245009145 23.553478376639077 23.553478376639077 23.553478376639077 23.553478376639077 23.553478376639077 23.553478376639077 23.553478376639077 23.553478376639077 23.553478376639077 0.0
11.8 23.804787245009145 23.517577109729068 23.517577109729068 23.517577109729068 23.517577109729068 23.517577109729068 23.517577109729068 23.517577109729068 23.517577109729068 23.517577109729068 0.0
11.9 23.804787245009145 23.481675842819058 23.481675842819058 23.481675842819058 23.481675842819058 23.481675842819058 23.481675842819058 23.481675842819058 23.481675842819058 23.481675842819058 0.0
12.0 23.804787245009145 23.44577457590905 23.44577457590905 23.44577457590905 23.44577457590905 23.44577457590905 23.44577457590905 23.44577457590905 23.44577457590905 23.44577457590905 0.0
12.1 23.804787245009145 23.40987330899904 23.40987330899904 23.40987330899904 23.40987330899904 23.40987330899904 23.40987330899904 23.40987330899904 23.40987330899904 23.40987330899904 0.0
12.2 23.804787245009145 23.37397204208903 23.37397204208903 23.37397204208903 23.37397204208903 23.37397204208903 23.37397204208903 23.37397204208903 23.37397204208903 23.37397204208903 0.0
12.3 23.804787245009145 23.33807077517902 23.33807077517902 23.33807077517902 23.33807077517902 23.33807077517902 23.33807077517902 23.33807077517902 23.33807077517902 23.33807077517902 0.0
12.4 23.804787245009145 23.30216950826901 23.30216950826901 23.30216950826901 23.30216950826901 23.30216950826901 23.30216950826901 23.30216950826901 23.30216950826901 23.30216950826901 0.0
12.5 24.404787245009146 23.266268241359 23.266268241359 23.266268241359 23.266268241359 23.266268241359 23.266268241359 23.266268241359 23.266268241359 23.266268241359 0.0
12.6 25.004787245009148 23.23036697444899 23.23036697444899 23.23036697444899 23.23036697444899 23.23036697444899 23.23036697444899 23.23036697444899 23.23036697444899 23.23036697444899 0.0
12.7 25.60478724500915 23.19446570753898 23.19446570753898 23.19446570753898 23.19446570753898 23.19446570753898 23.19446570753898 23.19446570753898 23.19446570753898 23.19446570753898 0.0
12.8 26.20478724500915 23.15856444062897 23.15856444062897 23.15856444062897 23.15856444062897 23.15856444062897 23.15856444062897 23.15856444062897 23.15856444062897 23.15856444062897 0.0
12.9 26.80478724500915 23.15856444062897 23.122663173718962 23.122663173718962 23.122663173718962 23.122663173718962 23.122663173718962 23.122663173718962 23.122663173718962 23.122663173718962 0.0
13.0 27.404787245009153 23.15856444062897 23.086761906808952 23.086761906808952 23.086761906808952 23.086761906808952 23.086761906808952 23.086761906808952 23.086761906808952 23.086761906808952 0.0
13.1 28.004787245009155 23.15856444062897 23.050860639898943 23.050860639898943 23.050860639898943 23.050860639898943 23.050860639898943 23.050860639898943 23.050860639898943 23.050860639898943 0.0
13.2 28.604787245009156 23.15856444062897 23.014959372988933 23.014959372988933 23.014959372988933 23.014959372988933 23.014959372988933 23.014959372988933 23.014959372988933 23.014959372988933 0.0
13.3 29.204787245009157 23.15856444062897 22.979058106078924 22.979058106078924 22.979058106078924 22.979058106078924 22.979058106078924 22.979058106078924 22.979058106078924 22.979058106078924 0.0
13.4 29.80478724500916 23.15856444062897 22.943156839168914 22.943156839168914 22.943156839168914 22.943156839168914 22.943156839168914 22.943156839168914 22.943156839168914 22.943156839168914 0.0
13.5 30.0 23.15856444062897 22.907255572258904 22.907255572258904 22.907255572258904 22.907255572258904 22.907255572258904 22.907255572258904 22.907255572258904 22.907255572258904 0.0
13.6 30.0 23.15856444062897 22.871354305348895 22.871354305348895 22.871354305348895 22.871354305348895 22.871354305348895 22.871354305348895 22.871354305348895 22.871354305348895 0.0
13.7 30.0 23.15856444062897 22.835453038438885 22.835453038438885 22.835453038438885 22.835453038438885 22.835453038438885 22.835453038438885 22.835453038438885 22.835453038438885 0.0
13.8 30.0 23.15856444062897 22.799551771528876 22.799551771528876 22.799551771528876 22.799551771528876 22.799551771528876 22.799551771528876 22.799551771528876 22.799551771528876 0.0
13.9 30.0 23.15856444062897 22.763650504618866 22.763650504618866 22.763650504618866 22.763650504618866 22.763650504618866 22.763650504618866 22.763650504618866 22.763650504618866 0.0
14.0 30.0 23.15856444062897 22.727749237708856 22.727749237708856 22.727749237708856 22.727749237708856 22.727749237708856 22.727749237708856 22.727749237708856 22.727749237708856 0.0
14.1 30.0 23.15856444062897 22.691847970798847 22.691847970798847 22.691847970798847 22.691847970798847 22.691847970798847 22.691847970798847 22.691847970798847 22.691847970798847 0.0
14.2 30.0 23.15856444062897 22.655946703888837 22.655946703888837 22.655946703888837 22.655946703888837 22.655946703888837 22.655946703888837 22.655946703888837 22.655946703888837 0.0
14.3 30.0 23.758564440628973 22.620045436978828 22.620045436978828 22.620045436978828 22.620045436978828 22.620045436978828 22.620045436978828 22.620045436978828 22.620045436978828 0.0
14.4 30.0 24.358564440628975 22.584144170068818 22.584144170068818 22.584144170068818 22.584144170068818 22.584144170068818 22.584144170068818 22.584144170068818 22.584144170068818 0.0
14.5 30.0 24.958564440628976 22.54824290315881 22.54824290315881 22.54824290315881 22.54824290315881 22.54824290315881 22.54824290315881 22.54824290315881 22.54824290315881 0.0
14.6 30.0 25.558564440628977 22.5123416362488 22.5123416362488 22.5123416362488 22.5123416362488 22.5123416362488 22.5123416362488 22.5123416362488 22.5123416362488 0.0
14.7 30.0 26.15856444062898 22.5123416362488 22.47644036933879 22.47644036933879 22.47644036933879 22.47644036933879 22.47644036933879 22.47644036933879 22.47644036933879 0.0
14.8 30.0 26.75856444062898 22.5123416362488 22.44053910242878 22.44053910242878 22.44053910242878 22.44053910242878 22.44053910242878 22.44053910242878 22.44053910242878 0.0
14.9 30.0 27.35856444062898 22.5123416362488 22.40463783551877 22.40463783551877 22.40463783551877 22.40463783551877 22.40463783551877 22.40463783551877 22.40463783551877 0.0
15.0 30.0 27.958564440628983 22.5123416362488 22.36873656860876 22.36873656860876 22.36873656860876 22.36873656860876 22.36873656860876 22.36873656860876 22.36873656860876 0.0
15.1 30.0 28.558564440628984 22.5123416362488 22.33283530169875 22.33283530169875 22.33283530169875 22.33283530169875 22.33283530169875 22.33283530169875 22.33283530169875 0.0
15.2 30.0 29.158564440628986 22.5123416362488 22.29693403478874 22.29693403478874 22.29693403478874 22.29693403478874 22.29693403478874 22.29693403478874 22.29693403478874 0.0
15.3 30.0 29.758564440628987 22.5123416362488 22.26103276787873 22.26103276787873 22.26103276787873 22.26103276787873 22.26103276787873 22.26103276787873 22.26103276787873 0.0
15.4 30.0 30.0 22.5123416362488 22.225131500968722 22.225131500968722 22.225131500968722 22.225131500968722 22.225131500968722 22.225131500968722 22.225131500968722 0.0
15.5 30.0 30.0 22.5123416362488 22.189230234058712 22.189230234058712 22.189230234058712 22.189230234058712 22.189230234058712 22.189230234058712 22.189230234058712 0.0
15.6 30.0 30.0 22.5123416362488 22.153328967148703 22.153328967148703 22.153328967148703 22.153328967148703 22.153328967148703 22.153328967148703 22.153328967148703 0.0
15.7 30.0 30.0 22.5123416362488 22.117427700238693 22.117427700238693 22.117427700238693 22.117427700238693 22.117427700238693 22.117427700238693 22.117427700238693 0.0
15.8 30.0 30.0 22.5123416362488 22.081526433328683 22.081526433328683 22.081526433328683 22.081526433328683 22.081526433328683 22.081526433328683 22.081526433328683 0.0
15.9 30.0 30.0 22.5123416362488 22.045625166418674 22.045625166418674 22.045625166418674 22.045625166418674 22.045625166418674 22.045625166418674 22.045625166418674 0.0
16.0 30.0 30.0 22.5123416362488 22.009723899508664 22.009723899508664 22.009723899508664 22.009723899508664 22.009723899508664 22.009723899508664 22.009723899508664 0.0
16.1 30.0 30.0 23.1123416362488 21.973822632598655 21.973822632598655 21.973822632598655 21.973822632598655 21.973822632598655 21.973822632598655 21.973822632598655 0.0
16.2 30.0 30.0 23.7123416362488 21.937921365688645 21.937921365688645 21.937921365688645 21.937921365688645 21.937921365688645 21.937921365688645 21.937921365688645 0.0
16.3 30.0 30.0 24.312341636248803 21.902020098778635 21.902020098778635 21.902020098778635 21.902020098778635 21.902020098778635 21.902020098778635 21.902020098778635 0.0
16.4 30.0 30.0 24.912341636248804 21.866118831868626 21.866118831868626 21.866118831868626 21.866118831868626 21.866118831868626 21.866118831868626 21.866118831868626 0.0
16.5 30.0 30.0 25.512341636248806 21.866118831868626 21.830217564958616 21.830217564958616 21.830217564958616 21.830217564958616 21.830217564958616 21.830217564958616 0.0
16.6 30.0 30.0 26.112341636248807 21.866118831868626 21.794316298048606 21.794316298048606 21.794316298048606 21.794316298048606 21.794316298048606 21.794316298048606 0.0
16.7 30.0 30.0 26.71234163624881 21.866118831868626 21.758415031138597 21.758415031138597 21.758415031138597 21.758415031138597 21.758415031138597 21.758415031138597 0.0
16.8 30.0 30.0 27.31234163624881 21.866118831868626 21.722513764228587 21.722513764228587 21.722513764228587 21.722513764228587 21.722513764228587 21.722513764228587 0.0
16.9 30.0 30.0 27.91234163624881 21.866118831868626 21.686612497318578 21.686612497318578 21.686612497318578 21.686612497318578 21.686612497318578 21.686612497318578 0.0
17.0 30.0 30.0 28.512341636248813 21.866118831868626 21.650711230408568 21.650711230408568 21.650711230408568 21.650711230408568 21.650711230408568 21.650711230408568 0.0
17.1 30.0 30.0 29.112341636248814 21.866118831868626 21.61480996349856 21.61480996349856 21.61480996349856 21.61480996349856 21.61480996349856 21.61480996349856 0.0
17.2 30.0 30.0 29.712341636248816 21.866118831868626 21.57890869658855 21.57890869658855 21.57890869658855 21.57890869658855 21.57890869658855 21.57890869658855 0.0
17.3 30.0 30.0 30.0 21.866118831868626 21.54300742967854 21.54300742967854 21.54300742967854 21.54300742967854 21.54300742967854 21.54300742967854 0.0
17.4 30.0 30.0 30.0 21.866118831868626 21.50710616276853 21.50710616276853 21.50710616276853 21.50710616276853 21.50710616276853 21.50710616276853 0.0
17.5 30.0 30.0 30.0 21.866118831868626 21.47120489585852 21.47120489585852 21.47120489585852 21.47120489585852 21.47120489585852 21.47120489585852 0.0
17.6 30.0 30.0 30.0 21.866118831868626 21.43530362894851 21.43530362894851 21.43530362894851 21.43530362894851 21.43530362894851 21.43530362894851 0.0
17.7 30.0 30.0 30.0 21.866118831868626 21.3994023620385 21.3994023620385 21.3994023620385 21.3994023620385 21.3994023620385 21.3994023620385 0.0
17.8 30.0 30.0 30.0 21.866118831868626 21.36350109512849 21.36350109512849 21.36350109512849 21.36350109512849 21.36350109512849 21.36350109512849 0.0
17.9 30.0 30.0 30.0 22.466118831868627 21.32759982821848 21.32759982821848 21.32759982821848 21.32759982821848 21.32759982821848 21.32759982821848 0.0
18.0 30.0 30.0 30.0 23.06611883186863 21.291698561308472 21.291698561308472 21.291698561308472 21.291698561308472 21.291698561308472 21.291698561308472 0.0
18.1 30.0 30.0 30.0 23.66611883186863 21.255797294398462 21.255797294398462 21.255797294398462 21.255797294398462 21.255797294398462 21.255797294398462 0.0
18.2 30.0 30.0 30.0 24.26611883186863 21.219896027488453 21.219896027488453 21.219896027488453 21.219896027488453 21.219896027488453 21.219896027488453 0.0
18.3 30.0 30.0 30.0 24.866118831868633 21.219896027488453 21.183994760578443 21.183994760578443 21.183994760578443 21.183994760578443 21.183994760578443 0.0
18.4 30.0 30.0 30.0 25.466118831868634 21.219896027488453 21.148093493668433 21.148093493668433 21.148093493668433 21.148093493668433 21.148093493668433 0.0
18.5 30.0 30.0 30.0 26.066118831868636 21.219896027488453 21.112192226758424 21.112192226758424 21.112192226758424 21.112192226758424 21.112192226758424 0.0
18.6 30.0 30.0 30.0 26.666118831868637 21.219896027488453 21.076290959848414 21.076290959848414 21.076290959848414 21.076290959848414 21.076290959848414 0.0
18.7 30.0 30.0 30.0 27.26611883186864 21.219896027488453 21.040389692938405 21.040389692938405 21.040389692938405 21.040389692938405 21.040389692938405 0.0
18.8 30.0 30.0 30.0 27.86611883186864 21.219896027488453 21.004488426028395 21.004488426028395 21.004488426028395 21.004488426028395 21.004488426028395 0.0
18.9 30.0 30.0 30.0 28.46611883186864 21.219896027488453 20.968587159118385 20.968587159118385 20.968587159118385 20.968587159118385 20.968587159118385 0.0
19.0 30.0 30.0 30.0 29.066118831868643 21.219896027488453 20.932685892208376 20.932685892208376 20.932685892208376 20.932685892208376 20.932685892208376 0.0
19.1 30.0 30.0 30.0 29.666118831868644 21.219896027488453 20.896784625298366 20.896784625298366 20.896784625298366 20.896784625298366 20.896784625298366 0.0
19.2 30.0 30.0 30.0 30.0 21.219896027488453 20.860883358388357 20.860883358388357 20.860883358388357 20.860883358388357 20.860883358388357 0.0
19.3 30.0 30.0 30.0 30.0 21.219896027488453 20.824982091478347 20.824982091478347 20.824982091478347 20.824982091478347 20.824982091478347 0.0
19.4 30.0 30.0 30.0 30.0 21.219896027488453 20.789080824568337 20.789080824568337 20.789080824568337 20.789080824568337 20.789080824568337 0.0
19.5 30.0 30.0 30.0 30.0 21.219896027488453 20.753179557658328 20.753179557658328 20.753179557658328 20.753179557658328 20.753179557658328 0.0
19.6 30.0 30.0 30.0 30.0 21.219896027488453 20.717278290748318 20.717278290748318 20.717278290748318 20.717278290748318 20.717278290748318 0.0
19.7 30.0 30.0 30.0 30.0 21.819896027488454 20.68137702383831 20.68137702383831 20.68137702383831 20.68137702383831 20.68137702383831 0.0
19.8 30.0 30.0 30.0 30.0 22.419896027488456 20.6454757569283 20.6454757569283 20.6454757569283 20.6454757569283 20.6454757569283 0.0
19.9 30.0 30.0 30.0 30.0 23.019896027488457 20.60957449001829 20.60957449001829 20.60957449001829 20.60957449001829 20.60957449001829 0.0
20.0 30.0 30.0 30.0 30.0 23.61989602748846 20.57367322310828 20.57367322310828 20.57367322310828 20.57367322310828 20.57367322310828 0.0
20.1 30.0 30.0 30.0 30.0 24.21989602748846 20.57367322310828 20.53777195619827 20.53777195619827 20.53777195619827 20.53777195619827 0.0
20.2 30.0 30.0 30.0 30.0 24.81989602748846 20.57367322310828 20.50187068928826 20.50187068928826 20.50187068928826 20.50187068928826 0.0
20.3 30.0 30.0 30.0 30.0 25.419896027488463 20.57367322310828 20.46596942237825 20.46596942237825 20.46596942237825 20.46596942237825 0.0
20.4 30.0 30.0 30.0 30.0 26.019896027488464 20.57367322310828 20.43006815546824 20.43006815546824 20.43006815546824 20.43006815546824 0.0
20.5 30.0 30.0 30.0 30.0 26.619896027488466 20.57367322310828 20.39416688855823 20.39416688855823 20.39416688855823 20.39416688855823 0.0
20.6 30.0 30.0 30.0 30.0 27.219896027488467 20.57367322310828 20.358265621648222 20.358265621648222 20.358265621648222 20.358265621648222 0.0
20.7 30.0 30.0 30.0 30.0 27.81989602748847 20.57367322310828 20.322364354738212 20.322364354738212 20.322364354738212 20.322364354738212 0.0
20.8 30.0 30.0 30.0 30.0 28.41989602748847 20.57367322310828 20.286463087828203 20.286463087828203 20.286463087828203 20.286463087828203 0.0
20.9 30.0 30.0 30.0 30.0 29.01989602748847 20.57367322310828 20.250561820918193 20.250561820918193 20.250561820918193 20.250561820918193 0.0
21.0 30.0 30.0 30.0 30.0 29.619896027488473 20.57367322310828 20.214660554008184 20.214660554008184 20.214660554008184 20.214660554008184 0.0
21.1 30.0 30.0 30.0 30.0 30.0 20.57367322310828 20.178759287098174 20.178759287098174 20.178759287098174 20.178759287098174 0.0
21.2 30.0 30.0 30.0 30.0 30.0 20.57367322310828 20.142858020188164 20.142858020188164 20.142858020188164 20.142858020188164 0.0
21.3 30.0 30.0 30.0 30.0 30.0 20.57367322310828 20.106956753278155 20.106956753278155 20.106956753278155 20.106956753278155 0.0
21.4 30.0 30.0 30.0 30.0 30.0 20.57367322310828 20.071055486368145 20.071055486368145 20.071055486368145 20.071055486368145 0.0
21.5 30.0 30.0 30.0 30.0 30.0 21.17367322310828 20.035154219458136 20.035154219458136 20.035154219458136 20.035154219458136 0.0
21.6 30.0 30.0 30.0 30.0 30.0 21.773673223108283 19.999252952548126 19.999252952548126 19.999252952548126 19.999252952548126 0.0
21.7 30.0 30.0 30.0 30.0 30.0 22.373673223108284 19.963351685638116 19.963351685638116 19.963351685638116 19.963351685638116 0.0
21.8 30.0 30.0 30.0 30.0 30.0 22.973673223108285 19.927450418728107 19.927450418728107 19.927450418728107 19.927450418728107 0.0
21.9 30.0 30.0 30.0 30.0 30.0 23.573673223108287 19.927450418728107 19.891549151818097 19.891549151818097 19.891549151818097 0.0
22.0 30.0 30.0 30.0 30.0 30.0 24.17367322310829 19.927450418728107 19.855647884908088 19.855647884908088 19.855647884908088 0.0
22.1 30.0 30.0 30.0 30.0 30.0 24.77367322310829 19.927450418728107 19.819746617998078 19.819746617998078 19.819746617998078 0.0
22.2 30.0 30.0 30.0 30.0 30.0 25.37367322310829 19.927450418728107 19.78384535108807 19.78384535108807 19.78384535108807 0.0
22.3 30.0 30.0 30.0 30.0 30.0 25.973673223108293 19.927450418728107 19.74794408417806 19.74794408417806 19.74794408417806 0.0
22.4 30.0 30.0 30.0 30.0 30.0 26.573673223108294 19.927450418728107 19.71204281726805 19.71204281726805 19.71204281726805 0.0
22.5 30.0 30.0 30.0 30.0 30.0 27.173673223108295 19.927450418728107 19.67614155035804 19.67614155035804 19.67614155035804 0.0
22.6 30.0 30.0 30.0 30.0 30.0 27.773673223108297 19.927450418728107 19.64024028344803 19.64024028344803 19.64024028344803 0.0
22.7 30.0 30.0 30.0 30.0 30.0 28.373673223108298 19.927450418728107 19.60433901653802 19.60433901653802 19.60433901653802 0.0
22.8 30.0 30.0 30.0 30.0 30.0 28.9736732231083 19.927450418728107 19.56843774962801 19.56843774962801 19.56843774962801 0.0
22.9 30.0 30.0 30.0 30.0 30.0 29.5736732231083 19.927450418728107 19.532536482718 19.532536482718 19.532536482718 0.0
23.0 30.0 30.0 30.0 30.0 30.0 30.0 19.927450418728107 19.49663521580799 19.49663521580799 19.49663521580799 0.0
23.1 30.0 30.0 30.0 30.0 30.0 30.0 19.927450418728107 19.460733948897982 19.460733948897982 19.460733948897982 0.0
23.2 30.0 30.0 30.0 30.0 30.0 30.0 19.927450418728107 19.424832681987972 19.424832681987972 19.424832681987972 0.0
23.3 30.0 30.0 30.0 30.0 30.0 30.0 20.527450418728108 19.388931415077963 19.388931415077963 19.388931415077963 0.0
23.4 30.0 30.0 30.0 30.0 30.0 30.0 21.12745041872811 19.353030148167953 19.353030148167953 19.353030148167953 0.0
23.5 30.0 30.0 30.0 30.0 30.0 30.0 21.72745041872811 19.317128881257943 19.317128881257943 19.317128881257943 0.0
23.6 30.0 30.0 30.0 30.0 30.0 30.0 22.327450418728112 19.281227614347934 19.281227614347934 19.281227614347934 0.0
23.7 30.0 30.0 30.0 30.0 30.0 30.0 22.927450418728114 19.281227614347934 19.245326347437924 19.245326347437924 0.0
23.8 30.0 30.0 30.0 30.0 30.0 30.0 23.527450418728115 19.281227614347934 19.209425080527915 19.209425080527915 0.0
23.9 30.0 30.0 30.0 30.0 30.0 30.0 24.127450418728117 19.281227614347934 19.173523813617905 19.173523813617905 0.0
24.0 30.0 30.0 30.0 30.0 30.0 30.0 24.727450418728118 19.281227614347934 19.137622546707895 19.137622546707895 0.0
24.1 30.0 30.0 30.0 30.0 30.0 30.0 25.32745041872812 19.281227614347934 19.101721279797886 19.101721279797886 0.0
24.2 30.0 30.0 30.0 30.0 30.0 30.0 25.92745041872812 19.281227614347934 19.065820012887876 19.065820012887876 0.0
24.3 30.0 30.0 30.0 30.0 30.0 30.0 26.527450418728122 19.281227614347934 19.029918745977866 19.029918745977866 0.0
24.4 30.0 30.0 30.0 30.0 30.0 30.0 27.127450418728124 19.281227614347934 18.994017479067857 18.994017479067857 0.0
24.5 30.0 30.0 30.0 30.0 30.0 30.0 27.727450418728125 19.281227614347934 18.958116212157847 18.958116212157847 0.0
24.6 30.0 30.0 30.0 30.0 30.0 30.0 28.327450418728127 19.281227614347934 18.922214945247838 18.922214945247838 0.0
24.7 30.0 30.0 30.0 30.0 30.0 30.0 28.927450418728128 19.281227614347934 18.886313678337828 18.886313678337828 0.0
24.8 30.0 30.0 30.0 30.0 30.0 30.0 29.52745041872813 19.281227614347934 18.85041241142782 18.85041241142782 0.0
24.9 30.0 30.0 30.0 30.0 30.0 30.0 30.0 19.281227614347934 18.81451114451781 18.81451114451781 0.0
25.0 30.0 30.0 30.0 30.0 30.0 30.0 30.0 19.281227614347934 18.7786098776078 18.7786098776078 0.0
25.1 30.0 30.0 30.0 30.0 30.0 30.0 30.0 19.881227614347935 18.74270861069779 18.74270861069779 0.0
25.2 30.0 30.0 30.0 30.0 30.0 30.0 30.0 20.481227614347937 18.70680734378778 18.70680734378778 0.0
25.3 30.0 30.0 30.0 30.0 30.0 30.0 30.0 21.081227614347938 18.67090607687777 18.67090607687777 0.0
25.4 30.0 30.0 30.0 30.0 30.0 30.0 30.0 21.68122761434794 18.63500480996776 18.63500480996776 0.0
25.5 30.0 30.0 30.0 30.0 30.0 30.0 30.0 22.28122761434794 18.63500480996776 18.59910354305775 0.0
25.6 30.0 30.0 30.0 30.0 30.0 30.0 30.0 22.881227614347942 18.63500480996776 18.56320227614774 0.0
25.7 30.0 30.0 30.0 30.0 30.0 30.0 30.0 23.481227614347944 18.63500480996776 18.527301009237732 0.0
25.8 30.0 30.0 30.0 30.0 30.0 30.0 30.0 24.081227614347945 18.63500480996776 18.491399742327722 0.0
25.9 30.0 30.0 30.0 30.0 30.0 30.0 30.0 24.681227614347947 18.63500480996776 18.455498475417713 0.0
26.0 30.0 30.0 30.0 30.0 30.0 30.0 30.0 25.281227614347948 18.63500480996776 18.419597208507703 0.0
26.1 30.0 30.0 30.0 30.0 30.0 30.0 30.0 25.88122761434795 18.63500480996776 18.383695941597693 0.0
26.2 30.0 30.0 30.0 30.0 30.0 30.0 30.0 26.48122761434795 18.63500480996776 18.347794674687684 0.0
26.3 30.0 30.0 30.0 30.0 30.0 30.0 30.0 27.081227614347952 18.63500480996776 18.311893407777674 0.0
26.4 30.0 30.0 30.0 30.0 30.0 30.0 30.0 27.681227614347954 18.63500480996776 18.275992140867665 0.0
26.5 30.0 30.0 30.0 30.0 30.0 30.0 30.0 28.281227614347955 18.63500480996776 18.240090873957655 0.0
26.6 30.0 30.0 30.0 30.0 30.0 30.0 30.0 28.881227614347956 18.63500480996776 18.204189607047645 0.0
26.7 30.0 30.0 30.0 30.0 30.0 30.0 30.0 29.481227614347958 18.63500480996776 18.168288340137636 0.0
26.8 30.0 30.0 30.0 30.0 30.0 30.0 30.0 30.0 18.63500480996776 18.132387073227626 0.0
26.9 30.0 30.0 30.0 30.0 30.0 30.0 30.0 30.0 19.235004809967762 18.096485806317617 0.0
27.0 30.0 30.0 30.0 30.0 30.0 30.0 30.0 30.0 19.835004809967764 18.060584539407607 0.0
27.1 30.0 30.0 30.0 30.0 30.0 30.0 30.0 30.0 20.435004809967765 18.024683272497597 0.0
27.2 30.0 30.0 30.0 30.0 30.0 30.0 30.0 30.0 21.035004809967766 17.988782005587588 0.0
27.3 30.0 30.0 30.0 30.0 30.0 30.0 30.0 30.0 21.635004809967768 17.988782005587588 0.0
27.4 30.0 30.0 30.0 30.0 30.0 30.0 30.0 30.0 22.23500480996777 17.988782005587588 0.0
27.5 30.0 30.0 30.0 30.0 30.0 30.0 30.0 30.0 22.83500480996777 17.988782005587588 0.0
27.6 30.0 30.0 30.0 30.0 30.0 30.0 30.0 30.0 23.435004809967772 17.988782005587588 0.0
27.7 30.0 30.0 30.0 30.0 30.0 30.0 30.0 30.0 24.035004809967774 17.988782005587588 0.0
27.8 30.0 30.0 30.0 30.0 30.0 30.0 30.0 30.0 24.635004809967775 17.988782005587588 0.0
27.9 30.0 30.0 30.0 30.0 30.0 30.0 30.0 30.0 25.235004809967776 17.988782005587588 0.0
28.0 30.0 30.0 30.0 30.0 30.0 30.0 30.0 30.0 25.835004809967778 17.988782005587588 0.0
28.1 30.0 30.0 30.0 30.0 30.0 30.0 30.0 30.0 26.43500480996778 -1073741824.0 0.0
