0.0 0.0 -1073741824.0 -1073741824.0 -1073741824.0 -1073741824.0 -1073741824.0 -1073741824.0 -1073741824.0 -1073741824.0 -1073741824.0 -1073741824.0
0.1 0.6000000000000001 -1073741824.0 -1073741824.0 -1073741824.0 -1073741824.0 -1073741824.0 -1073741824.0 -1073741824.0 -1073741824.0 -1073741824.0 -1073741824.0
0.2 27.0 0.0 0.0 0.0 0.0 0.0 0.0 0.0 0.0 0.0 0.0
0.3 27.0 27.0 27.0 27.0 27.0 27.0 27.0 27.0 27.0 27.0 0.0
0.4 27.0 27.0 27.0 27.0 27.0 27.0 27.0 27.0 27.0 27.0 0.0
0.5 27.0 27.0 27.0 27.0 27.0 27.0 27.0 27.0 27.0 27.0 0.0
0.6 27.0 27.0 27.0 27.0 27.0 27.0 27.0 27.0 27.0 27.0 0.0
0.7 27.0 27.0 27.0 27.0 27.0 27.0 27.0 27.0 27.0 27.0 0.0
0.8 27.0 27.0 27.0 27.0 27.0 27.0 27.0 27.0 27.0 27.0 0.0
0.9 27.0 27.0 27.0 27.0 27.0 27.0 27.0 27.0 27.0 27.0 0.0
1.0 27.0 27.0 27.0 27.0 27.0 27.0 27.0 27.0 27.0 27.0 0.0
1.1 27.0 27.0 27.0 27.0 27.0 27.0 27.0 27.0 27.0 27.0 0.0
1.2 27.0 27.0 27.0 27.0 27.0 27.0 27.0 27.0 27.0 27.0 0.0
1.3 27.0 27.0 27.0 27.0 27.0 27.0 27.0 27.0 27.0 27.0 0.0
1.4 27.0 27.0 27.0 27.0 27.0 27.0 27.0 27.0 27.0 27.0 0.0
1.5 27.0 27.0 27.0 27.0 27.0 27.0 27.0 27.0 27.0 27.0 0.0
1.6 27.0 27.0 27.0 27.0 27.0 27.0 27.0 27.0 27.0 27.0 0.0
1.7 27.0 27.0 27.0 27.0 27.0 27.0 27.0 27.0 27.0 27.0 0.0
1.8 27.0 27.0 27.0 27.0 27.0 27.0 27.0 27.0 27.0 27.0 0.0
1.9 27.0 27.0 27.0 27.0 27.0 27.0 27.0 27.0 27.0 27.0 0.0
2.0 27.0 27.0 27.0 27.0 27.0 27.0 27.0 27.0 27.0 27.0 0.0
2.1 27.0 27.0 27.0 27.0 27.0 27.0 27.0 27.0 27.0 27.0 0.0
2.2 26.950906471388258 26.950906471388258 26.950906471388258 26.950906471388258 26.950906471388258 26.950906471388258 26.950906471388258 26.950906471388258 26.950906471388258 26.950906471388258 0.0
2.3 26.901812942776516 26.901812942776516 26.901812942776516 26.901812942776516 26.901812942776516 26.901812942776516 26.901812942776516 26.901812942776516 26.901812942776516 26.901812942776516 0.0
2.4 26.852719414164774 26.852719414164774 26.852719414164774 26.852719414164774 26.852719414164774 26.852719414164774 26.852719414164774 26.852719414164774 26.852719414164774 26.852719414164774 0.0
2.5 26.803625885553032 26.803625885553032 26.803625885553032 26.803625885553032 26.803625885553032 26.803625885553032 26.803625885553032 26.803625885553032 26.803625885553032 26.803625885553032 0.0
2.6 26.75453235694129 26.75453235694129 26.75453235694129 26.75453235694129 26.75453235694129 26.75453235694129 26.75453235694129 26.75453235694129 26.75453235694129 26.75453235694129 0.0
2.7 26.705438828329548 26.705438828329548 26.705438828329548 26.705438828329548 26.705438828329548 26.705438828329548 26.705438828329548 26.705438828329548 26.705438828329548 26.705438828329548 0.0
2.8 26.656345299717806 26.656345299717806 26.656345299717806 26.656345299717806 26.656345299717806 26.656345299717806 26.656345299717806 26.656345299717806 26.656345299717806 26.656345299717806 0.0
2.9 26.607251771106064 26.607251771106064 26.607251771106064 26.607251771106064 26.607251771106064 26.607251771106064 26.607251771106064 26.607251771106064 26.607251771106064 26.607251771106064 0.0
3.0 26.558158242494322 26.558158242494322 26.558158242494322 26.558158242494322 26.558158242494322 26.558158242494322 26.558158242494322 26.558158242494322 26.558158242494322 26.558158242494322 0.0
3.1 26.50906471388258 26.50906471388258 26.50906471388258 26.50906471388258 26.50906471388258 26.50906471388258 26.50906471388258 26.50906471388258 26.50906471388258 26.50906471388258 0.0
3.2 26.459971185270838 26.459971185270838 26.459971185270838 26.459971185270838 26.459971185270838 26.459971185270838 26.459971185270838 26.459971185270838 26.459971185270838 26.459971185270838 0.0
3.3 26.410877656659096 26.410877656659096 26.410877656659096 26.410877656659096 26.410877656659096 26.410877656659096 26.410877656659096 26.410877656659096 26.410877656659096 26.410877656659096 0.0
3.4 26.361784128047354 26.361784128047354 26.361784128047354 26.361784128047354 26.361784128047354 26.361784128047354 26.361784128047354 26.361784128047354 26.361784128047354 26.361784128047354 0.0
3.5 26.312690599435612 26.312690599435612 26.312690599435612 26.312690599435612 26.312690599435612 26.312690599435612 26.312690599435612 26.312690599435612 26.312690599435612 26.312690599435612 0.0
3.6 26.26359707082387 26.26359707082387 26.26359707082387 26.26359707082387 26.26359707082387 26.26359707082387 26.26359707082387 26.26359707082387 26.26359707082387 26.26359707082387 0.0
3.7 26.214503542212128 26.214503542212128 26.214503542212128 26.214503542212128 26.214503542212128 26.214503542212128 26.214503542212128 26.214503542212128 26.214503542212128 26.214503542212128 0.0
3.8 26.165410013600386 26.165410013600386 26.165410013600386 26.165410013600386 26.165410013600386 26.165410013600386 26.165410013600386 26.165410013600386 26.165410013600386 26.165410013600386 0.0
3.9 26.116316484988644 26.116316484988644 26.116316484988644 26.116316484988644 26.116316484988644 26.116316484988644 26.116316484988644 26.116316484988644 26.116316484988644 26.116316484988644 0.0
4.0 26.067222956376902 26.067222956376902 26.067222956376902 26.067222956376902 26.067222956376902 26.067222956376902 26.067222956376902 26.067222956376902 26.067222956376902 26.067222956376902 0.0
4.1 26.01812942776516 26.01812942776516 26.01812942776516 26.01812942776516 26.01812942776516 26.01812942776516 26.01812942776516 26.01812942776516 26.01812942776516 26.01812942776516 0.0
4.2 25.96903589915342 25.96903589915342 25.96903589915342 25.96903589915342 25.96903589915342 25.96903589915342 25.96903589915342 25.96903589915342 25.96903589915342 25.96903589915342 0.0
4.3 25.919942370541676 25.919942370541676 25.919942370541676 25.919942370541676 25.919942370541676 25.919942370541676 25.919942370541676 25.919942370541676 25.919942370541676 25.919942370541676 0.0
4.4 25.870848841929934 25.870848841929934 25.870848841929934 25.870848841929934 25.870848841929934 25.870848841929934 25.870848841929934 25.870848841929934 25.870848841929934 25.870848841929934 0.0
4.5 25.821755313318192 25.821755313318192 25.821755313318192 25.821755313318192 25.821755313318192 25.821755313318192 25.821755313318192 25.821755313318192 25.821755313318192 25.821755313318192 0.0
4.6 25.77266178470645 25.77266178470645 25.77266178470645 25.77266178470645 25.77266178470645 25.77266178470645 25.77266178470645 25.77266178470645 25.77266178470645 25.77266178470645 0.0
4.7 25.72356825609471 25.72356825609471 25.72356825609471 25.72356825609471 25.72356825609471 25.72356825609471 25.72356825609471 25.72356825609471 25.72356825609471 25.72356825609471 0.0
4.8 25.674474727482966 25.674474727482966 25.674474727482966 25.674474727482966 25.674474727482966 25.674474727482966 25.674474727482966 25.674474727482966 25.674474727482966 25.674474727482966 0.0
4.9 25.625381198871224 25.625381198871224 25.625381198871224 25.625381198871224 25.625381198871224 25.625381198871224 25.625381198871224 25.625381198871224 25.625381198871224 25.625381198871224 0.0
5.0 25.576287670259482 25.576287670259482 25.576287670259482 25.576287670259482 25.576287670259482 25.576287670259482 25.576287670259482 25.576287670259482 25.576287670259482 25.576287670259482 0.0
5.1 25.52719414164774 25.52719414164774 25.52719414164774 25.52719414164774 25.52719414164774 25.52719414164774 25.52719414164774 25.52719414164774 25.52719414164774 25.52719414164774 0.0
5.2 25.478100613036 25.478100613036 25.478100613036 25.478100613036 25.478100613036 25.478100613036 25.478100613036 25.478100613036 25.478100613036 25.478100613036 0.0
5.3 25.429007084424256 25.429007084424256 25.429007084424256 25.429007084424256 25.429007084424256 25.429007084424256 25.429007084424256 25.429007084424256 25.429007084424256 25.429007084424256 0.0
5.4 25.379913555812514 25.379913555812514 25.379913555812514 25.379913555812514 25.379913555812514 25.379913555812514 25.379913555812514 25.379913555812514 25.379913555812514 25.379913555812514 0.0
5.5 25.330820027200772 25.330820027200772 25.330820027200772 25.330820027200772 25.330820027200772 25.330820027200772 25.330820027200772 25.330820027200772 25.330820027200772 25.330820027200772 0.0
5.6 25.28172649858903 25.28172649858903 25.28172649858903 25.28172649858903 25.28172649858903 25.28172649858903 25.28172649858903 25.28172649858903 25.28172649858903 25.28172649858903 0.0
5.7 25.23263296997729 25.23263296997729 25.23263296997729 25.23263296997729 25.23263296997729 25.23263296997729 25.23263296997729 25.23263296997729 25.23263296997729 25.23263296997729 0.0
5.8 25.183539441365546 25.183539441365546 25.183539441365546 25.183539441365546 25.183539441365546 25.183539441365546 25.183539441365546 25.183539441365546 25.183539441365546 25.183539441365546 0.0
5.9 25.134445912753804 25.134445912753804 25.134445912753804 25.134445912753804 25.134445912753804 25.134445912753804 25.134445912753804 25.134445912753804 25.134445912753804 25.134445912753804 0.0
6.0 25.085352384142062 25.085352384142062 25.085352384142062 25.085352384142062 25.085352384142062 25.085352384142062 25.085352384142062 25.085352384142062 25.085352384142062 25.085352384142062 0.0
6.1 25.03625885553032 25.03625885553032 25.03625885553032 25.03625885553032 25.03625885553032 25.03625885553032 25.03625885553032 25.03625885553032 25.03625885553032 25.03625885553032 0.0
6.2 24.98716532691858 24.98716532691858 24.98716532691858 24.98716532691858 24.98716532691858 24.98716532691858 24.98716532691858 24.98716532691858 24.98716532691858 24.98716532691858 0.0
6.3 24.938071798306837 24.938071798306837 24.938071798306837 24.938071798306837 24.938071798306837 24.938071798306837 24.938071798306837 24.938071798306837 24.938071798306837 24.938071798306837 0.0
6.4 24.888978269695095 24.888978269695095 24.888978269695095 24.888978269695095 24.888978269695095 24.888978269695095 24.888978269695095 24.888978269695095 24.888978269695095 24.888978269695095 0.0
6.5 24.839884741083353 24.839884741083353 24.839884741083353 24.839884741083353 24.839884741083353 24.839884741083353 24.839884741083353 24.839884741083353 24.839884741083353 24.839884741083353 0.0
6.6 24.79079121247161 24.79079121247161 24.79079121247161 24.79079121247161 24.79079121247161 24.79079121247161 24.79079121247161 24.79079121247161 24.79079121247161 24.79079121247161 0.0
6.7 24.74169768385987 24.74169768385987 24.74169768385987 24.74169768385987 24.74169768385987 24.74169768385987 24.74169768385987 24.74169768385987 24.74169768385987 24.74169768385987 0.0
6.8 24.692604155248127 24.692604155248127 24.692604155248127 24.692604155248127 24.692604155248127 24.692604155248127 24.692604155248127 24.692604155248127 24.692604155248127 24.692604155248127 0.0
6.9 24.643510626636385 24.643510626636385 24.643510626636385 24.643510626636385 24.643510626636385 24.643510626636385 24.643510626636385 24.643510626636385 24.643510626636385 24.643510626636385 0.0
7.0 24.594417098024643 24.594417098024643 24.594417098024643 24.594417098024643 24.594417098024643 24.594417098024643 24.594417098024643 24.594417098024643 24.594417098024643 24.594417098024643 0.0
7.1 24.5453235694129 24.5453235694129 24.5453235694129 24.5453235694129 24.5453235694129 24.5453235694129 24.5453235694129 24.5453235694129 24.5453235694129 24.5453235694129 0.0
7.2 24.49623004080116 24.49623004080116 24.49623004080116 24.49623004080116 24.49623004080116 24.49623004080116 24.49623004080116 24.49623004080116 24.49623004080116 24.49623004080116 0.0
7.3 24.447136512189417 24.447136512189417 24.447136512189417 24.447136512189417 24.447136512189417 24.447136512189417 24.447136512189417 24.447136512189417 24.447136512189417 24.447136512189417 0.0
7.4 24.398042983577675 24.398042983577675 24.398042983577675 24.398042983577675 24.398042983577675 24.398042983577675 24.398042983577675 24.398042983577675 24.398042983577675 24.398042983577675 0.0
7.5 24.348949454965933 24.348949454965933 24.348949454965933 24.348949454965933 24.348949454965933 24.348949454965933 24.348949454965933 24.348949454965933 24.348949454965933 24.348949454965933 0.0
7.6 24.29985592635419 24.29985592635419 24.29985592635419 24.29985592635419 24.29985592635419 24.29985592635419 24.29985592635419 24.29985592635419 24.29985592635419 24.29985592635419 0.0
7.7 24.25076239774245 24.25076239774245 24.25076239774245 24.25076239774245 24.25076239774245 24.25076239774245 24.25076239774245 24.25076239774245 24.25076239774245 24.25076239774245 0.0
7.8 24.201668869130707 24.201668869130707 24.201668869130707 24.201668869130707 24.201668869130707 24.201668869130707 24.201668869130707 24.201668869130707 24.201668869130707 24.201668869130707 0.0
7.9 24.152575340518965 24.152575340518965 24.152575340518965 24.152575340518965 24.152575340518965 24.152575340518965 24.152575340518965 24.152575340518965 24.152575340518965 24.152575340518965 0.0
8.0 24.103481811907223 24.103481811907223 24.103481811907223 24.103481811907223 24.103481811907223 24.103481811907223 24.103481811907223 24.103481811907223 24.103481811907223 24.103481811907223 0.0
8.1 24.05438828329548 24.05438828329548 24.05438828329548 24.05438828329548 24.05438828329548 24.05438828329548 24.05438828329548 24.05438828329548 24.05438828329548 24.05438828329548 0.0
8.2 24.00529475468374 24.00529475468374 24.00529475468374 24.00529475468374 24.00529475468374 24.00529475468374 24.00529475468374 24.00529475468374 24.00529475468374 24.00529475468374 0.0
8.3 23.956201226071997 23.956201226071997 23.956201226071997 23.956201226071997 23.956201226071997 23.956201226071997 23.956201226071997 23.956201226071997 23.956201226071997 23.956201226071997 0.0
8.4 23.907107697460255 23.907107697460255 23.907107697460255 23.907107697460255 23.907107697460255 23.907107697460255 23.907107697460255 23.907107697460255 23.907107697460255 23.907107697460255 0.0
8.5 23.858014168848513 23.858014168848513 23.858014168848513 23.858014168848513 23.858014168848513 23.858014168848513 23.858014168848513 23.858014168848513 23.858014168848513 23.858014168848513 0.0
8.6 23.80892064023677 23.80892064023677 23.80892064023677 23.80892064023677 23.80892064023677 23.80892064023677 23.80892064023677 23.80892064023677 23.80892064023677 23.80892064023677 0.0
8.7 23.75982711162503 23.75982711162503 23.75982711162503 23.75982711162503 23.75982711162503 23.75982711162503 23.75982711162503 23.75982711162503 23.75982711162503 23.75982711162503 0.0
8.8 23.710733583013287 23.710733583013287 23.710733583013287 23.710733583013287 23.710733583013287 23.710733583013287 23.710733583013287 23.710733583013287 23.710733583013287 23.710733583013287 0.0
8.9 23.661640054401545 23.661640054401545 23.661640054401545 23.661640054401545 23.661640054401545 23.661640054401545 23.661640054401545 23.661640054401545 23.661640054401545 23.661640054401545 0.0
9.0 23.612546525789803 23.612546525789803 23.612546525789803 23.612546525789803 23.612546525789803 23.612546525789803 23.612546525789803 23.612546525789803 23.612546525789803 23.612546525789803 0.0
9.1 23.56345299717806 23.56345299717806 23.56345299717806 23.56345299717806 23.56345299717806 23.56345299717806 23.56345299717806 23.56345299717806 23.56345299717806 23.56345299717806 0.0
9.2 23.51435946856632 23.51435946856632 23.51435946856632 23.51435946856632 23.51435946856632 23.51435946856632 23.51435946856632 23.51435946856632 23.51435946856632 23.51435946856632 0.0
9.3 23.465265939954577 23.465265939954577 23.465265939954577 23.465265939954577 23.465265939954577 23.465265939954577 23.465265939954577 23.465265939954577 23.465265939954577 23.465265939954577 0.0
9.4 23.416172411342835 23.416172411342835 23.416172411342835 23.416172411342835 23.416172411342835 23.416172411342835 23.416172411342835 23.416172411342835 23.416172411342835 23.416172411342835 0.0
9.5 23.367078882731093 23.367078882731093 23.367078882731093 23.367078882731093 23.367078882731093 23.367078882731093 23.367078882731093 23.367078882731093 23.367078882731093 23.367078882731093 0.0
9.6 23.31798535411935 23.31798535411935 23.31798535411935 23.31798535411935 23.31798535411935 23.31798535411935 23.31798535411935 23.31798535411935 23.31798535411935 23.31798535411935 0.0
9.7 23.26889182550761 23.26889182550761 23.26889182550761 23.26889182550761 23.26889182550761 23.26889182550761 23.26889182550761 23.26889182550761 23.26889182550761 23.26889182550761 0.0
9.8 23.219798296895867 23.219798296895867 23.219798296895867 23.219798296895867 23.219798296895867 23.219798296895867 23.219798296895867 23.219798296895867 23.219798296895867 23.219798296895867 0.0
9.9 23.170704768284125 23.170704768284125 23.170704768284125 23.170704768284125 23.170704768284125 23.170704768284125 23.170704768284125 23.170704768284125 23.170704768284125 23.170704768284125 0.0
10.0 23.121611239672383 23.121611239672383 23.121611239672383 23.121611239672383 23.121611239672383 23.121611239672383 23.121611239672383 23.121611239672383 23.121611239672383 23.121611239672383 0.0
10.1 23.07251771106064 23.07251771106064 23.07251771106064 23.07251771106064 23.07251771106064 23.07251771106064 23.07251771106064 23.07251771106064 23.07251771106064 23.07251771106064 0.0
10.2 23.07251771106064 23.0234241824489 23.0234241824489 23.0234241824489 23.0234241824489 23.0234241824489 23.0234241824489 23.0234241824489 23.0234241824489 23.0234241824489 0.0
10.3 23.07251771106064 22.974330653837157 22.974330653837157 22.974330653837157 22.974330653837157 22.974330653837157 22.974330653837157 22.974330653837157 22.974330653837157 22.974330653837157 0.0
10.4 23.07251771106064 22.925237125225415 22.925237125225415 22.925237125225415 22.925237125225415 22.925237125225415 22.925237125225415 22.925237125225415 22.925237125225415 22.925237125225415 0.0
10.5 23.07251771106064 22.876143596613673 22.876143596613673 22.876143596613673 22.876143596613673 22.876143596613673 22.876143596613673 22.876143596613673 22.876143596613673 22.876143596613673 0.0
10.6 23.07251771106064 22.82705006800193 22.82705006800193 22.82705006800193 22.82705006800193 22.82705006800193 22.82705006800193 22.82705006800193 22.82705006800193 22.82705006800193 0.0
10.7 23.07251771106064 22.77795653939019 22.77795653939019 22.77795653939019 22.77795653939019 22.77795653939019 22.77795653939019 22.77795653939019 22.77795653939019 22.77795653939019 0.0
10.8 23.07251771106064 22.728863010778447 22.728863010778447 22.728863010778447 22.728863010778447 22.728863010778447 22.728863010778447 22.728863010778447 22.728863010778447 22.728863010778447 0.0
10.9 23.07251771106064 22.679769482166705 22.679769482166705 22.679769482166705 22.679769482166705 22.679769482166705 22.679769482166705 22.679769482166705 22.679769482166705 22.679769482166705 0.0
11.0 23.07251771106064 22.630675953554963 22.630675953554963 22.630675953554963 22.630675953554963 22.630675953554963 22.630675953554963 22.630675953554963 22.630675953554963 22.630675953554963 0.0
11.1 23.07251771106064 22.58158242494322 22.58158242494322 22.58158242494322 22.58158242494322 22.58158242494322 22.58158242494322 22.58158242494322 22.58158242494322 22.58158242494322 0.0
11.2 23.07251771106064 22.53248889633148 22.53248889633148 22.53248889633148 22.53248889633148 22.53248889633148 22.53248889633148 22.53248889633148 22.53248889633148 22.53248889633148 0.0
11.3 23.07251771106064 22.483395367719737 22.483395367719737 22.483395367719737 22.483395367719737 22.483395367719737 22.483395367719737 22.483395367719737 22.483395367719737 22.483395367719737 0.0
11.4 23.07251771106064 22.434301839107995 22.434301839107995 22.434301839107995 22.434301839107995 22.434301839107995 22.434301839107995 22.434301839107995 22.434301839107995 22.434301839107995 0.0
11.5 23.07251771106064 22.385208310496253 22.385208310496253 22.385208310496253 22.385208310496253 22.385208310496253 22.385208310496253 22.385208310496253 22.385208310496253 22.385208310496253 0.0
11.6 23.672517711060642 22.33611478188451 22.33611478188451 22.33611478188451 22.33611478188451 22.33611478188451 22.33611478188451 22.33611478188451 22.33611478188451 22.33611478188451 0.0
11.7 24.272517711060644 22.28702125327277 22.28702125327277 22.28702125327277 22.28702125327277 22.28702125327277 22.28702125327277 22.28702125327277 22.28702125327277 22.28702125327277 0.0
11.8 24.872517711060645 22.237927724661027 22.237927724661027 22.237927724661027 22.237927724661027 22.237927724661027 22.237927724661027 22.237927724661027 22.237927724661027 22.237927724661027 0.0
11.9 25.472517711060647 22.188834196049285 22.188834196049285 22.188834196049285 22.188834196049285 22.188834196049285 22.188834196049285 22.188834196049285 22.188834196049285 22.188834196049285 0.0
12.0 26.072517711060648 22.188834196049285 22.139740667437543 22.139740667437543 22.139740667437543 22.139740667437543 22.139740667437543 22.139740667437543 22.139740667437543 22.139740667437543 0.0
12.1 26.67251771106065 22.188834196049285 22.0906471388258 22.0906471388258 22.0906471388258 22.0906471388258 22.0906471388258 22.0906471388258 22.0906471388258 22.0906471388258 0.0
12.2 27.27251771106065 22.188834196049285 22.04155361021406 22.04155361021406 22.04155361021406 22.04155361021406 22.04155361021406 22.04155361021406 22.04155361021406 22.04155361021406 0.0
12.3 27.872517711060652 22.188834196049285 21.992460081602317 21.992460081602317 21.992460081602317 21.992460081602317 21.992460081602317 21.992460081602317 21.992460081602317 21.992460081602317 0.0
12.4 28.472517711060654 22.188834196049285 21.943366552990575 21.943366552990575 21.943366552990575 21.943366552990575 21.943366552990575 21.943366552990575 21.943366552990575 21.943366552990575 0.0
12.5 29.072517711060655 22.188834196049285 21.894273024378833 21.894273024378833 21.894273024378833 21.894273024378833 21.894273024378833 21.894273024378833 21.894273024378833 21.894273024378833 0.0
12.6 29.672517711060657 22.188834196049285 21.84517949576709 21.84517949576709 21.84517949576709 21.84517949576709 21.84517949576709 21.84517949576709 21.84517949576709 21.84517949576709 0.0
12.7 30.0 22.188834196049285 21.79608596715535 21.79608596715535 21.79608596715535 21.79608596715535 21.79608596715535 21.79608596715535 21.79608596715535 21.79608596715535 0.0
12.8 30.0 22.188834196049285 21.746992438543607 21.746992438543607 21.746992438543607 21.746992438543607 21.746992438543607 21.746992438543607 21.746992438543607 21.746992438543607 0.0
12.9 30.0 22.188834196049285 21.697898909931865 21.697898909931865 21.697898909931865 21.697898909931865 21.697898909931865 21.697898909931865 21.697898909931865 21.697898909931865 0.0
13.0 30.0 22.188834196049285 21.648805381320123 21.648805381320123 21.648805381320123 21.648805381320123 21.648805381320123 21.648805381320123 21.648805381320123 21.648805381320123 0.0
13.1 30.0 22.188834196049285 21.59971185270838 21.59971185270838 21.59971185270838 21.59971185270838 21.59971185270838 21.59971185270838 21.59971185270838 21.59971185270838 0.0
13.2 30.0 22.188834196049285 21.55061832409664 21.55061832409664 21.55061832409664 21.55061832409664 21.55061832409664 21.55061832409664 21.55061832409664 21.55061832409664 0.0
13.3 30.0 22.188834196049285 21.501524795484897 21.501524795484897 21.501524795484897 21.501524795484897 21.501524795484897 21.501524795484897 21.501524795484897 21.501524795484897 0.0
13.4 30.0 22.788834196049287 21.452431266873155 21.452431266873155 21.452431266873155 21.452431266873155 21.452431266873155 21.452431266873155 21.452431266873155 21.452431266873155 0.0
13.5 30.0 23.388834196049288 21.403337738261413 21.403337738261413 21.403337738261413 21.403337738261413 21.403337738261413 21.403337738261413 21.403337738261413 21.403337738261413 0.0
13.6 30.0 23.98883419604929 21.35424420964967 21.35424420964967 21.35424420964967 21.35424420964967 21.35424420964967 21.35424420964967 21.35424420964967 21.35424420964967 0.0
13.7 30.0 24.58883419604929 21.30515068103793 21.30515068103793 21.30515068103793 21.30515068103793 21.30515068103793 21.30515068103793 21.30515068103793 21.30515068103793 0.0
13.8 30.0 25.188834196049292 21.30515068103793 21.256057152426187 21.256057152426187 21.256057152426187 21.256057152426187 21.256057152426187 21.256057152426187 21.256057152426187 0.0
13.9 30.0 25.788834196049294 21.30515068103793 21.206963623814445 21.206963623814445 21.206963623814445 21.206963623814445 21.206963623814445 21.206963623814445 21.206963623814445 0.0
14.0 30.0 26.388834196049295 21.30515068103793 21.157870095202703 21.157870095202703 21.157870095202703 21.157870095202703 21.157870095202703 21.157870095202703 21.157870095202703 0.0
14.1 30.0 26.988834196049297 21.30515068103793 21.10877656659096 21.10877656659096 21.10877656659096 21.10877656659096 21.10877656659096 21.10877656659096 21.10877656659096 0.0
14.2 30.0 27.588834196049298 21.30515068103793 21.05968303797922 21.05968303797922 21.05968303797922 21.05968303797922 21.05968303797922 21.05968303797922 21.05968303797922 0.0
14.3 30.0 28.1888341960493 21.30515068103793 21.010589509367477 21.010589509367477 21.010589509367477 21.010589509367477 21.010589509367477 21.010589509367477 21.010589509367477 0.0
14.4 30.0 28.7888341960493 21.30515068103793 20.961495980755736 20.961495980755736 20.961495980755736 20.961495980755736 20.961495980755736 20.961495980755736 20.961495980755736 0.0
14.5 30.0 29.388834196049302 21.30515068103793 20.912402452143994 20.912402452143994 20.912402452143994 20.912402452143994 20.912402452143994 20.912402452143994 20.912402452143994 0.0
14.6 30.0 29.988834196049304 21.30515068103793 20.86330892353225 20.86330892353225 20.86330892353225 20.86330892353225 20.86330892353225 20.86330892353225 20.86330892353225 0.0
14.7 30.0 30.0 21.30515068103793 20.81421539492051 20.81421539492051 20.81421539492051 20.81421539492051 20.81421539492051 20.81421539492051 20.81421539492051 0.0
14.8 30.0 30.0 21.30515068103793 20.765121866308768 20.765121866308768 20.765121866308768 20.765121866308768 20.765121866308768 20.765121866308768 20.765121866308768 0.0
14.9 30.0 30.0 21.30515068103793 20.716028337697026 20.716028337697026 20.716028337697026 20.716028337697026 20.716028337697026 20.716028337697026 20.716028337697026 0.0
15.0 30.0 30.0 21.30515068103793 20.666934809085284 20.666934809085284 20.666934809085284 20.666934809085284 20.666934809085284 20.666934809085284 20.666934809085284 0.0
15.1 30.0 30.0 21.30515068103793 20.61784128047354 20.61784128047354 20.61784128047354 20.61784128047354 20.61784128047354 20.61784128047354 20.61784128047354 0.0
15.2 30.0 30.0 21.90515068103793 20.5687477518618 20.5687477518618 20.5687477518618 20.5687477518618 20.5687477518618 20.5687477518618 20.5687477518618 0.0
15.3 30.0 30.0 22.505150681037932 20.519654223250058 20.519654223250058 20.519654223250058 20.519654223250058 20.519654223250058 20.519654223250058 20.519654223250058 0.0
15.4 30.0 30.0 23.105150681037934 20.470560694638316 20.470560694638316 20.470560694638316 20.470560694638316 20.470560694638316 20.470560694638316 20.470560694638316 0.0
15.5 30.0 30.0 23.705150681037935 20.421467166026574 20.421467166026574 20.421467166026574 20.421467166026574 20.421467166026574 20.421467166026574 20.421467166026574 0.0
15.6 30.0 30.0 24.305150681037937 20.421467166026574 20.37237363741483 20.37237363741483 20.37237363741483 20.37237363741483 20.37237363741483 20.37237363741483 0.0
15.7 30.0 30.0 24.905150681037938 20.421467166026574 20.32328010880309 20.32328010880309 20.32328010880309 20.32328010880309 20.32328010880309 20.32328010880309 0.0
15.8 30.0 30.0 25.50515068103794 20.421467166026574 20.274186580191348 20.274186580191348 20.274186580191348 20.274186580191348 20.274186580191348 20.274186580191348 0.0
15.9 30.0 30.0 26.10515068103794 20.421467166026574 20.225093051579606 20.225093051579606 20.225093051579606 20.225093051579606 20.225093051579606 20.225093051579606 0.0
16.0 30.0 30.0 26.705150681037942 20.421467166026574 20.175999522967864 20.175999522967864 20.175999522967864 20.175999522967864 20.175999522967864 20.175999522967864 0.0
16.1 30.0 30.0 27.305150681037944 20.421467166026574 20.12690599435612 20.12690599435612 20.12690599435612 20.12690599435612 20.12690599435612 20.12690599435612 0.0
16.2 30.0 30.0 27.905150681037945 20.421467166026574 20.07781246574438 20.07781246574438 20.07781246574438 20.07781246574438 20.07781246574438 20.07781246574438 0.0
16.3 30.0 30.0 28.505150681037946 20.421467166026574 20.028718937132638 20.028718937132638 20.028718937132638 20.028718937132638 20.028718937132638 20.028718937132638 0.0
16.4 30.0 30.0 29.105150681037948 20.421467166026574 19.979625408520896 19.979625408520896 19.979625408520896 19.979625408520896 19.979625408520896 19.979625408520896 0.0
16.5 30.0 30.0 29.70515068103795 20.421467166026574 19.930531879909154 19.930531879909154 19.930531879909154 19.930531879909154 19.930531879909154 19.930531879909154 0.0
16.6 30.0 30.0 30.0 20.421467166026574 19.88143835129741 19.88143835129741 19.88143835129741 19.88143835129741 19.88143835129741 19.88143835129741 0.0
16.7 30.0 30.0 30.0 20.421467166026574 19.83234482268567 19.83234482268567 19.83234482268567 19.83234482268567 19.83234482268567 19.83234482268567 0.0
16.8 30.0 30.0 30.0 20.421467166026574 19.783251294073928 19.783251294073928 19.783251294073928 19.783251294073928 19.783251294073928 19.783251294073928 0.0
16.9 30.0 30.0 30.0 20.421467166026574 19.734157765462186 19.734157765462186 19.734157765462186 19.734157765462186 19.734157765462186 19.734157765462186 0.0
17.0 30.0 30.0 30.0 21.021467166026575 19.685064236850444 19.685064236850444 19.685064236850444 19.685064236850444 19.685064236850444 19.685064236850444 0.0
17.1 30.0 30.0 30.0 21.621467166026576 19.635970708238702 19.635970708238702 19.635970708238702 19.635970708238702 19.635970708238702 19.635970708238702 0.0
17.2 30.0 30.0 30.0 22.221467166026578 19.58687717962696 19.58687717962696 19.58687717962696 19.58687717962696 19.58687717962696 19.58687717962696 0.0
17.3 30.0 30.0 30.0 22.82146716602658 19.537783651015218 19.537783651015218 19.537783651015218 19.537783651015218 19.537783651015218 19.537783651015218 0.0
17.4 30.0 30.0 30.0 23.42146716602658 19.537783651015218 19.488690122403476 19.488690122403476 19.488690122403476 19.488690122403476 19.488690122403476 0.0
17.5 30.0 30.0 30.0 24.021467166026582 19.537783651015218 19.439596593791734 19.439596593791734 19.439596593791734 19.439596593791734 19.439596593791734 0.0
17.6 30.0 30.0 30.0 24.621467166026584 19.537783651015218 19.390503065179992 19.390503065179992 19.390503065179992 19.390503065179992 19.390503065179992 0.0
17.7 30.0 30.0 30.0 25.221467166026585 19.537783651015218 19.34140953656825 19.34140953656825 19.34140953656825 19.34140953656825 19.34140953656825 0.0
17.8 30.0 30.0 30.0 25.821467166026586 19.537783651015218 19.292316007956508 19.292316007956508 19.292316007956508 19.292316007956508 19.292316007956508 0.0
17.9 30.0 30.0 30.0 26.421467166026588 19.537783651015218 19.243222479344766 19.243222479344766 19.243222479344766 19.243222479344766 19.243222479344766 0.0
18.0 30.0 30.0 30.0 27.02146716602659 19.537783651015218 19.194128950733024 19.194128950733024 19.194128950733024 19.194128950733024 19.194128950733024 0.0
18.1 30.0 30.0 30.0 27.62146716602659 19.537783651015218 19.145035422121282 19.145035422121282 19.145035422121282 19.145035422121282 19.145035422121282 0.0
18.2 30.0 30.0 30.0 28.221467166026592 19.537783651015218 19.09594189350954 19.09594189350954 19.09594189350954 19.09594189350954 19.09594189350954 0.0
18.3 30.0 30.0 30.0 28.821467166026594 19.537783651015218 19.046848364897798 19.046848364897798 19.046848364897798 19.046848364897798 19.046848364897798 0.0
18.4 30.0 30.0 30.0 29.421467166026595 19.537783651015218 18.997754836286056 18.997754836286056 18.997754836286056 18.997754836286056 18.997754836286056 0.0
18.5 30.0 30.0 30.0 30.0 19.537783651015218 18.948661307674314 18.948661307674314 18.948661307674314 18.948661307674314 18.948661307674314 0.0
18.6 30.0 30.0 30.0 30.0 19.537783651015218 18.899567779062572 18.899567779062572 18.899567779062572 18.899567779062572 18.899567779062572 0.0
18.7 30.0 30.0 30.0 30.0 19.537783651015218 18.85047425045083 18.85047425045083 18.85047425045083 18.85047425045083 18.85047425045083 0.0
18.8 30.0 30.0 30.0 30.0 20.13778365101522 18.801380721839088 18.801380721839088 18.801380721839088 18.801380721839088 18.801380721839088 0.0
18.9 30.0 30.0 30.0 30.0 20.73778365101522 18.752287193227346 18.752287193227346 18.752287193227346 18.752287193227346 18.752287193227346 0.0
19.0 30.0 30.0 30.0 30.0 21.337783651015222 18.703193664615604 18.703193664615604 18.703193664615604 18.703193664615604 18.703193664615604 0.0
19.1 30.0 30.0 30.0 30.0 21.937783651015224 18.654100136003862 18.654100136003862 18.654100136003862 18.654100136003862 18.654100136003862 0.0
19.2 30.0 30.0 30.0 30.0 22.537783651015225 18.654100136003862 18.60500660739212 18.60500660739212 18.60500660739212 18.60500660739212 0.0
19.3 30.0 30.0 30.0 30.0 23.137783651015226 18.654100136003862 18.555913078780378 18.555913078780378 18.555913078780378 18.555913078780378 0.0
19.4 30.0 30.0 30.0 30.0 23.737783651015228 18.654100136003862 18.506819550168636 18.506819550168636 18.506819550168636 18.506819550168636 0.0
19.5 30.0 30.0 30.0 30.0 24.33778365101523 18.654100136003862 18.457726021556894 18.457726021556894 18.457726021556894 18.457726021556894 0.0
19.6 30.0 30.0 30.0 30.0 24.93778365101523 18.654100136003862 18.408632492945152 18.408632492945152 18.408632492945152 18.408632492945152 0.0
19.7 30.0 30.0 30.0 30.0 25.537783651015232 18.654100136003862 18.35953896433341 18.35953896433341 18.35953896433341 18.35953896433341 0.0
19.8 30.0 30.0 30.0 30.0 26.137783651015233 18.654100136003862 18.310445435721668 18.310445435721668 18.310445435721668 18.310445435721668 0.0
19.9 30.0 30.0 30.0 30.0 26.737783651015235 18.654100136003862 18.261351907109926 18.261351907109926 18.261351907109926 18.261351907109926 0.0
20.0 30.0 30.0 30.0 30.0 27.337783651015236 18.654100136003862 18.212258378498184 18.212258378498184 18.212258378498184 18.212258378498184 0.0
20.1 30.0 30.0 30.0 30.0 27.937783651015238 18.654100136003862 18.163164849886442 18.163164849886442 18.163164849886442 18.163164849886442 0.0
20.2 30.0 30.0 30.0 30.0 28.53778365101524 18.654100136003862 18.1140713212747 18.1140713212747 18.1140713212747 18.1140713212747 0.0
20.3 30.0 30.0 30.0 30.0 29.13778365101524 18.654100136003862 18.064977792662958 18.064977792662958 18.064977792662958 18.064977792662958 0.0
20.4 30.0 30.0 30.0 30.0 29.737783651015242 18.654100136003862 18.015884264051216 18.015884264051216 18.015884264051216 18.015884264051216 0.0
20.5 30.0 30.0 30.0 30.0 30.0 18.654100136003862 17.966790735439474 17.966790735439474 17.966790735439474 17.966790735439474 0.0
20.6 30.0 30.0 30.0 30.0 30.0 19.254100136003863 17.917697206827732 17.917697206827732 17.917697206827732 17.917697206827732 0.0
20.7 30.0 30.0 30.0 30.0 30.0 19.854100136003865 17.86860367821599 17.86860367821599 17.86860367821599 17.86860367821599 0.0
20.8 30.0 30.0 30.0 30.0 30.0 20.454100136003866 17.81951014960425 17.81951014960425 17.81951014960425 17.81951014960425 0.0
20.9 30.0 30.0 30.0 30.0 30.0 21.054100136003868 17.770416620992506 17.770416620992506 17.770416620992506 17.770416620992506 0.0
21.0 30.0 30.0 30.0 30.0 30.0 21.65410013600387 17.770416620992506 17.721323092380764 17.721323092380764 17.721323092380764 0.0
21.1 30.0 30.0 30.0 30.0 30.0 22.25410013600387 17.770416620992506 17.672229563769022 17.672229563769022 17.672229563769022 0.0
21.2 30.0 30.0 30.0 30.0 30.0 22.854100136003872 17.770416620992506 17.62313603515728 17.62313603515728 17.62313603515728 0.0
21.3 30.0 30.0 30.0 30.0 30.0 23.454100136003873 17.770416620992506 17.57404250654554 17.57404250654554 17.57404250654554 0.0
21.4 30.0 30.0 30.0 30.0 30.0 24.054100136003875 17.770416620992506 17.524948977933796 17.524948977933796 17.524948977933796 0.0
21.5 30.0 30.0 30.0 30.0 30.0 24.654100136003876 17.770416620992506 17.475855449322054 17.475855449322054 17.475855449322054 0.0
21.6 30.0 30.0 30.0 30.0 30.0 25.254100136003878 17.770416620992506 17.426761920710312 17.426761920710312 17.426761920710312 0.0
21.7 30.0 30.0 30.0 30.0 30.0 25.85410013600388 17.770416620992506 17.37766839209857 17.37766839209857 17.37766839209857 0.0
21.8 30.0 30.0 30.0 30.0 30.0 26.45410013600388 17.770416620992506 17.32857486348683 17.32857486348683 17.32857486348683 0.0
21.9 30.0 30.0 30.0 30.0 30.0 27.054100136003882 17.770416620992506 17.279481334875086 17.279481334875086 17.279481334875086 0.0
22.0 30.0 30.0 30.0 30.0 30.0 27.654100136003883 17.770416620992506 17.230387806263344 17.230387806263344 17.230387806263344 0.0
22.1 30.0 30.0 30.0 30.0 30.0 28.254100136003885 17.770416620992506 17.181294277651602 17.181294277651602 17.181294277651602 0.0
22.2 30.0 30.0 30.0 30.0 30.0 28.854100136003886 17.770416620992506 17.13220074903986 17.13220074903986 17.13220074903986 0.0
22.3 30.0 30.0 30.0 30.0 30.0 29.454100136003888 17.770416620992506 17.08310722042812 17.08310722042812 17.08310722042812 0.0
22.4 30.0 30.0 30.0 30.0 30.0 30.0 18.370416620992508 17.034013691816376 17.034013691816376 17.034013691816376 0.0
22.5 30.0 30.0 30.0 30.0 30.0 30.0 18.97041662099251 16.984920163204634 16.984920163204634 16.984920163204634 0.0
22.6 30.0 30.0 30.0 30.0 30.0 30.0 19.57041662099251 16.935826634592893 16.935826634592893 16.935826634592893 0.0
22.7 30.0 30.0 30.0 30.0 30.0 30.0 20.170416620992512 16.88673310598115 16.88673310598115 16.88673310598115 0.0
22.8 30.0 30.0 30.0 30.0 30.0 30.0 20.770416620992513 16.88673310598115 16.83763957736941 16.83763957736941 0.0
22.9 30.0 30.0 30.0 30.0 30.0 30.0 21.370416620992515 16.88673310598115 16.788546048757667 16.788546048757667 0.0
23.0 30.0 30.0 30.0 30.0 30.0 30.0 21.970416620992516 16.88673310598115 16.739452520145925 16.739452520145925 0.0
23.1 30.0 30.0 30.0 30.0 30.0 30.0 22.570416620992518 16.88673310598115 16.690358991534183 16.690358991534183 0.0
23.2 30.0 30.0 30.0 30.0 30.0 30.0 23.17041662099252 16.88673310598115 16.64126546292244 16.64126546292244 0.0
23.3 30.0 30.0 30.0 30.0 30.0 30.0 23.77041662099252 16.88673310598115 16.5921719343107 16.5921719343107 0.0
23.4 30.0 30.0 30.0 30.0 30.0 30.0 24.370416620992522 16.88673310598115 16.543078405698957 16.543078405698957 0.0
23.5 30.0 30.0 30.0 30.0 30.0 30.0 24.970416620992523 16.88673310598115 16.493984877087215 16.493984877087215 0.0
23.6 30.0 30.0 30.0 30.0 30.0 30.0 25.570416620992525 16.88673310598115 16.444891348475473 16.444891348475473 0.0
23.7 30.0 30.0 30.0 30.0 30.0 30.0 26.170416620992526 16.88673310598115 16.39579781986373 16.39579781986373 0.0
23.8 30.0 30.0 30.0 30.0 30.0 30.0 26.770416620992528 16.88673310598115 16.34670429125199 16.34670429125199 0.0
23.9 30.0 30.0 30.0 30.0 30.0 30.0 27.37041662099253 16.88673310598115 16.297610762640247 16.297610762640247 0.0
24.0 30.0 30.0 30.0 30.0 30.0 30.0 27.97041662099253 16.88673310598115 16.248517234028505 16.248517234028505 0.0
24.1 30.0 30.0 30.0 30.0 30.0 30.0 28.570416620992532 16.88673310598115 16.199423705416763 16.199423705416763 0.0
24.2 30.0 30.0 30.0 30.0 30.0 30.0 29.170416620992533 17.486733105981152 16.15033017680502 16.15033017680502 0.0
24.3 30.0 30.0 30.0 30.0 30.0 30.0 29.770416620992535 18.086733105981153 16.10123664819328 16.10123664819328 0.0
24.4 30.0 30.0 30.0 30.0 30.0 30.0 30.0 18.686733105981155 16.052143119581537 16.052143119581537 0.0
24.5 30.0 30.0 30.0 30.0 30.0 30.0 30.0 19.286733105981156 16.003049590969795 16.003049590969795 0.0
24.6 30.0 30.0 30.0 30.0 30.0 30.0 30.0 19.886733105981158 16.003049590969795 15.953956062358053 0.0
24.7 30.0 30.0 30.0 30.0 30.0 30.0 30.0 20.48673310598116 16.003049590969795 15.90486253374631 0.0
24.8 30.0 30.0 30.0 30.0 30.0 30.0 30.0 21.08673310598116 16.003049590969795 15.855769005134569 0.0
24.9 30.0 30.0 30.0 30.0 30.0 30.0 30.0 21.686733105981162 16.003049590969795 15.806675476522827 0.0
25.0 30.0 30.0 30.0 30.0 30.0 30.0 30.0 22.286733105981163 16.003049590969795 15.757581947911085 0.0
25.1 30.0 30.0 30.0 30.0 30.0 30.0 30.0 22.886733105981165 16.003049590969795 15.708488419299343 0.0
25.2 30.0 30.0 30.0 30.0 30.0 30.0 30.0 23.486733105981166 16.003049590969795 15.6593948906876 0.0
25.3 30.0 30.0 30.0 30.0 30.0 30.0 30.0 24.086733105981168 16.003049590969795 15.610301362075859 0.0
25.4 30.0 30.0 30.0 30.0 30.0 30.0 30.0 24.68673310598117 16.003049590969795 15.561207833464117 0.0
25.5 30.0 30.0 30.0 30.0 30.0 30.0 30.0 25.28673310598117 16.003049590969795 15.512114304852375 0.0
25.6 30.0 30.0 30.0 30.0 30.0 30.0 30.0 25.886733105981172 16.003049590969795 15.463020776240633 0.0
25.7 30.0 30.0 30.0 30.0 30.0 30.0 30.0 26.486733105981173 16.003049590969795 15.41392724762889 0.0
25.8 30.0 30.0 30.0 30.0 30.0 30.0 30.0 27.086733105981175 16.003049590969795 15.364833719017149 0.0
25.9 30.0 30.0 30.0 30.0 30.0 30.0 30.0 27.686733105981176 16.003049590969795 15.315740190405407 0.0
26.0 30.0 30.0 30.0 30.0 30.0 30.0 30.0 28.286733105981178 16.603049590969796 15.266646661793665 0.0
26.1 30.0 30.0 30.0 30.0 30.0 30.0 30.0 28.88673310598118 17.203049590969798 15.217553133181923 0.0
26.2 30.0 30.0 30.0 30.0 30.0 30.0 30.0 29.48673310598118 17.8030495909698 15.168459604570181 0.0
26.3 30.0 30.0 30.0 30.0 30.0 30.0 30.0 30.0 18.4030495909698 15.119366075958439 0.0
26.4 30.0 30.0 30.0 30.0 30.0 30.0 30.0 30.0 19.003049590969802 15.119366075958439 0.0
26.5 30.0 30.0 30.0 30.0 30.0 30.0 30.0 30.0 19.603049590969803 15.119366075958439 0.0
26.6 30.0 30.0 30.0 30.0 30.0 30.0 30.0 30.0 20.203049590969805 15.119366075958439 0.0
26.7 30.0 30.0 30.0 30.0 30.0 30.0 30.0 30.0 20.803049590969806 15.119366075958439 0.0
26.8 30.0 30.0 30.0 30.0 30.0 30.0 30.0 30.0 21.403049590969808 15.119366075958439 0.0
26.9 30.0 30.0 30.0 30.0 30.0 30.0 30.0 30.0 22.00304959096981 15.119366075958439 0.0
27.0 30.0 30.0 30.0 30.0 30.0 30.0 30.0 30.0 22.60304959096981 15.119366075958439 0.0
27.1 30.0 30.0 30.0 30.0 30.0 30.0 30.0 30.0 23.203049590969812 15.119366075958439 0.0
27.2 30.0 30.0 30.0 30.0 30.0 30.0 30.0 30.0 23.803049590969813 15.119366075958439 0.0
27.3 30.0 30.0 30.0 30.0 30.0 30.0 30.0 30.0 24.403049590969815 15.119366075958439 0.0
27.4 30.0 30.0 30.0 30.0 30.0 30.0 30.0 30.0 25.003049590969816 15.119366075958439 0.0
27.5 30.0 30.0 30.0 30.0 30.0 30.0 30.0 30.0 25.603049590969817 15.119366075958439 0.0
27.6 30.0 30.0 30.0 30.0 30.0 30.0 30.0 30.0 26.20304959096982 15.119366075958439 0.0
27.7 30.0 30.0 30.0 30.0 30.0 30.0 30.0 30.0 26.80304959096982 15.119366075958439 0.0
27.8 30.0 30.0 30.0 30.0 30.0 30.0 30.0 30.0 27.40304959096982 15.719366075958439 0.0
27.9 30.0 30.0 30.0 30.0 30.0 30.0 30.0 30.0 28.003049590969823 16.31936607595844 0.0
28.0 30.0 30.0 30.0 30.0 30.0 30.0 30.0 30.0 28.603049590969825 16.91936607595844 0.0
28.1 30.0 30.0 30.0 30.0 30.0 30.0 30.0 30.0 29.203049590969826 17.51936607595844 0.0
28.2 30.0 30.0 30.0 30.0 30.0 30.0 30.0 30.0 29.803049590969827 18.119366075958443 0.0
28.3 30.0 30.0 30.0 30.0 30.0 30.0 30.0 30.0 30.0 18.719366075958444 0.0
28.4 30.0 30.0 30.0 30.0 30.0 30.0 30.0 30.0 30.0 19.319366075958445 0.0
28.5 30.0 30.0 30.0 30.0 30.0 30.0 30.0 30.0 30.0 19.919366075958447 0.0
28.6 30.0 30.0 30.0 30.0 30.0 30.0 30.0 30.0 30.0 20.519366075958448 0.0
28.7 30.0 30.0 30.0 30.0 30.0 30.0 30.0 30.0 30.0 21.11936607595845 0.0
28.8 30.0 30.0 30.0 30.0 30.0 30.0 30.0 30.0 30.0 21.71936607595845 0.0
28.9 30.0 30.0 30.0 30.0 30.0 30.0 30.0 30.0 30.0 22.319366075958452 0.0
29.0 30.0 30.0 30.0 30.0 30.0 30.0 30.0 30.0 30.0 22.919366075958454 0.0
29.1 30.0 30.0 30.0 30.0 30.0 30.0 30.0 30.0 30.0 23.519366075958455 0.0
29.2 30.0 30.0 30.0 30.0 30.0 30.0 30.0 30.0 30.0 24.119366075958457 0.0
29.3 30.0 30.0 30.0 30.0 30.0 30.0 30.0 30.0 30.0 24.719366075958458 0.0
29.4 30.0 30.0 30.0 30.0 30.0 30.0 30.0 30.0 30.0 25.31936607595846 0.0
29.5 30.0 30.0 30.0 30.0 30.0 30.0 30.0 30.0 30.0 25.91936607595846 0.0
29.6 30.0 30.0 30.0 30.0 30.0 30.0 30.0 30.0 30.0 26.519366075958462 0.0
29.7 30.0 30.0 30.0 30.0 30.0 30.0 30.0 30.0 30.0 27.119366075958464 0.0
29.8 30.0 30.0 30.0 30.0 30.0 30.0 30.0 30.0 30.0 27.719366075958465 0.0
29.9 30.0 30.0 30.0 30.0 30.0 30.0 30.0 30.0 30.0 28.319366075958467 0.0
30.0 30.0 30.0 30.0 30.0 30.0 30.0 30.0 30.0 30.0 28.919366075958468 0.0
30.1 30.0 30.0 30.0 30.0 30.0 30.0 30.0 30.0 30.0 29.51936607595847 0.0
30.2 30.0 30.0 30.0 30.0 30.0 30.0 30.0 30.0 30.0 30.0 0.0
30.3 30.0 30.0 30.0 30.0 30.0 30.0 30.0 30.0 30.0 30.0 0.0
30.4 30.0 30.0 30.0 30.0 30.0 30.0 30.0 30.0 30.0 30.0 0.0
30.5 30.0 30.0 30.0 30.0 30.0 30.0 30.0 30.0 30.0 30.0 0.0
30.6 30.0 30.0 30.0 30.0 30.0 30.0 30.0 30.0 30.0 30.0 0.0
30.7 30.0 30.0 30.0 30.0 30.0 30.0 30.0 30.0 30.0 30.0 0.0
30.8 30.0 30.0 30.0 30.0 30.0 30.0 30.0 30.0 30.0 30.0 0.0
30.9 30.0 30.0 30.0 30.0 30.0 30.0 30.0 30.0 30.0 30.0 0.0
31.0 30.0 30.0 30.0 30.0 30.0 30.0 30.0 30.0 30.0 30.0 0.0
31.1 30.0 30.0 30.0 30.0 30.0 30.0 30.0 30.0 30.0 30.0 0.0
31.2 30.0 30.0 30.0 30.0 30.0 30.0 30.0 30.0 30.0 30.0 0.0
31.3 30.0 30.0 30.0 30.0 30.0 30.0 30.0 30.0 30.0 30.0 0.0
31.4 30.0 30.0 30.0 30.0 30.0 30.0 30.0 30.0 30.0 30.0 0.0
31.5 30.0 30.0 30.0 30.0 30.0 30.0 30.0 30.0 30.0 30.0 0.0
31.6 30.0 30.0 30.0 30.0 30.0 30.0 30.0 30.0 30.0 30.0 0.0
31.7 30.0 30.0 30.0 30.0 30.0 30.0 30.0 30.0 30.0 30.0 0.0
31.8 30.0 30.0 30.0 30.0 30.0 30.0 30.0 30.0 30.0 30.0 0.0
31.9 30.0 30.0 30.0 30.0 30.0 30.0 30.0 30.0 30.0 30.0 0.0
32.0 30.0 30.0 30.0 30.0 30.0 30.0 30.0 30.0 30.0 30.0 0.0
32.1 30.0 30.0 30.0 30.0 30.0 30.0 30.0 30.0 30.0 30.0 0.0
32.2 30.0 30.0 30.0 30.0 30.0 30.0 30.0 30.0 30.0 30.0 0.0
32.3 30.0 30.0 30.0 30.0 30.0 30.0 30.0 30.0 30.0 30.0 0.0
32.4 30.0 30.0 30.0 30.0 30.0 30.0 30.0 30.0 30.0 30.0 0.0
32.5 30.0 30.0 30.0 30.0 30.0 30.0 30.0 30.0 30.0 30.0 0.0
32.6 30.0 30.0 30.0 30.0 30.0 30.0 30.0 30.0 30.0 30.0 0.0
32.7 30.0 30.0 30.0 30.0 30.0 30.0 30.0 30.0 30.0 30.0 0.0
32.8 30.0 30.0 30.0 30.0 30.0 30.0 30.0 30.0 30.0 30.0 0.0
32.9 30.0 30.0 30.0 30.0 30.0 30.0 30.0 30.0 30.0 30.0 0.0
33.0 30.0 30.0 30.0 30.0 30.0 30.0 30.0 30.0 30.0 30.0 0.0
33.1 30.0 30.0 30.0 30.0 30.0 30.0 30.0 30.0 30.0 30.0 0.0
33.2 30.0 30.0 30.0 30.0 30.0 30.0 30.0 30.0 30.0 30.0 0.0
33.3 30.0 30.0 30.0 30.0 30.0 30.0 30.0 30.0 30.0 30.0 0.0
33.4 30.0 30.0 30.0 30.0 30.0 30.0 30.0 30.0 30.0 30.0 0.0
33.5 30.0 30.0 30.0 30.0 30.0 30.0 30.0 30.0 30.0 30.0 0.0
33.6 30.0 30.0 30.0 30.0 30.0 30.0 30.0 30.0 30.0 30.0 0.0
33.7 30.0 30.0 30.0 30.0 30.0 30.0 30.0 30.0 30.0 30.0 0.0
33.8 30.0 30.0 30.0 30.0 30.0 30.0 30.0 30.0 30.0 30.0 0.0
33.9 30.0 30.0 30.0 30.0 30.0 30.0 30.0 30.0 30.0 30.0 0.0
34.0 30.0 30.0 30.0 30.0 30.0 30.0 30.0 30.0 30.0 30.0 0.0
34.1 30.0 30.0 30.0 30.0 30.0 30.0 30.0 30.0 30.0 30.0 0.0
34.2 30.0 30.0 30.0 30.0 30.0 30.0 30.0 30.0 30.0 30.0 0.0
34.3 30.0 30.0 30.0 30.0 30.0 30.0 30.0 30.0 30.0 30.0 0.0
34.4 30.0 30.0 30.0 30.0 30.0 30.0 30.0 30.0 30.0 30.0 0.0
34.5 30.0 30.0 30.0 30.0 30.0 30.0 30.0 30.0 30.0 30.0 0.0
34.6 30.0 30.0 30.0 30.0 30.0 30.0 30.0 30.0 30.0 30.0 0.0
34.7 30.0 30.0 30.0 30.0 30.0 30.0 30.0 30.0 30.0 30.0 0.0
34.8 30.0 30.0 30.0 30.0 30.0 30.0 30.0 30.0 30.0 30.0 0.0
34.9 30.0 30.0 30.0 30.0 30.0 30.0 30.0 30.0 30.0 30.0 0.0
35.0 30.0 30.0 30.0 30.0 30.0 30.0 30.0 30.0 30.0 30.0 0.0
35.1 30.0 30.0 30.0 30.0 30.0 30.0 30.0 30.0 30.0 30.0 0.0
35.2 30.0 30.0 30.0 30.0 30.0 30.0 30.0 30.0 30.0 30.0 0.0
35.3 30.0 30.0 30.0 30.0 30.0 30.0 30.0 30.0 30.0 30.0 0.0
35.4 30.0 30.0 30.0 30.0 30.0 30.0 30.0 30.0 30.0 30.0 0.0
35.5 30.0 30.0 30.0 30.0 30.0 30.0 30.0 30.0 30.0 30.0 0.0
35.6 30.0 30.0 30.0 30.0 30.0 30.0 30.0 30.0 30.0 30.0 0.0
35.7 30.0 30.0 30.0 30.0 30.0 30.0 30.0 30.0 30.0 30.0 0.0
35.8 30.0 30.0 30.0 30.0 30.0 30.0 30.0 30.0 30.0 30.0 0.0
35.9 30.0 30.0 30.0 30.0 30.0 30.0 30.0 30.0 30.0 30.0 0.0
36.0 30.0 30.0 30.0 30.0 30.0 30.0 30.0 30.0 30.0 30.0 0.0
36.1 30.0 30.0 30.0 30.0 30.0 30.0 30.0 30.0 30.0 30.0 0.0
36.2 30.0 30.0 30.0 30.0 30.0 30.0 30.0 30.0 30.0 30.0 0.0
36.3 30.0 30.0 30.0 30.0 30.0 30.0 30.0 30.0 30.0 30.0 0.0
36.4 30.0 30.0 30.0 30.0 30.0 30.0 30.0 30.0 30.0 30.0 0.0
36.5 30.0 30.0 30.0 30.0 30.0 30.0 30.0 30.0 30.0 30.0 0.0
36.6 30.0 30.0 30.0 30.0 30.0 30.0 30.0 30.0 30.0 30.0 0.0
36.7 30.0 30.0 30.0 30.0 30.0 30.0 30.0 30.0 30.0 30.0 0.0
36.8 30.0 30.0 30.0 30.0 30.0 30.0 30.0 30.0 30.0 30.0 0.0
36.9 30.0 30.0 30.0 30.0 30.0 30.0 30.0 30.0 30.0 30.0 0.0
37.0 30.0 30.0 30.0 30.0 30.0 30.0 30.0 30.0 30.0 30.0 0.0
37.1 30.0 30.0 30.0 30.0 30.0 30.0 30.0 30.0 30.0 30.0 0.0
37.2 30.0 30.0 30.0 30.0 30.0 30.0 30.0 30.0 30.0 30.0 0.0
37.3 30.0 30.0 30.0 30.0 30.0 30.0 30.0 30.0 30.0 30.0 0.0
37.4 30.0 30.0 30.0 30.0 30.0 30.0 30.0 30.0 30.0 30.0 0.0
37.5 30.0 30.0 30.0 30.0 30.0 30.0 30.0 30.0 30.0 30.0 0.0
37.6 30.0 30.0 30.0 30.0 30.0 30.0 30.0 30.0 30.0 30.0 0.0
37.7 30.0 30.0 30.0 30.0 30.0 30.0 30.0 30.0 30.0 30.0 0.0
37.8 30.0 30.0 30.0 30.0 30.0 30.0 30.0 30.0 30.0 30.0 0.0
37.9 30.0 30.0 30.0 30.0 30.0 30.0 30.0 30.0 30.0 30.0 0.0
38.0 30.0 30.0 30.0 30.0 30.0 30.0 30.0 30.0 30.0 30.0 0.0
38.1 30.0 30.0 30.0 30.0 30.0 30.0 30.0 30.0 30.0 30.0 0.0
38.2 30.0 30.0 30.0 30.0 30.0 30.0 30.0 30.0 30.0 30.0 0.0
38.3 30.0 30.0 30.0 30.0 30.0 30.0 30.0 30.0 30.0 30.0 0.0
38.4 30.0 30.0 30.0 30.0 30.0 30.0 30.0 30.0 30.0 30.0 0.0
38.5 30.0 30.0 30.0 30.0 30.0 30.0 30.0 30.0 30.0 30.0 0.0
38.6 30.0 30.0 30.0 30.0 30.0 30.0 30.0 30.0 30.0 30.0 0.0
38.7 30.0 30.0 30.0 30.0 30.0 30.0 30.0 30.0 30.0 30.0 0.0
38.8 30.0 30.0 30.0 30.0 30.0 30.0 30.0 30.0 30.0 30.0 0.0
38.9 30.0 30.0 30.0 30.0 30.0 30.0 30.0 30.0 30.0 30.0 0.0
39.0 30.0 30.0 30.0 30.0 30.0 30.0 30.0 30.0 30.0 30.0 0.0
39.1 30.0 30.0 30.0 30.0 30.0 30.0 30.0 30.0 30.0 30.0 0.0
39.2 30.0 30.0 30.0 30.0 30.0 30.0 30.0 30.0 30.0 30.0 0.0
39.3 30.0 30.0 30.0 30.0 30.0 30.0 30.0 30.0 30.0 30.0 0.0
39.4 30.0 30.0 30.0 30.0 30.0 30.0 30.0 30.0 30.0 30.0 0.0
39.5 30.0 30.0 30.0 30.0 30.0 30.0 30.0 30.0 30.0 30.0 0.0
39.6 30.0 30.0 30.0 30.0 30.0 30.0 30.0 30.0 30.0 30.0 0.0
39.7 30.0 30.0 30.0 30.0 30.0 30.0 30.0 30.0 30.0 30.0 0.0
39.8 30.0 30.0 30.0 30.0 30.0 30.0 30.0 30.0 30.0 30.0 0.0
39.9 30.0 30.0 30.0 30.0 30.0 30.0 30.0 30.0 30.0 30.0 0.0
40.0 30.0 30.0 30.0 30.0 30.0 30.0 30.0 30.0 30.0 30.0 0.0
40.1 30.0 30.0 30.0 30.0 30.0 30.0 30.0 30.0 30.0 30.0 0.0
40.2 30.0 30.0 30.0 30.0 30.0 30.0 30.0 30.0 30.0 30.0 0.0
40.3 30.0 30.0 30.0 30.0 30.0 30.0 30.0 30.0 30.0 30.0 0.0
40.4 30.0 30.0 30.0 30.0 30.0 30.0 30.0 30.0 30.0 30.0 0.0
40.5 30.0 30.0 30.0 30.0 30.0 30.0 30.0 30.0 30.0 30.0 0.0
40.6 30.0 30.0 30.0 30.0 30.0 30.0 30.0 30.0 30.0 30.0 0.0
40.7 30.0 30.0 30.0 30.0 30.0 30.0 30.0 30.0 30.0 30.0 0.0
40.8 30.0 30.0 30.0 30.0 30.0 30.0 30.0 30.0 30.0 30.0 0.0
40.9 30.0 30.0 30.0 30.0 30.0 30.0 30.0 30.0 30.0 30.0 0.0
41.0 30.0 30.0 30.0 30.0 30.0 30.0 30.0 30.0 30.0 30.0 0.0
41.1 30.0 30.0 30.0 30.0 30.0 30.0 30.0 30.0 30.0 30.0 0.0
41.2 30.0 30.0 30.0 30.0 30.0 30.0 30.0 30.0 30.0 30.0 0.0
41.3 30.0 30.0 30.0 30.0 30.0 30.0 30.0 30.0 30.0 30.0 0.0
41.4 30.0 30.0 30.0 30.0 30.0 30.0 30.0 30.0 30.0 30.0 0.0
41.5 30.0 30.0 30.0 30.0 30.0 30.0 30.0 30.0 30.0 30.0 0.0
41.6 30.0 30.0 30.0 30.0 30.0 30.0 30.0 30.0 30.0 30.0 0.0
41.7 30.0 30.0 30.0 30.0 30.0 30.0 30.0 30.0 30.0 30.0 0.0
41.8 30.0 30.0 30.0 30.0 30.0 30.0 30.0 30.0 30.0 30.0 0.0
41.9 30.0 30.0 30.0 30.0 30.0 30.0 30.0 30.0 30.0 30.0 0.0
42.0 30.0 30.0 30.0 30.0 30.0 30.0 30.0 30.0 30.0 30.0 0.0
42.1 30.0 30.0 30.0 30.0 30.0 30.0 30.0 30.0 30.0 30.0 0.0
42.2 30.0 30.0 30.0 30.0 30.0 30.0 30.0 30.0 30.0 30.0 0.0
42.3 30.0 30.0 30.0 30.0 30.0 30.0 30.0 30.0 30.0 30.0 0.0
42.4 30.0 30.0 30.0 30.0 30.0 30.0 30.0 30.0 30.0 30.0 0.0
42.5 30.0 30.0 30.0 30.0 30.0 30.0 30.0 30.0 30.0 30.0 0.0
42.6 30.0 30.0 30.0 30.0 30.0 30.0 30.0 30.0 30.0 30.0 0.0
42.7 30.0 30.0 30.0 30.0 30.0 30.0 30.0 30.0 30.0 30.0 0.0
42.8 30.0 30.0 30.0 30.0 30.0 30.0 30.0 30.0 30.0 30.0 0.0
42.9 30.0 30.0 30.0 30.0 30.0 30.0 30.0 30.0 30.0 30.0 0.0
43.0 30.0 30.0 30.0 30.0 30.0 30.0 30.0 30.0 30.0 30.0 0.0
43.1 30.0 30.0 30.0 30.0 30.0 30.0 30.0 30.0 30.0 30.0 0.0
43.2 30.0 30.0 30.0 30.0 30.0 30.0 30.0 30.0 30.0 30.0 0.0
43.3 30.0 30.0 30.0 30.0 30.0 30.0 30.0 30.0 30.0 30.0 0.0
43.4 30.0 30.0 30.0 30.0 30.0 30.0 30.0 30.0 30.0 30.0 0.0
43.5 30.0 30.0 30.0 30.0 30.0 30.0 30.0 30.0 30.0 30.0 0.0
43.6 30.0 30.0 30.0 30.0 30.0 30.0 30.0 30.0 30.0 30.0 0.0
43.7 30.0 30.0 30.0 30.0 30.0 30.0 30.0 30.0 30.0 30.0 0.0
43.8 30.0 30.0 30.0 30.0 30.0 30.0 30.0 30.0 30.0 30.0 0.0
43.9 30.0 30.0 30.0 30.0 30.0 30.0 30.0 30.0 30.0 30.0 0.0
44.0 30.0 30.0 30.0 30.0 30.0 30.0 30.0 30.0 30.0 30.0 0.0
44.1 30.0 30.0 30.0 30.0 30.0 30.0 30.0 30.0 30.0 30.0 0.0
44.2 30.0 30.0 30.0 30.0 30.0 30.0 30.0 30.0 30.0 30.0 0.0
44.3 30.0 30.0 30.0 30.0 30.0 30.0 30.0 30.0 30.0 30.0 0.0
44.4 30.0 30.0 30.0 30.0 30.0 30.0 30.0 30.0 30.0 30.0 0.0
44.5 30.0 30.0 30.0 30.0 30.0 30.0 30.0 30.0 30.0 30.0 0.0
44.6 30.0 30.0 30.0 30.0 30.0 30.0 30.0 30.0 30.0 30.0 0.0
44.7 30.0 30.0 30.0 30.0 30.0 30.0 30.0 30.0 30.0 30.0 0.0
44.8 30.0 30.0 30.0 30.0 30.0 30.0 30.0 30.0 30.0 30.0 0.0
44.9 30.0 30.0 30.0 30.0 30.0 30.0 30.0 30.0 30.0 30.0 0.0
45.0 30.0 30.0 30.0 30.0 30.0 30.0 30.0 30.0 30.0 30.0 0.0
45.1 30.0 30.0 30.0 30.0 30.0 30.0 30.0 30.0 30.0 30.0 0.0
45.2 30.0 30.0 30.0 30.0 30.0 30.0 30.0 30.0 30.0 30.0 0.0
45.3 30.0 30.0 30.0 30.0 30.0 30.0 30.0 30.0 30.0 30.0 0.0
45.4 30.0 30.0 30.0 30.0 30.0 30.0 30.0 30.0 30.0 30.0 0.0
45.5 30.0 30.0 30.0 30.0 30.0 30.0 30.0 30.0 30.0 30.0 0.0
45.6 30.0 30.0 30.0 30.0 30.0 30.0 30.0 30.0 30.0 30.0 0.0
45.7 30.0 30.0 30.0 30.0 30.0 30.0 30.0 30.0 30.0 30.0 0.0
45.8 30.0 30.0 30.0 30.0 30.0 30.0 30.0 30.0 30.0 30.0 0.0
45.9 30.0 30.0 30.0 30.0 30.0 30.0 30.0 30.0 30.0 30.0 0.0
46.0 30.0 30.0 30.0 30.0 30.0 30.0 30.0 30.0 30.0 30.0 0.0
46.1 30.0 30.0 30.0 30.0 30.0 30.0 30.0 30.0 30.0 30.0 0.0
46.2 30.0 30.0 30.0 30.0 30.0 30.0 30.0 30.0 30.0 30.0 0.0
46.3 30.0 30.0 30.0 30.0 30.0 30.0 30.0 30.0 30.0 30.0 0.0
46.4 30.0 30.0 30.0 30.0 30.0 30.0 30.0 30.0 30.0 30.0 0.0
46.5 30.0 30.0 30.0 30.0 30.0 30.0 30.0 30.0 30.0 30.0 0.0
46.6 30.0 30.0 30.0 30.0 30.0 30.0 30.0 30.0 30.0 30.0 0.0
46.7 30.0 30.0 30.0 30.0 30.0 30.0 30.0 30.0 30.0 30.0 0.0
46.8 30.0 30.0 30.0 30.0 30.0 30.0 30.0 30.0 30.0 30.0 0.0
46.9 30.0 30.0 30.0 30.0 30.0 30.0 30.0 30.0 30.0 30.0 0.0
47.0 30.0 30.0 30.0 30.0 30.0 30.0 30.0 30.0 30.0 30.0 0.0
47.1 30.0 30.0 30.0 30.0 30.0 30.0 30.0 30.0 30.0 30.0 0.0
47.2 30.0 30.0 30.0 30.0 30.0 30.0 30.0 30.0 30.0 30.0 0.0
47.3 30.0 30.0 30.0 30.0 30.0 30.0 30.0 30.0 30.0 30.0 0.0
47.4 30.0 30.0 30.0 30.0 30.0 30.0 30.0 30.0 30.0 30.0 0.0
47.5 30.0 30.0 30.0 30.0 30.0 30.0 30.0 30.0 30.0 30.0 0.0
47.6 30.0 30.0 30.0 30.0 30.0 30.0 30.0 30.0 30.0 30.0 0.0
47.7 30.0 30.0 30.0 30.0 30.0 30.0 30.0 30.0 30.0 30.0 0.0
47.8 30.0 30.0 30.0 30.0 30.0 30.0 30.0 30.0 30.0 30.0 0.0
47.9 30.0 30.0 30.0 30.0 30.0 30.0 30.0 30.0 30.0 30.0 0.0
48.0 30.0 30.0 30.0 30.0 30.0 30.0 30.0 30.0 30.0 30.0 0.0
48.1 30.0 30.0 30.0 30.0 30.0 30.0 30.0 30.0 30.0 30.0 0.0
48.2 30.0 30.0 30.0 30.0 30.0 30.0 30.0 30.0 30.0 30.0 0.0
48.3 30.0 30.0 30.0 30.0 30.0 30.0 30.0 30.0 30.0 30.0 0.0
48.4 30.0 30.0 30.0 30.0 30.0 30.0 30.0 30.0 30.0 30.0 0.0
48.5 30.0 30.0 30.0 30.0 30.0 30.0 30.0 30.0 30.0 30.0 0.0
48.6 30.0 30.0 30.0 30.0 30.0 30.0 30.0 30.0 30.0 30.0 0.0
48.7 30.0 30.0 30.0 30.0 30.0 30.0 30.0 30.0 30.0 30.0 0.0
48.8 30.0 30.0 30.0 30.0 30.0 30.0 30.0 30.0 30.0 30.0 0.0
48.9 30.0 30.0 30.0 30.0 30.0 30.0 30.0 30.0 30.0 30.0 0.0
49.0 30.0 30.0 30.0 30.0 30.0 30.0 30.0 30.0 30.0 30.0 0.0
49.1 30.0 30.0 30.0 30.0 30.0 30.0 30.0 30.0 30.0 30.0 0.0
49.2 30.0 30.0 30.0 30.0 30.0 30.0 30.0 30.0 30.0 30.0 0.0
49.3 30.0 30.0 30.0 30.0 30.0 30.0 30.0 30.0 30.0 30.0 0.0
49.4 30.0 30.0 30.0 30.0 30.0 30.0 30.0 30.0 30.0 30.0 0.0
49.5 30.0 30.0 30.0 30.0 30.0 30.0 30.0 30.0 30.0 30.0 0.0
49.6 30.0 30.0 30.0 30.0 30.0 30.0 30.0 30.0 30.0 30.0 0.0
49.7 30.0 30.0 30.0 30.0 30.0 30.0 30.0 30.0 30.0 30.0 0.0
49.8 30.0 30.0 30.0 30.0 30.0 30.0 30.0 30.0 30.0 30.0 0.0
49.9 30.0 30.0 30.0 30.0 30.0 30.0 30.0 30.0 30.0 30.0 0.0
50.0 30.0 30.0 30.0 30.0 30.0 30.0 30.0 30.0 30.0 30.0 0.0
50.1 30.0 30.0 30.0 30.0 30.0 30.0 30.0 30.0 30.0 30.0 0.0
50.2 30.0 30.0 30.0 30.0 30.0 30.0 30.0 30.0 30.0 30.0 0.0
50.3 30.0 30.0 30.0 30.0 30.0 30.0 30.0 30.0 30.0 30.0 0.0
50.4 30.0 30.0 30.0 30.0 30.0 30.0 30.0 30.0 30.0 30.0 0.0
50.5 30.0 30.0 30.0 30.0 30.0 30.0 30.0 30.0 30.0 30.0 0.0
50.6 30.0 30.0 30.0 30.0 30.0 30.0 30.0 30.0 30.0 30.0 0.0
50.7 30.0 30.0 30.0 30.0 30.0 30.0 30.0 30.0 30.0 30.0 0.0
50.8 30.0 30.0 30.0 30.0 30.0 30.0 30.0 30.0 30.0 30.0 0.0
50.9 30.0 30.0 30.0 30.0 30.0 30.0 30.0 30.0 30.0 30.0 0.0
51.0 30.0 30.0 30.0 30.0 30.0 30.0 30.0 30.0 30.0 30.0 0.0
51.1 30.0 30.0 30.0 30.0 30.0 30.0 30.0 30.0 30.0 30.0 0.0
51.2 30.0 30.0 30.0 30.0 30.0 30.0 30.0 30.0 30.0 30.0 0.0
51.3 30.0 30.0 30.0 30.0 30.0 30.0 30.0 30.0 30.0 30.0 0.0
51.4 30.0 30.0 30.0 30.0 30.0 30.0 30.0 30.0 30.0 30.0 0.0
51.5 30.0 30.0 30.0 30.0 30.0 30.0 30.0 30.0 30.0 30.0 0.0
51.6 30.0 30.0 30.0 30.0 30.0 30.0 30.0 30.0 30.0 30.0 0.0
51.7 30.0 30.0 30.0 30.0 30.0 30.0 30.0 30.0 30.0 30.0 0.0
51.8 30.0 30.0 30.0 30.0 30.0 30.0 30.0 30.0 30.0 30.0 0.0
51.9 30.0 30.0 30.0 30.0 30.0 30.0 30.0 30.0 30.0 30.0 0.0
52.0 30.0 30.0 30.0 30.0 30.0 30.0 30.0 30.0 30.0 30.0 0.0
52.1 30.0 30.0 30.0 30.0 30.0 30.0 30.0 30.0 30.0 30.0 0.0
52.2 30.0 30.0 30.0 30.0 30.0 30.0 30.0 30.0 30.0 30.0 0.0
52.3 30.0 30.0 30.0 30.0 30.0 30.0 30.0 30.0 30.0 30.0 0.0
52.4 30.0 30.0 30.0 30.0 30.0 30.0 30.0 30.0 30.0 30.0 0.0
52.5 30.0 30.0 30.0 30.0 30.0 30.0 30.0 30.0 30.0 30.0 0.0
52.6 30.0 30.0 30.0 30.0 30.0 30.0 30.0 30.0 30.0 30.0 0.0
52.7 30.0 30.0 30.0 30.0 30.0 30.0 30.0 30.0 30.0 30.0 0.0
52.8 30.0 30.0 30.0 30.0 30.0 30.0 30.0 30.0 30.0 30.0 0.0
52.9 30.0 30.0 30.0 30.0 30.0 30.0 30.0 30.0 30.0 30.0 0.0
53.0 30.0 30.0 30.0 30.0 30.0 30.0 30.0 30.0 30.0 30.0 0.0
53.1 30.0 30.0 30.0 30.0 30.0 30.0 30.0 30.0 30.0 30.0 0.0
53.2 30.0 30.0 30.0 30.0 30.0 30.0 30.0 30.0 30.0 30.0 0.0
53.3 30.0 30.0 30.0 30.0 30.0 30.0 30.0 30.0 30.0 30.0 0.0
53.4 30.0 30.0 30.0 30.0 30.0 30.0 30.0 30.0 30.0 30.0 0.0
53.5 30.0 30.0 30.0 30.0 30.0 30.0 30.0 30.0 30.0 30.0 0.0
53.6 30.0 30.0 30.0 30.0 30.0 30.0 30.0 30.0 30.0 30.0 0.0
53.7 30.0 30.0 30.0 30.0 30.0 30.0 30.0 30.0 30.0 30.0 0.0
53.8 30.0 30.0 30.0 30.0 30.0 30.0 30.0 30.0 30.0 30.0 0.0
53.9 30.0 30.0 30.0 30.0 30.0 30.0 30.0 30.0 30.0 30.0 0.0
54.0 30.0 30.0 30.0 30.0 30.0 30.0 30.0 30.0 30.0 30.0 0.0
54.1 30.0 30.0 30.0 30.0 30.0 30.0 30.0 30.0 30.0 30.0 0.0
54.2 30.0 30.0 30.0 30.0 30.0 30.0 30.0 30.0 30.0 30.0 0.0
54.3 30.0 30.0 30.0 30.0 30.0 30.0 30.0 30.0 30.0 30.0 0.0
54.4 30.0 30.0 30.0 30.0 30.0 30.0 30.0 30.0 30.0 30.0 0.0
54.5 30.0 30.0 30.0 30.0 30.0 30.0 30.0 30.0 30.0 30.0 0.0
54.6 30.0 30.0 30.0 30.0 30.0 30.0 30.0 30.0 30.0 30.0 0.0
54.7 30.0 30.0 30.0 30.0 30.0 30.0 30.0 30.0 30.0 30.0 0.0
54.8 30.0 30.0 30.0 30.0 30.0 30.0 30.0 30.0 30.0 30.0 0.0
54.9 30.0 30.0 30.0 30.0 30.0 30.0 30.0 30.0 30.0 30.0 0.0
55.0 30.0 30.0 30.0 30.0 30.0 30.0 30.0 30.0 30.0 30.0 0.0
55.1 30.0 30.0 30.0 30.0 30.0 30.0 30.0 30.0 30.0 30.0 0.0
55.2 30.0 30.0 30.0 30.0 30.0 30.0 30.0 30.0 30.0 30.0 0.0
55.3 30.0 30.0 30.0 30.0 30.0 30.0 30.0 30.0 30.0 30.0 0.0
55.4 30.0 30.0 30.0 30.0 30.0 30.0 30.0 30.0 30.0 30.0 0.0
55.5 30.0 30.0 30.0 30.0 30.0 30.0 30.0 30.0 30.0 30.0 0.0
55.6 30.0 30.0 30.0 30.0 30.0 30.0 30.0 30.0 30.0 30.0 0.0
55.7 30.0 30.0 30.0 30.0 30.0 30.0 30.0 30.0 30.0 30.0 0.0
55.8 30.0 30.0 30.0 30.0 30.0 30.0 30.0 30.0 30.0 30.0 0.0
55.9 30.0 30.0 30.0 30.0 30.0 30.0 30.0 30.0 30.0 30.0 0.0
56.0 30.0 30.0 30.0 30.0 30.0 30.0 30.0 30.0 30.0 30.0 0.0
56.1 30.0 30.0 30.0 30.0 30.0 30.0 30.0 30.0 30.0 30.0 0.0
56.2 30.0 30.0 30.0 30.0 30.0 30.0 30.0 30.0 30.0 30.0 0.0
56.3 30.0 30.0 30.0 30.0 30.0 30.0 30.0 30.0 30.0 30.0 0.0
56.4 30.0 30.0 30.0 30.0 30.0 30.0 30.0 30.0 30.0 30.0 0.0
56.5 30.0 30.0 30.0 30.0 30.0 30.0 30.0 30.0 30.0 30.0 0.0
56.6 30.0 30.0 30.0 30.0 30.0 30.0 30.0 30.0 30.0 30.0 0.0
56.7 30.0 30.0 30.0 30.0 30.0 30.0 30.0 30.0 30.0 30.0 0.0
56.8 30.0 30.0 30.0 30.0 30.0 30.0 30.0 30.0 30.0 30.0 0.0
56.9 30.0 30.0 30.0 30.0 30.0 30.0 30.0 30.0 30.0 30.0 0.0
57.0 30.0 30.0 30.0 30.0 30.0 30.0 30.0 30.0 30.0 30.0 0.0
57.1 30.0 30.0 30.0 30.0 30.0 30.0 30.0 30.0 30.0 30.0 0.0
57.2 30.0 30.0 30.0 30.0 30.0 30.0 30.0 30.0 30.0 30.0 0.0
57.3 30.0 30.0 30.0 30.0 30.0 30.0 30.0 30.0 30.0 30.0 0.0
57.4 30.0 30.0 30.0 30.0 30.0 30.0 30.0 30.0 30.0 30.0 0.0
57.5 30.0 30.0 30.0 30.0 30.0 30.0 30.0 30.0 30.0 30.0 0.0
57.6 30.0 30.0 30.0 30.0 30.0 30.0 30.0 30.0 30.0 30.0 0.0
57.7 30.0 30.0 30.0 30.0 30.0 30.0 30.0 30.0 30.0 30.0 0.0
57.8 30.0 30.0 30.0 30.0 30.0 30.0 30.0 30.0 30.0 30.0 0.0
57.9 30.0 30.0 30.0 30.0 30.0 30.0 30.0 30.0 30.0 30.0 0.0
58.0 30.0 30.0 30.0 30.0 30.0 30.0 30.0 30.0 30.0 30.0 0.0
58.1 30.0 30.0 30.0 30.0 30.0 30.0 30.0 30.0 30.0 30.0 0.0
58.2 30.0 30.0 30.0 30.0 30.0 30.0 30.0 30.0 30.0 30.0 0.0
58.3 30.0 30.0 30.0 30.0 30.0 30.0 30.0 30.0 30.0 30.0 0.0
58.4 30.0 30.0 30.0 30.0 30.0 30.0 30.0 30.0 30.0 30.0 0.0
58.5 30.0 30.0 30.0 30.0 30.0 30.0 30.0 30.0 30.0 30.0 0.0
58.6 30.0 30.0 30.0 30.0 30.0 30.0 30.0 30.0 30.0 30.0 0.0
58.7 30.0 30.0 30.0 30.0 30.0 30.0 30.0 30.0 30.0 30.0 0.0
58.8 30.0 30.0 30.0 30.0 30.0 30.0 30.0 30.0 30.0 30.0 0.0
58.9 30.0 30.0 30.0 30.0 30.0 30.0 30.0 30.0 30.0 30.0 0.0
59.0 30.0 30.0 30.0 30.0 30.0 30.0 30.0 30.0 30.0 30.0 0.0
59.1 30.0 30.0 30.0 30.0 30.0 30.0 30.0 30.0 30.0 30.0 0.0
59.2 30.0 30.0 30.0 30.0 30.0 30.0 30.0 30.0 30.0 30.0 0.0
59.3 30.0 30.0 30.0 30.0 30.0 30.0 30.0 30.0 30.0 30.0 0.0
59.4 30.0 30.0 30.0 30.0 30.0 30.0 30.0 30.0 30.0 30.0 0.0
59.5 30.0 30.0 30.0 30.0 30.0 30.0 30.0 30.0 30.0 30.0 0.0
59.6 30.0 30.0 30.0 30.0 30.0 30.0 30.0 30.0 30.0 30.0 0.0
59.7 30.0 30.0 30.0 30.0 30.0 30.0 30.0 30.0 30.0 30.0 0.0
59.8 30.0 30.0 30.0 30.0 30.0 30.0 30.0 30.0 30.0 30.0 0.0
59.9 30.0 30.0 30.0 30.0 30.0 30.0 30.0 30.0 30.0 30.0 0.0
60.0 30.0 30.0 30.0 30.0 30.0 30.0 30.0 30.0 30.0 30.0 0.0
60.1 30.0 30.0 30.0 30.0 30.0 30.0 30.0 30.0 30.0 30.0 0.0
60.2 30.0 30.0 30.0 30.0 30.0 30.0 30.0 30.0 30.0 30.0 0.0
60.3 30.0 30.0 30.0 30.0 30.0 30.0 30.0 30.0 30.0 30.0 0.0
60.4 30.0 30.0 30.0 30.0 30.0 30.0 30.0 30.0 30.0 30.0 0.0
60.5 30.0 30.0 30.0 30.0 30.0 30.0 30.0 30.0 30.0 30.0 0.0
60.6 30.0 30.0 30.0 30.0 30.0 30.0 30.0 30.0 30.0 30.0 0.0
60.7 30.0 30.0 30.0 30.0 30.0 30.0 30.0 30.0 30.0 30.0 0.0
60.8 30.0 30.0 30.0 30.0 30.0 30.0 30.0 30.0 30.0 30.0 0.0
60.9 30.0 30.0 30.0 30.0 30.0 30.0 30.0 30.0 30.0 30.0 0.0
61.0 30.0 30.0 30.0 30.0 30.0 30.0 30.0 30.0 30.0 30.0 0.0
61.1 30.0 30.0 30.0 30.0 30.0 30.0 30.0 30.0 30.0 30.0 0.0
61.2 30.0 30.0 30.0 30.0 30.0 30.0 30.0 30.0 30.0 30.0 0.0
61.3 30.0 30.0 30.0 30.0 30.0 30.0 30.0 30.0 30.0 30.0 0.0
61.4 30.0 30.0 30.0 30.0 30.0 30.0 30.0 30.0 30.0 30.0 0.0
61.5 30.0 30.0 30.0 30.0 30.0 30.0 30.0 30.0 30.0 30.0 0.0
61.6 30.0 30.0 30.0 30.0 30.0 30.0 30.0 30.0 30.0 30.0 0.0
61.7 30.0 30.0 30.0 30.0 30.0 30.0 30.0 30.0 30.0 30.0 0.0
61.8 30.0 30.0 30.0 30.0 30.0 30.0 30.0 30.0 30.0 30.0 0.0
61.9 30.0 30.0 30.0 30.0 30.0 30.0 30.0 30.0 30.0 30.0 0.0
62.0 30.0 30.0 30.0 30.0 30.0 30.0 30.0 30.0 30.0 30.0 0.0
62.1 30.0 30.0 30.0 30.0 30.0 30.0 30.0 30.0 30.0 30.0 0.0
62.2 30.0 30.0 30.0 30.0 30.0 30.0 30.0 30.0 30.0 30.0 0.0
62.3 30.0 30.0 30.0 30.0 30.0 30.0 30.0 30.0 30.0 30.0 0.0
62.4 30.0 30.0 30.0 30.0 30.0 30.0 30.0 30.0 30.0 30.0 0.0
62.5 30.0 30.0 30.0 30.0 30.0 30.0 30.0 30.0 30.0 30.0 0.0
62.6 30.0 30.0 30.0 30.0 30.0 30.0 30.0 30.0 30.0 30.0 0.0
62.7 30.0 30.0 30.0 30.0 30.0 30.0 30.0 30.0 30.0 30.0 0.0
62.8 30.0 30.0 30.0 30.0 30.0 30.0 30.0 30.0 30.0 30.0 0.0
62.9 30.0 30.0 30.0 30.0 30.0 30.0 30.0 30.0 30.0 30.0 0.0
63.0 30.0 30.0 30.0 30.0 30.0 30.0 30.0 30.0 30.0 30.0 0.0
63.1 30.0 30.0 30.0 30.0 30.0 30.0 30.0 30.0 30.0 30.0 0.0
63.2 30.0 30.0 30.0 30.0 30.0 30.0 30.0 30.0 30.0 30.0 0.0
63.3 30.0 30.0 30.0 30.0 30.0 30.0 30.0 30.0 30.0 30.0 0.0
63.4 30.0 30.0 30.0 30.0 30.0 30.0 30.0 30.0 30.0 30.0 0.0
63.5 30.0 30.0 30.0 30.0 30.0 30.0 30.0 30.0 30.0 30.0 0.0
63.6 30.0 30.0 30.0 30.0 30.0 30.0 30.0 30.0 30.0 30.0 0.0
63.7 30.0 30.0 30.0 30.0 30.0 30.0 30.0 30.0 30.0 30.0 0.0
63.8 30.0 30.0 30.0 30.0 30.0 30.0 30.0 30.0 30.0 30.0 0.0
63.9 30.0 30.0 30.0 30.0 30.0 30.0 30.0 30.0 30.0 30.0 0.0
64.0 30.0 30.0 30.0 30.0 30.0 30.0 30.0 30.0 30.0 30.0 0.0
64.1 30.0 30.0 30.0 30.0 30.0 30.0 30.0 30.0 30.0 30.0 0.0
64.2 30.0 30.0 30.0 30.0 30.0 30.0 30.0 30.0 30.0 30.0 0.0
64.3 30.0 30.0 30.0 30.0 30.0 30.0 30.0 30.0 30.0 30.0 0.0
64.4 30.0 30.0 30.0 30.0 30.0 30.0 30.0 30.0 30.0 30.0 0.0
64.5 30.0 30.0 30.0 30.0 30.0 30.0 30.0 30.0 30.0 30.0 0.0
64.6 30.0 30.0 30.0 30.0 30.0 30.0 30.0 30.0 30.0 30.0 0.0
64.7 30.0 30.0 30.0 30.0 30.0 30.0 30.0 30.0 30.0 30.0 0.0
64.8 30.0 30.0 30.0 30.0 30.0 30.0 30.0 30.0 30.0 30.0 0.0
64.9 30.0 30.0 30.0 30.0 30.0 30.0 30.0 30.0 30.0 30.0 0.0
65.0 30.0 30.0 30.0 30.0 30.0 30.0 30.0 30.0 30.0 30.0 0.0
65.1 30.0 30.0 30.0 30.0 30.0 30.0 30.0 30.0 30.0 30.0 0.0
65.2 30.0 30.0 30.0 30.0 30.0 30.0 30.0 30.0 30.0 30.0 0.0
65.3 30.0 30.0 30.0 30.0 30.0 30.0 30.0 30.0 30.0 30.0 0.0
65.4 30.0 30.0 30.0 30.0 30.0 30.0 30.0 30.0 30.0 30.0 0.0
65.5 30.0 30.0 30.0 30.0 30.0 30.0 30.0 30.0 30.0 30.0 0.0
65.6 30.0 30.0 30.0 30.0 30.0 30.0 30.0 30.0 30.0 30.0 0.0
65.7 30.0 30.0 30.0 30.0 30.0 30.0 30.0 30.0 30.0 30.0 0.0
65.8 30.0 30.0 30.0 30.0 30.0 30.0 30.0 30.0 30.0 30.0 0.0
65.9 30.0 30.0 30.0 30.0 30.0 30.0 30.0 30.0 30.0 30.0 0.0
66.0 30.0 30.0 30.0 30.0 30.0 30.0 30.0 30.0 30.0 30.0 0.0
66.1 30.0 30.0 30.0 30.0 30.0 30.0 30.0 30.0 30.0 30.0 0.0
66.2 30.0 30.0 30.0 30.0 30.0 30.0 30.0 30.0 30.0 30.0 0.0
66.3 30.0 30.0 30.0 30.0 30.0 30.0 30.0 30.0 30.0 30.0 0.0
66.4 30.0 30.0 30.0 30.0 30.0 30.0 30.0 30.0 30.0 30.0 0.0
66.5 30.0 30.0 30.0 30.0 30.0 30.0 30.0 30.0 30.0 30.0 0.0
66.6 30.0 30.0 30.0 30.0 30.0 30.0 30.0 30.0 30.0 30.0 0.0
66.7 30.0 30.0 30.0 30.0 30.0 30.0 30.0 30.0 30.0 30.0 0.0
66.8 30.0 30.0 30.0 30.0 30.0 30.0 30.0 30.0 30.0 30.0 0.0
66.9 30.0 30.0 30.0 30.0 30.0 30.0 30.0 30.0 30.0 30.0 0.0
67.0 30.0 30.0 30.0 30.0 30.0 30.0 30.0 30.0 30.0 30.0 0.0
67.1 30.0 30.0 30.0 30.0 30.0 30.0 30.0 30.0 30.0 30.0 0.0
67.2 30.0 30.0 30.0 30.0 30.0 30.0 30.0 30.0 30.0 30.0 0.0
67.3 30.0 30.0 30.0 30.0 30.0 30.0 30.0 30.0 30.0 30.0 0.0
67.4 30.0 30.0 30.0 30.0 30.0 30.0 30.0 30.0 30.0 30.0 0.0
67.5 30.0 30.0 30.0 30.0 30.0 30.0 30.0 30.0 30.0 30.0 0.0
67.6 30.0 30.0 30.0 30.0 30.0 30.0 30.0 30.0 30.0 30.0 0.0
67.7 30.0 30.0 30.0 30.0 30.0 30.0 30.0 30.0 30.0 30.0 0.0
67.8 30.0 30.0 30.0 30.0 30.0 30.0 30.0 30.0 30.0 30.0 0.0
67.9 30.0 30.0 30.0 30.0 30.0 30.0 30.0 30.0 30.0 30.0 0.0
68.0 30.0 30.0 30.0 30.0 30.0 30.0 30.0 30.0 30.0 30.0 0.0
68.1 30.0 30.0 30.0 30.0 30.0 30.0 30.0 30.0 30.0 30.0 0.0
68.2 30.0 30.0 30.0 30.0 30.0 30.0 30.0 30.0 30.0 30.0 0.0
68.3 30.0 30.0 30.0 30.0 30.0 30.0 30.0 30.0 30.0 30.0 0.0
68.4 30.0 30.0 30.0 30.0 30.0 30.0 30.0 30.0 30.0 30.0 0.0
68.5 30.0 30.0 30.0 30.0 30.0 30.0 30.0 30.0 30.0 30.0 0.0
68.6 30.0 30.0 30.0 30.0 30.0 30.0 30.0 30.0 30.0 30.0 0.0
68.7 30.0 30.0 30.0 30.0 30.0 30.0 30.0 30.0 30.0 30.0 0.0
68.8 30.0 30.0 30.0 30.0 30.0 30.0 30.0 30.0 30.0 30.0 0.0
68.9 30.0 30.0 30.0 30.0 30.0 30.0 30.0 30.0 30.0 30.0 0.0
69.0 30.0 30.0 30.0 30.0 30.0 30.0 30.0 30.0 30.0 30.0 0.0
69.1 30.0 30.0 30.0 30.0 30.0 30.0 30.0 30.0 30.0 30.0 0.0
69.2 30.0 30.0 30.0 30.0 30.0 30.0 30.0 30.0 30.0 30.0 0.0
69.3 30.0 30.0 30.0 30.0 30.0 30.0 30.0 30.0 30.0 30.0 0.0
69.4 30.0 30.0 30.0 30.0 30.0 30.0 30.0 30.0 30.0 30.0 0.0
69.5 30.0 30.0 30.0 30.0 30.0 30.0 30.0 30.0 30.0 30.0 0.0
69.6 30.0 30.0 30.0 30.0 30.0 30.0 30.0 30.0 30.0 30.0 0.0
69.7 30.0 30.0 30.0 30.0 30.0 30.0 30.0 30.0 30.0 30.0 0.0
69.8 30.0 30.0 30.0 30.0 30.0 30.0 30.0 30.0 30.0 30.0 0.0
69.9 30.0 30.0 30.0 30.0 30.0 30.0 30.0 30.0 30.0 30.0 0.0
70.0 30.0 30.0 30.0 30.0 30.0 30.0 30.0 30.0 30.0 30.0 0.0
70.1 30.0 30.0 30.0 30.0 30.0 30.0 30.0 30.0 30.0 30.0 0.0
70.2 30.0 30.0 30.0 30.0 30.0 30.0 30.0 30.0 30.0 30.0 0.0
70.3 30.0 30.0 30.0 30.0 30.0 30.0 30.0 30.0 30.0 30.0 0.0
70.4 30.0 30.0 30.0 30.0 30.0 30.0 30.0 30.0 30.0 30.0 0.0
70.5 30.0 30.0 30.0 30.0 30.0 30.0 30.0 30.0 30.0 30.0 0.0
70.6 30.0 30.0 30.0 30.0 30.0 30.0 30.0 30.0 30.0 30.0 0.0
70.7 30.0 30.0 30.0 30.0 30.0 30.0 30.0 30.0 30.0 30.0 0.0
70.8 30.0 30.0 30.0 30.0 30.0 30.0 30.0 30.0 30.0 30.0 0.0
70.9 30.0 30.0 30.0 30.0 30.0 30.0 30.0 30.0 30.0 30.0 0.0
71.0 30.0 30.0 30.0 30.0 30.0 30.0 30.0 30.0 30.0 30.0 0.0
71.1 30.0 30.0 30.0 30.0 30.0 30.0 30.0 30.0 30.0 30.0 0.0
71.2 30.0 30.0 30.0 30.0 30.0 30.0 30.0 30.0 30.0 30.0 0.0
71.3 30.0 30.0 30.0 30.0 30.0 30.0 30.0 30.0 30.0 30.0 0.0
71.4 30.0 30.0 30.0 30.0 30.0 30.0 30.0 30.0 30.0 30.0 0.0
71.5 30.0 30.0 30.0 30.0 30.0 30.0 30.0 30.0 30.0 30.0 0.0
71.6 30.0 30.0 30.0 30.0 30.0 30.0 30.0 30.0 30.0 30.0 0.0
71.7 30.0 30.0 30.0 30.0 30.0 30.0 30.0 30.0 30.0 30.0 0.0
71.8 30.0 30.0 30.0 30.0 30.0 30.0 30.0 30.0 30.0 30.0 0.0
71.9 30.0 30.0 30.0 30.0 30.0 30.0 30.0 30.0 30.0 30.0 0.0
72.0 30.0 30.0 30.0 30.0 30.0 30.0 30.0 30.0 30.0 30.0 0.0
72.1 30.0 30.0 30.0 30.0 30.0 30.0 30.0 30.0 30.0 30.0 0.0
72.2 30.0 30.0 30.0 30.0 30.0 30.0 30.0 30.0 30.0 30.0 0.0
72.3 30.0 30.0 30.0 30.0 30.0 30.0 30.0 30.0 30.0 30.0 0.0
72.4 30.0 30.0 30.0 30.0 30.0 30.0 30.0 30.0 30.0 30.0 0.0
72.5 30.0 30.0 30.0 30.0 30.0 30.0 30.0 30.0 30.0 30.0 0.0
72.6 30.0 30.0 30.0 30.0 30.0 30.0 30.0 30.0 30.0 30.0 0.0
72.7 30.0 30.0 30.0 30.0 30.0 30.0 30.0 30.0 30.0 30.0 0.0
72.8 30.0 30.0 30.0 30.0 30.0 30.0 30.0 30.0 30.0 30.0 0.0
72.9 30.0 30.0 30.0 30.0 30.0 30.0 30.0 30.0 30.0 30.0 0.0
73.0 30.0 30.0 30.0 30.0 30.0 30.0 30.0 30.0 30.0 30.0 0.0
73.1 30.0 30.0 30.0 30.0 30.0 30.0 30.0 30.0 30.0 30.0 0.0
73.2 30.0 30.0 30.0 30.0 30.0 30.0 30.0 30.0 30.0 30.0 0.0
73.3 30.0 30.0 30.0 30.0 30.0 30.0 30.0 30.0 30.0 30.0 0.0
73.4 30.0 30.0 30.0 30.0 30.0 30.0 30.0 30.0 30.0 30.0 0.0
73.5 30.0 30.0 30.0 30.0 30.0 30.0 30.0 30.0 30.0 30.0 0.0
73.6 30.0 30.0 30.0 30.0 30.0 30.0 30.0 30.0 30.0 30.0 0.0
73.7 30.0 30.0 30.0 30.0 30.0 30.0 30.0 30.0 30.0 30.0 0.0
73.8 30.0 30.0 30.0 30.0 30.0 30.0 30.0 30.0 30.0 30.0 0.0
73.9 30.0 30.0 30.0 30.0 30.0 30.0 30.0 30.0 30.0 30.0 0.0
74.0 30.0 30.0 30.0 30.0 30.0 30.0 30.0 30.0 30.0 30.0 0.0
74.1 30.0 30.0 30.0 30.0 30.0 30.0 30.0 30.0 30.0 30.0 0.0
74.2 30.0 30.0 30.0 30.0 30.0 30.0 30.0 30.0 30.0 30.0 0.0
74.3 30.0 30.0 30.0 30.0 30.0 30.0 30.0 30.0 30.0 30.0 0.0
74.4 30.0 30.0 30.0 30.0 30.0 30.0 30.0 30.0 30.0 30.0 0.0
74.5 30.0 30.0 30.0 30.0 30.0 30.0 30.0 30.0 30.0 30.0 0.0
74.6 30.0 30.0 30.0 30.0 30.0 30.0 30.0 30.0 30.0 30.0 0.0
74.7 30.0 30.0 30.0 30.0 30.0 30.0 30.0 30.0 30.0 30.0 0.0
74.8 30.0 30.0 30.0 30.0 30.0 30.0 30.0 30.0 30.0 30.0 0.0
74.9 30.0 30.0 30.0 30.0 30.0 30.0 30.0 30.0 30.0 30.0 0.0
75.0 30.0 30.0 30.0 30.0 30.0 30.0 30.0 30.0 30.0 30.0 0.0
75.1 30.0 30.0 30.0 30.0 30.0 30.0 30.0 30.0 30.0 30.0 0.0
75.2 30.0 30.0 30.0 30.0 30.0 30.0 30.0 30.0 30.0 30.0 0.0
75.3 30.0 30.0 30.0 30.0 30.0 30.0 30.0 30.0 30.0 30.0 0.0
75.4 30.0 30.0 30.0 30.0 30.0 30.0 30.0 30.0 30.0 30.0 0.0
75.5 30.0 30.0 30.0 30.0 30.0 30.0 30.0 30.0 30.0 30.0 0.0
75.6 30.0 30.0 30.0 30.0 30.0 30.0 30.0 30.0 30.0 30.0 0.0
75.7 30.0 30.0 30.0 30.0 30.0 30.0 30.0 30.0 30.0 30.0 0.0
75.8 30.0 30.0 30.0 30.0 30.0 30.0 30.0 30.0 30.0 30.0 0.0
75.9 30.0 30.0 30.0 30.0 30.0 30.0 30.0 30.0 30.0 30.0 0.0
76.0 30.0 30.0 30.0 30.0 30.0 30.0 30.0 30.0 30.0 30.0 0.0
76.1 30.0 30.0 30.0 30.0 30.0 30.0 30.0 30.0 30.0 30.0 0.0
76.2 30.0 30.0 30.0 30.0 30.0 30.0 30.0 30.0 30.0 30.0 0.0
76.3 30.0 30.0 30.0 30.0 30.0 30.0 30.0 30.0 30.0 30.0 0.0
76.4 30.0 30.0 30.0 30.0 30.0 30.0 30.0 30.0 30.0 30.0 0.0
76.5 30.0 30.0 30.0 30.0 30.0 30.0 30.0 30.0 30.0 30.0 0.0
76.6 30.0 30.0 30.0 30.0 30.0 30.0 30.0 30.0 30.0 30.0 0.0
76.7 30.0 30.0 30.0 30.0 30.0 30.0 30.0 30.0 30.0 30.0 0.0
76.8 30.0 30.0 30.0 30.0 30.0 30.0 30.0 30.0 30.0 30.0 0.0
76.9 30.0 30.0 30.0 30.0 30.0 30.0 30.0 30.0 30.0 30.0 0.0
77.0 30.0 30.0 30.0 30.0 30.0 30.0 30.0 30.0 30.0 30.0 0.0
77.1 30.0 30.0 30.0 30.0 30.0 30.0 30.0 30.0 30.0 30.0 0.0
77.2 30.0 30.0 30.0 30.0 30.0 30.0 30.0 30.0 30.0 30.0 0.0
77.3 30.0 30.0 30.0 30.0 30.0 30.0 30.0 30.0 30.0 30.0 0.0
77.4 30.0 30.0 30.0 30.0 30.0 30.0 30.0 30.0 30.0 30.0 0.0
77.5 30.0 30.0 30.0 30.0 30.0 30.0 30.0 30.0 30.0 30.0 0.0
77.6 30.0 30.0 30.0 30.0 30.0 30.0 30.0 30.0 30.0 30.0 0.0
77.7 30.0 30.0 30.0 30.0 30.0 30.0 30.0 30.0 30.0 30.0 0.0
77.8 30.0 30.0 30.0 30.0 30.0 30.0 30.0 30.0 30.0 30.0 0.0
77.9 30.0 30.0 30.0 30.0 30.0 30.0 30.0 30.0 30.0 30.0 0.0
78.0 30.0 30.0 30.0 30.0 30.0 30.0 30.0 30.0 30.0 30.0 0.0
78.1 30.0 30.0 30.0 30.0 30.0 30.0 30.0 30.0 30.0 30.0 0.0
78.2 30.0 30.0 30.0 30.0 30.0 30.0 30.0 30.0 30.0 30.0 0.0
78.3 30.0 30.0 30.0 30.0 30.0 30.0 30.0 30.0 30.0 30.0 0.0
78.4 30.0 30.0 30.0 30.0 30.0 30.0 30.0 30.0 30.0 30.0 0.0
78.5 30.0 30.0 30.0 30.0 30.0 30.0 30.0 30.0 30.0 30.0 0.0
78.6 30.0 30.0 30.0 30.0 30.0 30.0 30.0 30.0 30.0 30.0 0.0
78.7 30.0 30.0 30.0 30.0 30.0 30.0 30.0 30.0 30.0 30.0 0.0
78.8 30.0 30.0 30.0 30.0 30.0 30.0 30.0 30.0 30.0 30.0 0.0
78.9 30.0 30.0 30.0 30.0 30.0 30.0 30.0 30.0 30.0 30.0 0.0
79.0 30.0 30.0 30.0 30.0 30.0 30.0 30.0 30.0 30.0 30.0 0.0
79.1 30.0 30.0 30.0 30.0 30.0 30.0 30.0 30.0 30.0 30.0 0.0
79.2 30.0 30.0 30.0 30.0 30.0 30.0 30.0 30.0 30.0 30.0 0.0
79.3 30.0 30.0 30.0 30.0 30.0 30.0 30.0 30.0 30.0 30.0 0.0
79.4 30.0 30.0 30.0 30.0 30.0 30.0 30.0 30.0 30.0 30.0 0.0
79.5 30.0 30.0 30.0 30.0 30.0 30.0 30.0 30.0 30.0 30.0 0.0
79.6 30.0 30.0 30.0 30.0 30.0 30.0 30.0 30.0 30.0 30.0 0.0
79.7 30.0 30.0 30.0 30.0 30.0 30.0 30.0 30.0 30.0 30.0 0.0
79.8 30.0 30.0 30.0 30.0 30.0 30.0 30.0 30.0 30.0 30.0 0.0
79.9 30.0 30.0 30.0 30.0 30.0 30.0 30.0 30.0 30.0 30.0 0.0
80.0 30.0 30.0 30.0 30.0 30.0 30.0 30.0 30.0 30.0 30.0 0.0
80.1 30.0 30.0 30.0 30.0 30.0 30.0 30.0 30.0 30.0 30.0 0.0
80.2 30.0 30.0 30.0 30.0 30.0 30.0 30.0 30.0 30.0 30.0 0.0
80.3 30.0 30.0 30.0 30.0 30.0 30.0 30.0 30.0 30.0 30.0 0.0
80.4 30.0 30.0 30.0 30.0 30.0 30.0 30.0 30.0 30.0 30.0 0.0
80.5 30.0 30.0 30.0 30.0 30.0 30.0 30.0 30.0 30.0 30.0 0.0
80.6 30.0 30.0 30.0 30.0 30.0 30.0 30.0 30.0 30.0 30.0 0.0
80.7 30.0 30.0 30.0 30.0 30.0 30.0 30.0 30.0 30.0 30.0 0.0
80.8 30.0 30.0 30.0 30.0 30.0 30.0 30.0 30.0 30.0 30.0 0.0
80.9 30.0 30.0 30.0 30.0 30.0 30.0 30.0 30.0 30.0 30.0 0.0
81.0 30.0 30.0 30.0 30.0 30.0 30.0 30.0 30.0 30.0 30.0 0.0
81.1 30.0 30.0 30.0 30.0 30.0 30.0 30.0 30.0 30.0 30.0 0.0
81.2 30.0 30.0 30.0 30.0 30.0 30.0 30.0 30.0 30.0 30.0 0.0
81.3 30.0 30.0 30.0 30.0 30.0 30.0 30.0 30.0 30.0 30.0 0.0
81.4 30.0 30.0 30.0 30.0 30.0 30.0 30.0 30.0 30.0 30.0 0.0
81.5 30.0 30.0 30.0 30.0 30.0 30.0 30.0 30.0 30.0 30.0 0.0
81.6 30.0 30.0 30.0 30.0 30.0 30.0 30.0 30.0 30.0 30.0 0.0
81.7 30.0 30.0 30.0 30.0 30.0 30.0 30.0 30.0 30.0 30.0 0.0
81.8 30.0 30.0 30.0 30.0 30.0 30.0 30.0 30.0 30.0 30.0 0.0
81.9 30.0 30.0 30.0 30.0 30.0 30.0 30.0 30.0 30.0 30.0 0.0
82.0 30.0 30.0 30.0 30.0 30.0 30.0 30.0 30.0 30.0 30.0 0.0
82.1 30.0 30.0 30.0 30.0 30.0 30.0 30.0 30.0 30.0 30.0 0.0
82.2 30.0 30.0 30.0 30.0 30.0 30.0 30.0 30.0 30.0 30.0 0.0
82.3 30.0 30.0 30.0 30.0 30.0 30.0 30.0 30.0 30.0 30.0 0.0
82.4 30.0 30.0 30.0 30.0 30.0 30.0 30.0 30.0 30.0 30.0 0.0
82.5 30.0 30.0 30.0 30.0 30.0 30.0 30.0 30.0 30.0 30.0 0.0
82.6 30.0 30.0 30.0 30.0 30.0 30.0 30.0 30.0 30.0 30.0 0.0
82.7 30.0 30.0 30.0 30.0 30.0 30.0 30.0 30.0 30.0 30.0 0.0
82.8 30.0 30.0 30.0 30.0 30.0 30.0 30.0 30.0 30.0 30.0 0.0
82.9 30.0 30.0 30.0 30.0 30.0 30.0 30.0 30.0 30.0 30.0 0.0
83.0 30.0 30.0 30.0 30.0 30.0 30.0 30.0 30.0 30.0 30.0 0.0
83.1 30.0 30.0 30.0 30.0 30.0 30.0 30.0 30.0 30.0 30.0 0.0
83.2 30.0 30.0 30.0 30.0 30.0 30.0 30.0 30.0 30.0 30.0 0.0
83.3 30.0 30.0 30.0 30.0 30.0 30.0 30.0 30.0 30.0 30.0 0.0
83.4 30.0 30.0 30.0 30.0 30.0 30.0 30.0 30.0 30.0 30.0 0.0
83.5 30.0 30.0 30.0 30.0 30.0 30.0 30.0 30.0 30.0 30.0 0.0
83.6 30.0 30.0 30.0 30.0 30.0 30.0 30.0 30.0 30.0 30.0 0.0
83.7 30.0 30.0 30.0 30.0 30.0 30.0 30.0 30.0 30.0 30.0 0.0
83.8 30.0 30.0 30.0 30.0 30.0 30.0 30.0 30.0 30.0 30.0 0.0
83.9 30.0 30.0 30.0 30.0 30.0 30.0 30.0 30.0 30.0 30.0 0.0
84.0 30.0 30.0 30.0 30.0 30.0 30.0 30.0 30.0 30.0 30.0 0.0
84.1 30.0 30.0 30.0 30.0 30.0 30.0 30.0 30.0 30.0 30.0 0.0
84.2 30.0 30.0 30.0 30.0 30.0 30.0 30.0 30.0 30.0 30.0 0.0
84.3 30.0 30.0 30.0 30.0 30.0 30.0 30.0 30.0 30.0 30.0 0.0
84.4 30.0 30.0 30.0 30.0 30.0 30.0 30.0 30.0 30.0 30.0 0.0
84.5 30.0 30.0 30.0 30.0 30.0 30.0 30.0 30.0 30.0 30.0 0.0
84.6 30.0 30.0 30.0 30.0 30.0 30.0 30.0 30.0 30.0 30.0 0.0
84.7 30.0 30.0 30.0 30.0 30.0 30.0 30.0 30.0 30.0 30.0 0.0
84.8 30.0 30.0 30.0 30.0 30.0 30.0 30.0 30.0 30.0 30.0 0.0
84.9 30.0 30.0 30.0 30.0 30.0 30.0 30.0 30.0 30.0 30.0 0.0
85.0 30.0 30.0 30.0 30.0 30.0 30.0 30.0 30.0 30.0 30.0 0.0
85.1 30.0 30.0 30.0 30.0 30.0 30.0 30.0 30.0 30.0 30.0 0.0
85.2 30.0 30.0 30.0 30.0 30.0 30.0 30.0 30.0 30.0 30.0 0.0
85.3 30.0 30.0 30.0 30.0 30.0 30.0 30.0 30.0 30.0 30.0 0.0
85.4 30.0 30.0 30.0 30.0 30.0 30.0 30.0 30.0 30.0 30.0 0.0
85.5 30.0 30.0 30.0 30.0 30.0 30.0 30.0 30.0 30.0 30.0 0.0
85.6 30.0 30.0 30.0 30.0 30.0 30.0 30.0 30.0 30.0 30.0 0.0
85.7 30.0 30.0 30.0 30.0 30.0 30.0 30.0 30.0 30.0 30.0 0.0
85.8 30.0 30.0 30.0 30.0 30.0 30.0 30.0 30.0 30.0 30.0 0.0
85.9 30.0 30.0 30.0 30.0 30.0 30.0 30.0 30.0 30.0 30.0 0.0
86.0 30.0 30.0 30.0 30.0 30.0 30.0 30.0 30.0 30.0 30.0 0.0
86.1 30.0 30.0 30.0 30.0 30.0 30.0 30.0 30.0 30.0 30.0 0.0
86.2 30.0 30.0 30.0 30.0 30.0 30.0 30.0 30.0 30.0 30.0 0.0
86.3 30.0 30.0 30.0 30.0 30.0 30.0 30.0 30.0 30.0 30.0 0.0
86.4 30.0 30.0 30.0 30.0 30.0 30.0 30.0 30.0 30.0 30.0 0.0
86.5 30.0 30.0 30.0 30.0 30.0 30.0 30.0 30.0 30.0 30.0 0.0
86.6 30.0 30.0 30.0 30.0 30.0 30.0 30.0 30.0 30.0 30.0 0.0
86.7 30.0 30.0 30.0 30.0 30.0 30.0 30.0 30.0 30.0 30.0 0.0
86.8 30.0 30.0 30.0 30.0 30.0 30.0 30.0 30.0 30.0 30.0 0.0
86.9 30.0 30.0 30.0 30.0 30.0 30.0 30.0 30.0 30.0 30.0 0.0
87.0 30.0 30.0 30.0 30.0 30.0 30.0 30.0 30.0 30.0 30.0 0.0
87.1 30.0 30.0 30.0 30.0 30.0 30.0 30.0 30.0 30.0 30.0 0.0
87.2 30.0 30.0 30.0 30.0 30.0 30.0 30.0 30.0 30.0 30.0 0.0
87.3 30.0 30.0 30.0 30.0 30.0 30.0 30.0 30.0 30.0 30.0 0.0
87.4 30.0 30.0 30.0 30.0 30.0 30.0 30.0 30.0 30.0 30.0 0.0
87.5 30.0 30.0 30.0 30.0 30.0 30.0 30.0 30.0 30.0 30.0 0.0
87.6 30.0 30.0 30.0 30.0 30.0 30.0 30.0 30.0 30.0 30.0 0.0
87.7 30.0 30.0 30.0 30.0 30.0 30.0 30.0 30.0 30.0 30.0 0.0
87.8 30.0 30.0 30.0 30.0 30.0 30.0 30.0 30.0 30.0 30.0 0.0
87.9 30.0 30.0 30.0 30.0 30.0 30.0 30.0 30.0 30.0 30.0 0.0
88.0 30.0 30.0 30.0 30.0 30.0 30.0 30.0 30.0 30.0 30.0 0.0
88.1 30.0 30.0 30.0 30.0 30.0 30.0 30.0 30.0 30.0 30.0 0.0
88.2 30.0 30.0 30.0 30.0 30.0 30.0 30.0 30.0 30.0 30.0 0.0
88.3 30.0 30.0 30.0 30.0 30.0 30.0 30.0 30.0 30.0 30.0 0.0
88.4 30.0 30.0 30.0 30.0 30.0 30.0 30.0 30.0 30.0 30.0 0.0
88.5 30.0 30.0 30.0 30.0 30.0 30.0 30.0 30.0 30.0 30.0 0.0
88.6 30.0 30.0 30.0 30.0 30.0 30.0 30.0 30.0 30.0 30.0 0.0
88.7 30.0 30.0 30.0 30.0 30.0 30.0 30.0 30.0 30.0 30.0 0.0
88.8 30.0 30.0 30.0 30.0 30.0 30.0 30.0 30.0 30.0 30.0 0.0
88.9 30.0 30.0 30.0 30.0 30.0 30.0 30.0 30.0 30.0 30.0 0.0
89.0 30.0 30.0 30.0 30.0 30.0 30.0 30.0 30.0 30.0 30.0 0.0
89.1 30.0 30.0 30.0 30.0 30.0 30.0 30.0 30.0 30.0 30.0 0.0
89.2 30.0 30.0 30.0 30.0 30.0 30.0 30.0 30.0 30.0 30.0 0.0
89.3 30.0 30.0 30.0 30.0 30.0 30.0 30.0 30.0 30.0 30.0 0.0
89.4 30.0 30.0 30.0 30.0 30.0 30.0 30.0 30.0 30.0 30.0 0.0
89.5 30.0 30.0 30.0 30.0 30.0 30.0 30.0 30.0 30.0 30.0 0.0
89.6 30.0 30.0 30.0 30.0 30.0 30.0 30.0 30.0 30.0 30.0 0.0
89.7 30.0 30.0 30.0 30.0 30.0 30.0 30.0 30.0 30.0 30.0 0.0
89.8 30.0 30.0 30.0 30.0 30.0 30.0 30.0 30.0 30.0 30.0 0.0
89.9 30.0 30.0 30.0 30.0 30.0 30.0 30.0 30.0 30.0 30.0 0.0
90.0 30.0 30.0 30.0 30.0 30.0 30.0 30.0 30.0 30.0 30.0 0.0
90.1 30.0 30.0 30.0 30.0 30.0 30.0 30.0 30.0 30.0 30.0 0.0
90.2 30.0 30.0 30.0 30.0 30.0 30.0 30.0 30.0 30.0 30.0 0.0
90.3 30.0 30.0 30.0 30.0 30.0 30.0 30.0 30.0 30.0 30.0 0.0
90.4 30.0 30.0 30.0 30.0 30.0 30.0 30.0 30.0 30.0 30.0 0.0
90.5 30.0 30.0 30.0 30.0 30.0 30.0 30.0 30.0 30.0 30.0 0.0
90.6 30.0 30.0 30.0 30.0 30.0 30.0 30.0 30.0 30.0 30.0 0.0
90.7 30.0 30.0 30.0 30.0 30.0 30.0 30.0 30.0 30.0 30.0 0.0
90.8 30.0 30.0 30.0 30.0 30.0 30.0 30.0 30.0 30.0 30.0 0.0
90.9 30.0 30.0 30.0 30.0 30.0 30.0 30.0 30.0 30.0 30.0 0.0
91.0 30.0 30.0 30.0 30.0 30.0 30.0 30.0 30.0 30.0 30.0 0.0
91.1 30.0 30.0 30.0 30.0 30.0 30.0 30.0 30.0 30.0 30.0 0.0
91.2 30.0 30.0 30.0 30.0 30.0 30.0 30.0 30.0 30.0 30.0 0.0
91.3 30.0 30.0 30.0 30.0 30.0 30.0 30.0 30.0 30.0 30.0 0.0
91.4 30.0 30.0 30.0 30.0 30.0 30.0 30.0 30.0 30.0 30.0 0.0
91.5 30.0 30.0 30.0 30.0 30.0 30.0 30.0 30.0 30.0 30.0 0.0
91.6 30.0 30.0 30.0 30.0 30.0 30.0 30.0 30.0 30.0 30.0 0.0
91.7 30.0 30.0 30.0 30.0 30.0 30.0 30.0 30.0 30.0 30.0 0.0
91.8 30.0 30.0 30.0 30.0 30.0 30.0 30.0 30.0 30.0 30.0 0.0
91.9 30.0 30.0 30.0 30.0 30.0 30.0 30.0 30.0 30.0 30.0 0.0
92.0 30.0 30.0 30.0 30.0 30.0 30.0 30.0 30.0 30.0 30.0 0.0
92.1 30.0 30.0 30.0 30.0 30.0 30.0 30.0 30.0 30.0 30.0 0.0
92.2 30.0 30.0 30.0 30.0 30.0 30.0 30.0 30.0 30.0 30.0 0.0
92.3 30.0 30.0 30.0 30.0 30.0 30.0 30.0 30.0 30.0 30.0 0.0
92.4 30.0 30.0 30.0 30.0 30.0 30.0 30.0 30.0 30.0 30.0 0.0
92.5 30.0 30.0 30.0 30.0 30.0 30.0 30.0 30.0 30.0 30.0 0.0
92.6 30.0 30.0 30.0 30.0 30.0 30.0 30.0 30.0 30.0 30.0 0.0
92.7 30.0 30.0 30.0 30.0 30.0 30.0 30.0 30.0 30.0 30.0 0.0
92.8 30.0 30.0 30.0 30.0 30.0 30.0 30.0 30.0 30.0 30.0 0.0
92.9 30.0 30.0 30.0 30.0 30.0 30.0 30.0 30.0 30.0 30.0 0.0
93.0 30.0 30.0 30.0 30.0 30.0 30.0 30.0 30.0 30.0 30.0 0.0
93.1 30.0 30.0 30.0 30.0 30.0 30.0 30.0 30.0 30.0 30.0 0.0
93.2 30.0 30.0 30.0 30.0 30.0 30.0 30.0 30.0 30.0 30.0 0.0
93.3 30.0 30.0 30.0 30.0 30.0 30.0 30.0 30.0 30.0 30.0 0.0
93.4 30.0 30.0 30.0 30.0 30.0 30.0 30.0 30.0 30.0 30.0 0.0
93.5 30.0 30.0 30.0 30.0 30.0 30.0 30.0 30.0 30.0 30.0 0.0
93.6 30.0 30.0 30.0 30.0 30.0 30.0 30.0 30.0 30.0 30.0 0.0
93.7 30.0 30.0 30.0 30.0 30.0 30.0 30.0 30.0 30.0 30.0 0.0
93.8 30.0 30.0 30.0 30.0 30.0 30.0 30.0 30.0 30.0 30.0 0.0
93.9 30.0 30.0 30.0 30.0 30.0 30.0 30.0 30.0 30.0 30.0 0.0
94.0 30.0 30.0 30.0 30.0 30.0 30.0 30.0 30.0 30.0 30.0 0.0
94.1 30.0 30.0 30.0 30.0 30.0 30.0 30.0 30.0 30.0 30.0 0.0
94.2 30.0 30.0 30.0 30.0 30.0 30.0 30.0 30.0 30.0 30.0 0.0
94.3 30.0 30.0 30.0 30.0 30.0 30.0 30.0 30.0 30.0 30.0 0.0
94.4 30.0 30.0 30.0 30.0 30.0 30.0 30.0 30.0 30.0 30.0 0.0
94.5 30.0 30.0 30.0 30.0 30.0 30.0 30.0 30.0 30.0 30.0 0.0
94.6 30.0 30.0 30.0 30.0 30.0 30.0 30.0 30.0 30.0 30.0 0.0
94.7 30.0 30.0 30.0 30.0 30.0 30.0 30.0 30.0 30.0 30.0 0.0
94.8 30.0 30.0 30.0 30.0 30.0 30.0 30.0 30.0 30.0 30.0 0.0
94.9 30.0 30.0 30.0 30.0 30.0 30.0 30.0 30.0 30.0 30.0 0.0
95.0 30.0 30.0 30.0 30.0 30.0 30.0 30.0 30.0 30.0 30.0 0.0
95.1 30.0 30.0 30.0 30.0 30.0 30.0 30.0 30.0 30.0 30.0 0.0
95.2 30.0 30.0 30.0 30.0 30.0 30.0 30.0 30.0 30.0 30.0 0.0
95.3 30.0 30.0 30.0 30.0 30.0 30.0 30.0 30.0 30.0 30.0 0.0
95.4 30.0 30.0 30.0 30.0 30.0 30.0 30.0 30.0 30.0 30.0 0.0
95.5 30.0 30.0 30.0 30.0 30.0 30.0 30.0 30.0 30.0 30.0 0.0
95.6 30.0 30.0 30.0 30.0 30.0 30.0 30.0 30.0 30.0 30.0 0.0
95.7 30.0 30.0 30.0 30.0 30.0 30.0 30.0 30.0 30.0 30.0 0.0
95.8 30.0 30.0 30.0 30.0 30.0 30.0 30.0 30.0 30.0 30.0 0.0
95.9 30.0 30.0 30.0 30.0 30.0 30.0 30.0 30.0 30.0 30.0 0.0
96.0 30.0 30.0 30.0 30.0 30.0 30.0 30.0 30.0 30.0 30.0 0.0
96.1 30.0 30.0 30.0 30.0 30.0 30.0 30.0 30.0 30.0 30.0 0.0
96.2 30.0 30.0 30.0 30.0 30.0 30.0 30.0 30.0 30.0 30.0 0.0
96.3 30.0 30.0 30.0 30.0 30.0 30.0 30.0 30.0 30.0 30.0 0.0
96.4 30.0 30.0 30.0 30.0 30.0 30.0 30.0 30.0 30.0 30.0 0.0
96.5 30.0 30.0 30.0 30.0 30.0 30.0 30.0 30.0 30.0 30.0 0.0
96.6 30.0 30.0 30.0 30.0 30.0 30.0 30.0 30.0 30.0 30.0 0.0
96.7 30.0 30.0 30.0 30.0 30.0 30.0 30.0 30.0 30.0 30.0 0.0
96.8 30.0 30.0 30.0 30.0 30.0 30.0 30.0 30.0 30.0 30.0 0.0
96.9 30.0 30.0 30.0 30.0 30.0 30.0 30.0 30.0 30.0 30.0 0.0
97.0 30.0 30.0 30.0 30.0 30.0 30.0 30.0 30.0 30.0 30.0 0.0
97.1 30.0 30.0 30.0 30.0 30.0 30.0 30.0 30.0 30.0 30.0 0.0
97.2 30.0 30.0 30.0 30.0 30.0 30.0 30.0 30.0 30.0 30.0 0.0
97.3 30.0 30.0 30.0 30.0 30.0 30.0 30.0 30.0 30.0 30.0 0.0
97.4 30.0 30.0 30.0 30.0 30.0 30.0 30.0 30.0 30.0 30.0 0.0
97.5 30.0 30.0 30.0 30.0 30.0 30.0 30.0 30.0 30.0 30.0 0.0
97.6 30.0 30.0 30.0 30.0 30.0 30.0 30.0 30.0 30.0 30.0 0.0
97.7 30.0 30.0 30.0 30.0 30.0 30.0 30.0 30.0 30.0 30.0 0.0
97.8 30.0 30.0 30.0 30.0 30.0 30.0 30.0 30.0 30.0 30.0 0.0
97.9 30.0 30.0 30.0 30.0 30.0 30.0 30.0 30.0 30.0 30.0 0.0
98.0 30.0 30.0 30.0 30.0 30.0 30.0 30.0 30.0 30.0 30.0 0.0
98.1 30.0 30.0 30.0 30.0 30.0 30.0 30.0 30.0 30.0 30.0 0.0
98.2 30.0 30.0 30.0 30.0 30.0 30.0 30.0 30.0 30.0 30.0 0.0
98.3 30.0 30.0 30.0 30.0 30.0 30.0 30.0 30.0 30.0 30.0 0.0
98.4 30.0 30.0 30.0 30.0 30.0 30.0 30.0 30.0 30.0 30.0 0.0
98.5 30.0 30.0 30.0 30.0 30.0 30.0 30.0 30.0 30.0 30.0 0.0
98.6 30.0 30.0 30.0 30.0 30.0 30.0 30.0 30.0 30.0 30.0 0.0
98.7 30.0 30.0 30.0 30.0 30.0 30.0 30.0 30.0 30.0 30.0 0.0
98.8 30.0 30.0 30.0 30.0 30.0 30.0 30.0 30.0 30.0 30.0 0.0
98.9 30.0 30.0 30.0 30.0 30.0 30.0 30.0 30.0 30.0 30.0 0.0
99.0 30.0 30.0 30.0 30.0 30.0 30.0 30.0 30.0 30.0 30.0 0.0
99.1 30.0 30.0 30.0 30.0 30.0 30.0 30.0 30.0 30.0 30.0 0.0
99.2 30.0 30.0 30.0 30.0 30.0 30.0 30.0 30.0 30.0 30.0 0.0
99.3 30.0 30.0 30.0 30.0 30.0 30.0 30.0 30.0 30.0 30.0 0.0
99.4 30.0 30.0 30.0 30.0 30.0 30.0 30.0 30.0 30.0 30.0 0.0
99.5 30.0 30.0 30.0 30.0 30.0 30.0 30.0 30.0 30.0 30.0 0.0
99.6 30.0 30.0 30.0 30.0 30.0 30.0 30.0 30.0 30.0 30.0 0.0
99.7 30.0 30.0 30.0 30.0 30.0 30.0 30.0 30.0 30.0 30.0 0.0
99.8 30.0 30.0 30.0 30.0 30.0 30.0 30.0 30.0 30.0 30.0 0.0
99.9 30.0 30.0 30.0 30.0 30.0 30.0 30.0 30.0 30.0 30.0 0.0
