0.0 0.0 -1073741824.0 -1073741824.0 -1073741824.0 -1073741824.0 -1073741824.0 -1073741824.0 -1073741824.0 -1073741824.0 -1073741824.0 -1073741824.0
0.1 0.6000000000000001 -1073741824.0 -1073741824.0 -1073741824.0 -1073741824.0 -1073741824.0 -1073741824.0 -1073741824.0 -1073741824.0 -1073741824.0 -1073741824.0
0.2 30.0 0.0 0.0 0.0 0.0 0.0 0.0 0.0 0.0 0.0 0.0
0.3 30.0 30.0 30.0 30.0 30.0 30.0 30.0 30.0 30.0 30.0 0.0
0.4 30.0 30.0 30.0 30.0 30.0 30.0 30.0 30.0 30.0 30.0 0.0
0.5 30.0 30.0 30.0 30.0 30.0 30.0 30.0 30.0 30.0 30.0 0.0
0.6 30.0 30.0 30.0 30.0 30.0 30.0 30.0 30.0 30.0 30.0 0.0
0.7 30.0 30.0 30.0 30.0 30.0 30.0 30.0 30.0 30.0 30.0 0.0
0.8 30.0 30.0 30.0 30.0 30.0 30.0 30.0 30.0 30.0 30.0 0.0
0.9 30.0 30.0 30.0 30.0 30.0 30.0 30.0 30.0 30.0 30.0 0.0
1.0 30.0 30.0 30.0 30.0 30.0 30.0 30.0 30.0 30.0 30.0 0.0
1.1 30.0 30.0 30.0 30.0 30.0 30.0 30.0 30.0 30.0 30.0 0.0
1.2 30.0 30.0 30.0 30.0 30.0 30.0 30.0 30.0 30.0 30.0 0.0
1.3 30.0 30.0 30.0 30.0 30.0 30.0 30.0 30.0 30.0 30.0 0.0
1.4 30.0 30.0 30.0 30.0 30.0 30.0 30.0 30.0 30.0 30.0 0.0
1.5 30.0 30.0 30.0 30.0 30.0 30.0 30.0 30.0 30.0 30.0 0.0
1.6 30.0 30.0 30.0 30.0 30.0 30.0 30.0 30.0 30.0 30.0 0.0
1.7 30.0 30.0 30.0 30.0 30.0 30.0 30.0 30.0 30.0 30.0 0.0
1.8 30.0 30.0 30.0 30.0 30.0 30.0 30.0 30.0 30.0 30.0 0.0
1.9 30.0 30.0 30.0 30.0 30.0 30.0 30.0 30.0 30.0 30.0 0.0
2.0 30.0 30.0 30.0 30.0 30.0 30.0 30.0 30.0 30.0 30.0 0.0
2.1 30.0 30.0 30.0 30.0 30.0 30.0 30.0 30.0 30.0 30.0 0.0
2.2 29.911565097205848 29.911565097205848 29.911565097205848 29.911565097205848 29.911565097205848 29.911565097205848 29.911565097205848 29.911565097205848 29.911565097205848 29.911565097205848 0.0
2.3 29.823130194411696 29.823130194411696 29.823130194411696 29.823130194411696 29.823130194411696 29.823130194411696 29.823130194411696 29.823130194411696 29.823130194411696 29.823130194411696 0.0
2.4 29.734695291617545 29.734695291617545 29.734695291617545 29.734695291617545 29.734695291617545 29.734695291617545 29.734695291617545 29.734695291617545 29.734695291617545 29.734695291617545 0.0
2.5 29.646260388823393 29.646260388823393 29.646260388823393 29.646260388823393 29.646260388823393 29.646260388823393 29.646260388823393 29.646260388823393 29.646260388823393 29.646260388823393 0.0
2.6 29.55782548602924 29.55782548602924 29.55782548602924 29.55782548602924 29.55782548602924 29.55782548602924 29.55782548602924 29.55782548602924 29.55782548602924 29.55782548602924 0.0
2.7 29.46939058323509 29.46939058323509 29.46939058323509 29.46939058323509 29.46939058323509 29.46939058323509 29.46939058323509 29.46939058323509 29.46939058323509 29.46939058323509 0.0
2.8 29.380955680440938 29.380955680440938 29.380955680440938 29.380955680440938 29.380955680440938 29.380955680440938 29.380955680440938 29.380955680440938 29.380955680440938 29.380955680440938 0.0
2.9 29.292520777646786 29.292520777646786 29.292520777646786 29.292520777646786 29.292520777646786 29.292520777646786 29.292520777646786 29.292520777646786 29.292520777646786 29.292520777646786 0.0
3.0 29.204085874852634 29.204085874852634 29.204085874852634 29.204085874852634 29.204085874852634 29.204085874852634 29.204085874852634 29.204085874852634 29.204085874852634 29.204085874852634 0.0
3.1 29.115650972058482 29.115650972058482 29.115650972058482 29.115650972058482 29.115650972058482 29.115650972058482 29.115650972058482 29.115650972058482 29.115650972058482 29.115650972058482 0.0
3.2 29.02721606926433 29.02721606926433 29.02721606926433 29.02721606926433 29.02721606926433 29.02721606926433 29.02721606926433 29.02721606926433 29.02721606926433 29.02721606926433 0.0
3.3 28.93878116647018 28.93878116647018 28.93878116647018 28.93878116647018 28.93878116647018 28.93878116647018 28.93878116647018 28.93878116647018 28.93878116647018 28.93878116647018 0.0
3.4 28.850346263676027 28.850346263676027 28.850346263676027 28.850346263676027 28.850346263676027 28.850346263676027 28.850346263676027 28.850346263676027 28.850346263676027 28.850346263676027 0.0
3.5 28.761911360881875 28.761911360881875 28.761911360881875 28.761911360881875 28.761911360881875 28.761911360881875 28.761911360881875 28.761911360881875 28.761911360881875 28.761911360881875 0.0
3.6 28.673476458087723 28.673476458087723 28.673476458087723 28.673476458087723 28.673476458087723 28.673476458087723 28.673476458087723 28.673476458087723 28.673476458087723 28.673476458087723 0.0
3.7 28.58504155529357 28.58504155529357 28.58504155529357 28.58504155529357 28.58504155529357 28.58504155529357 28.58504155529357 28.58504155529357 28.58504155529357 28.58504155529357 0.0
3.8 28.49660665249942 28.49660665249942 28.49660665249942 28.49660665249942 28.49660665249942 28.49660665249942 28.49660665249942 28.49660665249942 28.49660665249942 28.49660665249942 0.0
3.9 28.408171749705268 28.408171749705268 28.408171749705268 28.408171749705268 28.408171749705268 28.408171749705268 28.408171749705268 28.408171749705268 28.408171749705268 28.408171749705268 0.0
4.0 28.319736846911116 28.319736846911116 28.319736846911116 28.319736846911116 28.319736846911116 28.319736846911116 28.319736846911116 28.319736846911116 28.319736846911116 28.319736846911116 0.0
4.1 28.231301944116964 28.231301944116964 28.231301944116964 28.231301944116964 28.231301944116964 28.231301944116964 28.231301944116964 28.231301944116964 28.231301944116964 28.231301944116964 0.0
4.2 28.142867041322813 28.142867041322813 28.142867041322813 28.142867041322813 28.142867041322813 28.142867041322813 28.142867041322813 28.142867041322813 28.142867041322813 28.142867041322813 0.0
4.3 28.05443213852866 28.05443213852866 28.05443213852866 28.05443213852866 28.05443213852866 28.05443213852866 28.05443213852866 28.05443213852866 28.05443213852866 28.05443213852866 0.0
4.4 27.96599723573451 27.96599723573451 27.96599723573451 27.96599723573451 27.96599723573451 27.96599723573451 27.96599723573451 27.96599723573451 27.96599723573451 27.96599723573451 0.0
4.5 27.877562332940357 27.877562332940357 27.877562332940357 27.877562332940357 27.877562332940357 27.877562332940357 27.877562332940357 27.877562332940357 27.877562332940357 27.877562332940357 0.0
4.6 27.789127430146205 27.789127430146205 27.789127430146205 27.789127430146205 27.789127430146205 27.789127430146205 27.789127430146205 27.789127430146205 27.789127430146205 27.789127430146205 0.0
4.7 27.700692527352054 27.700692527352054 27.700692527352054 27.700692527352054 27.700692527352054 27.700692527352054 27.700692527352054 27.700692527352054 27.700692527352054 27.700692527352054 0.0
4.8 27.612257624557902 27.612257624557902 27.612257624557902 27.612257624557902 27.612257624557902 27.612257624557902 27.612257624557902 27.612257624557902 27.612257624557902 27.612257624557902 0.0
4.9 27.52382272176375 27.52382272176375 27.52382272176375 27.52382272176375 27.52382272176375 27.52382272176375 27.52382272176375 27.52382272176375 27.52382272176375 27.52382272176375 0.0
5.0 27.4353878189696 27.4353878189696 27.4353878189696 27.4353878189696 27.4353878189696 27.4353878189696 27.4353878189696 27.4353878189696 27.4353878189696 27.4353878189696 0.0
5.1 27.346952916175447 27.346952916175447 27.346952916175447 27.346952916175447 27.346952916175447 27.346952916175447 27.346952916175447 27.346952916175447 27.346952916175447 27.346952916175447 0.0
5.2 27.258518013381295 27.258518013381295 27.258518013381295 27.258518013381295 27.258518013381295 27.258518013381295 27.258518013381295 27.258518013381295 27.258518013381295 27.258518013381295 0.0
5.3 27.170083110587143 27.170083110587143 27.170083110587143 27.170083110587143 27.170083110587143 27.170083110587143 27.170083110587143 27.170083110587143 27.170083110587143 27.170083110587143 0.0
5.4 27.08164820779299 27.08164820779299 27.08164820779299 27.08164820779299 27.08164820779299 27.08164820779299 27.08164820779299 27.08164820779299 27.08164820779299 27.08164820779299 0.0
5.5 26.99321330499884 26.99321330499884 26.99321330499884 26.99321330499884 26.99321330499884 26.99321330499884 26.99321330499884 26.99321330499884 26.99321330499884 26.99321330499884 0.0
5.6 26.904778402204688 26.904778402204688 26.904778402204688 26.904778402204688 26.904778402204688 26.904778402204688 26.904778402204688 26.904778402204688 26.904778402204688 26.904778402204688 0.0
5.7 26.816343499410536 26.816343499410536 26.816343499410536 26.816343499410536 26.816343499410536 26.816343499410536 26.816343499410536 26.816343499410536 26.816343499410536 26.816343499410536 0.0
5.8 26.727908596616384 26.727908596616384 26.727908596616384 26.727908596616384 26.727908596616384 26.727908596616384 26.727908596616384 26.727908596616384 26.727908596616384 26.727908596616384 0.0
5.9 26.639473693822232 26.639473693822232 26.639473693822232 26.639473693822232 26.639473693822232 26.639473693822232 26.639473693822232 26.639473693822232 26.639473693822232 26.639473693822232 0.0
6.0 26.55103879102808 26.55103879102808 26.55103879102808 26.55103879102808 26.55103879102808 26.55103879102808 26.55103879102808 26.55103879102808 26.55103879102808 26.55103879102808 0.0
6.1 26.46260388823393 26.46260388823393 26.46260388823393 26.46260388823393 26.46260388823393 26.46260388823393 26.46260388823393 26.46260388823393 26.46260388823393 26.46260388823393 0.0
6.2 26.374168985439777 26.374168985439777 26.374168985439777 26.374168985439777 26.374168985439777 26.374168985439777 26.374168985439777 26.374168985439777 26.374168985439777 26.374168985439777 0.0
6.3 26.285734082645625 26.285734082645625 26.285734082645625 26.285734082645625 26.285734082645625 26.285734082645625 26.285734082645625 26.285734082645625 26.285734082645625 26.285734082645625 0.0
6.4 26.197299179851473 26.197299179851473 26.197299179851473 26.197299179851473 26.197299179851473 26.197299179851473 26.197299179851473 26.197299179851473 26.197299179851473 26.197299179851473 0.0
6.5 26.10886427705732 26.10886427705732 26.10886427705732 26.10886427705732 26.10886427705732 26.10886427705732 26.10886427705732 26.10886427705732 26.10886427705732 26.10886427705732 0.0
6.6 26.02042937426317 26.02042937426317 26.02042937426317 26.02042937426317 26.02042937426317 26.02042937426317 26.02042937426317 26.02042937426317 26.02042937426317 26.02042937426317 0.0
6.7 25.931994471469018 25.931994471469018 25.931994471469018 25.931994471469018 25.931994471469018 25.931994471469018 25.931994471469018 25.931994471469018 25.931994471469018 25.931994471469018 0.0
6.8 25.843559568674866 25.843559568674866 25.843559568674866 25.843559568674866 25.843559568674866 25.843559568674866 25.843559568674866 25.843559568674866 25.843559568674866 25.843559568674866 0.0
6.9 25.755124665880714 25.755124665880714 25.755124665880714 25.755124665880714 25.755124665880714 25.755124665880714 25.755124665880714 25.755124665880714 25.755124665880714 25.755124665880714 0.0
7.0 25.666689763086563 25.666689763086563 25.666689763086563 25.666689763086563 25.666689763086563 25.666689763086563 25.666689763086563 25.666689763086563 25.666689763086563 25.666689763086563 0.0
7.1 25.57825486029241 25.57825486029241 25.57825486029241 25.57825486029241 25.57825486029241 25.57825486029241 25.57825486029241 25.57825486029241 25.57825486029241 25.57825486029241 0.0
7.2 25.48981995749826 25.48981995749826 25.48981995749826 25.48981995749826 25.48981995749826 25.48981995749826 25.48981995749826 25.48981995749826 25.48981995749826 25.48981995749826 0.0
7.3 25.401385054704107 25.401385054704107 25.401385054704107 25.401385054704107 25.401385054704107 25.401385054704107 25.401385054704107 25.401385054704107 25.401385054704107 25.401385054704107 0.0
7.4 25.312950151909956 25.312950151909956 25.312950151909956 25.312950151909956 25.312950151909956 25.312950151909956 25.312950151909956 25.312950151909956 25.312950151909956 25.312950151909956 0.0
7.5 25.224515249115804 25.224515249115804 25.224515249115804 25.224515249115804 25.224515249115804 25.224515249115804 25.224515249115804 25.224515249115804 25.224515249115804 25.224515249115804 0.0
7.6 25.136080346321652 25.136080346321652 25.136080346321652 25.136080346321652 25.136080346321652 25.136080346321652 25.136080346321652 25.136080346321652 25.136080346321652 25.136080346321652 0.0
7.7 25.0476454435275 25.0476454435275 25.0476454435275 25.0476454435275 25.0476454435275 25.0476454435275 25.0476454435275 25.0476454435275 25.0476454435275 25.0476454435275 0.0
7.8 24.95921054073335 24.95921054073335 24.95921054073335 24.95921054073335 24.95921054073335 24.95921054073335 24.95921054073335 24.95921054073335 24.95921054073335 24.95921054073335 0.0
7.9 24.870775637939197 24.870775637939197 24.870775637939197 24.870775637939197 24.870775637939197 24.870775637939197 24.870775637939197 24.870775637939197 24.870775637939197 24.870775637939197 0.0
8.0 24.782340735145045 24.782340735145045 24.782340735145045 24.782340735145045 24.782340735145045 24.782340735145045 24.782340735145045 24.782340735145045 24.782340735145045 24.782340735145045 0.0
8.1 24.693905832350893 24.693905832350893 24.693905832350893 24.693905832350893 24.693905832350893 24.693905832350893 24.693905832350893 24.693905832350893 24.693905832350893 24.693905832350893 0.0
8.2 24.60547092955674 24.60547092955674 24.60547092955674 24.60547092955674 24.60547092955674 24.60547092955674 24.60547092955674 24.60547092955674 24.60547092955674 24.60547092955674 0.0
8.3 24.51703602676259 24.51703602676259 24.51703602676259 24.51703602676259 24.51703602676259 24.51703602676259 24.51703602676259 24.51703602676259 24.51703602676259 24.51703602676259 0.0
8.4 24.428601123968438 24.428601123968438 24.428601123968438 24.428601123968438 24.428601123968438 24.428601123968438 24.428601123968438 24.428601123968438 24.428601123968438 24.428601123968438 0.0
8.5 24.340166221174286 24.340166221174286 24.340166221174286 24.340166221174286 24.340166221174286 24.340166221174286 24.340166221174286 24.340166221174286 24.340166221174286 24.340166221174286 0.0
8.6 24.251731318380134 24.251731318380134 24.251731318380134 24.251731318380134 24.251731318380134 24.251731318380134 24.251731318380134 24.251731318380134 24.251731318380134 24.251731318380134 0.0
8.7 24.163296415585982 24.163296415585982 24.163296415585982 24.163296415585982 24.163296415585982 24.163296415585982 24.163296415585982 24.163296415585982 24.163296415585982 24.163296415585982 0.0
8.8 24.07486151279183 24.07486151279183 24.07486151279183 24.07486151279183 24.07486151279183 24.07486151279183 24.07486151279183 24.07486151279183 24.07486151279183 24.07486151279183 0.0
8.9 23.98642660999768 23.98642660999768 23.98642660999768 23.98642660999768 23.98642660999768 23.98642660999768 23.98642660999768 23.98642660999768 23.98642660999768 23.98642660999768 0.0
9.0 23.897991707203527 23.897991707203527 23.897991707203527 23.897991707203527 23.897991707203527 23.897991707203527 23.897991707203527 23.897991707203527 23.897991707203527 23.897991707203527 0.0
9.1 23.809556804409375 23.809556804409375 23.809556804409375 23.809556804409375 23.809556804409375 23.809556804409375 23.809556804409375 23.809556804409375 23.809556804409375 23.809556804409375 0.0
9.2 23.721121901615223 23.721121901615223 23.721121901615223 23.721121901615223 23.721121901615223 23.721121901615223 23.721121901615223 23.721121901615223 23.721121901615223 23.721121901615223 0.0
9.3 23.63268699882107 23.63268699882107 23.63268699882107 23.63268699882107 23.63268699882107 23.63268699882107 23.63268699882107 23.63268699882107 23.63268699882107 23.63268699882107 0.0
9.4 23.54425209602692 23.54425209602692 23.54425209602692 23.54425209602692 23.54425209602692 23.54425209602692 23.54425209602692 23.54425209602692 23.54425209602692 23.54425209602692 0.0
9.5 23.455817193232768 23.455817193232768 23.455817193232768 23.455817193232768 23.455817193232768 23.455817193232768 23.455817193232768 23.455817193232768 23.455817193232768 23.455817193232768 0.0
9.6 23.367382290438616 23.367382290438616 23.367382290438616 23.367382290438616 23.367382290438616 23.367382290438616 23.367382290438616 23.367382290438616 23.367382290438616 23.367382290438616 0.0
9.7 23.278947387644465 23.278947387644465 23.278947387644465 23.278947387644465 23.278947387644465 23.278947387644465 23.278947387644465 23.278947387644465 23.278947387644465 23.278947387644465 0.0
9.8 23.190512484850313 23.190512484850313 23.190512484850313 23.190512484850313 23.190512484850313 23.190512484850313 23.190512484850313 23.190512484850313 23.190512484850313 23.190512484850313 0.0
9.9 23.10207758205616 23.10207758205616 23.10207758205616 23.10207758205616 23.10207758205616 23.10207758205616 23.10207758205616 23.10207758205616 23.10207758205616 23.10207758205616 0.0
10.0 23.01364267926201 23.01364267926201 23.01364267926201 23.01364267926201 23.01364267926201 23.01364267926201 23.01364267926201 23.01364267926201 23.01364267926201 23.01364267926201 0.0
10.1 22.925207776467857 22.925207776467857 22.925207776467857 22.925207776467857 22.925207776467857 22.925207776467857 22.925207776467857 22.925207776467857 22.925207776467857 22.925207776467857 0.0
10.2 22.836772873673706 22.836772873673706 22.836772873673706 22.836772873673706 22.836772873673706 22.836772873673706 22.836772873673706 22.836772873673706 22.836772873673706 22.836772873673706 0.0
10.3 22.748337970879554 22.748337970879554 22.748337970879554 22.748337970879554 22.748337970879554 22.748337970879554 22.748337970879554 22.748337970879554 22.748337970879554 22.748337970879554 0.0
10.4 22.659903068085402 22.659903068085402 22.659903068085402 22.659903068085402 22.659903068085402 22.659903068085402 22.659903068085402 22.659903068085402 22.659903068085402 22.659903068085402 0.0
10.5 22.57146816529125 22.57146816529125 22.57146816529125 22.57146816529125 22.57146816529125 22.57146816529125 22.57146816529125 22.57146816529125 22.57146816529125 22.57146816529125 0.0
10.6 22.4830332624971 22.4830332624971 22.4830332624971 22.4830332624971 22.4830332624971 22.4830332624971 22.4830332624971 22.4830332624971 22.4830332624971 22.4830332624971 0.0
10.7 22.394598359702947 22.394598359702947 22.394598359702947 22.394598359702947 22.394598359702947 22.394598359702947 22.394598359702947 22.394598359702947 22.394598359702947 22.394598359702947 0.0
10.8 22.306163456908795 22.306163456908795 22.306163456908795 22.306163456908795 22.306163456908795 22.306163456908795 22.306163456908795 22.306163456908795 22.306163456908795 22.306163456908795 0.0
10.9 22.217728554114643 22.217728554114643 22.217728554114643 22.217728554114643 22.217728554114643 22.217728554114643 22.217728554114643 22.217728554114643 22.217728554114643 22.217728554114643 0.0
11.0 22.12929365132049 22.12929365132049 22.12929365132049 22.12929365132049 22.12929365132049 22.12929365132049 22.12929365132049 22.12929365132049 22.12929365132049 22.12929365132049 0.0
11.1 22.04085874852634 22.04085874852634 22.04085874852634 22.04085874852634 22.04085874852634 22.04085874852634 22.04085874852634 22.04085874852634 22.04085874852634 22.04085874852634 0.0
11.2 21.952423845732188 21.952423845732188 21.952423845732188 21.952423845732188 21.952423845732188 21.952423845732188 21.952423845732188 21.952423845732188 21.952423845732188 21.952423845732188 0.0
11.3 21.863988942938036 21.863988942938036 21.863988942938036 21.863988942938036 21.863988942938036 21.863988942938036 21.863988942938036 21.863988942938036 21.863988942938036 21.863988942938036 0.0
11.4 21.775554040143884 21.775554040143884 21.775554040143884 21.775554040143884 21.775554040143884 21.775554040143884 21.775554040143884 21.775554040143884 21.775554040143884 21.775554040143884 0.0
11.5 21.687119137349733 21.687119137349733 21.687119137349733 21.687119137349733 21.687119137349733 21.687119137349733 21.687119137349733 21.687119137349733 21.687119137349733 21.687119137349733 0.0
11.6 21.59868423455558 21.59868423455558 21.59868423455558 21.59868423455558 21.59868423455558 21.59868423455558 21.59868423455558 21.59868423455558 21.59868423455558 21.59868423455558 0.0
11.7 21.51024933176143 21.51024933176143 21.51024933176143 21.51024933176143 21.51024933176143 21.51024933176143 21.51024933176143 21.51024933176143 21.51024933176143 21.51024933176143 0.0
11.8 21.421814428967277 21.421814428967277 21.421814428967277 21.421814428967277 21.421814428967277 21.421814428967277 21.421814428967277 21.421814428967277 21.421814428967277 21.421814428967277 0.0
11.9 21.333379526173125 21.333379526173125 21.333379526173125 21.333379526173125 21.333379526173125 21.333379526173125 21.333379526173125 21.333379526173125 21.333379526173125 21.333379526173125 0.0
12.0 21.244944623378974 21.244944623378974 21.244944623378974 21.244944623378974 21.244944623378974 21.244944623378974 21.244944623378974 21.244944623378974 21.244944623378974 21.244944623378974 0.0
12.1 21.156509720584822 21.156509720584822 21.156509720584822 21.156509720584822 21.156509720584822 21.156509720584822 21.156509720584822 21.156509720584822 21.156509720584822 21.156509720584822 0.0
12.2 21.06807481779067 21.06807481779067 21.06807481779067 21.06807481779067 21.06807481779067 21.06807481779067 21.06807481779067 21.06807481779067 21.06807481779067 21.06807481779067 0.0
12.3 20.97963991499652 20.97963991499652 20.97963991499652 20.97963991499652 20.97963991499652 20.97963991499652 20.97963991499652 20.97963991499652 20.97963991499652 20.97963991499652 0.0
12.4 20.891205012202366 20.891205012202366 20.891205012202366 20.891205012202366 20.891205012202366 20.891205012202366 20.891205012202366 20.891205012202366 20.891205012202366 20.891205012202366 0.0
12.5 20.802770109408215 20.802770109408215 20.802770109408215 20.802770109408215 20.802770109408215 20.802770109408215 20.802770109408215 20.802770109408215 20.802770109408215 20.802770109408215 0.0
12.6 20.714335206614063 20.714335206614063 20.714335206614063 20.714335206614063 20.714335206614063 20.714335206614063 20.714335206614063 20.714335206614063 20.714335206614063 20.714335206614063 0.0
12.7 20.62590030381991 20.62590030381991 20.62590030381991 20.62590030381991 20.62590030381991 20.62590030381991 20.62590030381991 20.62590030381991 20.62590030381991 20.62590030381991 0.0
12.8 20.53746540102576 20.53746540102576 20.53746540102576 20.53746540102576 20.53746540102576 20.53746540102576 20.53746540102576 20.53746540102576 20.53746540102576 20.53746540102576 0.0
12.9 20.449030498231608 20.449030498231608 20.449030498231608 20.449030498231608 20.449030498231608 20.449030498231608 20.449030498231608 20.449030498231608 20.449030498231608 20.449030498231608 0.0
13.0 20.360595595437456 20.360595595437456 20.360595595437456 20.360595595437456 20.360595595437456 20.360595595437456 20.360595595437456 20.360595595437456 20.360595595437456 20.360595595437456 0.0
13.1 20.272160692643304 20.272160692643304 20.272160692643304 20.272160692643304 20.272160692643304 20.272160692643304 20.272160692643304 20.272160692643304 20.272160692643304 20.272160692643304 0.0
13.2 20.183725789849152 20.183725789849152 20.183725789849152 20.183725789849152 20.183725789849152 20.183725789849152 20.183725789849152 20.183725789849152 20.183725789849152 20.183725789849152 0.0
13.3 20.095290887055 20.095290887055 20.095290887055 20.095290887055 20.095290887055 20.095290887055 20.095290887055 20.095290887055 20.095290887055 20.095290887055 0.0
13.4 20.095290887055 20.00685598426085 20.00685598426085 20.00685598426085 20.00685598426085 20.00685598426085 20.00685598426085 20.00685598426085 20.00685598426085 20.00685598426085 0.0
13.5 20.095290887055 19.918421081466697 19.918421081466697 19.918421081466697 19.918421081466697 19.918421081466697 19.918421081466697 19.918421081466697 19.918421081466697 19.918421081466697 0.0
13.6 20.095290887055 19.829986178672545 19.829986178672545 19.829986178672545 19.829986178672545 19.829986178672545 19.829986178672545 19.829986178672545 19.829986178672545 19.829986178672545 0.0
13.7 20.095290887055 19.741551275878393 19.741551275878393 19.741551275878393 19.741551275878393 19.741551275878393 19.741551275878393 19.741551275878393 19.741551275878393 19.741551275878393 0.0
13.8 20.095290887055 19.65311637308424 19.65311637308424 19.65311637308424 19.65311637308424 19.65311637308424 19.65311637308424 19.65311637308424 19.65311637308424 19.65311637308424 0.0
13.9 20.095290887055 19.56468147029009 19.56468147029009 19.56468147029009 19.56468147029009 19.56468147029009 19.56468147029009 19.56468147029009 19.56468147029009 19.56468147029009 0.0
14.0 20.095290887055 19.476246567495938 19.476246567495938 19.476246567495938 19.476246567495938 19.476246567495938 19.476246567495938 19.476246567495938 19.476246567495938 19.476246567495938 0.0
14.1 20.095290887055 19.387811664701786 19.387811664701786 19.387811664701786 19.387811664701786 19.387811664701786 19.387811664701786 19.387811664701786 19.387811664701786 19.387811664701786 0.0
14.2 20.095290887055 19.299376761907634 19.299376761907634 19.299376761907634 19.299376761907634 19.299376761907634 19.299376761907634 19.299376761907634 19.299376761907634 19.299376761907634 0.0
14.3 20.095290887055 19.210941859113483 19.210941859113483 19.210941859113483 19.210941859113483 19.210941859113483 19.210941859113483 19.210941859113483 19.210941859113483 19.210941859113483 0.0
14.4 20.095290887055 19.12250695631933 19.12250695631933 19.12250695631933 19.12250695631933 19.12250695631933 19.12250695631933 19.12250695631933 19.12250695631933 19.12250695631933 0.0
14.5 20.095290887055 19.03407205352518 19.03407205352518 19.03407205352518 19.03407205352518 19.03407205352518 19.03407205352518 19.03407205352518 19.03407205352518 19.03407205352518 0.0
14.6 20.095290887055 18.945637150731027 18.945637150731027 18.945637150731027 18.945637150731027 18.945637150731027 18.945637150731027 18.945637150731027 18.945637150731027 18.945637150731027 0.0
14.7 20.095290887055 18.857202247936875 18.857202247936875 18.857202247936875 18.857202247936875 18.857202247936875 18.857202247936875 18.857202247936875 18.857202247936875 18.857202247936875 0.0
14.8 20.695290887055002 18.768767345142724 18.768767345142724 18.768767345142724 18.768767345142724 18.768767345142724 18.768767345142724 18.768767345142724 18.768767345142724 18.768767345142724 0.0
14.9 21.295290887055003 18.680332442348572 18.680332442348572 18.680332442348572 18.680332442348572 18.680332442348572 18.680332442348572 18.680332442348572 18.680332442348572 18.680332442348572 0.0
15.0 21.895290887055005 18.680332442348572 18.59189753955442 18.59189753955442 18.59189753955442 18.59189753955442 18.59189753955442 18.59189753955442 18.59189753955442 18.59189753955442 0.0
15.1 22.495290887055006 18.680332442348572 18.50346263676027 18.50346263676027 18.50346263676027 18.50346263676027 18.50346263676027 18.50346263676027 18.50346263676027 18.50346263676027 0.0
15.2 23.095290887055008 18.680332442348572 18.415027733966117 18.415027733966117 18.415027733966117 18.415027733966117 18.415027733966117 18.415027733966117 18.415027733966117 18.415027733966117 0.0
15.3 23.69529088705501 18.680332442348572 18.326592831171965 18.326592831171965 18.326592831171965 18.326592831171965 18.326592831171965 18.326592831171965 18.326592831171965 18.326592831171965 0.0
15.4 24.29529088705501 18.680332442348572 18.238157928377813 18.238157928377813 18.238157928377813 18.238157928377813 18.238157928377813 18.238157928377813 18.238157928377813 18.238157928377813 0.0
15.5 24.895290887055012 18.680332442348572 18.14972302558366 18.14972302558366 18.14972302558366 18.14972302558366 18.14972302558366 18.14972302558366 18.14972302558366 18.14972302558366 0.0
15.6 25.495290887055013 18.680332442348572 18.06128812278951 18.06128812278951 18.06128812278951 18.06128812278951 18.06128812278951 18.06128812278951 18.06128812278951 18.06128812278951 0.0
15.7 26.095290887055015 18.680332442348572 17.972853219995358 17.972853219995358 17.972853219995358 17.972853219995358 17.972853219995358 17.972853219995358 17.972853219995358 17.972853219995358 0.0
15.8 26.695290887055016 18.680332442348572 17.884418317201206 17.884418317201206 17.884418317201206 17.884418317201206 17.884418317201206 17.884418317201206 17.884418317201206 17.884418317201206 0.0
15.9 27.295290887055017 18.680332442348572 17.795983414407054 17.795983414407054 17.795983414407054 17.795983414407054 17.795983414407054 17.795983414407054 17.795983414407054 17.795983414407054 0.0
16.0 27.89529088705502 18.680332442348572 17.707548511612902 17.707548511612902 17.707548511612902 17.707548511612902 17.707548511612902 17.707548511612902 17.707548511612902 17.707548511612902 0.0
16.1 28.49529088705502 18.680332442348572 17.61911360881875 17.61911360881875 17.61911360881875 17.61911360881875 17.61911360881875 17.61911360881875 17.61911360881875 17.61911360881875 0.0
16.2 29.09529088705502 18.680332442348572 17.5306787060246 17.5306787060246 17.5306787060246 17.5306787060246 17.5306787060246 17.5306787060246 17.5306787060246 17.5306787060246 0.0
16.3 29.695290887055023 18.680332442348572 17.442243803230447 17.442243803230447 17.442243803230447 17.442243803230447 17.442243803230447 17.442243803230447 17.442243803230447 17.442243803230447 0.0
16.4 30.0 19.280332442348573 17.353808900436295 17.353808900436295 17.353808900436295 17.353808900436295 17.353808900436295 17.353808900436295 17.353808900436295 17.353808900436295 0.0
16.5 30.0 19.880332442348575 17.265373997642143 17.265373997642143 17.265373997642143 17.265373997642143 17.265373997642143 17.265373997642143 17.265373997642143 17.265373997642143 0.0
16.6 30.0 20.480332442348576 17.265373997642143 17.17693909484799 17.17693909484799 17.17693909484799 17.17693909484799 17.17693909484799 17.17693909484799 17.17693909484799 0.0
16.7 30.0 21.080332442348578 17.265373997642143 17.08850419205384 17.08850419205384 17.08850419205384 17.08850419205384 17.08850419205384 17.08850419205384 17.08850419205384 0.0
16.8 30.0 21.68033244234858 17.265373997642143 17.000069289259688 17.000069289259688 17.000069289259688 17.000069289259688 17.000069289259688 17.000069289259688 17.000069289259688 0.0
16.9 30.0 22.28033244234858 17.265373997642143 16.911634386465536 16.911634386465536 16.911634386465536 16.911634386465536 16.911634386465536 16.911634386465536 16.911634386465536 0.0
17.0 30.0 22.880332442348582 17.265373997642143 16.823199483671385 16.823199483671385 16.823199483671385 16.823199483671385 16.823199483671385 16.823199483671385 16.823199483671385 0.0
17.1 30.0 23.480332442348583 17.265373997642143 16.734764580877233 16.734764580877233 16.734764580877233 16.734764580877233 16.734764580877233 16.734764580877233 16.734764580877233 0.0
17.2 30.0 24.080332442348585 17.265373997642143 16.64632967808308 16.64632967808308 16.64632967808308 16.64632967808308 16.64632967808308 16.64632967808308 16.64632967808308 0.0
17.3 30.0 24.680332442348586 17.265373997642143 16.55789477528893 16.55789477528893 16.55789477528893 16.55789477528893 16.55789477528893 16.55789477528893 16.55789477528893 0.0
17.4 30.0 25.280332442348588 17.265373997642143 16.469459872494777 16.469459872494777 16.469459872494777 16.469459872494777 16.469459872494777 16.469459872494777 16.469459872494777 0.0
17.5 30.0 25.88033244234859 17.265373997642143 16.381024969700626 16.381024969700626 16.381024969700626 16.381024969700626 16.381024969700626 16.381024969700626 16.381024969700626 0.0
17.6 30.0 26.48033244234859 17.265373997642143 16.292590066906474 16.292590066906474 16.292590066906474 16.292590066906474 16.292590066906474 16.292590066906474 16.292590066906474 0.0
17.7 30.0 27.080332442348592 17.265373997642143 16.204155164112322 16.204155164112322 16.204155164112322 16.204155164112322 16.204155164112322 16.204155164112322 16.204155164112322 0.0
17.8 30.0 27.680332442348593 17.265373997642143 16.11572026131817 16.11572026131817 16.11572026131817 16.11572026131817 16.11572026131817 16.11572026131817 16.11572026131817 0.0
17.9 30.0 28.280332442348595 17.265373997642143 16.02728535852402 16.02728535852402 16.02728535852402 16.02728535852402 16.02728535852402 16.02728535852402 16.02728535852402 0.0
18.0 30.0 28.880332442348596 17.865373997642145 15.938850455729867 15.938850455729867 15.938850455729867 15.938850455729867 15.938850455729867 15.938850455729867 15.938850455729867 0.0
18.1 30.0 29.480332442348598 18.465373997642146 15.850415552935715 15.850415552935715 15.850415552935715 15.850415552935715 15.850415552935715 15.850415552935715 15.850415552935715 0.0
18.2 30.0 30.0 19.065373997642148 15.850415552935715 15.761980650141563 15.761980650141563 15.761980650141563 15.761980650141563 15.761980650141563 15.761980650141563 0.0
18.3 30.0 30.0 19.66537399764215 15.850415552935715 15.673545747347411 15.673545747347411 15.673545747347411 15.673545747347411 15.673545747347411 15.673545747347411 0.0
18.4 30.0 30.0 20.26537399764215 15.850415552935715 15.58511084455326 15.58511084455326 15.58511084455326 15.58511084455326 15.58511084455326 15.58511084455326 0.0
18.5 30.0 30.0 20.865373997642152 15.850415552935715 15.496675941759108 15.496675941759108 15.496675941759108 15.496675941759108 15.496675941759108 15.496675941759108 0.0
18.6 30.0 30.0 21.465373997642153 15.850415552935715 15.408241038964956 15.408241038964956 15.408241038964956 15.408241038964956 15.408241038964956 15.408241038964956 0.0
18.7 30.0 30.0 22.065373997642155 15.850415552935715 15.319806136170804 15.319806136170804 15.319806136170804 15.319806136170804 15.319806136170804 15.319806136170804 0.0
18.8 30.0 30.0 22.665373997642156 15.850415552935715 15.231371233376652 15.231371233376652 15.231371233376652 15.231371233376652 15.231371233376652 15.231371233376652 0.0
18.9 30.0 30.0 23.265373997642158 15.850415552935715 15.1429363305825 15.1429363305825 15.1429363305825 15.1429363305825 15.1429363305825 15.1429363305825 0.0
19.0 30.0 30.0 23.86537399764216 15.850415552935715 15.054501427788349 15.054501427788349 15.054501427788349 15.054501427788349 15.054501427788349 15.054501427788349 0.0
19.1 30.0 30.0 24.46537399764216 15.850415552935715 14.966066524994197 14.966066524994197 14.966066524994197 14.966066524994197 14.966066524994197 14.966066524994197 0.0
19.2 30.0 30.0 25.065373997642162 15.850415552935715 14.877631622200045 14.877631622200045 14.877631622200045 14.877631622200045 14.877631622200045 14.877631622200045 0.0
19.3 30.0 30.0 25.665373997642163 15.850415552935715 14.789196719405894 14.789196719405894 14.789196719405894 14.789196719405894 14.789196719405894 14.789196719405894 0.0
19.4 30.0 30.0 26.265373997642165 15.850415552935715 14.700761816611742 14.700761816611742 14.700761816611742 14.700761816611742 14.700761816611742 14.700761816611742 0.0
19.5 30.0 30.0 26.865373997642166 15.850415552935715 14.61232691381759 14.61232691381759 14.61232691381759 14.61232691381759 14.61232691381759 14.61232691381759 0.0
19.6 30.0 30.0 27.465373997642168 16.450415552935716 14.523892011023438 14.523892011023438 14.523892011023438 14.523892011023438 14.523892011023438 14.523892011023438 0.0
19.7 30.0 30.0 28.06537399764217 17.050415552935718 14.435457108229286 14.435457108229286 14.435457108229286 14.435457108229286 14.435457108229286 14.435457108229286 0.0
19.8 30.0 30.0 28.66537399764217 17.65041555293572 14.435457108229286 14.347022205435135 14.347022205435135 14.347022205435135 14.347022205435135 14.347022205435135 0.0
19.9 30.0 30.0 29.265373997642172 18.25041555293572 14.435457108229286 14.258587302640983 14.258587302640983 14.258587302640983 14.258587302640983 14.258587302640983 0.0
20.0 30.0 30.0 29.865373997642173 18.850415552935722 14.435457108229286 14.170152399846831 14.170152399846831 14.170152399846831 14.170152399846831 14.170152399846831 0.0
20.1 30.0 30.0 30.0 19.450415552935723 14.435457108229286 14.08171749705268 14.08171749705268 14.08171749705268 14.08171749705268 14.08171749705268 0.0
20.2 30.0 30.0 30.0 20.050415552935725 14.435457108229286 13.993282594258527 13.993282594258527 13.993282594258527 13.993282594258527 13.993282594258527 0.0
20.3 30.0 30.0 30.0 20.650415552935726 14.435457108229286 13.904847691464376 13.904847691464376 13.904847691464376 13.904847691464376 13.904847691464376 0.0
20.4 30.0 30.0 30.0 21.250415552935728 14.435457108229286 13.816412788670224 13.816412788670224 13.816412788670224 13.816412788670224 13.816412788670224 0.0
20.5 30.0 30.0 30.0 21.85041555293573 14.435457108229286 13.727977885876072 13.727977885876072 13.727977885876072 13.727977885876072 13.727977885876072 0.0
20.6 30.0 30.0 30.0 22.45041555293573 14.435457108229286 13.63954298308192 13.63954298308192 13.63954298308192 13.63954298308192 13.63954298308192 0.0
20.7 30.0 30.0 30.0 23.050415552935732 14.435457108229286 13.551108080287769 13.551108080287769 13.551108080287769 13.551108080287769 13.551108080287769 0.0
20.8 30.0 30.0 30.0 23.650415552935733 14.435457108229286 13.462673177493617 13.462673177493617 13.462673177493617 13.462673177493617 13.462673177493617 0.0
20.9 30.0 30.0 30.0 24.250415552935735 14.435457108229286 13.374238274699465 13.374238274699465 13.374238274699465 13.374238274699465 13.374238274699465 0.0
21.0 30.0 30.0 30.0 24.850415552935736 14.435457108229286 13.285803371905313 13.285803371905313 13.285803371905313 13.285803371905313 13.285803371905313 0.0
21.1 30.0 30.0 30.0 25.450415552935738 14.435457108229286 13.197368469111161 13.197368469111161 13.197368469111161 13.197368469111161 13.197368469111161 0.0
21.2 30.0 30.0 30.0 26.05041555293574 15.035457108229286 13.10893356631701 13.10893356631701 13.10893356631701 13.10893356631701 13.10893356631701 0.0
21.3 30.0 30.0 30.0 26.65041555293574 15.635457108229286 13.020498663522858 13.020498663522858 13.020498663522858 13.020498663522858 13.020498663522858 0.0
21.4 30.0 30.0 30.0 27.250415552935742 16.235457108229287 13.020498663522858 12.932063760728706 12.932063760728706 12.932063760728706 12.932063760728706 0.0
21.5 30.0 30.0 30.0 27.850415552935743 16.83545710822929 13.020498663522858 12.843628857934554 12.843628857934554 12.843628857934554 12.843628857934554 0.0
21.6 30.0 30.0 30.0 28.450415552935745 17.43545710822929 13.020498663522858 12.755193955140403 12.755193955140403 12.755193955140403 12.755193955140403 0.0
21.7 30.0 30.0 30.0 29.050415552935746 18.03545710822929 13.020498663522858 12.66675905234625 12.66675905234625 12.66675905234625 12.66675905234625 0.0
21.8 30.0 30.0 30.0 29.650415552935748 18.635457108229293 13.020498663522858 12.578324149552099 12.578324149552099 12.578324149552099 12.578324149552099 0.0
21.9 30.0 30.0 30.0 30.0 19.235457108229294 13.020498663522858 12.489889246757947 12.489889246757947 12.489889246757947 12.489889246757947 0.0
22.0 30.0 30.0 30.0 30.0 19.835457108229296 13.020498663522858 12.401454343963795 12.401454343963795 12.401454343963795 12.401454343963795 0.0
22.1 30.0 30.0 30.0 30.0 20.435457108229297 13.020498663522858 12.313019441169644 12.313019441169644 12.313019441169644 12.313019441169644 0.0
22.2 30.0 30.0 30.0 30.0 21.0354571082293 13.020498663522858 12.224584538375492 12.224584538375492 12.224584538375492 12.224584538375492 0.0
22.3 30.0 30.0 30.0 30.0 21.6354571082293 13.020498663522858 12.13614963558134 12.13614963558134 12.13614963558134 12.13614963558134 0.0
22.4 30.0 30.0 30.0 30.0 22.2354571082293 13.020498663522858 12.047714732787188 12.047714732787188 12.047714732787188 12.047714732787188 0.0
22.5 30.0 30.0 30.0 30.0 22.835457108229303 13.020498663522858 11.959279829993037 11.959279829993037 11.959279829993037 11.959279829993037 0.0
22.6 30.0 30.0 30.0 30.0 23.435457108229304 13.020498663522858 11.870844927198885 11.870844927198885 11.870844927198885 11.870844927198885 0.0
22.7 30.0 30.0 30.0 30.0 24.035457108229306 13.020498663522858 11.782410024404733 11.782410024404733 11.782410024404733 11.782410024404733 0.0
22.8 30.0 30.0 30.0 30.0 24.635457108229307 13.620498663522858 11.693975121610581 11.693975121610581 11.693975121610581 11.693975121610581 0.0
22.9 30.0 30.0 30.0 30.0 25.23545710822931 14.220498663522857 11.60554021881643 11.60554021881643 11.60554021881643 11.60554021881643 0.0
23.0 30.0 30.0 30.0 30.0 25.83545710822931 14.820498663522857 11.60554021881643 11.517105316022278 11.517105316022278 11.517105316022278 0.0
23.1 30.0 30.0 30.0 30.0 26.43545710822931 15.420498663522856 11.60554021881643 11.428670413228126 11.428670413228126 11.428670413228126 0.0
23.2 30.0 30.0 30.0 30.0 27.035457108229313 16.020498663522858 11.60554021881643 11.340235510433974 11.340235510433974 11.340235510433974 0.0
23.3 30.0 30.0 30.0 30.0 27.635457108229314 16.62049866352286 11.60554021881643 11.251800607639822 11.251800607639822 11.251800607639822 0.0
23.4 30.0 30.0 30.0 30.0 28.235457108229316 17.22049866352286 11.60554021881643 11.16336570484567 11.16336570484567 11.16336570484567 0.0
23.5 30.0 30.0 30.0 30.0 28.835457108229317 17.820498663522862 11.60554021881643 11.074930802051519 11.074930802051519 11.074930802051519 0.0
23.6 30.0 30.0 30.0 30.0 29.43545710822932 18.420498663522864 11.60554021881643 10.986495899257367 10.986495899257367 10.986495899257367 0.0
23.7 30.0 30.0 30.0 30.0 30.0 19.020498663522865 11.60554021881643 10.898060996463215 10.898060996463215 10.898060996463215 0.0
23.8 30.0 30.0 30.0 30.0 30.0 19.620498663522866 11.60554021881643 10.809626093669063 10.809626093669063 10.809626093669063 0.0
23.9 30.0 30.0 30.0 30.0 30.0 20.220498663522868 11.60554021881643 10.721191190874912 10.721191190874912 10.721191190874912 0.0
24.0 30.0 30.0 30.0 30.0 30.0 20.82049866352287 11.60554021881643 10.63275628808076 10.63275628808076 10.63275628808076 0.0
24.1 30.0 30.0 30.0 30.0 30.0 21.42049866352287 11.60554021881643 10.544321385286608 10.544321385286608 10.544321385286608 0.0
24.2 30.0 30.0 30.0 30.0 30.0 22.020498663522872 11.60554021881643 10.455886482492456 10.455886482492456 10.455886482492456 0.0
24.3 30.0 30.0 30.0 30.0 30.0 22.620498663522874 11.60554021881643 10.367451579698304 10.367451579698304 10.367451579698304 0.0
24.4 30.0 30.0 30.0 30.0 30.0 23.220498663522875 12.205540218816429 10.279016676904153 10.279016676904153 10.279016676904153 0.0
24.5 30.0 30.0 30.0 30.0 30.0 23.820498663522876 12.805540218816429 10.19058177411 10.19058177411 10.19058177411 0.0
24.6 30.0 30.0 30.0 30.0 30.0 24.420498663522878 13.405540218816428 10.19058177411 10.102146871315849 10.102146871315849 0.0
24.7 30.0 30.0 30.0 30.0 30.0 25.02049866352288 14.005540218816428 10.19058177411 10.013711968521697 10.013711968521697 0.0
24.8 30.0 30.0 30.0 30.0 30.0 25.62049866352288 14.605540218816428 10.19058177411 9.925277065727546 9.925277065727546 0.0
24.9 30.0 30.0 30.0 30.0 30.0 26.220498663522882 15.205540218816427 10.19058177411 9.836842162933394 9.836842162933394 0.0
25.0 30.0 30.0 30.0 30.0 30.0 26.820498663522883 15.805540218816427 10.19058177411 9.748407260139242 9.748407260139242 0.0
25.1 30.0 30.0 30.0 30.0 30.0 27.420498663522885 16.405540218816427 10.19058177411 9.65997235734509 9.65997235734509 0.0
25.2 30.0 30.0 30.0 30.0 30.0 28.020498663522886 17.005540218816428 10.19058177411 9.571537454550938 9.571537454550938 0.0
25.3 30.0 30.0 30.0 30.0 30.0 28.620498663522888 17.60554021881643 10.19058177411 9.483102551756787 9.483102551756787 0.0
25.4 30.0 30.0 30.0 30.0 30.0 29.22049866352289 18.20554021881643 10.19058177411 9.394667648962635 9.394667648962635 0.0
25.5 30.0 30.0 30.0 30.0 30.0 29.82049866352289 18.805540218816432 10.19058177411 9.306232746168483 9.306232746168483 0.0
25.6 30.0 30.0 30.0 30.0 30.0 30.0 19.405540218816434 10.19058177411 9.217797843374331 9.217797843374331 0.0
25.7 30.0 30.0 30.0 30.0 30.0 30.0 20.005540218816435 10.19058177411 9.12936294058018 9.12936294058018 0.0
25.8 30.0 30.0 30.0 30.0 30.0 30.0 20.605540218816436 10.19058177411 9.040928037786028 9.040928037786028 0.0
25.9 30.0 30.0 30.0 30.0 30.0 30.0 21.205540218816438 10.19058177411 8.952493134991876 8.952493134991876 0.0
26.0 30.0 30.0 30.0 30.0 30.0 30.0 21.80554021881644 10.79058177411 8.864058232197724 8.864058232197724 0.0
26.1 30.0 30.0 30.0 30.0 30.0 30.0 22.40554021881644 11.39058177411 8.775623329403572 8.775623329403572 0.0
26.2 30.0 30.0 30.0 30.0 30.0 30.0 23.005540218816442 11.99058177411 8.775623329403572 8.68718842660942 0.0
26.3 30.0 30.0 30.0 30.0 30.0 30.0 23.605540218816444 12.59058177411 8.775623329403572 8.598753523815269 0.0
26.4 30.0 30.0 30.0 30.0 30.0 30.0 24.205540218816445 13.190581774109999 8.775623329403572 8.510318621021117 0.0
26.5 30.0 30.0 30.0 30.0 30.0 30.0 24.805540218816446 13.790581774109999 8.775623329403572 8.421883718226965 0.0
26.6 30.0 30.0 30.0 30.0 30.0 30.0 25.405540218816448 14.390581774109998 8.775623329403572 8.333448815432813 0.0
26.7 30.0 30.0 30.0 30.0 30.0 30.0 26.00554021881645 14.990581774109998 8.775623329403572 8.245013912638662 0.0
26.8 30.0 30.0 30.0 30.0 30.0 30.0 26.60554021881645 15.590581774109998 8.775623329403572 8.15657900984451 0.0
26.9 30.0 30.0 30.0 30.0 30.0 30.0 27.205540218816452 16.190581774109997 8.775623329403572 8.068144107050358 0.0
27.0 30.0 30.0 30.0 30.0 30.0 30.0 27.805540218816454 16.79058177411 8.775623329403572 7.979709204256207 0.0
27.1 30.0 30.0 30.0 30.0 30.0 30.0 28.405540218816455 17.39058177411 8.775623329403572 7.891274301462056 0.0
27.2 30.0 30.0 30.0 30.0 30.0 30.0 29.005540218816456 17.99058177411 8.775623329403572 7.802839398667905 0.0
27.3 30.0 30.0 30.0 30.0 30.0 30.0 29.605540218816458 18.590581774110003 8.775623329403572 7.7144044958737545 0.0
27.4 30.0 30.0 30.0 30.0 30.0 30.0 30.0 19.190581774110004 8.775623329403572 7.625969593079604 0.0
27.5 30.0 30.0 30.0 30.0 30.0 30.0 30.0 19.790581774110006 8.775623329403572 7.537534690285453 0.0
27.6 30.0 30.0 30.0 30.0 30.0 30.0 30.0 20.390581774110007 9.375623329403572 7.449099787491302 0.0
27.7 30.0 30.0 30.0 30.0 30.0 30.0 30.0 20.99058177411001 9.975623329403572 7.360664884697151 0.0
27.8 30.0 30.0 30.0 30.0 30.0 30.0 30.0 21.59058177411001 10.575623329403571 7.360664884697151 0.0
27.9 30.0 30.0 30.0 30.0 30.0 30.0 30.0 22.19058177411001 11.175623329403571 7.360664884697151 0.0
28.0 30.0 30.0 30.0 30.0 30.0 30.0 30.0 22.790581774110013 11.77562332940357 7.360664884697151 0.0
28.1 30.0 30.0 30.0 30.0 30.0 30.0 30.0 23.390581774110014 12.37562332940357 7.360664884697151 0.0
28.2 30.0 30.0 30.0 30.0 30.0 30.0 30.0 23.990581774110016 12.97562332940357 7.360664884697151 0.0
28.3 30.0 30.0 30.0 30.0 30.0 30.0 30.0 24.590581774110017 13.57562332940357 7.360664884697151 0.0
28.4 30.0 30.0 30.0 30.0 30.0 30.0 30.0 25.19058177411002 14.17562332940357 7.360664884697151 0.0
28.5 30.0 30.0 30.0 30.0 30.0 30.0 30.0 25.79058177411002 14.775623329403569 7.360664884697151 0.0
28.6 30.0 30.0 30.0 30.0 30.0 30.0 30.0 26.39058177411002 15.375623329403568 7.360664884697151 0.0
28.7 30.0 30.0 30.0 30.0 30.0 30.0 30.0 26.990581774110023 15.975623329403568 7.360664884697151 0.0
28.8 30.0 30.0 30.0 30.0 30.0 30.0 30.0 27.590581774110024 16.57562332940357 7.360664884697151 0.0
28.9 30.0 30.0 30.0 30.0 30.0 30.0 30.0 28.190581774110026 17.17562332940357 7.360664884697151 0.0
29.0 30.0 30.0 30.0 30.0 30.0 30.0 30.0 28.790581774110027 17.775623329403572 7.360664884697151 0.0
29.1 30.0 30.0 30.0 30.0 30.0 30.0 30.0 29.39058177411003 18.375623329403574 7.360664884697151 0.0
29.2 30.0 30.0 30.0 30.0 30.0 30.0 30.0 29.99058177411003 18.975623329403575 7.960664884697151 0.0
29.3 30.0 30.0 30.0 30.0 30.0 30.0 30.0 30.0 19.575623329403577 8.56066488469715 0.0
29.4 30.0 30.0 30.0 30.0 30.0 30.0 30.0 30.0 20.175623329403578 9.16066488469715 0.0
29.5 30.0 30.0 30.0 30.0 30.0 30.0 30.0 30.0 20.77562332940358 9.76066488469715 0.0
29.6 30.0 30.0 30.0 30.0 30.0 30.0 30.0 30.0 21.37562332940358 10.36066488469715 0.0
29.7 30.0 30.0 30.0 30.0 30.0 30.0 30.0 30.0 21.975623329403582 10.960664884697149 0.0
29.8 30.0 30.0 30.0 30.0 30.0 30.0 30.0 30.0 22.575623329403584 11.560664884697148 0.0
29.9 30.0 30.0 30.0 30.0 30.0 30.0 30.0 30.0 23.175623329403585 12.160664884697148 0.0
30.0 30.0 30.0 30.0 30.0 30.0 30.0 30.0 30.0 23.775623329403587 12.760664884697148 0.0
30.1 30.0 30.0 30.0 30.0 30.0 30.0 30.0 30.0 24.375623329403588 13.360664884697147 0.0
30.2 30.0 30.0 30.0 30.0 30.0 30.0 30.0 30.0 24.97562332940359 13.960664884697147 0.0
30.3 30.0 30.0 30.0 30.0 30.0 30.0 30.0 30.0 25.57562332940359 14.560664884697147 0.0
30.4 30.0 30.0 30.0 30.0 30.0 30.0 30.0 30.0 26.175623329403592 15.160664884697146 0.0
30.5 30.0 30.0 30.0 30.0 30.0 30.0 30.0 30.0 26.775623329403594 15.760664884697146 0.0
30.6 30.0 30.0 30.0 30.0 30.0 30.0 30.0 30.0 27.375623329403595 16.360664884697147 0.0
30.7 30.0 30.0 30.0 30.0 30.0 30.0 30.0 30.0 27.975623329403597 16.96066488469715 0.0
30.8 30.0 30.0 30.0 30.0 30.0 30.0 30.0 30.0 28.575623329403598 17.56066488469715 0.0
30.9 30.0 30.0 30.0 30.0 30.0 30.0 30.0 30.0 29.1756233294036 18.16066488469715 0.0
31.0 30.0 30.0 30.0 30.0 30.0 30.0 30.0 30.0 29.7756233294036 18.760664884697153 0.0
31.1 30.0 30.0 30.0 30.0 30.0 30.0 30.0 30.0 30.0 19.360664884697155 0.0
31.2 30.0 30.0 30.0 30.0 30.0 30.0 30.0 30.0 30.0 19.960664884697156 0.0
31.3 30.0 30.0 30.0 30.0 30.0 30.0 30.0 30.0 30.0 20.560664884697157 0.0
31.4 30.0 30.0 30.0 30.0 30.0 30.0 30.0 30.0 30.0 21.16066488469716 0.0
31.5 30.0 30.0 30.0 30.0 30.0 30.0 30.0 30.0 30.0 21.76066488469716 0.0
31.6 30.0 30.0 30.0 30.0 30.0 30.0 30.0 30.0 30.0 22.36066488469716 0.0
31.7 30.0 30.0 30.0 30.0 30.0 30.0 30.0 30.0 30.0 22.960664884697163 0.0
31.8 30.0 30.0 30.0 30.0 30.0 30.0 30.0 30.0 30.0 23.560664884697164 0.0
31.9 30.0 30.0 30.0 30.0 30.0 30.0 30.0 30.0 30.0 24.160664884697166 0.0
32.0 30.0 30.0 30.0 30.0 30.0 30.0 30.0 30.0 30.0 24.760664884697167 0.0
32.1 30.0 30.0 30.0 30.0 30.0 30.0 30.0 30.0 30.0 25.36066488469717 0.0
32.2 30.0 30.0 30.0 30.0 30.0 30.0 30.0 30.0 30.0 25.96066488469717 0.0
32.3 30.0 30.0 30.0 30.0 30.0 30.0 30.0 30.0 30.0 26.56066488469717 0.0
32.4 30.0 30.0 30.0 30.0 30.0 30.0 30.0 30.0 30.0 27.160664884697173 0.0
32.5 30.0 30.0 30.0 30.0 30.0 30.0 30.0 30.0 30.0 27.760664884697174 0.0
32.6 30.0 30.0 30.0 30.0 30.0 30.0 30.0 30.0 30.0 28.360664884697176 0.0
32.7 30.0 30.0 30.0 30.0 30.0 30.0 30.0 30.0 30.0 28.960664884697177 0.0
32.8 30.0 30.0 30.0 30.0 30.0 30.0 30.0 30.0 30.0 29.56066488469718 0.0
32.9 30.0 30.0 30.0 30.0 30.0 30.0 30.0 30.0 30.0 30.0 0.0
33.0 30.0 30.0 30.0 30.0 30.0 30.0 30.0 30.0 30.0 30.0 0.0
33.1 30.0 30.0 30.0 30.0 30.0 30.0 30.0 30.0 30.0 30.0 0.0
33.2 30.0 30.0 30.0 30.0 30.0 30.0 30.0 30.0 30.0 30.0 0.0
33.3 30.0 30.0 30.0 30.0 30.0 30.0 30.0 30.0 30.0 30.0 0.0
33.4 30.0 30.0 30.0 30.0 30.0 30.0 30.0 30.0 30.0 30.0 0.0
33.5 30.0 30.0 30.0 30.0 30.0 30.0 30.0 30.0 30.0 30.0 0.0
33.6 30.0 30.0 30.0 30.0 30.0 30.0 30.0 30.0 30.0 30.0 0.0
33.7 30.0 30.0 30.0 30.0 30.0 30.0 30.0 30.0 30.0 30.0 0.0
33.8 30.0 30.0 30.0 30.0 30.0 30.0 30.0 30.0 30.0 30.0 0.0
33.9 30.0 30.0 30.0 30.0 30.0 30.0 30.0 30.0 30.0 30.0 0.0
34.0 30.0 30.0 30.0 30.0 30.0 30.0 30.0 30.0 30.0 30.0 0.0
34.1 30.0 30.0 30.0 30.0 30.0 30.0 30.0 30.0 30.0 30.0 0.0
34.2 30.0 30.0 30.0 30.0 30.0 30.0 30.0 30.0 30.0 30.0 0.0
34.3 30.0 30.0 30.0 30.0 30.0 30.0 30.0 30.0 30.0 30.0 0.0
34.4 30.0 30.0 30.0 30.0 30.0 30.0 30.0 30.0 30.0 30.0 0.0
34.5 30.0 30.0 30.0 30.0 30.0 30.0 30.0 30.0 30.0 30.0 0.0
34.6 30.0 30.0 30.0 30.0 30.0 30.0 30.0 30.0 30.0 30.0 0.0
34.7 30.0 30.0 30.0 30.0 30.0 30.0 30.0 30.0 30.0 30.0 0.0
34.8 30.0 30.0 30.0 30.0 30.0 30.0 30.0 30.0 30.0 30.0 0.0
34.9 30.0 30.0 30.0 30.0 30.0 30.0 30.0 30.0 30.0 30.0 0.0
35.0 30.0 30.0 30.0 30.0 30.0 30.0 30.0 30.0 30.0 30.0 0.0
35.1 30.0 30.0 30.0 30.0 30.0 30.0 30.0 30.0 30.0 30.0 0.0
35.2 30.0 30.0 30.0 30.0 30.0 30.0 30.0 30.0 30.0 30.0 0.0
35.3 30.0 30.0 30.0 30.0 30.0 30.0 30.0 30.0 30.0 30.0 0.0
35.4 30.0 30.0 30.0 30.0 30.0 30.0 30.0 30.0 30.0 30.0 0.0
35.5 30.0 30.0 30.0 30.0 30.0 30.0 30.0 30.0 30.0 30.0 0.0
35.6 30.0 30.0 30.0 30.0 30.0 30.0 30.0 30.0 30.0 30.0 0.0
35.7 30.0 30.0 30.0 30.0 30.0 30.0 30.0 30.0 30.0 30.0 0.0
35.8 30.0 30.0 30.0 30.0 30.0 30.0 30.0 30.0 30.0 30.0 0.0
35.9 30.0 30.0 30.0 30.0 30.0 30.0 30.0 30.0 30.0 30.0 0.0
36.0 30.0 30.0 30.0 30.0 30.0 30.0 30.0 30.0 30.0 30.0 0.0
36.1 30.0 30.0 30.0 30.0 30.0 30.0 30.0 30.0 30.0 30.0 0.0
36.2 30.0 30.0 30.0 30.0 30.0 30.0 30.0 30.0 30.0 30.0 0.0
36.3 30.0 30.0 30.0 30.0 30.0 30.0 30.0 30.0 30.0 30.0 0.0
36.4 30.0 30.0 30.0 30.0 30.0 30.0 30.0 30.0 30.0 30.0 0.0
36.5 30.0 30.0 30.0 30.0 30.0 30.0 30.0 30.0 30.0 30.0 0.0
36.6 30.0 30.0 30.0 30.0 30.0 30.0 30.0 30.0 30.0 30.0 0.0
36.7 30.0 30.0 30.0 30.0 30.0 30.0 30.0 30.0 30.0 30.0 0.0
36.8 30.0 30.0 30.0 30.0 30.0 30.0 30.0 30.0 30.0 30.0 0.0
36.9 30.0 30.0 30.0 30.0 30.0 30.0 30.0 30.0 30.0 30.0 0.0
37.0 30.0 30.0 30.0 30.0 30.0 30.0 30.0 30.0 30.0 30.0 0.0
37.1 30.0 30.0 30.0 30.0 30.0 30.0 30.0 30.0 30.0 30.0 0.0
37.2 30.0 30.0 30.0 30.0 30.0 30.0 30.0 30.0 30.0 30.0 0.0
37.3 30.0 30.0 30.0 30.0 30.0 30.0 30.0 30.0 30.0 30.0 0.0
37.4 30.0 30.0 30.0 30.0 30.0 30.0 30.0 30.0 30.0 30.0 0.0
37.5 30.0 30.0 30.0 30.0 30.0 30.0 30.0 30.0 30.0 30.0 0.0
37.6 30.0 30.0 30.0 30.0 30.0 30.0 30.0 30.0 30.0 30.0 0.0
37.7 30.0 30.0 30.0 30.0 30.0 30.0 30.0 30.0 30.0 30.0 0.0
37.8 30.0 30.0 30.0 30.0 30.0 30.0 30.0 30.0 30.0 30.0 0.0
37.9 30.0 30.0 30.0 30.0 30.0 30.0 30.0 30.0 30.0 30.0 0.0
38.0 30.0 30.0 30.0 30.0 30.0 30.0 30.0 30.0 30.0 30.0 0.0
38.1 30.0 30.0 30.0 30.0 30.0 30.0 30.0 30.0 30.0 30.0 0.0
38.2 30.0 30.0 30.0 30.0 30.0 30.0 30.0 30.0 30.0 30.0 0.0
38.3 30.0 30.0 30.0 30.0 30.0 30.0 30.0 30.0 30.0 30.0 0.0
38.4 30.0 30.0 30.0 30.0 30.0 30.0 30.0 30.0 30.0 30.0 0.0
38.5 30.0 30.0 30.0 30.0 30.0 30.0 30.0 30.0 30.0 30.0 0.0
38.6 30.0 30.0 30.0 30.0 30.0 30.0 30.0 30.0 30.0 30.0 0.0
38.7 30.0 30.0 30.0 30.0 30.0 30.0 30.0 30.0 30.0 30.0 0.0
38.8 30.0 30.0 30.0 30.0 30.0 30.0 30.0 30.0 30.0 30.0 0.0
38.9 30.0 30.0 30.0 30.0 30.0 30.0 30.0 30.0 30.0 30.0 0.0
39.0 30.0 30.0 30.0 30.0 30.0 30.0 30.0 30.0 30.0 30.0 0.0
39.1 30.0 30.0 30.0 30.0 30.0 30.0 30.0 30.0 30.0 30.0 0.0
39.2 30.0 30.0 30.0 30.0 30.0 30.0 30.0 30.0 30.0 30.0 0.0
39.3 30.0 30.0 30.0 30.0 30.0 30.0 30.0 30.0 30.0 30.0 0.0
39.4 30.0 30.0 30.0 30.0 30.0 30.0 30.0 30.0 30.0 30.0 0.0
39.5 30.0 30.0 30.0 30.0 30.0 30.0 30.0 30.0 30.0 30.0 0.0
39.6 30.0 30.0 30.0 30.0 30.0 30.0 30.0 30.0 30.0 30.0 0.0
39.7 30.0 30.0 30.0 30.0 30.0 30.0 30.0 30.0 30.0 30.0 0.0
39.8 30.0 30.0 30.0 30.0 30.0 30.0 30.0 30.0 30.0 30.0 0.0
39.9 30.0 30.0 30.0 30.0 30.0 30.0 30.0 30.0 30.0 30.0 0.0
40.0 30.0 30.0 30.0 30.0 30.0 30.0 30.0 30.0 30.0 30.0 0.0
40.1 30.0 30.0 30.0 30.0 30.0 30.0 30.0 30.0 30.0 30.0 0.0
40.2 30.0 30.0 30.0 30.0 30.0 30.0 30.0 30.0 30.0 30.0 0.0
40.3 30.0 30.0 30.0 30.0 30.0 30.0 30.0 30.0 30.0 30.0 0.0
40.4 30.0 30.0 30.0 30.0 30.0 30.0 30.0 30.0 30.0 30.0 0.0
40.5 30.0 30.0 30.0 30.0 30.0 30.0 30.0 30.0 30.0 30.0 0.0
40.6 30.0 30.0 30.0 30.0 30.0 30.0 30.0 30.0 30.0 30.0 0.0
40.7 30.0 30.0 30.0 30.0 30.0 30.0 30.0 30.0 30.0 30.0 0.0
40.8 30.0 30.0 30.0 30.0 30.0 30.0 30.0 30.0 30.0 30.0 0.0
40.9 30.0 30.0 30.0 30.0 30.0 30.0 30.0 30.0 30.0 30.0 0.0
41.0 30.0 30.0 30.0 30.0 30.0 30.0 30.0 30.0 30.0 30.0 0.0
41.1 30.0 30.0 30.0 30.0 30.0 30.0 30.0 30.0 30.0 30.0 0.0
41.2 30.0 30.0 30.0 30.0 30.0 30.0 30.0 30.0 30.0 30.0 0.0
41.3 30.0 30.0 30.0 30.0 30.0 30.0 30.0 30.0 30.0 30.0 0.0
41.4 30.0 30.0 30.0 30.0 30.0 30.0 30.0 30.0 30.0 30.0 0.0
41.5 30.0 30.0 30.0 30.0 30.0 30.0 30.0 30.0 30.0 30.0 0.0
41.6 30.0 30.0 30.0 30.0 30.0 30.0 30.0 30.0 30.0 30.0 0.0
41.7 30.0 30.0 30.0 30.0 30.0 30.0 30.0 30.0 30.0 30.0 0.0
41.8 30.0 30.0 30.0 30.0 30.0 30.0 30.0 30.0 30.0 30.0 0.0
41.9 30.0 30.0 30.0 30.0 30.0 30.0 30.0 30.0 30.0 30.0 0.0
42.0 30.0 30.0 30.0 30.0 30.0 30.0 30.0 30.0 30.0 30.0 0.0
42.1 30.0 30.0 30.0 30.0 30.0 30.0 30.0 30.0 30.0 30.0 0.0
42.2 30.0 30.0 30.0 30.0 30.0 30.0 30.0 30.0 30.0 30.0 0.0
42.3 30.0 30.0 30.0 30.0 30.0 30.0 30.0 30.0 30.0 30.0 0.0
42.4 30.0 30.0 30.0 30.0 30.0 30.0 30.0 30.0 30.0 30.0 0.0
42.5 30.0 30.0 30.0 30.0 30.0 30.0 30.0 30.0 30.0 30.0 0.0
42.6 30.0 30.0 30.0 30.0 30.0 30.0 30.0 30.0 30.0 30.0 0.0
42.7 30.0 30.0 30.0 30.0 30.0 30.0 30.0 30.0 30.0 30.0 0.0
42.8 30.0 30.0 30.0 30.0 30.0 30.0 30.0 30.0 30.0 30.0 0.0
42.9 30.0 30.0 30.0 30.0 30.0 30.0 30.0 30.0 30.0 30.0 0.0
43.0 30.0 30.0 30.0 30.0 30.0 30.0 30.0 30.0 30.0 30.0 0.0
43.1 30.0 30.0 30.0 30.0 30.0 30.0 30.0 30.0 30.0 30.0 0.0
43.2 30.0 30.0 30.0 30.0 30.0 30.0 30.0 30.0 30.0 30.0 0.0
43.3 30.0 30.0 30.0 30.0 30.0 30.0 30.0 30.0 30.0 30.0 0.0
43.4 30.0 30.0 30.0 30.0 30.0 30.0 30.0 30.0 30.0 30.0 0.0
43.5 30.0 30.0 30.0 30.0 30.0 30.0 30.0 30.0 30.0 30.0 0.0
43.6 30.0 30.0 30.0 30.0 30.0 30.0 30.0 30.0 30.0 30.0 0.0
43.7 30.0 30.0 30.0 30.0 30.0 30.0 30.0 30.0 30.0 30.0 0.0
43.8 30.0 30.0 30.0 30.0 30.0 30.0 30.0 30.0 30.0 30.0 0.0
43.9 30.0 30.0 30.0 30.0 30.0 30.0 30.0 30.0 30.0 30.0 0.0
44.0 30.0 30.0 30.0 30.0 30.0 30.0 30.0 30.0 30.0 30.0 0.0
44.1 30.0 30.0 30.0 30.0 30.0 30.0 30.0 30.0 30.0 30.0 0.0
44.2 30.0 30.0 30.0 30.0 30.0 30.0 30.0 30.0 30.0 30.0 0.0
44.3 30.0 30.0 30.0 30.0 30.0 30.0 30.0 30.0 30.0 30.0 0.0
44.4 30.0 30.0 30.0 30.0 30.0 30.0 30.0 30.0 30.0 30.0 0.0
44.5 30.0 30.0 30.0 30.0 30.0 30.0 30.0 30.0 30.0 30.0 0.0
44.6 30.0 30.0 30.0 30.0 30.0 30.0 30.0 30.0 30.0 30.0 0.0
44.7 30.0 30.0 30.0 30.0 30.0 30.0 30.0 30.0 30.0 30.0 0.0
44.8 30.0 30.0 30.0 30.0 30.0 30.0 30.0 30.0 30.0 30.0 0.0
44.9 30.0 30.0 30.0 30.0 30.0 30.0 30.0 30.0 30.0 30.0 0.0
45.0 30.0 30.0 30.0 30.0 30.0 30.0 30.0 30.0 30.0 30.0 0.0
45.1 30.0 30.0 30.0 30.0 30.0 30.0 30.0 30.0 30.0 30.0 0.0
45.2 30.0 30.0 30.0 30.0 30.0 30.0 30.0 30.0 30.0 30.0 0.0
45.3 30.0 30.0 30.0 30.0 30.0 30.0 30.0 30.0 30.0 30.0 0.0
45.4 30.0 30.0 30.0 30.0 30.0 30.0 30.0 30.0 30.0 30.0 0.0
45.5 30.0 30.0 30.0 30.0 30.0 30.0 30.0 30.0 30.0 30.0 0.0
45.6 30.0 30.0 30.0 30.0 30.0 30.0 30.0 30.0 30.0 30.0 0.0
45.7 30.0 30.0 30.0 30.0 30.0 30.0 30.0 30.0 30.0 30.0 0.0
45.8 30.0 30.0 30.0 30.0 30.0 30.0 30.0 30.0 30.0 30.0 0.0
45.9 30.0 30.0 30.0 30.0 30.0 30.0 30.0 30.0 30.0 30.0 0.0
46.0 30.0 30.0 30.0 30.0 30.0 30.0 30.0 30.0 30.0 30.0 0.0
46.1 30.0 30.0 30.0 30.0 30.0 30.0 30.0 30.0 30.0 30.0 0.0
46.2 30.0 30.0 30.0 30.0 30.0 30.0 30.0 30.0 30.0 30.0 0.0
46.3 30.0 30.0 30.0 30.0 30.0 30.0 30.0 30.0 30.0 30.0 0.0
46.4 30.0 30.0 30.0 30.0 30.0 30.0 30.0 30.0 30.0 30.0 0.0
46.5 30.0 30.0 30.0 30.0 30.0 30.0 30.0 30.0 30.0 30.0 0.0
46.6 30.0 30.0 30.0 30.0 30.0 30.0 30.0 30.0 30.0 30.0 0.0
46.7 30.0 30.0 30.0 30.0 30.0 30.0 30.0 30.0 30.0 30.0 0.0
46.8 30.0 30.0 30.0 30.0 30.0 30.0 30.0 30.0 30.0 30.0 0.0
46.9 30.0 30.0 30.0 30.0 30.0 30.0 30.0 30.0 30.0 30.0 0.0
47.0 30.0 30.0 30.0 30.0 30.0 30.0 30.0 30.0 30.0 30.0 0.0
47.1 30.0 30.0 30.0 30.0 30.0 30.0 30.0 30.0 30.0 30.0 0.0
47.2 30.0 30.0 30.0 30.0 30.0 30.0 30.0 30.0 30.0 30.0 0.0
47.3 30.0 30.0 30.0 30.0 30.0 30.0 30.0 30.0 30.0 30.0 0.0
47.4 30.0 30.0 30.0 30.0 30.0 30.0 30.0 30.0 30.0 30.0 0.0
47.5 30.0 30.0 30.0 30.0 30.0 30.0 30.0 30.0 30.0 30.0 0.0
47.6 30.0 30.0 30.0 30.0 30.0 30.0 30.0 30.0 30.0 30.0 0.0
47.7 30.0 30.0 30.0 30.0 30.0 30.0 30.0 30.0 30.0 30.0 0.0
47.8 30.0 30.0 30.0 30.0 30.0 30.0 30.0 30.0 30.0 30.0 0.0
47.9 30.0 30.0 30.0 30.0 30.0 30.0 30.0 30.0 30.0 30.0 0.0
48.0 30.0 30.0 30.0 30.0 30.0 30.0 30.0 30.0 30.0 30.0 0.0
48.1 30.0 30.0 30.0 30.0 30.0 30.0 30.0 30.0 30.0 30.0 0.0
48.2 30.0 30.0 30.0 30.0 30.0 30.0 30.0 30.0 30.0 30.0 0.0
48.3 30.0 30.0 30.0 30.0 30.0 30.0 30.0 30.0 30.0 30.0 0.0
48.4 30.0 30.0 30.0 30.0 30.0 30.0 30.0 30.0 30.0 30.0 0.0
48.5 30.0 30.0 30.0 30.0 30.0 30.0 30.0 30.0 30.0 30.0 0.0
48.6 30.0 30.0 30.0 30.0 30.0 30.0 30.0 30.0 30.0 30.0 0.0
48.7 30.0 30.0 30.0 30.0 30.0 30.0 30.0 30.0 30.0 30.0 0.0
48.8 30.0 30.0 30.0 30.0 30.0 30.0 30.0 30.0 30.0 30.0 0.0
48.9 30.0 30.0 30.0 30.0 30.0 30.0 30.0 30.0 30.0 30.0 0.0
49.0 30.0 30.0 30.0 30.0 30.0 30.0 30.0 30.0 30.0 30.0 0.0
49.1 30.0 30.0 30.0 30.0 30.0 30.0 30.0 30.0 30.0 30.0 0.0
49.2 30.0 30.0 30.0 30.0 30.0 30.0 30.0 30.0 30.0 30.0 0.0
49.3 30.0 30.0 30.0 30.0 30.0 30.0 30.0 30.0 30.0 30.0 0.0
49.4 30.0 30.0 30.0 30.0 30.0 30.0 30.0 30.0 30.0 30.0 0.0
49.5 30.0 30.0 30.0 30.0 30.0 30.0 30.0 30.0 30.0 30.0 0.0
49.6 30.0 30.0 30.0 30.0 30.0 30.0 30.0 30.0 30.0 30.0 0.0
49.7 30.0 30.0 30.0 30.0 30.0 30.0 30.0 30.0 30.0 30.0 0.0
49.8 30.0 30.0 30.0 30.0 30.0 30.0 30.0 30.0 30.0 30.0 0.0
49.9 30.0 30.0 30.0 30.0 30.0 30.0 30.0 30.0 30.0 30.0 0.0
50.0 30.0 30.0 30.0 30.0 30.0 30.0 30.0 30.0 30.0 30.0 0.0
50.1 30.0 30.0 30.0 30.0 30.0 30.0 30.0 30.0 30.0 30.0 0.0
50.2 30.0 30.0 30.0 30.0 30.0 30.0 30.0 30.0 30.0 30.0 0.0
50.3 30.0 30.0 30.0 30.0 30.0 30.0 30.0 30.0 30.0 30.0 0.0
50.4 30.0 30.0 30.0 30.0 30.0 30.0 30.0 30.0 30.0 30.0 0.0
50.5 30.0 30.0 30.0 30.0 30.0 30.0 30.0 30.0 30.0 30.0 0.0
50.6 30.0 30.0 30.0 30.0 30.0 30.0 30.0 30.0 30.0 30.0 0.0
50.7 30.0 30.0 30.0 30.0 30.0 30.0 30.0 30.0 30.0 30.0 0.0
50.8 30.0 30.0 30.0 30.0 30.0 30.0 30.0 30.0 30.0 30.0 0.0
50.9 30.0 30.0 30.0 30.0 30.0 30.0 30.0 30.0 30.0 30.0 0.0
51.0 30.0 30.0 30.0 30.0 30.0 30.0 30.0 30.0 30.0 30.0 0.0
51.1 30.0 30.0 30.0 30.0 30.0 30.0 30.0 30.0 30.0 30.0 0.0
51.2 30.0 30.0 30.0 30.0 30.0 30.0 30.0 30.0 30.0 30.0 0.0
51.3 30.0 30.0 30.0 30.0 30.0 30.0 30.0 30.0 30.0 30.0 0.0
51.4 30.0 30.0 30.0 30.0 30.0 30.0 30.0 30.0 30.0 30.0 0.0
51.5 30.0 30.0 30.0 30.0 30.0 30.0 30.0 30.0 30.0 30.0 0.0
51.6 30.0 30.0 30.0 30.0 30.0 30.0 30.0 30.0 30.0 30.0 0.0
51.7 30.0 30.0 30.0 30.0 30.0 30.0 30.0 30.0 30.0 30.0 0.0
51.8 30.0 30.0 30.0 30.0 30.0 30.0 30.0 30.0 30.0 30.0 0.0
51.9 30.0 30.0 30.0 30.0 30.0 30.0 30.0 30.0 30.0 30.0 0.0
52.0 30.0 30.0 30.0 30.0 30.0 30.0 30.0 30.0 30.0 30.0 0.0
52.1 30.0 30.0 30.0 30.0 30.0 30.0 30.0 30.0 30.0 30.0 0.0
52.2 30.0 30.0 30.0 30.0 30.0 30.0 30.0 30.0 30.0 30.0 0.0
52.3 30.0 30.0 30.0 30.0 30.0 30.0 30.0 30.0 30.0 30.0 0.0
52.4 30.0 30.0 30.0 30.0 30.0 30.0 30.0 30.0 30.0 30.0 0.0
52.5 30.0 30.0 30.0 30.0 30.0 30.0 30.0 30.0 30.0 30.0 0.0
52.6 30.0 30.0 30.0 30.0 30.0 30.0 30.0 30.0 30.0 30.0 0.0
52.7 30.0 30.0 30.0 30.0 30.0 30.0 30.0 30.0 30.0 30.0 0.0
52.8 30.0 30.0 30.0 30.0 30.0 30.0 30.0 30.0 30.0 30.0 0.0
52.9 30.0 30.0 30.0 30.0 30.0 30.0 30.0 30.0 30.0 30.0 0.0
53.0 30.0 30.0 30.0 30.0 30.0 30.0 30.0 30.0 30.0 30.0 0.0
53.1 30.0 30.0 30.0 30.0 30.0 30.0 30.0 30.0 30.0 30.0 0.0
53.2 30.0 30.0 30.0 30.0 30.0 30.0 30.0 30.0 30.0 30.0 0.0
53.3 30.0 30.0 30.0 30.0 30.0 30.0 30.0 30.0 30.0 30.0 0.0
53.4 30.0 30.0 30.0 30.0 30.0 30.0 30.0 30.0 30.0 30.0 0.0
53.5 30.0 30.0 30.0 30.0 30.0 30.0 30.0 30.0 30.0 30.0 0.0
53.6 30.0 30.0 30.0 30.0 30.0 30.0 30.0 30.0 30.0 30.0 0.0
53.7 30.0 30.0 30.0 30.0 30.0 30.0 30.0 30.0 30.0 30.0 0.0
53.8 30.0 30.0 30.0 30.0 30.0 30.0 30.0 30.0 30.0 30.0 0.0
53.9 30.0 30.0 30.0 30.0 30.0 30.0 30.0 30.0 30.0 30.0 0.0
54.0 30.0 30.0 30.0 30.0 30.0 30.0 30.0 30.0 30.0 30.0 0.0
54.1 30.0 30.0 30.0 30.0 30.0 30.0 30.0 30.0 30.0 30.0 0.0
54.2 30.0 30.0 30.0 30.0 30.0 30.0 30.0 30.0 30.0 30.0 0.0
54.3 30.0 30.0 30.0 30.0 30.0 30.0 30.0 30.0 30.0 30.0 0.0
54.4 30.0 30.0 30.0 30.0 30.0 30.0 30.0 30.0 30.0 30.0 0.0
54.5 30.0 30.0 30.0 30.0 30.0 30.0 30.0 30.0 30.0 30.0 0.0
54.6 30.0 30.0 30.0 30.0 30.0 30.0 30.0 30.0 30.0 30.0 0.0
54.7 30.0 30.0 30.0 30.0 30.0 30.0 30.0 30.0 30.0 30.0 0.0
54.8 30.0 30.0 30.0 30.0 30.0 30.0 30.0 30.0 30.0 30.0 0.0
54.9 30.0 30.0 30.0 30.0 30.0 30.0 30.0 30.0 30.0 30.0 0.0
55.0 30.0 30.0 30.0 30.0 30.0 30.0 30.0 30.0 30.0 30.0 0.0
55.1 30.0 30.0 30.0 30.0 30.0 30.0 30.0 30.0 30.0 30.0 0.0
55.2 30.0 30.0 30.0 30.0 30.0 30.0 30.0 30.0 30.0 30.0 0.0
55.3 30.0 30.0 30.0 30.0 30.0 30.0 30.0 30.0 30.0 30.0 0.0
55.4 30.0 30.0 30.0 30.0 30.0 30.0 30.0 30.0 30.0 30.0 0.0
55.5 30.0 30.0 30.0 30.0 30.0 30.0 30.0 30.0 30.0 30.0 0.0
55.6 30.0 30.0 30.0 30.0 30.0 30.0 30.0 30.0 30.0 30.0 0.0
55.7 30.0 30.0 30.0 30.0 30.0 30.0 30.0 30.0 30.0 30.0 0.0
55.8 30.0 30.0 30.0 30.0 30.0 30.0 30.0 30.0 30.0 30.0 0.0
55.9 30.0 30.0 30.0 30.0 30.0 30.0 30.0 30.0 30.0 30.0 0.0
56.0 30.0 30.0 30.0 30.0 30.0 30.0 30.0 30.0 30.0 30.0 0.0
56.1 30.0 30.0 30.0 30.0 30.0 30.0 30.0 30.0 30.0 30.0 0.0
56.2 30.0 30.0 30.0 30.0 30.0 30.0 30.0 30.0 30.0 30.0 0.0
56.3 30.0 30.0 30.0 30.0 30.0 30.0 30.0 30.0 30.0 30.0 0.0
56.4 30.0 30.0 30.0 30.0 30.0 30.0 30.0 30.0 30.0 30.0 0.0
56.5 30.0 30.0 30.0 30.0 30.0 30.0 30.0 30.0 30.0 30.0 0.0
56.6 30.0 30.0 30.0 30.0 30.0 30.0 30.0 30.0 30.0 30.0 0.0
56.7 30.0 30.0 30.0 30.0 30.0 30.0 30.0 30.0 30.0 30.0 0.0
56.8 30.0 30.0 30.0 30.0 30.0 30.0 30.0 30.0 30.0 30.0 0.0
56.9 30.0 30.0 30.0 30.0 30.0 30.0 30.0 30.0 30.0 30.0 0.0
57.0 30.0 30.0 30.0 30.0 30.0 30.0 30.0 30.0 30.0 30.0 0.0
57.1 30.0 30.0 30.0 30.0 30.0 30.0 30.0 30.0 30.0 30.0 0.0
57.2 30.0 30.0 30.0 30.0 30.0 30.0 30.0 30.0 30.0 30.0 0.0
57.3 30.0 30.0 30.0 30.0 30.0 30.0 30.0 30.0 30.0 30.0 0.0
57.4 30.0 30.0 30.0 30.0 30.0 30.0 30.0 30.0 30.0 30.0 0.0
57.5 30.0 30.0 30.0 30.0 30.0 30.0 30.0 30.0 30.0 30.0 0.0
57.6 30.0 30.0 30.0 30.0 30.0 30.0 30.0 30.0 30.0 30.0 0.0
57.7 30.0 30.0 30.0 30.0 30.0 30.0 30.0 30.0 30.0 30.0 0.0
57.8 30.0 30.0 30.0 30.0 30.0 30.0 30.0 30.0 30.0 30.0 0.0
57.9 30.0 30.0 30.0 30.0 30.0 30.0 30.0 30.0 30.0 30.0 0.0
58.0 30.0 30.0 30.0 30.0 30.0 30.0 30.0 30.0 30.0 30.0 0.0
58.1 30.0 30.0 30.0 30.0 30.0 30.0 30.0 30.0 30.0 30.0 0.0
58.2 30.0 30.0 30.0 30.0 30.0 30.0 30.0 30.0 30.0 30.0 0.0
58.3 30.0 30.0 30.0 30.0 30.0 30.0 30.0 30.0 30.0 30.0 0.0
58.4 30.0 30.0 30.0 30.0 30.0 30.0 30.0 30.0 30.0 30.0 0.0
58.5 30.0 30.0 30.0 30.0 30.0 30.0 30.0 30.0 30.0 30.0 0.0
58.6 30.0 30.0 30.0 30.0 30.0 30.0 30.0 30.0 30.0 30.0 0.0
58.7 30.0 30.0 30.0 30.0 30.0 30.0 30.0 30.0 30.0 30.0 0.0
58.8 30.0 30.0 30.0 30.0 30.0 30.0 30.0 30.0 30.0 30.0 0.0
58.9 30.0 30.0 30.0 30.0 30.0 30.0 30.0 30.0 30.0 30.0 0.0
59.0 30.0 30.0 30.0 30.0 30.0 30.0 30.0 30.0 30.0 30.0 0.0
59.1 30.0 30.0 30.0 30.0 30.0 30.0 30.0 30.0 30.0 30.0 0.0
59.2 30.0 30.0 30.0 30.0 30.0 30.0 30.0 30.0 30.0 30.0 0.0
59.3 30.0 30.0 30.0 30.0 30.0 30.0 30.0 30.0 30.0 30.0 0.0
59.4 30.0 30.0 30.0 30.0 30.0 30.0 30.0 30.0 30.0 30.0 0.0
59.5 30.0 30.0 30.0 30.0 30.0 30.0 30.0 30.0 30.0 30.0 0.0
59.6 30.0 30.0 30.0 30.0 30.0 30.0 30.0 30.0 30.0 30.0 0.0
59.7 30.0 30.0 30.0 30.0 30.0 30.0 30.0 30.0 30.0 30.0 0.0
59.8 30.0 30.0 30.0 30.0 30.0 30.0 30.0 30.0 30.0 30.0 0.0
59.9 30.0 30.0 30.0 30.0 30.0 30.0 30.0 30.0 30.0 30.0 0.0
60.0 30.0 30.0 30.0 30.0 30.0 30.0 30.0 30.0 30.0 30.0 0.0
60.1 30.0 30.0 30.0 30.0 30.0 30.0 30.0 30.0 30.0 30.0 0.0
60.2 30.0 30.0 30.0 30.0 30.0 30.0 30.0 30.0 30.0 30.0 0.0
60.3 30.0 30.0 30.0 30.0 30.0 30.0 30.0 30.0 30.0 30.0 0.0
60.4 30.0 30.0 30.0 30.0 30.0 30.0 30.0 30.0 30.0 30.0 0.0
60.5 30.0 30.0 30.0 30.0 30.0 30.0 30.0 30.0 30.0 30.0 0.0
60.6 30.0 30.0 30.0 30.0 30.0 30.0 30.0 30.0 30.0 30.0 0.0
60.7 30.0 30.0 30.0 30.0 30.0 30.0 30.0 30.0 30.0 30.0 0.0
60.8 30.0 30.0 30.0 30.0 30.0 30.0 30.0 30.0 30.0 30.0 0.0
60.9 30.0 30.0 30.0 30.0 30.0 30.0 30.0 30.0 30.0 30.0 0.0
61.0 30.0 30.0 30.0 30.0 30.0 30.0 30.0 30.0 30.0 30.0 0.0
61.1 30.0 30.0 30.0 30.0 30.0 30.0 30.0 30.0 30.0 30.0 0.0
61.2 30.0 30.0 30.0 30.0 30.0 30.0 30.0 30.0 30.0 30.0 0.0
61.3 30.0 30.0 30.0 30.0 30.0 30.0 30.0 30.0 30.0 30.0 0.0
61.4 30.0 30.0 30.0 30.0 30.0 30.0 30.0 30.0 30.0 30.0 0.0
61.5 30.0 30.0 30.0 30.0 30.0 30.0 30.0 30.0 30.0 30.0 0.0
61.6 30.0 30.0 30.0 30.0 30.0 30.0 30.0 30.0 30.0 30.0 0.0
61.7 30.0 30.0 30.0 30.0 30.0 30.0 30.0 30.0 30.0 30.0 0.0
61.8 30.0 30.0 30.0 30.0 30.0 30.0 30.0 30.0 30.0 30.0 0.0
61.9 30.0 30.0 30.0 30.0 30.0 30.0 30.0 30.0 30.0 30.0 0.0
62.0 30.0 30.0 30.0 30.0 30.0 30.0 30.0 30.0 30.0 30.0 0.0
62.1 30.0 30.0 30.0 30.0 30.0 30.0 30.0 30.0 30.0 30.0 0.0
62.2 30.0 30.0 30.0 30.0 30.0 30.0 30.0 30.0 30.0 30.0 0.0
62.3 30.0 30.0 30.0 30.0 30.0 30.0 30.0 30.0 30.0 30.0 0.0
62.4 30.0 30.0 30.0 30.0 30.0 30.0 30.0 30.0 30.0 30.0 0.0
62.5 30.0 30.0 30.0 30.0 30.0 30.0 30.0 30.0 30.0 30.0 0.0
62.6 30.0 30.0 30.0 30.0 30.0 30.0 30.0 30.0 30.0 30.0 0.0
62.7 30.0 30.0 30.0 30.0 30.0 30.0 30.0 30.0 30.0 30.0 0.0
62.8 30.0 30.0 30.0 30.0 30.0 30.0 30.0 30.0 30.0 30.0 0.0
62.9 30.0 30.0 30.0 30.0 30.0 30.0 30.0 30.0 30.0 30.0 0.0
63.0 30.0 30.0 30.0 30.0 30.0 30.0 30.0 30.0 30.0 30.0 0.0
63.1 30.0 30.0 30.0 30.0 30.0 30.0 30.0 30.0 30.0 30.0 0.0
63.2 30.0 30.0 30.0 30.0 30.0 30.0 30.0 30.0 30.0 30.0 0.0
63.3 30.0 30.0 30.0 30.0 30.0 30.0 30.0 30.0 30.0 30.0 0.0
63.4 30.0 30.0 30.0 30.0 30.0 30.0 30.0 30.0 30.0 30.0 0.0
63.5 30.0 30.0 30.0 30.0 30.0 30.0 30.0 30.0 30.0 30.0 0.0
63.6 30.0 30.0 30.0 30.0 30.0 30.0 30.0 30.0 30.0 30.0 0.0
63.7 30.0 30.0 30.0 30.0 30.0 30.0 30.0 30.0 30.0 30.0 0.0
63.8 30.0 30.0 30.0 30.0 30.0 30.0 30.0 30.0 30.0 30.0 0.0
63.9 30.0 30.0 30.0 30.0 30.0 30.0 30.0 30.0 30.0 30.0 0.0
64.0 30.0 30.0 30.0 30.0 30.0 30.0 30.0 30.0 30.0 30.0 0.0
64.1 30.0 30.0 30.0 30.0 30.0 30.0 30.0 30.0 30.0 30.0 0.0
64.2 30.0 30.0 30.0 30.0 30.0 30.0 30.0 30.0 30.0 30.0 0.0
64.3 30.0 30.0 30.0 30.0 30.0 30.0 30.0 30.0 30.0 30.0 0.0
64.4 30.0 30.0 30.0 30.0 30.0 30.0 30.0 30.0 30.0 30.0 0.0
64.5 30.0 30.0 30.0 30.0 30.0 30.0 30.0 30.0 30.0 30.0 0.0
64.6 30.0 30.0 30.0 30.0 30.0 30.0 30.0 30.0 30.0 30.0 0.0
64.7 30.0 30.0 30.0 30.0 30.0 30.0 30.0 30.0 30.0 30.0 0.0
64.8 30.0 30.0 30.0 30.0 30.0 30.0 30.0 30.0 30.0 30.0 0.0
64.9 30.0 30.0 30.0 30.0 30.0 30.0 30.0 30.0 30.0 30.0 0.0
65.0 30.0 30.0 30.0 30.0 30.0 30.0 30.0 30.0 30.0 30.0 0.0
65.1 30.0 30.0 30.0 30.0 30.0 30.0 30.0 30.0 30.0 30.0 0.0
65.2 30.0 30.0 30.0 30.0 30.0 30.0 30.0 30.0 30.0 30.0 0.0
65.3 30.0 30.0 30.0 30.0 30.0 30.0 30.0 30.0 30.0 30.0 0.0
65.4 30.0 30.0 30.0 30.0 30.0 30.0 30.0 30.0 30.0 30.0 0.0
65.5 30.0 30.0 30.0 30.0 30.0 30.0 30.0 30.0 30.0 30.0 0.0
65.6 30.0 30.0 30.0 30.0 30.0 30.0 30.0 30.0 30.0 30.0 0.0
65.7 30.0 30.0 30.0 30.0 30.0 30.0 30.0 30.0 30.0 30.0 0.0
65.8 30.0 30.0 30.0 30.0 30.0 30.0 30.0 30.0 30.0 30.0 0.0
65.9 30.0 30.0 30.0 30.0 30.0 30.0 30.0 30.0 30.0 30.0 0.0
66.0 30.0 30.0 30.0 30.0 30.0 30.0 30.0 30.0 30.0 30.0 0.0
66.1 30.0 30.0 30.0 30.0 30.0 30.0 30.0 30.0 30.0 30.0 0.0
66.2 30.0 30.0 30.0 30.0 30.0 30.0 30.0 30.0 30.0 30.0 0.0
66.3 30.0 30.0 30.0 30.0 30.0 30.0 30.0 30.0 30.0 30.0 0.0
66.4 30.0 30.0 30.0 30.0 30.0 30.0 30.0 30.0 30.0 30.0 0.0
66.5 30.0 30.0 30.0 30.0 30.0 30.0 30.0 30.0 30.0 30.0 0.0
66.6 30.0 30.0 30.0 30.0 30.0 30.0 30.0 30.0 30.0 30.0 0.0
66.7 30.0 30.0 30.0 30.0 30.0 30.0 30.0 30.0 30.0 30.0 0.0
66.8 30.0 30.0 30.0 30.0 30.0 30.0 30.0 30.0 30.0 30.0 0.0
66.9 30.0 30.0 30.0 30.0 30.0 30.0 30.0 30.0 30.0 30.0 0.0
67.0 30.0 30.0 30.0 30.0 30.0 30.0 30.0 30.0 30.0 30.0 0.0
67.1 30.0 30.0 30.0 30.0 30.0 30.0 30.0 30.0 30.0 30.0 0.0
67.2 30.0 30.0 30.0 30.0 30.0 30.0 30.0 30.0 30.0 30.0 0.0
67.3 30.0 30.0 30.0 30.0 30.0 30.0 30.0 30.0 30.0 30.0 0.0
67.4 30.0 30.0 30.0 30.0 30.0 30.0 30.0 30.0 30.0 30.0 0.0
67.5 30.0 30.0 30.0 30.0 30.0 30.0 30.0 30.0 30.0 30.0 0.0
67.6 30.0 30.0 30.0 30.0 30.0 30.0 30.0 30.0 30.0 30.0 0.0
67.7 30.0 30.0 30.0 30.0 30.0 30.0 30.0 30.0 30.0 30.0 0.0
67.8 30.0 30.0 30.0 30.0 30.0 30.0 30.0 30.0 30.0 30.0 0.0
67.9 30.0 30.0 30.0 30.0 30.0 30.0 30.0 30.0 30.0 30.0 0.0
68.0 30.0 30.0 30.0 30.0 30.0 30.0 30.0 30.0 30.0 30.0 0.0
68.1 30.0 30.0 30.0 30.0 30.0 30.0 30.0 30.0 30.0 30.0 0.0
68.2 30.0 30.0 30.0 30.0 30.0 30.0 30.0 30.0 30.0 30.0 0.0
68.3 30.0 30.0 30.0 30.0 30.0 30.0 30.0 30.0 30.0 30.0 0.0
68.4 30.0 30.0 30.0 30.0 30.0 30.0 30.0 30.0 30.0 30.0 0.0
68.5 30.0 30.0 30.0 30.0 30.0 30.0 30.0 30.0 30.0 30.0 0.0
68.6 30.0 30.0 30.0 30.0 30.0 30.0 30.0 30.0 30.0 30.0 0.0
68.7 30.0 30.0 30.0 30.0 30.0 30.0 30.0 30.0 30.0 30.0 0.0
68.8 30.0 30.0 30.0 30.0 30.0 30.0 30.0 30.0 30.0 30.0 0.0
68.9 30.0 30.0 30.0 30.0 30.0 30.0 30.0 30.0 30.0 30.0 0.0
69.0 30.0 30.0 30.0 30.0 30.0 30.0 30.0 30.0 30.0 30.0 0.0
69.1 30.0 30.0 30.0 30.0 30.0 30.0 30.0 30.0 30.0 30.0 0.0
69.2 30.0 30.0 30.0 30.0 30.0 30.0 30.0 30.0 30.0 30.0 0.0
69.3 30.0 30.0 30.0 30.0 30.0 30.0 30.0 30.0 30.0 30.0 0.0
69.4 30.0 30.0 30.0 30.0 30.0 30.0 30.0 30.0 30.0 30.0 0.0
69.5 30.0 30.0 30.0 30.0 30.0 30.0 30.0 30.0 30.0 30.0 0.0
69.6 30.0 30.0 30.0 30.0 30.0 30.0 30.0 30.0 30.0 30.0 0.0
69.7 30.0 30.0 30.0 30.0 30.0 30.0 30.0 30.0 30.0 30.0 0.0
69.8 30.0 30.0 30.0 30.0 30.0 30.0 30.0 30.0 30.0 30.0 0.0
69.9 30.0 30.0 30.0 30.0 30.0 30.0 30.0 30.0 30.0 30.0 0.0
70.0 30.0 30.0 30.0 30.0 30.0 30.0 30.0 30.0 30.0 30.0 0.0
70.1 30.0 30.0 30.0 30.0 30.0 30.0 30.0 30.0 30.0 30.0 0.0
70.2 30.0 30.0 30.0 30.0 30.0 30.0 30.0 30.0 30.0 30.0 0.0
70.3 30.0 30.0 30.0 30.0 30.0 30.0 30.0 30.0 30.0 30.0 0.0
70.4 30.0 30.0 30.0 30.0 30.0 30.0 30.0 30.0 30.0 30.0 0.0
70.5 30.0 30.0 30.0 30.0 30.0 30.0 30.0 30.0 30.0 30.0 0.0
70.6 30.0 30.0 30.0 30.0 30.0 30.0 30.0 30.0 30.0 30.0 0.0
70.7 30.0 30.0 30.0 30.0 30.0 30.0 30.0 30.0 30.0 30.0 0.0
70.8 30.0 30.0 30.0 30.0 30.0 30.0 30.0 30.0 30.0 30.0 0.0
70.9 30.0 30.0 30.0 30.0 30.0 30.0 30.0 30.0 30.0 30.0 0.0
71.0 30.0 30.0 30.0 30.0 30.0 30.0 30.0 30.0 30.0 30.0 0.0
71.1 30.0 30.0 30.0 30.0 30.0 30.0 30.0 30.0 30.0 30.0 0.0
71.2 30.0 30.0 30.0 30.0 30.0 30.0 30.0 30.0 30.0 30.0 0.0
71.3 30.0 30.0 30.0 30.0 30.0 30.0 30.0 30.0 30.0 30.0 0.0
71.4 30.0 30.0 30.0 30.0 30.0 30.0 30.0 30.0 30.0 30.0 0.0
71.5 30.0 30.0 30.0 30.0 30.0 30.0 30.0 30.0 30.0 30.0 0.0
71.6 30.0 30.0 30.0 30.0 30.0 30.0 30.0 30.0 30.0 30.0 0.0
71.7 30.0 30.0 30.0 30.0 30.0 30.0 30.0 30.0 30.0 30.0 0.0
71.8 30.0 30.0 30.0 30.0 30.0 30.0 30.0 30.0 30.0 30.0 0.0
71.9 30.0 30.0 30.0 30.0 30.0 30.0 30.0 30.0 30.0 30.0 0.0
72.0 30.0 30.0 30.0 30.0 30.0 30.0 30.0 30.0 30.0 30.0 0.0
72.1 30.0 30.0 30.0 30.0 30.0 30.0 30.0 30.0 30.0 30.0 0.0
72.2 30.0 30.0 30.0 30.0 30.0 30.0 30.0 30.0 30.0 30.0 0.0
72.3 30.0 30.0 30.0 30.0 30.0 30.0 30.0 30.0 30.0 30.0 0.0
72.4 30.0 30.0 30.0 30.0 30.0 30.0 30.0 30.0 30.0 30.0 0.0
72.5 30.0 30.0 30.0 30.0 30.0 30.0 30.0 30.0 30.0 30.0 0.0
72.6 30.0 30.0 30.0 30.0 30.0 30.0 30.0 30.0 30.0 30.0 0.0
72.7 30.0 30.0 30.0 30.0 30.0 30.0 30.0 30.0 30.0 30.0 0.0
72.8 30.0 30.0 30.0 30.0 30.0 30.0 30.0 30.0 30.0 30.0 0.0
72.9 30.0 30.0 30.0 30.0 30.0 30.0 30.0 30.0 30.0 30.0 0.0
73.0 30.0 30.0 30.0 30.0 30.0 30.0 30.0 30.0 30.0 30.0 0.0
73.1 30.0 30.0 30.0 30.0 30.0 30.0 30.0 30.0 30.0 30.0 0.0
73.2 30.0 30.0 30.0 30.0 30.0 30.0 30.0 30.0 30.0 30.0 0.0
73.3 30.0 30.0 30.0 30.0 30.0 30.0 30.0 30.0 30.0 30.0 0.0
73.4 30.0 30.0 30.0 30.0 30.0 30.0 30.0 30.0 30.0 30.0 0.0
73.5 30.0 30.0 30.0 30.0 30.0 30.0 30.0 30.0 30.0 30.0 0.0
73.6 30.0 30.0 30.0 30.0 30.0 30.0 30.0 30.0 30.0 30.0 0.0
73.7 30.0 30.0 30.0 30.0 30.0 30.0 30.0 30.0 30.0 30.0 0.0
73.8 30.0 30.0 30.0 30.0 30.0 30.0 30.0 30.0 30.0 30.0 0.0
73.9 30.0 30.0 30.0 30.0 30.0 30.0 30.0 30.0 30.0 30.0 0.0
74.0 30.0 30.0 30.0 30.0 30.0 30.0 30.0 30.0 30.0 30.0 0.0
74.1 30.0 30.0 30.0 30.0 30.0 30.0 30.0 30.0 30.0 30.0 0.0
74.2 30.0 30.0 30.0 30.0 30.0 30.0 30.0 30.0 30.0 30.0 0.0
74.3 30.0 30.0 30.0 30.0 30.0 30.0 30.0 30.0 30.0 30.0 0.0
74.4 30.0 30.0 30.0 30.0 30.0 30.0 30.0 30.0 30.0 30.0 0.0
74.5 30.0 30.0 30.0 30.0 30.0 30.0 30.0 30.0 30.0 30.0 0.0
74.6 30.0 30.0 30.0 30.0 30.0 30.0 30.0 30.0 30.0 30.0 0.0
74.7 30.0 30.0 30.0 30.0 30.0 30.0 30.0 30.0 30.0 30.0 0.0
74.8 30.0 30.0 30.0 30.0 30.0 30.0 30.0 30.0 30.0 30.0 0.0
74.9 30.0 30.0 30.0 30.0 30.0 30.0 30.0 30.0 30.0 30.0 0.0
75.0 30.0 30.0 30.0 30.0 30.0 30.0 30.0 30.0 30.0 30.0 0.0
75.1 30.0 30.0 30.0 30.0 30.0 30.0 30.0 30.0 30.0 30.0 0.0
75.2 30.0 30.0 30.0 30.0 30.0 30.0 30.0 30.0 30.0 30.0 0.0
75.3 30.0 30.0 30.0 30.0 30.0 30.0 30.0 30.0 30.0 30.0 0.0
75.4 30.0 30.0 30.0 30.0 30.0 30.0 30.0 30.0 30.0 30.0 0.0
75.5 30.0 30.0 30.0 30.0 30.0 30.0 30.0 30.0 30.0 30.0 0.0
75.6 30.0 30.0 30.0 30.0 30.0 30.0 30.0 30.0 30.0 30.0 0.0
75.7 30.0 30.0 30.0 30.0 30.0 30.0 30.0 30.0 30.0 30.0 0.0
75.8 30.0 30.0 30.0 30.0 30.0 30.0 30.0 30.0 30.0 30.0 0.0
75.9 30.0 30.0 30.0 30.0 30.0 30.0 30.0 30.0 30.0 30.0 0.0
76.0 30.0 30.0 30.0 30.0 30.0 30.0 30.0 30.0 30.0 30.0 0.0
76.1 30.0 30.0 30.0 30.0 30.0 30.0 30.0 30.0 30.0 30.0 0.0
76.2 30.0 30.0 30.0 30.0 30.0 30.0 30.0 30.0 30.0 30.0 0.0
76.3 30.0 30.0 30.0 30.0 30.0 30.0 30.0 30.0 30.0 30.0 0.0
76.4 30.0 30.0 30.0 30.0 30.0 30.0 30.0 30.0 30.0 30.0 0.0
76.5 30.0 30.0 30.0 30.0 30.0 30.0 30.0 30.0 30.0 30.0 0.0
76.6 30.0 30.0 30.0 30.0 30.0 30.0 30.0 30.0 30.0 30.0 0.0
76.7 30.0 30.0 30.0 30.0 30.0 30.0 30.0 30.0 30.0 30.0 0.0
76.8 30.0 30.0 30.0 30.0 30.0 30.0 30.0 30.0 30.0 30.0 0.0
76.9 30.0 30.0 30.0 30.0 30.0 30.0 30.0 30.0 30.0 30.0 0.0
77.0 30.0 30.0 30.0 30.0 30.0 30.0 30.0 30.0 30.0 30.0 0.0
77.1 30.0 30.0 30.0 30.0 30.0 30.0 30.0 30.0 30.0 30.0 0.0
77.2 30.0 30.0 30.0 30.0 30.0 30.0 30.0 30.0 30.0 30.0 0.0
77.3 30.0 30.0 30.0 30.0 30.0 30.0 30.0 30.0 30.0 30.0 0.0
77.4 30.0 30.0 30.0 30.0 30.0 30.0 30.0 30.0 30.0 30.0 0.0
77.5 30.0 30.0 30.0 30.0 30.0 30.0 30.0 30.0 30.0 30.0 0.0
77.6 30.0 30.0 30.0 30.0 30.0 30.0 30.0 30.0 30.0 30.0 0.0
77.7 30.0 30.0 30.0 30.0 30.0 30.0 30.0 30.0 30.0 30.0 0.0
77.8 30.0 30.0 30.0 30.0 30.0 30.0 30.0 30.0 30.0 30.0 0.0
77.9 30.0 30.0 30.0 30.0 30.0 30.0 30.0 30.0 30.0 30.0 0.0
78.0 30.0 30.0 30.0 30.0 30.0 30.0 30.0 30.0 30.0 30.0 0.0
78.1 30.0 30.0 30.0 30.0 30.0 30.0 30.0 30.0 30.0 30.0 0.0
78.2 30.0 30.0 30.0 30.0 30.0 30.0 30.0 30.0 30.0 30.0 0.0
78.3 30.0 30.0 30.0 30.0 30.0 30.0 30.0 30.0 30.0 30.0 0.0
78.4 30.0 30.0 30.0 30.0 30.0 30.0 30.0 30.0 30.0 30.0 0.0
78.5 30.0 30.0 30.0 30.0 30.0 30.0 30.0 30.0 30.0 30.0 0.0
78.6 30.0 30.0 30.0 30.0 30.0 30.0 30.0 30.0 30.0 30.0 0.0
78.7 30.0 30.0 30.0 30.0 30.0 30.0 30.0 30.0 30.0 30.0 0.0
78.8 30.0 30.0 30.0 30.0 30.0 30.0 30.0 30.0 30.0 30.0 0.0
78.9 30.0 30.0 30.0 30.0 30.0 30.0 30.0 30.0 30.0 30.0 0.0
79.0 30.0 30.0 30.0 30.0 30.0 30.0 30.0 30.0 30.0 30.0 0.0
79.1 30.0 30.0 30.0 30.0 30.0 30.0 30.0 30.0 30.0 30.0 0.0
79.2 30.0 30.0 30.0 30.0 30.0 30.0 30.0 30.0 30.0 30.0 0.0
79.3 30.0 30.0 30.0 30.0 30.0 30.0 30.0 30.0 30.0 30.0 0.0
79.4 30.0 30.0 30.0 30.0 30.0 30.0 30.0 30.0 30.0 30.0 0.0
79.5 30.0 30.0 30.0 30.0 30.0 30.0 30.0 30.0 30.0 30.0 0.0
79.6 30.0 30.0 30.0 30.0 30.0 30.0 30.0 30.0 30.0 30.0 0.0
79.7 30.0 30.0 30.0 30.0 30.0 30.0 30.0 30.0 30.0 30.0 0.0
79.8 30.0 30.0 30.0 30.0 30.0 30.0 30.0 30.0 30.0 30.0 0.0
79.9 30.0 30.0 30.0 30.0 30.0 30.0 30.0 30.0 30.0 30.0 0.0
80.0 30.0 30.0 30.0 30.0 30.0 30.0 30.0 30.0 30.0 30.0 0.0
80.1 30.0 30.0 30.0 30.0 30.0 30.0 30.0 30.0 30.0 30.0 0.0
80.2 30.0 30.0 30.0 30.0 30.0 30.0 30.0 30.0 30.0 30.0 0.0
80.3 30.0 30.0 30.0 30.0 30.0 30.0 30.0 30.0 30.0 30.0 0.0
80.4 30.0 30.0 30.0 30.0 30.0 30.0 30.0 30.0 30.0 30.0 0.0
80.5 30.0 30.0 30.0 30.0 30.0 30.0 30.0 30.0 30.0 30.0 0.0
80.6 30.0 30.0 30.0 30.0 30.0 30.0 30.0 30.0 30.0 30.0 0.0
80.7 30.0 30.0 30.0 30.0 30.0 30.0 30.0 30.0 30.0 30.0 0.0
80.8 30.0 30.0 30.0 30.0 30.0 30.0 30.0 30.0 30.0 30.0 0.0
80.9 30.0 30.0 30.0 30.0 30.0 30.0 30.0 30.0 30.0 30.0 0.0
81.0 30.0 30.0 30.0 30.0 30.0 30.0 30.0 30.0 30.0 30.0 0.0
81.1 30.0 30.0 30.0 30.0 30.0 30.0 30.0 30.0 30.0 30.0 0.0
81.2 30.0 30.0 30.0 30.0 30.0 30.0 30.0 30.0 30.0 30.0 0.0
81.3 30.0 30.0 30.0 30.0 30.0 30.0 30.0 30.0 30.0 30.0 0.0
81.4 30.0 30.0 30.0 30.0 30.0 30.0 30.0 30.0 30.0 30.0 0.0
81.5 30.0 30.0 30.0 30.0 30.0 30.0 30.0 30.0 30.0 30.0 0.0
81.6 30.0 30.0 30.0 30.0 30.0 30.0 30.0 30.0 30.0 30.0 0.0
81.7 30.0 30.0 30.0 30.0 30.0 30.0 30.0 30.0 30.0 30.0 0.0
81.8 30.0 30.0 30.0 30.0 30.0 30.0 30.0 30.0 30.0 30.0 0.0
81.9 30.0 30.0 30.0 30.0 30.0 30.0 30.0 30.0 30.0 30.0 0.0
82.0 30.0 30.0 30.0 30.0 30.0 30.0 30.0 30.0 30.0 30.0 0.0
82.1 30.0 30.0 30.0 30.0 30.0 30.0 30.0 30.0 30.0 30.0 0.0
82.2 30.0 30.0 30.0 30.0 30.0 30.0 30.0 30.0 30.0 30.0 0.0
82.3 30.0 30.0 30.0 30.0 30.0 30.0 30.0 30.0 30.0 30.0 0.0
82.4 30.0 30.0 30.0 30.0 30.0 30.0 30.0 30.0 30.0 30.0 0.0
82.5 30.0 30.0 30.0 30.0 30.0 30.0 30.0 30.0 30.0 30.0 0.0
82.6 30.0 30.0 30.0 30.0 30.0 30.0 30.0 30.0 30.0 30.0 0.0
82.7 30.0 30.0 30.0 30.0 30.0 30.0 30.0 30.0 30.0 30.0 0.0
82.8 30.0 30.0 30.0 30.0 30.0 30.0 30.0 30.0 30.0 30.0 0.0
82.9 30.0 30.0 30.0 30.0 30.0 30.0 30.0 30.0 30.0 30.0 0.0
83.0 30.0 30.0 30.0 30.0 30.0 30.0 30.0 30.0 30.0 30.0 0.0
83.1 30.0 30.0 30.0 30.0 30.0 30.0 30.0 30.0 30.0 30.0 0.0
83.2 30.0 30.0 30.0 30.0 30.0 30.0 30.0 30.0 30.0 30.0 0.0
83.3 30.0 30.0 30.0 30.0 30.0 30.0 30.0 30.0 30.0 30.0 0.0
83.4 30.0 30.0 30.0 30.0 30.0 30.0 30.0 30.0 30.0 30.0 0.0
83.5 30.0 30.0 30.0 30.0 30.0 30.0 30.0 30.0 30.0 30.0 0.0
83.6 30.0 30.0 30.0 30.0 30.0 30.0 30.0 30.0 30.0 30.0 0.0
83.7 30.0 30.0 30.0 30.0 30.0 30.0 30.0 30.0 30.0 30.0 0.0
83.8 30.0 30.0 30.0 30.0 30.0 30.0 30.0 30.0 30.0 30.0 0.0
83.9 30.0 30.0 30.0 30.0 30.0 30.0 30.0 30.0 30.0 30.0 0.0
84.0 30.0 30.0 30.0 30.0 30.0 30.0 30.0 30.0 30.0 30.0 0.0
84.1 30.0 30.0 30.0 30.0 30.0 30.0 30.0 30.0 30.0 30.0 0.0
84.2 30.0 30.0 30.0 30.0 30.0 30.0 30.0 30.0 30.0 30.0 0.0
84.3 30.0 30.0 30.0 30.0 30.0 30.0 30.0 30.0 30.0 30.0 0.0
84.4 30.0 30.0 30.0 30.0 30.0 30.0 30.0 30.0 30.0 30.0 0.0
84.5 30.0 30.0 30.0 30.0 30.0 30.0 30.0 30.0 30.0 30.0 0.0
84.6 30.0 30.0 30.0 30.0 30.0 30.0 30.0 30.0 30.0 30.0 0.0
84.7 30.0 30.0 30.0 30.0 30.0 30.0 30.0 30.0 30.0 30.0 0.0
84.8 30.0 30.0 30.0 30.0 30.0 30.0 30.0 30.0 30.0 30.0 0.0
84.9 30.0 30.0 30.0 30.0 30.0 30.0 30.0 30.0 30.0 30.0 0.0
85.0 30.0 30.0 30.0 30.0 30.0 30.0 30.0 30.0 30.0 30.0 0.0
85.1 30.0 30.0 30.0 30.0 30.0 30.0 30.0 30.0 30.0 30.0 0.0
85.2 30.0 30.0 30.0 30.0 30.0 30.0 30.0 30.0 30.0 30.0 0.0
85.3 30.0 30.0 30.0 30.0 30.0 30.0 30.0 30.0 30.0 30.0 0.0
85.4 30.0 30.0 30.0 30.0 30.0 30.0 30.0 30.0 30.0 30.0 0.0
85.5 30.0 30.0 30.0 30.0 30.0 30.0 30.0 30.0 30.0 30.0 0.0
85.6 30.0 30.0 30.0 30.0 30.0 30.0 30.0 30.0 30.0 30.0 0.0
85.7 30.0 30.0 30.0 30.0 30.0 30.0 30.0 30.0 30.0 30.0 0.0
85.8 30.0 30.0 30.0 30.0 30.0 30.0 30.0 30.0 30.0 30.0 0.0
85.9 30.0 30.0 30.0 30.0 30.0 30.0 30.0 30.0 30.0 30.0 0.0
86.0 30.0 30.0 30.0 30.0 30.0 30.0 30.0 30.0 30.0 30.0 0.0
86.1 30.0 30.0 30.0 30.0 30.0 30.0 30.0 30.0 30.0 30.0 0.0
86.2 30.0 30.0 30.0 30.0 30.0 30.0 30.0 30.0 30.0 30.0 0.0
86.3 30.0 30.0 30.0 30.0 30.0 30.0 30.0 30.0 30.0 30.0 0.0
86.4 30.0 30.0 30.0 30.0 30.0 30.0 30.0 30.0 30.0 30.0 0.0
86.5 30.0 30.0 30.0 30.0 30.0 30.0 30.0 30.0 30.0 30.0 0.0
86.6 30.0 30.0 30.0 30.0 30.0 30.0 30.0 30.0 30.0 30.0 0.0
86.7 30.0 30.0 30.0 30.0 30.0 30.0 30.0 30.0 30.0 30.0 0.0
86.8 30.0 30.0 30.0 30.0 30.0 30.0 30.0 30.0 30.0 30.0 0.0
86.9 30.0 30.0 30.0 30.0 30.0 30.0 30.0 30.0 30.0 30.0 0.0
87.0 30.0 30.0 30.0 30.0 30.0 30.0 30.0 30.0 30.0 30.0 0.0
87.1 30.0 30.0 30.0 30.0 30.0 30.0 30.0 30.0 30.0 30.0 0.0
87.2 30.0 30.0 30.0 30.0 30.0 30.0 30.0 30.0 30.0 30.0 0.0
87.3 30.0 30.0 30.0 30.0 30.0 30.0 30.0 30.0 30.0 30.0 0.0
87.4 30.0 30.0 30.0 30.0 30.0 30.0 30.0 30.0 30.0 30.0 0.0
87.5 30.0 30.0 30.0 30.0 30.0 30.0 30.0 30.0 30.0 30.0 0.0
87.6 30.0 30.0 30.0 30.0 30.0 30.0 30.0 30.0 30.0 30.0 0.0
87.7 30.0 30.0 30.0 30.0 30.0 30.0 30.0 30.0 30.0 30.0 0.0
87.8 30.0 30.0 30.0 30.0 30.0 30.0 30.0 30.0 30.0 30.0 0.0
87.9 30.0 30.0 30.0 30.0 30.0 30.0 30.0 30.0 30.0 30.0 0.0
88.0 30.0 30.0 30.0 30.0 30.0 30.0 30.0 30.0 30.0 30.0 0.0
88.1 30.0 30.0 30.0 30.0 30.0 30.0 30.0 30.0 30.0 30.0 0.0
88.2 30.0 30.0 30.0 30.0 30.0 30.0 30.0 30.0 30.0 30.0 0.0
88.3 30.0 30.0 30.0 30.0 30.0 30.0 30.0 30.0 30.0 30.0 0.0
88.4 30.0 30.0 30.0 30.0 30.0 30.0 30.0 30.0 30.0 30.0 0.0
88.5 30.0 30.0 30.0 30.0 30.0 30.0 30.0 30.0 30.0 30.0 0.0
88.6 30.0 30.0 30.0 30.0 30.0 30.0 30.0 30.0 30.0 30.0 0.0
88.7 30.0 30.0 30.0 30.0 30.0 30.0 30.0 30.0 30.0 30.0 0.0
88.8 30.0 30.0 30.0 30.0 30.0 30.0 30.0 30.0 30.0 30.0 0.0
88.9 30.0 30.0 30.0 30.0 30.0 30.0 30.0 30.0 30.0 30.0 0.0
89.0 30.0 30.0 30.0 30.0 30.0 30.0 30.0 30.0 30.0 30.0 0.0
89.1 30.0 30.0 30.0 30.0 30.0 30.0 30.0 30.0 30.0 30.0 0.0
89.2 30.0 30.0 30.0 30.0 30.0 30.0 30.0 30.0 30.0 30.0 0.0
89.3 30.0 30.0 30.0 30.0 30.0 30.0 30.0 30.0 30.0 30.0 0.0
89.4 30.0 30.0 30.0 30.0 30.0 30.0 30.0 30.0 30.0 30.0 0.0
89.5 30.0 30.0 30.0 30.0 30.0 30.0 30.0 30.0 30.0 30.0 0.0
89.6 30.0 30.0 30.0 30.0 30.0 30.0 30.0 30.0 30.0 30.0 0.0
89.7 30.0 30.0 30.0 30.0 30.0 30.0 30.0 30.0 30.0 30.0 0.0
89.8 30.0 30.0 30.0 30.0 30.0 30.0 30.0 30.0 30.0 30.0 0.0
89.9 30.0 30.0 30.0 30.0 30.0 30.0 30.0 30.0 30.0 30.0 0.0
90.0 30.0 30.0 30.0 30.0 30.0 30.0 30.0 30.0 30.0 30.0 0.0
90.1 30.0 30.0 30.0 30.0 30.0 30.0 30.0 30.0 30.0 30.0 0.0
90.2 30.0 30.0 30.0 30.0 30.0 30.0 30.0 30.0 30.0 30.0 0.0
90.3 30.0 30.0 30.0 30.0 30.0 30.0 30.0 30.0 30.0 30.0 0.0
90.4 30.0 30.0 30.0 30.0 30.0 30.0 30.0 30.0 30.0 30.0 0.0
90.5 30.0 30.0 30.0 30.0 30.0 30.0 30.0 30.0 30.0 30.0 0.0
90.6 30.0 30.0 30.0 30.0 30.0 30.0 30.0 30.0 30.0 30.0 0.0
90.7 30.0 30.0 30.0 30.0 30.0 30.0 30.0 30.0 30.0 30.0 0.0
90.8 30.0 30.0 30.0 30.0 30.0 30.0 30.0 30.0 30.0 30.0 0.0
90.9 30.0 30.0 30.0 30.0 30.0 30.0 30.0 30.0 30.0 30.0 0.0
91.0 30.0 30.0 30.0 30.0 30.0 30.0 30.0 30.0 30.0 30.0 0.0
91.1 30.0 30.0 30.0 30.0 30.0 30.0 30.0 30.0 30.0 30.0 0.0
91.2 30.0 30.0 30.0 30.0 30.0 30.0 30.0 30.0 30.0 30.0 0.0
91.3 30.0 30.0 30.0 30.0 30.0 30.0 30.0 30.0 30.0 30.0 0.0
91.4 30.0 30.0 30.0 30.0 30.0 30.0 30.0 30.0 30.0 30.0 0.0
91.5 30.0 30.0 30.0 30.0 30.0 30.0 30.0 30.0 30.0 30.0 0.0
91.6 30.0 30.0 30.0 30.0 30.0 30.0 30.0 30.0 30.0 30.0 0.0
91.7 30.0 30.0 30.0 30.0 30.0 30.0 30.0 30.0 30.0 30.0 0.0
91.8 30.0 30.0 30.0 30.0 30.0 30.0 30.0 30.0 30.0 30.0 0.0
91.9 30.0 30.0 30.0 30.0 30.0 30.0 30.0 30.0 30.0 30.0 0.0
92.0 30.0 30.0 30.0 30.0 30.0 30.0 30.0 30.0 30.0 30.0 0.0
92.1 30.0 30.0 30.0 30.0 30.0 30.0 30.0 30.0 30.0 30.0 0.0
92.2 30.0 30.0 30.0 30.0 30.0 30.0 30.0 30.0 30.0 30.0 0.0
92.3 30.0 30.0 30.0 30.0 30.0 30.0 30.0 30.0 30.0 30.0 0.0
92.4 30.0 30.0 30.0 30.0 30.0 30.0 30.0 30.0 30.0 30.0 0.0
92.5 30.0 30.0 30.0 30.0 30.0 30.0 30.0 30.0 30.0 30.0 0.0
92.6 30.0 30.0 30.0 30.0 30.0 30.0 30.0 30.0 30.0 30.0 0.0
92.7 30.0 30.0 30.0 30.0 30.0 30.0 30.0 30.0 30.0 30.0 0.0
92.8 30.0 30.0 30.0 30.0 30.0 30.0 30.0 30.0 30.0 30.0 0.0
92.9 30.0 30.0 30.0 30.0 30.0 30.0 30.0 30.0 30.0 30.0 0.0
93.0 30.0 30.0 30.0 30.0 30.0 30.0 30.0 30.0 30.0 30.0 0.0
93.1 30.0 30.0 30.0 30.0 30.0 30.0 30.0 30.0 30.0 30.0 0.0
93.2 30.0 30.0 30.0 30.0 30.0 30.0 30.0 30.0 30.0 30.0 0.0
93.3 30.0 30.0 30.0 30.0 30.0 30.0 30.0 30.0 30.0 30.0 0.0
93.4 30.0 30.0 30.0 30.0 30.0 30.0 30.0 30.0 30.0 30.0 0.0
93.5 30.0 30.0 30.0 30.0 30.0 30.0 30.0 30.0 30.0 30.0 0.0
93.6 30.0 30.0 30.0 30.0 30.0 30.0 30.0 30.0 30.0 30.0 0.0
93.7 30.0 30.0 30.0 30.0 30.0 30.0 30.0 30.0 30.0 30.0 0.0
93.8 30.0 30.0 30.0 30.0 30.0 30.0 30.0 30.0 30.0 30.0 0.0
93.9 30.0 30.0 30.0 30.0 30.0 30.0 30.0 30.0 30.0 30.0 0.0
94.0 30.0 30.0 30.0 30.0 30.0 30.0 30.0 30.0 30.0 30.0 0.0
94.1 30.0 30.0 30.0 30.0 30.0 30.0 30.0 30.0 30.0 30.0 0.0
94.2 30.0 30.0 30.0 30.0 30.0 30.0 30.0 30.0 30.0 30.0 0.0
94.3 30.0 30.0 30.0 30.0 30.0 30.0 30.0 30.0 30.0 30.0 0.0
94.4 30.0 30.0 30.0 30.0 30.0 30.0 30.0 30.0 30.0 30.0 0.0
94.5 30.0 30.0 30.0 30.0 30.0 30.0 30.0 30.0 30.0 30.0 0.0
94.6 30.0 30.0 30.0 30.0 30.0 30.0 30.0 30.0 30.0 30.0 0.0
94.7 30.0 30.0 30.0 30.0 30.0 30.0 30.0 30.0 30.0 30.0 0.0
94.8 30.0 30.0 30.0 30.0 30.0 30.0 30.0 30.0 30.0 30.0 0.0
94.9 30.0 30.0 30.0 30.0 30.0 30.0 30.0 30.0 30.0 30.0 0.0
95.0 30.0 30.0 30.0 30.0 30.0 30.0 30.0 30.0 30.0 30.0 0.0
95.1 30.0 30.0 30.0 30.0 30.0 30.0 30.0 30.0 30.0 30.0 0.0
95.2 30.0 30.0 30.0 30.0 30.0 30.0 30.0 30.0 30.0 30.0 0.0
95.3 30.0 30.0 30.0 30.0 30.0 30.0 30.0 30.0 30.0 30.0 0.0
95.4 30.0 30.0 30.0 30.0 30.0 30.0 30.0 30.0 30.0 30.0 0.0
95.5 30.0 30.0 30.0 30.0 30.0 30.0 30.0 30.0 30.0 30.0 0.0
95.6 30.0 30.0 30.0 30.0 30.0 30.0 30.0 30.0 30.0 30.0 0.0
95.7 30.0 30.0 30.0 30.0 30.0 30.0 30.0 30.0 30.0 30.0 0.0
95.8 30.0 30.0 30.0 30.0 30.0 30.0 30.0 30.0 30.0 30.0 0.0
95.9 30.0 30.0 30.0 30.0 30.0 30.0 30.0 30.0 30.0 30.0 0.0
96.0 30.0 30.0 30.0 30.0 30.0 30.0 30.0 30.0 30.0 30.0 0.0
96.1 30.0 30.0 30.0 30.0 30.0 30.0 30.0 30.0 30.0 30.0 0.0
96.2 30.0 30.0 30.0 30.0 30.0 30.0 30.0 30.0 30.0 30.0 0.0
96.3 30.0 30.0 30.0 30.0 30.0 30.0 30.0 30.0 30.0 30.0 0.0
96.4 30.0 30.0 30.0 30.0 30.0 30.0 30.0 30.0 30.0 30.0 0.0
96.5 30.0 30.0 30.0 30.0 30.0 30.0 30.0 30.0 30.0 30.0 0.0
96.6 30.0 30.0 30.0 30.0 30.0 30.0 30.0 30.0 30.0 30.0 0.0
96.7 30.0 30.0 30.0 30.0 30.0 30.0 30.0 30.0 30.0 30.0 0.0
96.8 30.0 30.0 30.0 30.0 30.0 30.0 30.0 30.0 30.0 30.0 0.0
96.9 30.0 30.0 30.0 30.0 30.0 30.0 30.0 30.0 30.0 30.0 0.0
97.0 30.0 30.0 30.0 30.0 30.0 30.0 30.0 30.0 30.0 30.0 0.0
97.1 30.0 30.0 30.0 30.0 30.0 30.0 30.0 30.0 30.0 30.0 0.0
97.2 30.0 30.0 30.0 30.0 30.0 30.0 30.0 30.0 30.0 30.0 0.0
97.3 30.0 30.0 30.0 30.0 30.0 30.0 30.0 30.0 30.0 30.0 0.0
97.4 30.0 30.0 30.0 30.0 30.0 30.0 30.0 30.0 30.0 30.0 0.0
97.5 30.0 30.0 30.0 30.0 30.0 30.0 30.0 30.0 30.0 30.0 0.0
97.6 30.0 30.0 30.0 30.0 30.0 30.0 30.0 30.0 30.0 30.0 0.0
97.7 30.0 30.0 30.0 30.0 30.0 30.0 30.0 30.0 30.0 30.0 0.0
97.8 30.0 30.0 30.0 30.0 30.0 30.0 30.0 30.0 30.0 30.0 0.0
97.9 30.0 30.0 30.0 30.0 30.0 30.0 30.0 30.0 30.0 30.0 0.0
98.0 30.0 30.0 30.0 30.0 30.0 30.0 30.0 30.0 30.0 30.0 0.0
98.1 30.0 30.0 30.0 30.0 30.0 30.0 30.0 30.0 30.0 30.0 0.0
98.2 30.0 30.0 30.0 30.0 30.0 30.0 30.0 30.0 30.0 30.0 0.0
98.3 30.0 30.0 30.0 30.0 30.0 30.0 30.0 30.0 30.0 30.0 0.0
98.4 30.0 30.0 30.0 30.0 30.0 30.0 30.0 30.0 30.0 30.0 0.0
98.5 30.0 30.0 30.0 30.0 30.0 30.0 30.0 30.0 30.0 30.0 0.0
98.6 30.0 30.0 30.0 30.0 30.0 30.0 30.0 30.0 30.0 30.0 0.0
98.7 30.0 30.0 30.0 30.0 30.0 30.0 30.0 30.0 30.0 30.0 0.0
98.8 30.0 30.0 30.0 30.0 30.0 30.0 30.0 30.0 30.0 30.0 0.0
98.9 30.0 30.0 30.0 30.0 30.0 30.0 30.0 30.0 30.0 30.0 0.0
99.0 30.0 30.0 30.0 30.0 30.0 30.0 30.0 30.0 30.0 30.0 0.0
99.1 30.0 30.0 30.0 30.0 30.0 30.0 30.0 30.0 30.0 30.0 0.0
99.2 30.0 30.0 30.0 30.0 30.0 30.0 30.0 30.0 30.0 30.0 0.0
99.3 30.0 30.0 30.0 30.0 30.0 30.0 30.0 30.0 30.0 30.0 0.0
99.4 30.0 30.0 30.0 30.0 30.0 30.0 30.0 30.0 30.0 30.0 0.0
99.5 30.0 30.0 30.0 30.0 30.0 30.0 30.0 30.0 30.0 30.0 0.0
99.6 30.0 30.0 30.0 30.0 30.0 30.0 30.0 30.0 30.0 30.0 0.0
99.7 30.0 30.0 30.0 30.0 30.0 30.0 30.0 30.0 30.0 30.0 0.0
99.8 30.0 30.0 30.0 30.0 30.0 30.0 30.0 30.0 30.0 30.0 0.0
99.9 30.0 30.0 30.0 30.0 30.0 30.0 30.0 30.0 30.0 30.0 0.0
