0.0 0.0 -1073741824.0 -1073741824.0 -1073741824.0 -1073741824.0 -1073741824.0 -1073741824.0 -1073741824.0 -1073741824.0 -1073741824.0 -1073741824.0
0.1 0.6000000000000001 -1073741824.0 -1073741824.0 -1073741824.0 -1073741824.0 -1073741824.0 -1073741824.0 -1073741824.0 -1073741824.0 -1073741824.0 -1073741824.0
0.2 27.0 0.0 0.0 0.0 0.0 0.0 0.0 0.0 0.0 0.0 0.0
0.3 27.0 27.0 27.0 27.0 27.0 27.0 27.0 27.0 27.0 27.0 0.0
0.4 27.0 27.0 27.0 27.0 27.0 27.0 27.0 27.0 27.0 27.0 0.0
0.5 27.0 27.0 27.0 27.0 27.0 27.0 27.0 27.0 27.0 27.0 0.0
0.6 27.0 27.0 27.0 27.0 27.0 27.0 27.0 27.0 27.0 27.0 0.0
0.7 27.0 27.0 27.0 27.0 27.0 27.0 27.0 27.0 27.0 27.0 0.0
0.8 27.0 27.0 27.0 27.0 27.0 27.0 27.0 27.0 27.0 27.0 0.0
0.9 27.0 27.0 27.0 27.0 27.0 27.0 27.0 27.0 27.0 27.0 0.0
1.0 27.0 27.0 27.0 27.0 27.0 27.0 27.0 27.0 27.0 27.0 0.0
1.1 27.0 27.0 27.0 27.0 27.0 27.0 27.0 27.0 27.0 27.0 0.0
1.2 27.0 27.0 27.0 27.0 27.0 27.0 27.0 27.0 27.0 27.0 0.0
1.3 27.0 27.0 27.0 27.0 27.0 27.0 27.0 27.0 27.0 27.0 0.0
1.4 27.0 27.0 27.0 27.0 27.0 27.0 27.0 27.0 27.0 27.0 0.0
1.5 27.0 27.0 27.0 27.0 27.0 27.0 27.0 27.0 27.0 27.0 0.0
1.6 27.0 27.0 27.0 27.0 27.0 27.0 27.0 27.0 27.0 27.0 0.0
1.7 27.0 27.0 27.0 27.0 27.0 27.0 27.0 27.0 27.0 27.0 0.0
1.8 27.0 27.0 27.0 27.0 27.0 27.0 27.0 27.0 27.0 27.0 0.0
1.9 27.0 27.0 27.0 27.0 27.0 27.0 27.0 27.0 27.0 27.0 0.0
2.0 27.0 27.0 27.0 27.0 27.0 27.0 27.0 27.0 27.0 27.0 0.0
2.1 27.0 27.0 27.0 27.0 27.0 27.0 27.0 27.0 27.0 27.0 0.0
2.2 26.953331439209723 26.953331439209723 26.953331439209723 26.953331439209723 26.953331439209723 26.953331439209723 26.953331439209723 26.953331439209723 26.953331439209723 26.953331439209723 0.0
2.3 26.906662878419446 26.906662878419446 26.906662878419446 26.906662878419446 26.906662878419446 26.906662878419446 26.906662878419446 26.906662878419446 26.906662878419446 26.906662878419446 0.0
2.4 26.85999431762917 26.85999431762917 26.85999431762917 26.85999431762917 26.85999431762917 26.85999431762917 26.85999431762917 26.85999431762917 26.85999431762917 26.85999431762917 0.0
2.5 26.813325756838893 26.813325756838893 26.813325756838893 26.813325756838893 26.813325756838893 26.813325756838893 26.813325756838893 26.813325756838893 26.813325756838893 26.813325756838893 0.0
2.6 26.766657196048616 26.766657196048616 26.766657196048616 26.766657196048616 26.766657196048616 26.766657196048616 26.766657196048616 26.766657196048616 26.766657196048616 26.766657196048616 0.0
2.7 26.71998863525834 26.71998863525834 26.71998863525834 26.71998863525834 26.71998863525834 26.71998863525834 26.71998863525834 26.71998863525834 26.71998863525834 26.71998863525834 0.0
2.8 26.673320074468062 26.673320074468062 26.673320074468062 26.673320074468062 26.673320074468062 26.673320074468062 26.673320074468062 26.673320074468062 26.673320074468062 26.673320074468062 0.0
2.9 26.626651513677785 26.626651513677785 26.626651513677785 26.626651513677785 26.626651513677785 26.626651513677785 26.626651513677785 26.626651513677785 26.626651513677785 26.626651513677785 0.0
3.0 26.57998295288751 26.57998295288751 26.57998295288751 26.57998295288751 26.57998295288751 26.57998295288751 26.57998295288751 26.57998295288751 26.57998295288751 26.57998295288751 0.0
3.1 26.533314392097232 26.533314392097232 26.533314392097232 26.533314392097232 26.533314392097232 26.533314392097232 26.533314392097232 26.533314392097232 26.533314392097232 26.533314392097232 0.0
3.2 26.486645831306955 26.486645831306955 26.486645831306955 26.486645831306955 26.486645831306955 26.486645831306955 26.486645831306955 26.486645831306955 26.486645831306955 26.486645831306955 0.0
3.3 26.43997727051668 26.43997727051668 26.43997727051668 26.43997727051668 26.43997727051668 26.43997727051668 26.43997727051668 26.43997727051668 26.43997727051668 26.43997727051668 0.0
3.4 26.3933087097264 26.3933087097264 26.3933087097264 26.3933087097264 26.3933087097264 26.3933087097264 26.3933087097264 26.3933087097264 26.3933087097264 26.3933087097264 0.0
3.5 26.346640148936125 26.346640148936125 26.346640148936125 26.346640148936125 26.346640148936125 26.346640148936125 26.346640148936125 26.346640148936125 26.346640148936125 26.346640148936125 0.0
3.6 26.299971588145848 26.299971588145848 26.299971588145848 26.299971588145848 26.299971588145848 26.299971588145848 26.299971588145848 26.299971588145848 26.299971588145848 26.299971588145848 0.0
3.7 26.25330302735557 26.25330302735557 26.25330302735557 26.25330302735557 26.25330302735557 26.25330302735557 26.25330302735557 26.25330302735557 26.25330302735557 26.25330302735557 0.0
3.8 26.206634466565294 26.206634466565294 26.206634466565294 26.206634466565294 26.206634466565294 26.206634466565294 26.206634466565294 26.206634466565294 26.206634466565294 26.206634466565294 0.0
3.9 26.159965905775017 26.159965905775017 26.159965905775017 26.159965905775017 26.159965905775017 26.159965905775017 26.159965905775017 26.159965905775017 26.159965905775017 26.159965905775017 0.0
4.0 26.11329734498474 26.11329734498474 26.11329734498474 26.11329734498474 26.11329734498474 26.11329734498474 26.11329734498474 26.11329734498474 26.11329734498474 26.11329734498474 0.0
4.1 26.066628784194464 26.066628784194464 26.066628784194464 26.066628784194464 26.066628784194464 26.066628784194464 26.066628784194464 26.066628784194464 26.066628784194464 26.066628784194464 0.0
4.2 26.019960223404187 26.019960223404187 26.019960223404187 26.019960223404187 26.019960223404187 26.019960223404187 26.019960223404187 26.019960223404187 26.019960223404187 26.019960223404187 0.0
4.3 25.97329166261391 25.97329166261391 25.97329166261391 25.97329166261391 25.97329166261391 25.97329166261391 25.97329166261391 25.97329166261391 25.97329166261391 25.97329166261391 0.0
4.4 25.926623101823633 25.926623101823633 25.926623101823633 25.926623101823633 25.926623101823633 25.926623101823633 25.926623101823633 25.926623101823633 25.926623101823633 25.926623101823633 0.0
4.5 25.879954541033356 25.879954541033356 25.879954541033356 25.879954541033356 25.879954541033356 25.879954541033356 25.879954541033356 25.879954541033356 25.879954541033356 25.879954541033356 0.0
4.6 25.83328598024308 25.83328598024308 25.83328598024308 25.83328598024308 25.83328598024308 25.83328598024308 25.83328598024308 25.83328598024308 25.83328598024308 25.83328598024308 0.0
4.7 25.786617419452803 25.786617419452803 25.786617419452803 25.786617419452803 25.786617419452803 25.786617419452803 25.786617419452803 25.786617419452803 25.786617419452803 25.786617419452803 0.0
4.8 25.739948858662526 25.739948858662526 25.739948858662526 25.739948858662526 25.739948858662526 25.739948858662526 25.739948858662526 25.739948858662526 25.739948858662526 25.739948858662526 0.0
4.9 25.69328029787225 25.69328029787225 25.69328029787225 25.69328029787225 25.69328029787225 25.69328029787225 25.69328029787225 25.69328029787225 25.69328029787225 25.69328029787225 0.0
5.0 25.646611737081972 25.646611737081972 25.646611737081972 25.646611737081972 25.646611737081972 25.646611737081972 25.646611737081972 25.646611737081972 25.646611737081972 25.646611737081972 0.0
5.1 25.599943176291696 25.599943176291696 25.599943176291696 25.599943176291696 25.599943176291696 25.599943176291696 25.599943176291696 25.599943176291696 25.599943176291696 25.599943176291696 0.0
5.2 25.55327461550142 25.55327461550142 25.55327461550142 25.55327461550142 25.55327461550142 25.55327461550142 25.55327461550142 25.55327461550142 25.55327461550142 25.55327461550142 0.0
5.3 25.506606054711142 25.506606054711142 25.506606054711142 25.506606054711142 25.506606054711142 25.506606054711142 25.506606054711142 25.506606054711142 25.506606054711142 25.506606054711142 0.0
5.4 25.459937493920865 25.459937493920865 25.459937493920865 25.459937493920865 25.459937493920865 25.459937493920865 25.459937493920865 25.459937493920865 25.459937493920865 25.459937493920865 0.0
5.5 25.41326893313059 25.41326893313059 25.41326893313059 25.41326893313059 25.41326893313059 25.41326893313059 25.41326893313059 25.41326893313059 25.41326893313059 25.41326893313059 0.0
5.6 25.36660037234031 25.36660037234031 25.36660037234031 25.36660037234031 25.36660037234031 25.36660037234031 25.36660037234031 25.36660037234031 25.36660037234031 25.36660037234031 0.0
5.7 25.319931811550035 25.319931811550035 25.319931811550035 25.319931811550035 25.319931811550035 25.319931811550035 25.319931811550035 25.319931811550035 25.319931811550035 25.319931811550035 0.0
5.8 25.273263250759758 25.273263250759758 25.273263250759758 25.273263250759758 25.273263250759758 25.273263250759758 25.273263250759758 25.273263250759758 25.273263250759758 25.273263250759758 0.0
5.9 25.22659468996948 25.22659468996948 25.22659468996948 25.22659468996948 25.22659468996948 25.22659468996948 25.22659468996948 25.22659468996948 25.22659468996948 25.22659468996948 0.0
6.0 25.179926129179204 25.179926129179204 25.179926129179204 25.179926129179204 25.179926129179204 25.179926129179204 25.179926129179204 25.179926129179204 25.179926129179204 25.179926129179204 0.0
6.1 25.133257568388927 25.133257568388927 25.133257568388927 25.133257568388927 25.133257568388927 25.133257568388927 25.133257568388927 25.133257568388927 25.133257568388927 25.133257568388927 0.0
6.2 25.08658900759865 25.08658900759865 25.08658900759865 25.08658900759865 25.08658900759865 25.08658900759865 25.08658900759865 25.08658900759865 25.08658900759865 25.08658900759865 0.0
6.3 25.039920446808374 25.039920446808374 25.039920446808374 25.039920446808374 25.039920446808374 25.039920446808374 25.039920446808374 25.039920446808374 25.039920446808374 25.039920446808374 0.0
6.4 24.993251886018097 24.993251886018097 24.993251886018097 24.993251886018097 24.993251886018097 24.993251886018097 24.993251886018097 24.993251886018097 24.993251886018097 24.993251886018097 0.0
6.5 24.94658332522782 24.94658332522782 24.94658332522782 24.94658332522782 24.94658332522782 24.94658332522782 24.94658332522782 24.94658332522782 24.94658332522782 24.94658332522782 0.0
6.6 24.899914764437543 24.899914764437543 24.899914764437543 24.899914764437543 24.899914764437543 24.899914764437543 24.899914764437543 24.899914764437543 24.899914764437543 24.899914764437543 0.0
6.7 24.853246203647267 24.853246203647267 24.853246203647267 24.853246203647267 24.853246203647267 24.853246203647267 24.853246203647267 24.853246203647267 24.853246203647267 24.853246203647267 0.0
6.8 24.80657764285699 24.80657764285699 24.80657764285699 24.80657764285699 24.80657764285699 24.80657764285699 24.80657764285699 24.80657764285699 24.80657764285699 24.80657764285699 0.0
6.9 24.759909082066713 24.759909082066713 24.759909082066713 24.759909082066713 24.759909082066713 24.759909082066713 24.759909082066713 24.759909082066713 24.759909082066713 24.759909082066713 0.0
7.0 24.713240521276436 24.713240521276436 24.713240521276436 24.713240521276436 24.713240521276436 24.713240521276436 24.713240521276436 24.713240521276436 24.713240521276436 24.713240521276436 0.0
7.1 24.66657196048616 24.66657196048616 24.66657196048616 24.66657196048616 24.66657196048616 24.66657196048616 24.66657196048616 24.66657196048616 24.66657196048616 24.66657196048616 0.0
7.2 24.619903399695882 24.619903399695882 24.619903399695882 24.619903399695882 24.619903399695882 24.619903399695882 24.619903399695882 24.619903399695882 24.619903399695882 24.619903399695882 0.0
7.3 24.573234838905606 24.573234838905606 24.573234838905606 24.573234838905606 24.573234838905606 24.573234838905606 24.573234838905606 24.573234838905606 24.573234838905606 24.573234838905606 0.0
7.4 24.52656627811533 24.52656627811533 24.52656627811533 24.52656627811533 24.52656627811533 24.52656627811533 24.52656627811533 24.52656627811533 24.52656627811533 24.52656627811533 0.0
7.5 24.479897717325052 24.479897717325052 24.479897717325052 24.479897717325052 24.479897717325052 24.479897717325052 24.479897717325052 24.479897717325052 24.479897717325052 24.479897717325052 0.0
7.6 24.433229156534775 24.433229156534775 24.433229156534775 24.433229156534775 24.433229156534775 24.433229156534775 24.433229156534775 24.433229156534775 24.433229156534775 24.433229156534775 0.0
7.7 24.3865605957445 24.3865605957445 24.3865605957445 24.3865605957445 24.3865605957445 24.3865605957445 24.3865605957445 24.3865605957445 24.3865605957445 24.3865605957445 0.0
7.8 24.33989203495422 24.33989203495422 24.33989203495422 24.33989203495422 24.33989203495422 24.33989203495422 24.33989203495422 24.33989203495422 24.33989203495422 24.33989203495422 0.0
7.9 24.293223474163945 24.293223474163945 24.293223474163945 24.293223474163945 24.293223474163945 24.293223474163945 24.293223474163945 24.293223474163945 24.293223474163945 24.293223474163945 0.0
8.0 24.246554913373668 24.246554913373668 24.246554913373668 24.246554913373668 24.246554913373668 24.246554913373668 24.246554913373668 24.246554913373668 24.246554913373668 24.246554913373668 0.0
8.1 24.19988635258339 24.19988635258339 24.19988635258339 24.19988635258339 24.19988635258339 24.19988635258339 24.19988635258339 24.19988635258339 24.19988635258339 24.19988635258339 0.0
8.2 24.153217791793114 24.153217791793114 24.153217791793114 24.153217791793114 24.153217791793114 24.153217791793114 24.153217791793114 24.153217791793114 24.153217791793114 24.153217791793114 0.0
8.3 24.106549231002838 24.106549231002838 24.106549231002838 24.106549231002838 24.106549231002838 24.106549231002838 24.106549231002838 24.106549231002838 24.106549231002838 24.106549231002838 0.0
8.4 24.05988067021256 24.05988067021256 24.05988067021256 24.05988067021256 24.05988067021256 24.05988067021256 24.05988067021256 24.05988067021256 24.05988067021256 24.05988067021256 0.0
8.5 24.013212109422284 24.013212109422284 24.013212109422284 24.013212109422284 24.013212109422284 24.013212109422284 24.013212109422284 24.013212109422284 24.013212109422284 24.013212109422284 0.0
8.6 23.966543548632007 23.966543548632007 23.966543548632007 23.966543548632007 23.966543548632007 23.966543548632007 23.966543548632007 23.966543548632007 23.966543548632007 23.966543548632007 0.0
8.7 23.91987498784173 23.91987498784173 23.91987498784173 23.91987498784173 23.91987498784173 23.91987498784173 23.91987498784173 23.91987498784173 23.91987498784173 23.91987498784173 0.0
8.8 23.873206427051453 23.873206427051453 23.873206427051453 23.873206427051453 23.873206427051453 23.873206427051453 23.873206427051453 23.873206427051453 23.873206427051453 23.873206427051453 0.0
8.9 23.826537866261177 23.826537866261177 23.826537866261177 23.826537866261177 23.826537866261177 23.826537866261177 23.826537866261177 23.826537866261177 23.826537866261177 23.826537866261177 0.0
9.0 23.7798693054709 23.7798693054709 23.7798693054709 23.7798693054709 23.7798693054709 23.7798693054709 23.7798693054709 23.7798693054709 23.7798693054709 23.7798693054709 0.0
9.1 23.733200744680623 23.733200744680623 23.733200744680623 23.733200744680623 23.733200744680623 23.733200744680623 23.733200744680623 23.733200744680623 23.733200744680623 23.733200744680623 0.0
9.2 23.686532183890346 23.686532183890346 23.686532183890346 23.686532183890346 23.686532183890346 23.686532183890346 23.686532183890346 23.686532183890346 23.686532183890346 23.686532183890346 0.0
9.3 23.63986362310007 23.63986362310007 23.63986362310007 23.63986362310007 23.63986362310007 23.63986362310007 23.63986362310007 23.63986362310007 23.63986362310007 23.63986362310007 0.0
9.4 23.593195062309793 23.593195062309793 23.593195062309793 23.593195062309793 23.593195062309793 23.593195062309793 23.593195062309793 23.593195062309793 23.593195062309793 23.593195062309793 0.0
9.5 23.546526501519516 23.546526501519516 23.546526501519516 23.546526501519516 23.546526501519516 23.546526501519516 23.546526501519516 23.546526501519516 23.546526501519516 23.546526501519516 0.0
9.6 23.49985794072924 23.49985794072924 23.49985794072924 23.49985794072924 23.49985794072924 23.49985794072924 23.49985794072924 23.49985794072924 23.49985794072924 23.49985794072924 0.0
9.7 23.453189379938962 23.453189379938962 23.453189379938962 23.453189379938962 23.453189379938962 23.453189379938962 23.453189379938962 23.453189379938962 23.453189379938962 23.453189379938962 0.0
9.8 23.406520819148685 23.406520819148685 23.406520819148685 23.406520819148685 23.406520819148685 23.406520819148685 23.406520819148685 23.406520819148685 23.406520819148685 23.406520819148685 0.0
9.9 23.35985225835841 23.35985225835841 23.35985225835841 23.35985225835841 23.35985225835841 23.35985225835841 23.35985225835841 23.35985225835841 23.35985225835841 23.35985225835841 0.0
10.0 23.31318369756813 23.31318369756813 23.31318369756813 23.31318369756813 23.31318369756813 23.31318369756813 23.31318369756813 23.31318369756813 23.31318369756813 23.31318369756813 0.0
10.1 23.266515136777855 23.266515136777855 23.266515136777855 23.266515136777855 23.266515136777855 23.266515136777855 23.266515136777855 23.266515136777855 23.266515136777855 23.266515136777855 0.0
10.2 23.219846575987578 23.219846575987578 23.219846575987578 23.219846575987578 23.219846575987578 23.219846575987578 23.219846575987578 23.219846575987578 23.219846575987578 23.219846575987578 0.0
10.3 23.1731780151973 23.1731780151973 23.1731780151973 23.1731780151973 23.1731780151973 23.1731780151973 23.1731780151973 23.1731780151973 23.1731780151973 23.1731780151973 0.0
10.4 23.1731780151973 23.126509454407024 23.126509454407024 23.126509454407024 23.126509454407024 23.126509454407024 23.126509454407024 23.126509454407024 23.126509454407024 23.126509454407024 0.0
10.5 23.1731780151973 23.079840893616748 23.079840893616748 23.079840893616748 23.079840893616748 23.079840893616748 23.079840893616748 23.079840893616748 23.079840893616748 23.079840893616748 0.0
10.6 23.1731780151973 23.03317233282647 23.03317233282647 23.03317233282647 23.03317233282647 23.03317233282647 23.03317233282647 23.03317233282647 23.03317233282647 23.03317233282647 0.0
10.7 23.1731780151973 22.986503772036194 22.986503772036194 22.986503772036194 22.986503772036194 22.986503772036194 22.986503772036194 22.986503772036194 22.986503772036194 22.986503772036194 0.0
10.8 23.1731780151973 22.939835211245917 22.939835211245917 22.939835211245917 22.939835211245917 22.939835211245917 22.939835211245917 22.939835211245917 22.939835211245917 22.939835211245917 0.0
10.9 23.1731780151973 22.89316665045564 22.89316665045564 22.89316665045564 22.89316665045564 22.89316665045564 22.89316665045564 22.89316665045564 22.89316665045564 22.89316665045564 0.0
11.0 23.1731780151973 22.846498089665364 22.846498089665364 22.846498089665364 22.846498089665364 22.846498089665364 22.846498089665364 22.846498089665364 22.846498089665364 22.846498089665364 0.0
11.1 23.1731780151973 22.799829528875087 22.799829528875087 22.799829528875087 22.799829528875087 22.799829528875087 22.799829528875087 22.799829528875087 22.799829528875087 22.799829528875087 0.0
11.2 23.1731780151973 22.75316096808481 22.75316096808481 22.75316096808481 22.75316096808481 22.75316096808481 22.75316096808481 22.75316096808481 22.75316096808481 22.75316096808481 0.0
11.3 23.1731780151973 22.706492407294533 22.706492407294533 22.706492407294533 22.706492407294533 22.706492407294533 22.706492407294533 22.706492407294533 22.706492407294533 22.706492407294533 0.0
11.4 23.1731780151973 22.659823846504256 22.659823846504256 22.659823846504256 22.659823846504256 22.659823846504256 22.659823846504256 22.659823846504256 22.659823846504256 22.659823846504256 0.0
11.5 23.1731780151973 22.61315528571398 22.61315528571398 22.61315528571398 22.61315528571398 22.61315528571398 22.61315528571398 22.61315528571398 22.61315528571398 22.61315528571398 0.0
11.6 23.1731780151973 22.566486724923703 22.566486724923703 22.566486724923703 22.566486724923703 22.566486724923703 22.566486724923703 22.566486724923703 22.566486724923703 22.566486724923703 0.0
11.7 23.1731780151973 22.519818164133426 22.519818164133426 22.519818164133426 22.519818164133426 22.519818164133426 22.519818164133426 22.519818164133426 22.519818164133426 22.519818164133426 0.0
11.8 23.773178015197303 22.47314960334315 22.47314960334315 22.47314960334315 22.47314960334315 22.47314960334315 22.47314960334315 22.47314960334315 22.47314960334315 22.47314960334315 0.0
11.9 24.373178015197304 22.426481042552872 22.426481042552872 22.426481042552872 22.426481042552872 22.426481042552872 22.426481042552872 22.426481042552872 22.426481042552872 22.426481042552872 0.0
12.0 24.973178015197306 22.379812481762595 22.379812481762595 22.379812481762595 22.379812481762595 22.379812481762595 22.379812481762595 22.379812481762595 22.379812481762595 22.379812481762595 0.0
12.1 25.573178015197307 22.33314392097232 22.33314392097232 22.33314392097232 22.33314392097232 22.33314392097232 22.33314392097232 22.33314392097232 22.33314392097232 22.33314392097232 0.0
12.2 26.17317801519731 22.33314392097232 22.286475360182042 22.286475360182042 22.286475360182042 22.286475360182042 22.286475360182042 22.286475360182042 22.286475360182042 22.286475360182042 0.0
12.3 26.77317801519731 22.33314392097232 22.239806799391765 22.239806799391765 22.239806799391765 22.239806799391765 22.239806799391765 22.239806799391765 22.239806799391765 22.239806799391765 0.0
12.4 27.37317801519731 22.33314392097232 22.193138238601488 22.193138238601488 22.193138238601488 22.193138238601488 22.193138238601488 22.193138238601488 22.193138238601488 22.193138238601488 0.0
12.5 27.973178015197313 22.33314392097232 22.14646967781121 22.14646967781121 22.14646967781121 22.14646967781121 22.14646967781121 22.14646967781121 22.14646967781121 22.14646967781121 0.0
12.6 28.573178015197314 22.33314392097232 22.099801117020935 22.099801117020935 22.099801117020935 22.099801117020935 22.099801117020935 22.099801117020935 22.099801117020935 22.099801117020935 0.0
12.7 29.173178015197315 22.33314392097232 22.053132556230658 22.053132556230658 22.053132556230658 22.053132556230658 22.053132556230658 22.053132556230658 22.053132556230658 22.053132556230658 0.0
12.8 29.773178015197317 22.33314392097232 22.00646399544038 22.00646399544038 22.00646399544038 22.00646399544038 22.00646399544038 22.00646399544038 22.00646399544038 22.00646399544038 0.0
12.9 30.0 22.33314392097232 21.959795434650104 21.959795434650104 21.959795434650104 21.959795434650104 21.959795434650104 21.959795434650104 21.959795434650104 21.959795434650104 0.0
13.0 30.0 22.33314392097232 21.913126873859827 21.913126873859827 21.913126873859827 21.913126873859827 21.913126873859827 21.913126873859827 21.913126873859827 21.913126873859827 0.0
13.1 30.0 22.33314392097232 21.86645831306955 21.86645831306955 21.86645831306955 21.86645831306955 21.86645831306955 21.86645831306955 21.86645831306955 21.86645831306955 0.0
13.2 30.0 22.33314392097232 21.819789752279274 21.819789752279274 21.819789752279274 21.819789752279274 21.819789752279274 21.819789752279274 21.819789752279274 21.819789752279274 0.0
13.3 30.0 22.33314392097232 21.773121191488997 21.773121191488997 21.773121191488997 21.773121191488997 21.773121191488997 21.773121191488997 21.773121191488997 21.773121191488997 0.0
13.4 30.0 22.33314392097232 21.72645263069872 21.72645263069872 21.72645263069872 21.72645263069872 21.72645263069872 21.72645263069872 21.72645263069872 21.72645263069872 0.0
13.5 30.0 22.33314392097232 21.679784069908443 21.679784069908443 21.679784069908443 21.679784069908443 21.679784069908443 21.679784069908443 21.679784069908443 21.679784069908443 0.0
13.6 30.0 22.93314392097232 21.633115509118166 21.633115509118166 21.633115509118166 21.633115509118166 21.633115509118166 21.633115509118166 21.633115509118166 21.633115509118166 0.0
13.7 30.0 23.53314392097232 21.58644694832789 21.58644694832789 21.58644694832789 21.58644694832789 21.58644694832789 21.58644694832789 21.58644694832789 21.58644694832789 0.0
13.8 30.0 24.133143920972323 21.539778387537613 21.539778387537613 21.539778387537613 21.539778387537613 21.539778387537613 21.539778387537613 21.539778387537613 21.539778387537613 0.0
13.9 30.0 24.733143920972324 21.493109826747336 21.493109826747336 21.493109826747336 21.493109826747336 21.493109826747336 21.493109826747336 21.493109826747336 21.493109826747336 0.0
14.0 30.0 25.333143920972326 21.493109826747336 21.44644126595706 21.44644126595706 21.44644126595706 21.44644126595706 21.44644126595706 21.44644126595706 21.44644126595706 0.0
14.1 30.0 25.933143920972327 21.493109826747336 21.399772705166782 21.399772705166782 21.399772705166782 21.399772705166782 21.399772705166782 21.399772705166782 21.399772705166782 0.0
14.2 30.0 26.53314392097233 21.493109826747336 21.353104144376506 21.353104144376506 21.353104144376506 21.353104144376506 21.353104144376506 21.353104144376506 21.353104144376506 0.0
14.3 30.0 27.13314392097233 21.493109826747336 21.30643558358623 21.30643558358623 21.30643558358623 21.30643558358623 21.30643558358623 21.30643558358623 21.30643558358623 0.0
14.4 30.0 27.73314392097233 21.493109826747336 21.259767022795952 21.259767022795952 21.259767022795952 21.259767022795952 21.259767022795952 21.259767022795952 21.259767022795952 0.0
14.5 30.0 28.333143920972333 21.493109826747336 21.213098462005675 21.213098462005675 21.213098462005675 21.213098462005675 21.213098462005675 21.213098462005675 21.213098462005675 0.0
14.6 30.0 28.933143920972334 21.493109826747336 21.1664299012154 21.1664299012154 21.1664299012154 21.1664299012154 21.1664299012154 21.1664299012154 21.1664299012154 0.0
14.7 30.0 29.533143920972336 21.493109826747336 21.11976134042512 21.11976134042512 21.11976134042512 21.11976134042512 21.11976134042512 21.11976134042512 21.11976134042512 0.0
14.8 30.0 30.0 21.493109826747336 21.073092779634845 21.073092779634845 21.073092779634845 21.073092779634845 21.073092779634845 21.073092779634845 21.073092779634845 0.0
14.9 30.0 30.0 21.493109826747336 21.026424218844568 21.026424218844568 21.026424218844568 21.026424218844568 21.026424218844568 21.026424218844568 21.026424218844568 0.0
15.0 30.0 30.0 21.493109826747336 20.97975565805429 20.97975565805429 20.97975565805429 20.97975565805429 20.97975565805429 20.97975565805429 20.97975565805429 0.0
15.1 30.0 30.0 21.493109826747336 20.933087097264014 20.933087097264014 20.933087097264014 20.933087097264014 20.933087097264014 20.933087097264014 20.933087097264014 0.0
15.2 30.0 30.0 21.493109826747336 20.886418536473737 20.886418536473737 20.886418536473737 20.886418536473737 20.886418536473737 20.886418536473737 20.886418536473737 0.0
15.3 30.0 30.0 21.493109826747336 20.83974997568346 20.83974997568346 20.83974997568346 20.83974997568346 20.83974997568346 20.83974997568346 20.83974997568346 0.0
15.4 30.0 30.0 22.093109826747337 20.793081414893184 20.793081414893184 20.793081414893184 20.793081414893184 20.793081414893184 20.793081414893184 20.793081414893184 0.0
15.5 30.0 30.0 22.69310982674734 20.746412854102907 20.746412854102907 20.746412854102907 20.746412854102907 20.746412854102907 20.746412854102907 20.746412854102907 0.0
15.6 30.0 30.0 23.29310982674734 20.69974429331263 20.69974429331263 20.69974429331263 20.69974429331263 20.69974429331263 20.69974429331263 20.69974429331263 0.0
15.7 30.0 30.0 23.89310982674734 20.653075732522353 20.653075732522353 20.653075732522353 20.653075732522353 20.653075732522353 20.653075732522353 20.653075732522353 0.0
15.8 30.0 30.0 24.493109826747343 20.653075732522353 20.606407171732076 20.606407171732076 20.606407171732076 20.606407171732076 20.606407171732076 20.606407171732076 0.0
15.9 30.0 30.0 25.093109826747344 20.653075732522353 20.5597386109418 20.5597386109418 20.5597386109418 20.5597386109418 20.5597386109418 20.5597386109418 0.0
16.0 30.0 30.0 25.693109826747346 20.653075732522353 20.513070050151523 20.513070050151523 20.513070050151523 20.513070050151523 20.513070050151523 20.513070050151523 0.0
16.1 30.0 30.0 26.293109826747347 20.653075732522353 20.466401489361246 20.466401489361246 20.466401489361246 20.466401489361246 20.466401489361246 20.466401489361246 0.0
16.2 30.0 30.0 26.89310982674735 20.653075732522353 20.41973292857097 20.41973292857097 20.41973292857097 20.41973292857097 20.41973292857097 20.41973292857097 0.0
16.3 30.0 30.0 27.49310982674735 20.653075732522353 20.373064367780692 20.373064367780692 20.373064367780692 20.373064367780692 20.373064367780692 20.373064367780692 0.0
16.4 30.0 30.0 28.09310982674735 20.653075732522353 20.326395806990416 20.326395806990416 20.326395806990416 20.326395806990416 20.326395806990416 20.326395806990416 0.0
16.5 30.0 30.0 28.693109826747353 20.653075732522353 20.27972724620014 20.27972724620014 20.27972724620014 20.27972724620014 20.27972724620014 20.27972724620014 0.0
16.6 30.0 30.0 29.293109826747354 20.653075732522353 20.233058685409862 20.233058685409862 20.233058685409862 20.233058685409862 20.233058685409862 20.233058685409862 0.0
16.7 30.0 30.0 29.893109826747356 20.653075732522353 20.186390124619585 20.186390124619585 20.186390124619585 20.186390124619585 20.186390124619585 20.186390124619585 0.0
16.8 30.0 30.0 30.0 20.653075732522353 20.13972156382931 20.13972156382931 20.13972156382931 20.13972156382931 20.13972156382931 20.13972156382931 0.0
16.9 30.0 30.0 30.0 20.653075732522353 20.09305300303903 20.09305300303903 20.09305300303903 20.09305300303903 20.09305300303903 20.09305300303903 0.0
17.0 30.0 30.0 30.0 20.653075732522353 20.046384442248755 20.046384442248755 20.046384442248755 20.046384442248755 20.046384442248755 20.046384442248755 0.0
17.1 30.0 30.0 30.0 20.653075732522353 19.999715881458478 19.999715881458478 19.999715881458478 19.999715881458478 19.999715881458478 19.999715881458478 0.0
17.2 30.0 30.0 30.0 21.253075732522355 19.9530473206682 19.9530473206682 19.9530473206682 19.9530473206682 19.9530473206682 19.9530473206682 0.0
17.3 30.0 30.0 30.0 21.853075732522356 19.906378759877924 19.906378759877924 19.906378759877924 19.906378759877924 19.906378759877924 19.906378759877924 0.0
17.4 30.0 30.0 30.0 22.453075732522358 19.859710199087647 19.859710199087647 19.859710199087647 19.859710199087647 19.859710199087647 19.859710199087647 0.0
17.5 30.0 30.0 30.0 23.05307573252236 19.81304163829737 19.81304163829737 19.81304163829737 19.81304163829737 19.81304163829737 19.81304163829737 0.0
17.6 30.0 30.0 30.0 23.65307573252236 19.81304163829737 19.766373077507094 19.766373077507094 19.766373077507094 19.766373077507094 19.766373077507094 0.0
17.7 30.0 30.0 30.0 24.253075732522362 19.81304163829737 19.719704516716817 19.719704516716817 19.719704516716817 19.719704516716817 19.719704516716817 0.0
17.8 30.0 30.0 30.0 24.853075732522363 19.81304163829737 19.67303595592654 19.67303595592654 19.67303595592654 19.67303595592654 19.67303595592654 0.0
17.9 30.0 30.0 30.0 25.453075732522365 19.81304163829737 19.626367395136263 19.626367395136263 19.626367395136263 19.626367395136263 19.626367395136263 0.0
18.0 30.0 30.0 30.0 26.053075732522366 19.81304163829737 19.579698834345987 19.579698834345987 19.579698834345987 19.579698834345987 19.579698834345987 0.0
18.1 30.0 30.0 30.0 26.653075732522368 19.81304163829737 19.53303027355571 19.53303027355571 19.53303027355571 19.53303027355571 19.53303027355571 0.0
18.2 30.0 30.0 30.0 27.25307573252237 19.81304163829737 19.486361712765433 19.486361712765433 19.486361712765433 19.486361712765433 19.486361712765433 0.0
18.3 30.0 30.0 30.0 27.85307573252237 19.81304163829737 19.439693151975156 19.439693151975156 19.439693151975156 19.439693151975156 19.439693151975156 0.0
18.4 30.0 30.0 30.0 28.45307573252237 19.81304163829737 19.39302459118488 19.39302459118488 19.39302459118488 19.39302459118488 19.39302459118488 0.0
18.5 30.0 30.0 30.0 29.053075732522373 19.81304163829737 19.346356030394602 19.346356030394602 19.346356030394602 19.346356030394602 19.346356030394602 0.0
18.6 30.0 30.0 30.0 29.653075732522375 19.81304163829737 19.299687469604326 19.299687469604326 19.299687469604326 19.299687469604326 19.299687469604326 0.0
18.7 30.0 30.0 30.0 30.0 19.81304163829737 19.25301890881405 19.25301890881405 19.25301890881405 19.25301890881405 19.25301890881405 0.0
18.8 30.0 30.0 30.0 30.0 19.81304163829737 19.206350348023772 19.206350348023772 19.206350348023772 19.206350348023772 19.206350348023772 0.0
18.9 30.0 30.0 30.0 30.0 19.81304163829737 19.159681787233495 19.159681787233495 19.159681787233495 19.159681787233495 19.159681787233495 0.0
19.0 30.0 30.0 30.0 30.0 20.413041638297372 19.11301322644322 19.11301322644322 19.11301322644322 19.11301322644322 19.11301322644322 0.0
19.1 30.0 30.0 30.0 30.0 21.013041638297373 19.06634466565294 19.06634466565294 19.06634466565294 19.06634466565294 19.06634466565294 0.0
19.2 30.0 30.0 30.0 30.0 21.613041638297375 19.019676104862665 19.019676104862665 19.019676104862665 19.019676104862665 19.019676104862665 0.0
19.3 30.0 30.0 30.0 30.0 22.213041638297376 18.973007544072388 18.973007544072388 18.973007544072388 18.973007544072388 18.973007544072388 0.0
19.4 30.0 30.0 30.0 30.0 22.813041638297378 18.973007544072388 18.92633898328211 18.92633898328211 18.92633898328211 18.92633898328211 0.0
19.5 30.0 30.0 30.0 30.0 23.41304163829738 18.973007544072388 18.879670422491834 18.879670422491834 18.879670422491834 18.879670422491834 0.0
19.6 30.0 30.0 30.0 30.0 24.01304163829738 18.973007544072388 18.833001861701558 18.833001861701558 18.833001861701558 18.833001861701558 0.0
19.7 30.0 30.0 30.0 30.0 24.613041638297382 18.973007544072388 18.78633330091128 18.78633330091128 18.78633330091128 18.78633330091128 0.0
19.8 30.0 30.0 30.0 30.0 25.213041638297383 18.973007544072388 18.739664740121004 18.739664740121004 18.739664740121004 18.739664740121004 0.0
19.9 30.0 30.0 30.0 30.0 25.813041638297385 18.973007544072388 18.692996179330727 18.692996179330727 18.692996179330727 18.692996179330727 0.0
20.0 30.0 30.0 30.0 30.0 26.413041638297386 18.973007544072388 18.64632761854045 18.64632761854045 18.64632761854045 18.64632761854045 0.0
20.1 30.0 30.0 30.0 30.0 27.013041638297388 18.973007544072388 18.599659057750173 18.599659057750173 18.599659057750173 18.599659057750173 0.0
20.2 30.0 30.0 30.0 30.0 27.61304163829739 18.973007544072388 18.552990496959897 18.552990496959897 18.552990496959897 18.552990496959897 0.0
20.3 30.0 30.0 30.0 30.0 28.21304163829739 18.973007544072388 18.50632193616962 18.50632193616962 18.50632193616962 18.50632193616962 0.0
20.4 30.0 30.0 30.0 30.0 28.813041638297392 18.973007544072388 18.459653375379343 18.459653375379343 18.459653375379343 18.459653375379343 0.0
20.5 30.0 30.0 30.0 30.0 29.413041638297393 18.973007544072388 18.412984814589066 18.412984814589066 18.412984814589066 18.412984814589066 0.0
20.6 30.0 30.0 30.0 30.0 30.0 18.973007544072388 18.36631625379879 18.36631625379879 18.36631625379879 18.36631625379879 0.0
20.7 30.0 30.0 30.0 30.0 30.0 18.973007544072388 18.319647693008513 18.319647693008513 18.319647693008513 18.319647693008513 0.0
20.8 30.0 30.0 30.0 30.0 30.0 19.57300754407239 18.272979132218236 18.272979132218236 18.272979132218236 18.272979132218236 0.0
20.9 30.0 30.0 30.0 30.0 30.0 20.17300754407239 18.22631057142796 18.22631057142796 18.22631057142796 18.22631057142796 0.0
21.0 30.0 30.0 30.0 30.0 30.0 20.773007544072392 18.179642010637682 18.179642010637682 18.179642010637682 18.179642010637682 0.0
21.1 30.0 30.0 30.0 30.0 30.0 21.373007544072394 18.132973449847405 18.132973449847405 18.132973449847405 18.132973449847405 0.0
21.2 30.0 30.0 30.0 30.0 30.0 21.973007544072395 18.132973449847405 18.08630488905713 18.08630488905713 18.08630488905713 0.0
21.3 30.0 30.0 30.0 30.0 30.0 22.573007544072397 18.132973449847405 18.03963632826685 18.03963632826685 18.03963632826685 0.0
21.4 30.0 30.0 30.0 30.0 30.0 23.173007544072398 18.132973449847405 17.992967767476575 17.992967767476575 17.992967767476575 0.0
21.5 30.0 30.0 30.0 30.0 30.0 23.7730075440724 18.132973449847405 17.946299206686298 17.946299206686298 17.946299206686298 0.0
21.6 30.0 30.0 30.0 30.0 30.0 24.3730075440724 18.132973449847405 17.89963064589602 17.89963064589602 17.89963064589602 0.0
21.7 30.0 30.0 30.0 30.0 30.0 24.973007544072402 18.132973449847405 17.852962085105744 17.852962085105744 17.852962085105744 0.0
21.8 30.0 30.0 30.0 30.0 30.0 25.573007544072404 18.132973449847405 17.806293524315468 17.806293524315468 17.806293524315468 0.0
21.9 30.0 30.0 30.0 30.0 30.0 26.173007544072405 18.132973449847405 17.75962496352519 17.75962496352519 17.75962496352519 0.0
22.0 30.0 30.0 30.0 30.0 30.0 26.773007544072406 18.132973449847405 17.712956402734914 17.712956402734914 17.712956402734914 0.0
22.1 30.0 30.0 30.0 30.0 30.0 27.373007544072408 18.132973449847405 17.666287841944637 17.666287841944637 17.666287841944637 0.0
22.2 30.0 30.0 30.0 30.0 30.0 27.97300754407241 18.132973449847405 17.61961928115436 17.61961928115436 17.61961928115436 0.0
22.3 30.0 30.0 30.0 30.0 30.0 28.57300754407241 18.132973449847405 17.572950720364084 17.572950720364084 17.572950720364084 0.0
22.4 30.0 30.0 30.0 30.0 30.0 29.173007544072412 18.132973449847405 17.526282159573807 17.526282159573807 17.526282159573807 0.0
22.5 30.0 30.0 30.0 30.0 30.0 29.773007544072414 18.132973449847405 17.47961359878353 17.47961359878353 17.47961359878353 0.0
22.6 30.0 30.0 30.0 30.0 30.0 30.0 18.732973449847407 17.432945037993253 17.432945037993253 17.432945037993253 0.0
22.7 30.0 30.0 30.0 30.0 30.0 30.0 19.332973449847408 17.386276477202976 17.386276477202976 17.386276477202976 0.0
22.8 30.0 30.0 30.0 30.0 30.0 30.0 19.93297344984741 17.3396079164127 17.3396079164127 17.3396079164127 0.0
22.9 30.0 30.0 30.0 30.0 30.0 30.0 20.53297344984741 17.292939355622423 17.292939355622423 17.292939355622423 0.0
23.0 30.0 30.0 30.0 30.0 30.0 30.0 21.132973449847412 17.292939355622423 17.246270794832146 17.246270794832146 0.0
23.1 30.0 30.0 30.0 30.0 30.0 30.0 21.732973449847414 17.292939355622423 17.19960223404187 17.19960223404187 0.0
23.2 30.0 30.0 30.0 30.0 30.0 30.0 22.332973449847415 17.292939355622423 17.152933673251592 17.152933673251592 0.0
23.3 30.0 30.0 30.0 30.0 30.0 30.0 22.932973449847417 17.292939355622423 17.106265112461315 17.106265112461315 0.0
23.4 30.0 30.0 30.0 30.0 30.0 30.0 23.532973449847418 17.292939355622423 17.05959655167104 17.05959655167104 0.0
23.5 30.0 30.0 30.0 30.0 30.0 30.0 24.13297344984742 17.292939355622423 17.012927990880762 17.012927990880762 0.0
23.6 30.0 30.0 30.0 30.0 30.0 30.0 24.73297344984742 17.292939355622423 16.966259430090485 16.966259430090485 0.0
23.7 30.0 30.0 30.0 30.0 30.0 30.0 25.332973449847422 17.292939355622423 16.919590869300208 16.919590869300208 0.0
23.8 30.0 30.0 30.0 30.0 30.0 30.0 25.932973449847424 17.292939355622423 16.87292230850993 16.87292230850993 0.0
23.9 30.0 30.0 30.0 30.0 30.0 30.0 26.532973449847425 17.292939355622423 16.826253747719655 16.826253747719655 0.0
24.0 30.0 30.0 30.0 30.0 30.0 30.0 27.132973449847427 17.292939355622423 16.779585186929378 16.779585186929378 0.0
24.1 30.0 30.0 30.0 30.0 30.0 30.0 27.732973449847428 17.292939355622423 16.7329166261391 16.7329166261391 0.0
24.2 30.0 30.0 30.0 30.0 30.0 30.0 28.33297344984743 17.292939355622423 16.686248065348824 16.686248065348824 0.0
24.3 30.0 30.0 30.0 30.0 30.0 30.0 28.93297344984743 17.292939355622423 16.639579504558547 16.639579504558547 0.0
24.4 30.0 30.0 30.0 30.0 30.0 30.0 29.532973449847432 17.892939355622424 16.59291094376827 16.59291094376827 0.0
24.5 30.0 30.0 30.0 30.0 30.0 30.0 30.0 18.492939355622426 16.546242382977994 16.546242382977994 0.0
24.6 30.0 30.0 30.0 30.0 30.0 30.0 30.0 19.092939355622427 16.499573822187717 16.499573822187717 0.0
24.7 30.0 30.0 30.0 30.0 30.0 30.0 30.0 19.69293935562243 16.45290526139744 16.45290526139744 0.0
24.8 30.0 30.0 30.0 30.0 30.0 30.0 30.0 20.29293935562243 16.45290526139744 16.406236700607163 0.0
24.9 30.0 30.0 30.0 30.0 30.0 30.0 30.0 20.89293935562243 16.45290526139744 16.359568139816886 0.0
25.0 30.0 30.0 30.0 30.0 30.0 30.0 30.0 21.492939355622433 16.45290526139744 16.31289957902661 0.0
25.1 30.0 30.0 30.0 30.0 30.0 30.0 30.0 22.092939355622434 16.45290526139744 16.266231018236333 0.0
25.2 30.0 30.0 30.0 30.0 30.0 30.0 30.0 22.692939355622435 16.45290526139744 16.219562457446056 0.0
25.3 30.0 30.0 30.0 30.0 30.0 30.0 30.0 23.292939355622437 16.45290526139744 16.17289389665578 0.0
25.4 30.0 30.0 30.0 30.0 30.0 30.0 30.0 23.89293935562244 16.45290526139744 16.126225335865502 0.0
25.5 30.0 30.0 30.0 30.0 30.0 30.0 30.0 24.49293935562244 16.45290526139744 16.079556775075226 0.0
25.6 30.0 30.0 30.0 30.0 30.0 30.0 30.0 25.09293935562244 16.45290526139744 16.03288821428495 0.0
25.7 30.0 30.0 30.0 30.0 30.0 30.0 30.0 25.692939355622443 16.45290526139744 15.986219653494672 0.0
25.8 30.0 30.0 30.0 30.0 30.0 30.0 30.0 26.292939355622444 16.45290526139744 15.939551092704395 0.0
25.9 30.0 30.0 30.0 30.0 30.0 30.0 30.0 26.892939355622445 16.45290526139744 15.892882531914118 0.0
26.0 30.0 30.0 30.0 30.0 30.0 30.0 30.0 27.492939355622447 16.45290526139744 15.846213971123841 0.0
26.1 30.0 30.0 30.0 30.0 30.0 30.0 30.0 28.09293935562245 16.45290526139744 15.799545410333565 0.0
26.2 30.0 30.0 30.0 30.0 30.0 30.0 30.0 28.69293935562245 17.05290526139744 15.752876849543288 0.0
26.3 30.0 30.0 30.0 30.0 30.0 30.0 30.0 29.29293935562245 17.652905261397443 15.706208288753011 0.0
26.4 30.0 30.0 30.0 30.0 30.0 30.0 30.0 29.892939355622453 18.252905261397444 15.659539727962734 0.0
26.5 30.0 30.0 30.0 30.0 30.0 30.0 30.0 30.0 18.852905261397446 15.612871167172457 0.0
26.6 30.0 30.0 30.0 30.0 30.0 30.0 30.0 30.0 19.452905261397447 15.612871167172457 0.0
26.7 30.0 30.0 30.0 30.0 30.0 30.0 30.0 30.0 20.05290526139745 15.612871167172457 0.0
26.8 30.0 30.0 30.0 30.0 30.0 30.0 30.0 30.0 20.65290526139745 15.612871167172457 0.0
26.9 30.0 30.0 30.0 30.0 30.0 30.0 30.0 30.0 21.25290526139745 15.612871167172457 0.0
27.0 30.0 30.0 30.0 30.0 30.0 30.0 30.0 30.0 21.852905261397453 15.612871167172457 0.0
27.1 30.0 30.0 30.0 30.0 30.0 30.0 30.0 30.0 22.452905261397454 15.612871167172457 0.0
27.2 30.0 30.0 30.0 30.0 30.0 30.0 30.0 30.0 23.052905261397456 15.612871167172457 0.0
27.3 30.0 30.0 30.0 30.0 30.0 30.0 30.0 30.0 23.652905261397457 15.612871167172457 0.0
27.4 30.0 30.0 30.0 30.0 30.0 30.0 30.0 30.0 24.25290526139746 15.612871167172457 0.0
27.5 30.0 30.0 30.0 30.0 30.0 30.0 30.0 30.0 24.85290526139746 15.612871167172457 0.0
27.6 30.0 30.0 30.0 30.0 30.0 30.0 30.0 30.0 25.45290526139746 15.612871167172457 0.0
27.7 30.0 30.0 30.0 30.0 30.0 30.0 30.0 30.0 26.052905261397463 15.612871167172457 0.0
27.8 30.0 30.0 30.0 30.0 30.0 30.0 30.0 30.0 26.652905261397464 15.612871167172457 0.0
27.9 30.0 30.0 30.0 30.0 30.0 30.0 30.0 30.0 27.252905261397466 15.612871167172457 0.0
28.0 30.0 30.0 30.0 30.0 30.0 30.0 30.0 30.0 27.852905261397467 16.21287116717246 0.0
28.1 30.0 30.0 30.0 30.0 30.0 30.0 30.0 30.0 28.45290526139747 16.81287116717246 0.0
28.2 30.0 30.0 30.0 30.0 30.0 30.0 30.0 30.0 29.05290526139747 17.41287116717246 0.0
28.3 30.0 30.0 30.0 30.0 30.0 30.0 30.0 30.0 29.65290526139747 18.012871167172463 0.0
28.4 30.0 30.0 30.0 30.0 30.0 30.0 30.0 30.0 30.0 18.612871167172464 0.0
28.5 30.0 30.0 30.0 30.0 30.0 30.0 30.0 30.0 30.0 19.212871167172466 0.0
28.6 30.0 30.0 30.0 30.0 30.0 30.0 30.0 30.0 30.0 19.812871167172467 0.0
28.7 30.0 30.0 30.0 30.0 30.0 30.0 30.0 30.0 30.0 20.41287116717247 0.0
28.8 30.0 30.0 30.0 30.0 30.0 30.0 30.0 30.0 30.0 21.01287116717247 0.0
28.9 30.0 30.0 30.0 30.0 30.0 30.0 30.0 30.0 30.0 21.61287116717247 0.0
29.0 30.0 30.0 30.0 30.0 30.0 30.0 30.0 30.0 30.0 22.212871167172473 0.0
29.1 30.0 30.0 30.0 30.0 30.0 30.0 30.0 30.0 30.0 22.812871167172474 0.0
29.2 30.0 30.0 30.0 30.0 30.0 30.0 30.0 30.0 30.0 23.412871167172476 0.0
29.3 30.0 30.0 30.0 30.0 30.0 30.0 30.0 30.0 30.0 24.012871167172477 0.0
29.4 30.0 30.0 30.0 30.0 30.0 30.0 30.0 30.0 30.0 24.61287116717248 0.0
29.5 30.0 30.0 30.0 30.0 30.0 30.0 30.0 30.0 30.0 25.21287116717248 0.0
29.6 30.0 30.0 30.0 30.0 30.0 30.0 30.0 30.0 30.0 25.81287116717248 0.0
29.7 30.0 30.0 30.0 30.0 30.0 30.0 30.0 30.0 30.0 26.412871167172483 0.0
29.8 30.0 30.0 30.0 30.0 30.0 30.0 30.0 30.0 30.0 27.012871167172484 0.0
29.9 30.0 30.0 30.0 30.0 30.0 30.0 30.0 30.0 30.0 27.612871167172486 0.0
30.0 30.0 30.0 30.0 30.0 30.0 30.0 30.0 30.0 30.0 28.212871167172487 0.0
30.1 30.0 30.0 30.0 30.0 30.0 30.0 30.0 30.0 30.0 28.81287116717249 0.0
30.2 30.0 30.0 30.0 30.0 30.0 30.0 30.0 30.0 30.0 29.41287116717249 0.0
30.3 30.0 30.0 30.0 30.0 30.0 30.0 30.0 30.0 30.0 30.0 0.0
30.4 30.0 30.0 30.0 30.0 30.0 30.0 30.0 30.0 30.0 30.0 0.0
30.5 30.0 30.0 30.0 30.0 30.0 30.0 30.0 30.0 30.0 30.0 0.0
30.6 30.0 30.0 30.0 30.0 30.0 30.0 30.0 30.0 30.0 30.0 0.0
30.7 30.0 30.0 30.0 30.0 30.0 30.0 30.0 30.0 30.0 30.0 0.0
30.8 30.0 30.0 30.0 30.0 30.0 30.0 30.0 30.0 30.0 30.0 0.0
30.9 30.0 30.0 30.0 30.0 30.0 30.0 30.0 30.0 30.0 30.0 0.0
31.0 30.0 30.0 30.0 30.0 30.0 30.0 30.0 30.0 30.0 30.0 0.0
31.1 30.0 30.0 30.0 30.0 30.0 30.0 30.0 30.0 30.0 30.0 0.0
31.2 30.0 30.0 30.0 30.0 30.0 30.0 30.0 30.0 30.0 30.0 0.0
31.3 30.0 30.0 30.0 30.0 30.0 30.0 30.0 30.0 30.0 30.0 0.0
31.4 30.0 30.0 30.0 30.0 30.0 30.0 30.0 30.0 30.0 30.0 0.0
31.5 30.0 30.0 30.0 30.0 30.0 30.0 30.0 30.0 30.0 30.0 0.0
31.6 30.0 30.0 30.0 30.0 30.0 30.0 30.0 30.0 30.0 30.0 0.0
31.7 30.0 30.0 30.0 30.0 30.0 30.0 30.0 30.0 30.0 30.0 0.0
31.8 30.0 30.0 30.0 30.0 30.0 30.0 30.0 30.0 30.0 30.0 0.0
31.9 30.0 30.0 30.0 30.0 30.0 30.0 30.0 30.0 30.0 30.0 0.0
32.0 30.0 30.0 30.0 30.0 30.0 30.0 30.0 30.0 30.0 30.0 0.0
32.1 30.0 30.0 30.0 30.0 30.0 30.0 30.0 30.0 30.0 30.0 0.0
32.2 30.0 30.0 30.0 30.0 30.0 30.0 30.0 30.0 30.0 30.0 0.0
32.3 30.0 30.0 30.0 30.0 30.0 30.0 30.0 30.0 30.0 30.0 0.0
32.4 30.0 30.0 30.0 30.0 30.0 30.0 30.0 30.0 30.0 30.0 0.0
32.5 30.0 30.0 30.0 30.0 30.0 30.0 30.0 30.0 30.0 30.0 0.0
32.6 30.0 30.0 30.0 30.0 30.0 30.0 30.0 30.0 30.0 30.0 0.0
32.7 30.0 30.0 30.0 30.0 30.0 30.0 30.0 30.0 30.0 30.0 0.0
32.8 30.0 30.0 30.0 30.0 30.0 30.0 30.0 30.0 30.0 30.0 0.0
32.9 30.0 30.0 30.0 30.0 30.0 30.0 30.0 30.0 30.0 30.0 0.0
33.0 30.0 30.0 30.0 30.0 30.0 30.0 30.0 30.0 30.0 30.0 0.0
33.1 30.0 30.0 30.0 30.0 30.0 30.0 30.0 30.0 30.0 30.0 0.0
33.2 30.0 30.0 30.0 30.0 30.0 30.0 30.0 30.0 30.0 30.0 0.0
33.3 30.0 30.0 30.0 30.0 30.0 30.0 30.0 30.0 30.0 30.0 0.0
33.4 30.0 30.0 30.0 30.0 30.0 30.0 30.0 30.0 30.0 30.0 0.0
33.5 30.0 30.0 30.0 30.0 30.0 30.0 30.0 30.0 30.0 30.0 0.0
33.6 30.0 30.0 30.0 30.0 30.0 30.0 30.0 30.0 30.0 30.0 0.0
33.7 30.0 30.0 30.0 30.0 30.0 30.0 30.0 30.0 30.0 30.0 0.0
33.8 30.0 30.0 30.0 30.0 30.0 30.0 30.0 30.0 30.0 30.0 0.0
33.9 30.0 30.0 30.0 30.0 30.0 30.0 30.0 30.0 30.0 30.0 0.0
34.0 30.0 30.0 30.0 30.0 30.0 30.0 30.0 30.0 30.0 30.0 0.0
34.1 30.0 30.0 30.0 30.0 30.0 30.0 30.0 30.0 30.0 30.0 0.0
34.2 30.0 30.0 30.0 30.0 30.0 30.0 30.0 30.0 30.0 30.0 0.0
34.3 30.0 30.0 30.0 30.0 30.0 30.0 30.0 30.0 30.0 30.0 0.0
34.4 30.0 30.0 30.0 30.0 30.0 30.0 30.0 30.0 30.0 30.0 0.0
34.5 30.0 30.0 30.0 30.0 30.0 30.0 30.0 30.0 30.0 30.0 0.0
34.6 30.0 30.0 30.0 30.0 30.0 30.0 30.0 30.0 30.0 30.0 0.0
34.7 30.0 30.0 30.0 30.0 30.0 30.0 30.0 30.0 30.0 30.0 0.0
34.8 30.0 30.0 30.0 30.0 30.0 30.0 30.0 30.0 30.0 30.0 0.0
34.9 30.0 30.0 30.0 30.0 30.0 30.0 30.0 30.0 30.0 30.0 0.0
35.0 30.0 30.0 30.0 30.0 30.0 30.0 30.0 30.0 30.0 30.0 0.0
35.1 30.0 30.0 30.0 30.0 30.0 30.0 30.0 30.0 30.0 30.0 0.0
35.2 30.0 30.0 30.0 30.0 30.0 30.0 30.0 30.0 30.0 30.0 0.0
35.3 30.0 30.0 30.0 30.0 30.0 30.0 30.0 30.0 30.0 30.0 0.0
35.4 30.0 30.0 30.0 30.0 30.0 30.0 30.0 30.0 30.0 30.0 0.0
35.5 30.0 30.0 30.0 30.0 30.0 30.0 30.0 30.0 30.0 30.0 0.0
35.6 30.0 30.0 30.0 30.0 30.0 30.0 30.0 30.0 30.0 30.0 0.0
35.7 30.0 30.0 30.0 30.0 30.0 30.0 30.0 30.0 30.0 30.0 0.0
35.8 30.0 30.0 30.0 30.0 30.0 30.0 30.0 30.0 30.0 30.0 0.0
35.9 30.0 30.0 30.0 30.0 30.0 30.0 30.0 30.0 30.0 30.0 0.0
36.0 30.0 30.0 30.0 30.0 30.0 30.0 30.0 30.0 30.0 30.0 0.0
36.1 30.0 30.0 30.0 30.0 30.0 30.0 30.0 30.0 30.0 30.0 0.0
36.2 30.0 30.0 30.0 30.0 30.0 30.0 30.0 30.0 30.0 30.0 0.0
36.3 30.0 30.0 30.0 30.0 30.0 30.0 30.0 30.0 30.0 30.0 0.0
36.4 30.0 30.0 30.0 30.0 30.0 30.0 30.0 30.0 30.0 30.0 0.0
36.5 30.0 30.0 30.0 30.0 30.0 30.0 30.0 30.0 30.0 30.0 0.0
36.6 30.0 30.0 30.0 30.0 30.0 30.0 30.0 30.0 30.0 30.0 0.0
36.7 30.0 30.0 30.0 30.0 30.0 30.0 30.0 30.0 30.0 30.0 0.0
36.8 30.0 30.0 30.0 30.0 30.0 30.0 30.0 30.0 30.0 30.0 0.0
36.9 30.0 30.0 30.0 30.0 30.0 30.0 30.0 30.0 30.0 30.0 0.0
37.0 30.0 30.0 30.0 30.0 30.0 30.0 30.0 30.0 30.0 30.0 0.0
37.1 30.0 30.0 30.0 30.0 30.0 30.0 30.0 30.0 30.0 30.0 0.0
37.2 30.0 30.0 30.0 30.0 30.0 30.0 30.0 30.0 30.0 30.0 0.0
37.3 30.0 30.0 30.0 30.0 30.0 30.0 30.0 30.0 30.0 30.0 0.0
37.4 30.0 30.0 30.0 30.0 30.0 30.0 30.0 30.0 30.0 30.0 0.0
37.5 30.0 30.0 30.0 30.0 30.0 30.0 30.0 30.0 30.0 30.0 0.0
37.6 30.0 30.0 30.0 30.0 30.0 30.0 30.0 30.0 30.0 30.0 0.0
37.7 30.0 30.0 30.0 30.0 30.0 30.0 30.0 30.0 30.0 30.0 0.0
37.8 30.0 30.0 30.0 30.0 30.0 30.0 30.0 30.0 30.0 30.0 0.0
37.9 30.0 30.0 30.0 30.0 30.0 30.0 30.0 30.0 30.0 30.0 0.0
38.0 30.0 30.0 30.0 30.0 30.0 30.0 30.0 30.0 30.0 30.0 0.0
38.1 30.0 30.0 30.0 30.0 30.0 30.0 30.0 30.0 30.0 30.0 0.0
38.2 30.0 30.0 30.0 30.0 30.0 30.0 30.0 30.0 30.0 30.0 0.0
38.3 30.0 30.0 30.0 30.0 30.0 30.0 30.0 30.0 30.0 30.0 0.0
38.4 30.0 30.0 30.0 30.0 30.0 30.0 30.0 30.0 30.0 30.0 0.0
38.5 30.0 30.0 30.0 30.0 30.0 30.0 30.0 30.0 30.0 30.0 0.0
38.6 30.0 30.0 30.0 30.0 30.0 30.0 30.0 30.0 30.0 30.0 0.0
38.7 30.0 30.0 30.0 30.0 30.0 30.0 30.0 30.0 30.0 30.0 0.0
38.8 30.0 30.0 30.0 30.0 30.0 30.0 30.0 30.0 30.0 30.0 0.0
38.9 30.0 30.0 30.0 30.0 30.0 30.0 30.0 30.0 30.0 30.0 0.0
39.0 30.0 30.0 30.0 30.0 30.0 30.0 30.0 30.0 30.0 30.0 0.0
39.1 30.0 30.0 30.0 30.0 30.0 30.0 30.0 30.0 30.0 30.0 0.0
39.2 30.0 30.0 30.0 30.0 30.0 30.0 30.0 30.0 30.0 30.0 0.0
39.3 30.0 30.0 30.0 30.0 30.0 30.0 30.0 30.0 30.0 30.0 0.0
39.4 30.0 30.0 30.0 30.0 30.0 30.0 30.0 30.0 30.0 30.0 0.0
39.5 30.0 30.0 30.0 30.0 30.0 30.0 30.0 30.0 30.0 30.0 0.0
39.6 30.0 30.0 30.0 30.0 30.0 30.0 30.0 30.0 30.0 30.0 0.0
39.7 30.0 30.0 30.0 30.0 30.0 30.0 30.0 30.0 30.0 30.0 0.0
39.8 30.0 30.0 30.0 30.0 30.0 30.0 30.0 30.0 30.0 30.0 0.0
39.9 30.0 30.0 30.0 30.0 30.0 30.0 30.0 30.0 30.0 30.0 0.0
40.0 30.0 30.0 30.0 30.0 30.0 30.0 30.0 30.0 30.0 30.0 0.0
40.1 30.0 30.0 30.0 30.0 30.0 30.0 30.0 30.0 30.0 30.0 0.0
40.2 30.0 30.0 30.0 30.0 30.0 30.0 30.0 30.0 30.0 30.0 0.0
40.3 30.0 30.0 30.0 30.0 30.0 30.0 30.0 30.0 30.0 30.0 0.0
40.4 30.0 30.0 30.0 30.0 30.0 30.0 30.0 30.0 30.0 30.0 0.0
40.5 30.0 30.0 30.0 30.0 30.0 30.0 30.0 30.0 30.0 30.0 0.0
40.6 30.0 30.0 30.0 30.0 30.0 30.0 30.0 30.0 30.0 30.0 0.0
40.7 30.0 30.0 30.0 30.0 30.0 30.0 30.0 30.0 30.0 30.0 0.0
40.8 30.0 30.0 30.0 30.0 30.0 30.0 30.0 30.0 30.0 30.0 0.0
40.9 30.0 30.0 30.0 30.0 30.0 30.0 30.0 30.0 30.0 30.0 0.0
41.0 30.0 30.0 30.0 30.0 30.0 30.0 30.0 30.0 30.0 30.0 0.0
41.1 30.0 30.0 30.0 30.0 30.0 30.0 30.0 30.0 30.0 30.0 0.0
41.2 30.0 30.0 30.0 30.0 30.0 30.0 30.0 30.0 30.0 30.0 0.0
41.3 30.0 30.0 30.0 30.0 30.0 30.0 30.0 30.0 30.0 30.0 0.0
41.4 30.0 30.0 30.0 30.0 30.0 30.0 30.0 30.0 30.0 30.0 0.0
41.5 30.0 30.0 30.0 30.0 30.0 30.0 30.0 30.0 30.0 30.0 0.0
41.6 30.0 30.0 30.0 30.0 30.0 30.0 30.0 30.0 30.0 30.0 0.0
41.7 30.0 30.0 30.0 30.0 30.0 30.0 30.0 30.0 30.0 30.0 0.0
41.8 30.0 30.0 30.0 30.0 30.0 30.0 30.0 30.0 30.0 30.0 0.0
41.9 30.0 30.0 30.0 30.0 30.0 30.0 30.0 30.0 30.0 30.0 0.0
42.0 30.0 30.0 30.0 30.0 30.0 30.0 30.0 30.0 30.0 30.0 0.0
42.1 30.0 30.0 30.0 30.0 30.0 30.0 30.0 30.0 30.0 30.0 0.0
42.2 30.0 30.0 30.0 30.0 30.0 30.0 30.0 30.0 30.0 30.0 0.0
42.3 30.0 30.0 30.0 30.0 30.0 30.0 30.0 30.0 30.0 30.0 0.0
42.4 30.0 30.0 30.0 30.0 30.0 30.0 30.0 30.0 30.0 30.0 0.0
42.5 30.0 30.0 30.0 30.0 30.0 30.0 30.0 30.0 30.0 30.0 0.0
42.6 30.0 30.0 30.0 30.0 30.0 30.0 30.0 30.0 30.0 30.0 0.0
42.7 30.0 30.0 30.0 30.0 30.0 30.0 30.0 30.0 30.0 30.0 0.0
42.8 30.0 30.0 30.0 30.0 30.0 30.0 30.0 30.0 30.0 30.0 0.0
42.9 30.0 30.0 30.0 30.0 30.0 30.0 30.0 30.0 30.0 30.0 0.0
43.0 30.0 30.0 30.0 30.0 30.0 30.0 30.0 30.0 30.0 30.0 0.0
43.1 30.0 30.0 30.0 30.0 30.0 30.0 30.0 30.0 30.0 30.0 0.0
43.2 30.0 30.0 30.0 30.0 30.0 30.0 30.0 30.0 30.0 30.0 0.0
43.3 30.0 30.0 30.0 30.0 30.0 30.0 30.0 30.0 30.0 30.0 0.0
43.4 30.0 30.0 30.0 30.0 30.0 30.0 30.0 30.0 30.0 30.0 0.0
43.5 30.0 30.0 30.0 30.0 30.0 30.0 30.0 30.0 30.0 30.0 0.0
43.6 30.0 30.0 30.0 30.0 30.0 30.0 30.0 30.0 30.0 30.0 0.0
43.7 30.0 30.0 30.0 30.0 30.0 30.0 30.0 30.0 30.0 30.0 0.0
43.8 30.0 30.0 30.0 30.0 30.0 30.0 30.0 30.0 30.0 30.0 0.0
43.9 30.0 30.0 30.0 30.0 30.0 30.0 30.0 30.0 30.0 30.0 0.0
44.0 30.0 30.0 30.0 30.0 30.0 30.0 30.0 30.0 30.0 30.0 0.0
44.1 30.0 30.0 30.0 30.0 30.0 30.0 30.0 30.0 30.0 30.0 0.0
44.2 30.0 30.0 30.0 30.0 30.0 30.0 30.0 30.0 30.0 30.0 0.0
44.3 30.0 30.0 30.0 30.0 30.0 30.0 30.0 30.0 30.0 30.0 0.0
44.4 30.0 30.0 30.0 30.0 30.0 30.0 30.0 30.0 30.0 30.0 0.0
44.5 30.0 30.0 30.0 30.0 30.0 30.0 30.0 30.0 30.0 30.0 0.0
44.6 30.0 30.0 30.0 30.0 30.0 30.0 30.0 30.0 30.0 30.0 0.0
44.7 30.0 30.0 30.0 30.0 30.0 30.0 30.0 30.0 30.0 30.0 0.0
44.8 30.0 30.0 30.0 30.0 30.0 30.0 30.0 30.0 30.0 30.0 0.0
44.9 30.0 30.0 30.0 30.0 30.0 30.0 30.0 30.0 30.0 30.0 0.0
45.0 30.0 30.0 30.0 30.0 30.0 30.0 30.0 30.0 30.0 30.0 0.0
45.1 30.0 30.0 30.0 30.0 30.0 30.0 30.0 30.0 30.0 30.0 0.0
45.2 30.0 30.0 30.0 30.0 30.0 30.0 30.0 30.0 30.0 30.0 0.0
45.3 30.0 30.0 30.0 30.0 30.0 30.0 30.0 30.0 30.0 30.0 0.0
45.4 30.0 30.0 30.0 30.0 30.0 30.0 30.0 30.0 30.0 30.0 0.0
45.5 30.0 30.0 30.0 30.0 30.0 30.0 30.0 30.0 30.0 30.0 0.0
45.6 30.0 30.0 30.0 30.0 30.0 30.0 30.0 30.0 30.0 30.0 0.0
45.7 30.0 30.0 30.0 30.0 30.0 30.0 30.0 30.0 30.0 30.0 0.0
45.8 30.0 30.0 30.0 30.0 30.0 30.0 30.0 30.0 30.0 30.0 0.0
45.9 30.0 30.0 30.0 30.0 30.0 30.0 30.0 30.0 30.0 30.0 0.0
46.0 30.0 30.0 30.0 30.0 30.0 30.0 30.0 30.0 30.0 30.0 0.0
46.1 30.0 30.0 30.0 30.0 30.0 30.0 30.0 30.0 30.0 30.0 0.0
46.2 30.0 30.0 30.0 30.0 30.0 30.0 30.0 30.0 30.0 30.0 0.0
46.3 30.0 30.0 30.0 30.0 30.0 30.0 30.0 30.0 30.0 30.0 0.0
46.4 30.0 30.0 30.0 30.0 30.0 30.0 30.0 30.0 30.0 30.0 0.0
46.5 30.0 30.0 30.0 30.0 30.0 30.0 30.0 30.0 30.0 30.0 0.0
46.6 30.0 30.0 30.0 30.0 30.0 30.0 30.0 30.0 30.0 30.0 0.0
46.7 30.0 30.0 30.0 30.0 30.0 30.0 30.0 30.0 30.0 30.0 0.0
46.8 30.0 30.0 30.0 30.0 30.0 30.0 30.0 30.0 30.0 30.0 0.0
46.9 30.0 30.0 30.0 30.0 30.0 30.0 30.0 30.0 30.0 30.0 0.0
47.0 30.0 30.0 30.0 30.0 30.0 30.0 30.0 30.0 30.0 30.0 0.0
47.1 30.0 30.0 30.0 30.0 30.0 30.0 30.0 30.0 30.0 30.0 0.0
47.2 30.0 30.0 30.0 30.0 30.0 30.0 30.0 30.0 30.0 30.0 0.0
47.3 30.0 30.0 30.0 30.0 30.0 30.0 30.0 30.0 30.0 30.0 0.0
47.4 30.0 30.0 30.0 30.0 30.0 30.0 30.0 30.0 30.0 30.0 0.0
47.5 30.0 30.0 30.0 30.0 30.0 30.0 30.0 30.0 30.0 30.0 0.0
47.6 30.0 30.0 30.0 30.0 30.0 30.0 30.0 30.0 30.0 30.0 0.0
47.7 30.0 30.0 30.0 30.0 30.0 30.0 30.0 30.0 30.0 30.0 0.0
47.8 30.0 30.0 30.0 30.0 30.0 30.0 30.0 30.0 30.0 30.0 0.0
47.9 30.0 30.0 30.0 30.0 30.0 30.0 30.0 30.0 30.0 30.0 0.0
48.0 30.0 30.0 30.0 30.0 30.0 30.0 30.0 30.0 30.0 30.0 0.0
48.1 30.0 30.0 30.0 30.0 30.0 30.0 30.0 30.0 30.0 30.0 0.0
48.2 30.0 30.0 30.0 30.0 30.0 30.0 30.0 30.0 30.0 30.0 0.0
48.3 30.0 30.0 30.0 30.0 30.0 30.0 30.0 30.0 30.0 30.0 0.0
48.4 30.0 30.0 30.0 30.0 30.0 30.0 30.0 30.0 30.0 30.0 0.0
48.5 30.0 30.0 30.0 30.0 30.0 30.0 30.0 30.0 30.0 30.0 0.0
48.6 30.0 30.0 30.0 30.0 30.0 30.0 30.0 30.0 30.0 30.0 0.0
48.7 30.0 30.0 30.0 30.0 30.0 30.0 30.0 30.0 30.0 30.0 0.0
48.8 30.0 30.0 30.0 30.0 30.0 30.0 30.0 30.0 30.0 30.0 0.0
48.9 30.0 30.0 30.0 30.0 30.0 30.0 30.0 30.0 30.0 30.0 0.0
49.0 30.0 30.0 30.0 30.0 30.0 30.0 30.0 30.0 30.0 30.0 0.0
49.1 30.0 30.0 30.0 30.0 30.0 30.0 30.0 30.0 30.0 30.0 0.0
49.2 30.0 30.0 30.0 30.0 30.0 30.0 30.0 30.0 30.0 30.0 0.0
49.3 30.0 30.0 30.0 30.0 30.0 30.0 30.0 30.0 30.0 30.0 0.0
49.4 30.0 30.0 30.0 30.0 30.0 30.0 30.0 30.0 30.0 30.0 0.0
49.5 30.0 30.0 30.0 30.0 30.0 30.0 30.0 30.0 30.0 30.0 0.0
49.6 30.0 30.0 30.0 30.0 30.0 30.0 30.0 30.0 30.0 30.0 0.0
49.7 30.0 30.0 30.0 30.0 30.0 30.0 30.0 30.0 30.0 30.0 0.0
49.8 30.0 30.0 30.0 30.0 30.0 30.0 30.0 30.0 30.0 30.0 0.0
49.9 30.0 30.0 30.0 30.0 30.0 30.0 30.0 30.0 30.0 30.0 0.0
50.0 30.0 30.0 30.0 30.0 30.0 30.0 30.0 30.0 30.0 30.0 0.0
50.1 30.0 30.0 30.0 30.0 30.0 30.0 30.0 30.0 30.0 30.0 0.0
50.2 30.0 30.0 30.0 30.0 30.0 30.0 30.0 30.0 30.0 30.0 0.0
50.3 30.0 30.0 30.0 30.0 30.0 30.0 30.0 30.0 30.0 30.0 0.0
50.4 30.0 30.0 30.0 30.0 30.0 30.0 30.0 30.0 30.0 30.0 0.0
50.5 30.0 30.0 30.0 30.0 30.0 30.0 30.0 30.0 30.0 30.0 0.0
50.6 30.0 30.0 30.0 30.0 30.0 30.0 30.0 30.0 30.0 30.0 0.0
50.7 30.0 30.0 30.0 30.0 30.0 30.0 30.0 30.0 30.0 30.0 0.0
50.8 30.0 30.0 30.0 30.0 30.0 30.0 30.0 30.0 30.0 30.0 0.0
50.9 30.0 30.0 30.0 30.0 30.0 30.0 30.0 30.0 30.0 30.0 0.0
51.0 30.0 30.0 30.0 30.0 30.0 30.0 30.0 30.0 30.0 30.0 0.0
51.1 30.0 30.0 30.0 30.0 30.0 30.0 30.0 30.0 30.0 30.0 0.0
51.2 30.0 30.0 30.0 30.0 30.0 30.0 30.0 30.0 30.0 30.0 0.0
51.3 30.0 30.0 30.0 30.0 30.0 30.0 30.0 30.0 30.0 30.0 0.0
51.4 30.0 30.0 30.0 30.0 30.0 30.0 30.0 30.0 30.0 30.0 0.0
51.5 30.0 30.0 30.0 30.0 30.0 30.0 30.0 30.0 30.0 30.0 0.0
51.6 30.0 30.0 30.0 30.0 30.0 30.0 30.0 30.0 30.0 30.0 0.0
51.7 30.0 30.0 30.0 30.0 30.0 30.0 30.0 30.0 30.0 30.0 0.0
51.8 30.0 30.0 30.0 30.0 30.0 30.0 30.0 30.0 30.0 30.0 0.0
51.9 30.0 30.0 30.0 30.0 30.0 30.0 30.0 30.0 30.0 30.0 0.0
52.0 30.0 30.0 30.0 30.0 30.0 30.0 30.0 30.0 30.0 30.0 0.0
52.1 30.0 30.0 30.0 30.0 30.0 30.0 30.0 30.0 30.0 30.0 0.0
52.2 30.0 30.0 30.0 30.0 30.0 30.0 30.0 30.0 30.0 30.0 0.0
52.3 30.0 30.0 30.0 30.0 30.0 30.0 30.0 30.0 30.0 30.0 0.0
52.4 30.0 30.0 30.0 30.0 30.0 30.0 30.0 30.0 30.0 30.0 0.0
52.5 30.0 30.0 30.0 30.0 30.0 30.0 30.0 30.0 30.0 30.0 0.0
52.6 30.0 30.0 30.0 30.0 30.0 30.0 30.0 30.0 30.0 30.0 0.0
52.7 30.0 30.0 30.0 30.0 30.0 30.0 30.0 30.0 30.0 30.0 0.0
52.8 30.0 30.0 30.0 30.0 30.0 30.0 30.0 30.0 30.0 30.0 0.0
52.9 30.0 30.0 30.0 30.0 30.0 30.0 30.0 30.0 30.0 30.0 0.0
53.0 30.0 30.0 30.0 30.0 30.0 30.0 30.0 30.0 30.0 30.0 0.0
53.1 30.0 30.0 30.0 30.0 30.0 30.0 30.0 30.0 30.0 30.0 0.0
53.2 30.0 30.0 30.0 30.0 30.0 30.0 30.0 30.0 30.0 30.0 0.0
53.3 30.0 30.0 30.0 30.0 30.0 30.0 30.0 30.0 30.0 30.0 0.0
53.4 30.0 30.0 30.0 30.0 30.0 30.0 30.0 30.0 30.0 30.0 0.0
53.5 30.0 30.0 30.0 30.0 30.0 30.0 30.0 30.0 30.0 30.0 0.0
53.6 30.0 30.0 30.0 30.0 30.0 30.0 30.0 30.0 30.0 30.0 0.0
53.7 30.0 30.0 30.0 30.0 30.0 30.0 30.0 30.0 30.0 30.0 0.0
53.8 30.0 30.0 30.0 30.0 30.0 30.0 30.0 30.0 30.0 30.0 0.0
53.9 30.0 30.0 30.0 30.0 30.0 30.0 30.0 30.0 30.0 30.0 0.0
54.0 30.0 30.0 30.0 30.0 30.0 30.0 30.0 30.0 30.0 30.0 0.0
54.1 30.0 30.0 30.0 30.0 30.0 30.0 30.0 30.0 30.0 30.0 0.0
54.2 30.0 30.0 30.0 30.0 30.0 30.0 30.0 30.0 30.0 30.0 0.0
54.3 30.0 30.0 30.0 30.0 30.0 30.0 30.0 30.0 30.0 30.0 0.0
54.4 30.0 30.0 30.0 30.0 30.0 30.0 30.0 30.0 30.0 30.0 0.0
54.5 30.0 30.0 30.0 30.0 30.0 30.0 30.0 30.0 30.0 30.0 0.0
54.6 30.0 30.0 30.0 30.0 30.0 30.0 30.0 30.0 30.0 30.0 0.0
54.7 30.0 30.0 30.0 30.0 30.0 30.0 30.0 30.0 30.0 30.0 0.0
54.8 30.0 30.0 30.0 30.0 30.0 30.0 30.0 30.0 30.0 30.0 0.0
54.9 30.0 30.0 30.0 30.0 30.0 30.0 30.0 30.0 30.0 30.0 0.0
55.0 30.0 30.0 30.0 30.0 30.0 30.0 30.0 30.0 30.0 30.0 0.0
55.1 30.0 30.0 30.0 30.0 30.0 30.0 30.0 30.0 30.0 30.0 0.0
55.2 30.0 30.0 30.0 30.0 30.0 30.0 30.0 30.0 30.0 30.0 0.0
55.3 30.0 30.0 30.0 30.0 30.0 30.0 30.0 30.0 30.0 30.0 0.0
55.4 30.0 30.0 30.0 30.0 30.0 30.0 30.0 30.0 30.0 30.0 0.0
55.5 30.0 30.0 30.0 30.0 30.0 30.0 30.0 30.0 30.0 30.0 0.0
55.6 30.0 30.0 30.0 30.0 30.0 30.0 30.0 30.0 30.0 30.0 0.0
55.7 30.0 30.0 30.0 30.0 30.0 30.0 30.0 30.0 30.0 30.0 0.0
55.8 30.0 30.0 30.0 30.0 30.0 30.0 30.0 30.0 30.0 30.0 0.0
55.9 30.0 30.0 30.0 30.0 30.0 30.0 30.0 30.0 30.0 30.0 0.0
56.0 30.0 30.0 30.0 30.0 30.0 30.0 30.0 30.0 30.0 30.0 0.0
56.1 30.0 30.0 30.0 30.0 30.0 30.0 30.0 30.0 30.0 30.0 0.0
56.2 30.0 30.0 30.0 30.0 30.0 30.0 30.0 30.0 30.0 30.0 0.0
56.3 30.0 30.0 30.0 30.0 30.0 30.0 30.0 30.0 30.0 30.0 0.0
56.4 30.0 30.0 30.0 30.0 30.0 30.0 30.0 30.0 30.0 30.0 0.0
56.5 30.0 30.0 30.0 30.0 30.0 30.0 30.0 30.0 30.0 30.0 0.0
56.6 30.0 30.0 30.0 30.0 30.0 30.0 30.0 30.0 30.0 30.0 0.0
56.7 30.0 30.0 30.0 30.0 30.0 30.0 30.0 30.0 30.0 30.0 0.0
56.8 30.0 30.0 30.0 30.0 30.0 30.0 30.0 30.0 30.0 30.0 0.0
56.9 30.0 30.0 30.0 30.0 30.0 30.0 30.0 30.0 30.0 30.0 0.0
57.0 30.0 30.0 30.0 30.0 30.0 30.0 30.0 30.0 30.0 30.0 0.0
57.1 30.0 30.0 30.0 30.0 30.0 30.0 30.0 30.0 30.0 30.0 0.0
57.2 30.0 30.0 30.0 30.0 30.0 30.0 30.0 30.0 30.0 30.0 0.0
57.3 30.0 30.0 30.0 30.0 30.0 30.0 30.0 30.0 30.0 30.0 0.0
57.4 30.0 30.0 30.0 30.0 30.0 30.0 30.0 30.0 30.0 30.0 0.0
57.5 30.0 30.0 30.0 30.0 30.0 30.0 30.0 30.0 30.0 30.0 0.0
57.6 30.0 30.0 30.0 30.0 30.0 30.0 30.0 30.0 30.0 30.0 0.0
57.7 30.0 30.0 30.0 30.0 30.0 30.0 30.0 30.0 30.0 30.0 0.0
57.8 30.0 30.0 30.0 30.0 30.0 30.0 30.0 30.0 30.0 30.0 0.0
57.9 30.0 30.0 30.0 30.0 30.0 30.0 30.0 30.0 30.0 30.0 0.0
58.0 30.0 30.0 30.0 30.0 30.0 30.0 30.0 30.0 30.0 30.0 0.0
58.1 30.0 30.0 30.0 30.0 30.0 30.0 30.0 30.0 30.0 30.0 0.0
58.2 30.0 30.0 30.0 30.0 30.0 30.0 30.0 30.0 30.0 30.0 0.0
58.3 30.0 30.0 30.0 30.0 30.0 30.0 30.0 30.0 30.0 30.0 0.0
58.4 30.0 30.0 30.0 30.0 30.0 30.0 30.0 30.0 30.0 30.0 0.0
58.5 30.0 30.0 30.0 30.0 30.0 30.0 30.0 30.0 30.0 30.0 0.0
58.6 30.0 30.0 30.0 30.0 30.0 30.0 30.0 30.0 30.0 30.0 0.0
58.7 30.0 30.0 30.0 30.0 30.0 30.0 30.0 30.0 30.0 30.0 0.0
58.8 30.0 30.0 30.0 30.0 30.0 30.0 30.0 30.0 30.0 30.0 0.0
58.9 30.0 30.0 30.0 30.0 30.0 30.0 30.0 30.0 30.0 30.0 0.0
59.0 30.0 30.0 30.0 30.0 30.0 30.0 30.0 30.0 30.0 30.0 0.0
59.1 30.0 30.0 30.0 30.0 30.0 30.0 30.0 30.0 30.0 30.0 0.0
59.2 30.0 30.0 30.0 30.0 30.0 30.0 30.0 30.0 30.0 30.0 0.0
59.3 30.0 30.0 30.0 30.0 30.0 30.0 30.0 30.0 30.0 30.0 0.0
59.4 30.0 30.0 30.0 30.0 30.0 30.0 30.0 30.0 30.0 30.0 0.0
59.5 30.0 30.0 30.0 30.0 30.0 30.0 30.0 30.0 30.0 30.0 0.0
59.6 30.0 30.0 30.0 30.0 30.0 30.0 30.0 30.0 30.0 30.0 0.0
59.7 30.0 30.0 30.0 30.0 30.0 30.0 30.0 30.0 30.0 30.0 0.0
59.8 30.0 30.0 30.0 30.0 30.0 30.0 30.0 30.0 30.0 30.0 0.0
59.9 30.0 30.0 30.0 30.0 30.0 30.0 30.0 30.0 30.0 30.0 0.0
60.0 30.0 30.0 30.0 30.0 30.0 30.0 30.0 30.0 30.0 30.0 0.0
60.1 30.0 30.0 30.0 30.0 30.0 30.0 30.0 30.0 30.0 30.0 0.0
60.2 30.0 30.0 30.0 30.0 30.0 30.0 30.0 30.0 30.0 30.0 0.0
60.3 30.0 30.0 30.0 30.0 30.0 30.0 30.0 30.0 30.0 30.0 0.0
60.4 30.0 30.0 30.0 30.0 30.0 30.0 30.0 30.0 30.0 30.0 0.0
60.5 30.0 30.0 30.0 30.0 30.0 30.0 30.0 30.0 30.0 30.0 0.0
60.6 30.0 30.0 30.0 30.0 30.0 30.0 30.0 30.0 30.0 30.0 0.0
60.7 30.0 30.0 30.0 30.0 30.0 30.0 30.0 30.0 30.0 30.0 0.0
60.8 30.0 30.0 30.0 30.0 30.0 30.0 30.0 30.0 30.0 30.0 0.0
60.9 30.0 30.0 30.0 30.0 30.0 30.0 30.0 30.0 30.0 30.0 0.0
61.0 30.0 30.0 30.0 30.0 30.0 30.0 30.0 30.0 30.0 30.0 0.0
61.1 30.0 30.0 30.0 30.0 30.0 30.0 30.0 30.0 30.0 30.0 0.0
61.2 30.0 30.0 30.0 30.0 30.0 30.0 30.0 30.0 30.0 30.0 0.0
61.3 30.0 30.0 30.0 30.0 30.0 30.0 30.0 30.0 30.0 30.0 0.0
61.4 30.0 30.0 30.0 30.0 30.0 30.0 30.0 30.0 30.0 30.0 0.0
61.5 30.0 30.0 30.0 30.0 30.0 30.0 30.0 30.0 30.0 30.0 0.0
61.6 30.0 30.0 30.0 30.0 30.0 30.0 30.0 30.0 30.0 30.0 0.0
61.7 30.0 30.0 30.0 30.0 30.0 30.0 30.0 30.0 30.0 30.0 0.0
61.8 30.0 30.0 30.0 30.0 30.0 30.0 30.0 30.0 30.0 30.0 0.0
61.9 30.0 30.0 30.0 30.0 30.0 30.0 30.0 30.0 30.0 30.0 0.0
62.0 30.0 30.0 30.0 30.0 30.0 30.0 30.0 30.0 30.0 30.0 0.0
62.1 30.0 30.0 30.0 30.0 30.0 30.0 30.0 30.0 30.0 30.0 0.0
62.2 30.0 30.0 30.0 30.0 30.0 30.0 30.0 30.0 30.0 30.0 0.0
62.3 30.0 30.0 30.0 30.0 30.0 30.0 30.0 30.0 30.0 30.0 0.0
62.4 30.0 30.0 30.0 30.0 30.0 30.0 30.0 30.0 30.0 30.0 0.0
62.5 30.0 30.0 30.0 30.0 30.0 30.0 30.0 30.0 30.0 30.0 0.0
62.6 30.0 30.0 30.0 30.0 30.0 30.0 30.0 30.0 30.0 30.0 0.0
62.7 30.0 30.0 30.0 30.0 30.0 30.0 30.0 30.0 30.0 30.0 0.0
62.8 30.0 30.0 30.0 30.0 30.0 30.0 30.0 30.0 30.0 30.0 0.0
62.9 30.0 30.0 30.0 30.0 30.0 30.0 30.0 30.0 30.0 30.0 0.0
63.0 30.0 30.0 30.0 30.0 30.0 30.0 30.0 30.0 30.0 30.0 0.0
63.1 30.0 30.0 30.0 30.0 30.0 30.0 30.0 30.0 30.0 30.0 0.0
63.2 30.0 30.0 30.0 30.0 30.0 30.0 30.0 30.0 30.0 30.0 0.0
63.3 30.0 30.0 30.0 30.0 30.0 30.0 30.0 30.0 30.0 30.0 0.0
63.4 30.0 30.0 30.0 30.0 30.0 30.0 30.0 30.0 30.0 30.0 0.0
63.5 30.0 30.0 30.0 30.0 30.0 30.0 30.0 30.0 30.0 30.0 0.0
63.6 30.0 30.0 30.0 30.0 30.0 30.0 30.0 30.0 30.0 30.0 0.0
63.7 30.0 30.0 30.0 30.0 30.0 30.0 30.0 30.0 30.0 30.0 0.0
63.8 30.0 30.0 30.0 30.0 30.0 30.0 30.0 30.0 30.0 30.0 0.0
63.9 30.0 30.0 30.0 30.0 30.0 30.0 30.0 30.0 30.0 30.0 0.0
64.0 30.0 30.0 30.0 30.0 30.0 30.0 30.0 30.0 30.0 30.0 0.0
64.1 30.0 30.0 30.0 30.0 30.0 30.0 30.0 30.0 30.0 30.0 0.0
64.2 30.0 30.0 30.0 30.0 30.0 30.0 30.0 30.0 30.0 30.0 0.0
64.3 30.0 30.0 30.0 30.0 30.0 30.0 30.0 30.0 30.0 30.0 0.0
64.4 30.0 30.0 30.0 30.0 30.0 30.0 30.0 30.0 30.0 30.0 0.0
64.5 30.0 30.0 30.0 30.0 30.0 30.0 30.0 30.0 30.0 30.0 0.0
64.6 30.0 30.0 30.0 30.0 30.0 30.0 30.0 30.0 30.0 30.0 0.0
64.7 30.0 30.0 30.0 30.0 30.0 30.0 30.0 30.0 30.0 30.0 0.0
64.8 30.0 30.0 30.0 30.0 30.0 30.0 30.0 30.0 30.0 30.0 0.0
64.9 30.0 30.0 30.0 30.0 30.0 30.0 30.0 30.0 30.0 30.0 0.0
65.0 30.0 30.0 30.0 30.0 30.0 30.0 30.0 30.0 30.0 30.0 0.0
65.1 30.0 30.0 30.0 30.0 30.0 30.0 30.0 30.0 30.0 30.0 0.0
65.2 30.0 30.0 30.0 30.0 30.0 30.0 30.0 30.0 30.0 30.0 0.0
65.3 30.0 30.0 30.0 30.0 30.0 30.0 30.0 30.0 30.0 30.0 0.0
65.4 30.0 30.0 30.0 30.0 30.0 30.0 30.0 30.0 30.0 30.0 0.0
65.5 30.0 30.0 30.0 30.0 30.0 30.0 30.0 30.0 30.0 30.0 0.0
65.6 30.0 30.0 30.0 30.0 30.0 30.0 30.0 30.0 30.0 30.0 0.0
65.7 30.0 30.0 30.0 30.0 30.0 30.0 30.0 30.0 30.0 30.0 0.0
65.8 30.0 30.0 30.0 30.0 30.0 30.0 30.0 30.0 30.0 30.0 0.0
65.9 30.0 30.0 30.0 30.0 30.0 30.0 30.0 30.0 30.0 30.0 0.0
66.0 30.0 30.0 30.0 30.0 30.0 30.0 30.0 30.0 30.0 30.0 0.0
66.1 30.0 30.0 30.0 30.0 30.0 30.0 30.0 30.0 30.0 30.0 0.0
66.2 30.0 30.0 30.0 30.0 30.0 30.0 30.0 30.0 30.0 30.0 0.0
66.3 30.0 30.0 30.0 30.0 30.0 30.0 30.0 30.0 30.0 30.0 0.0
66.4 30.0 30.0 30.0 30.0 30.0 30.0 30.0 30.0 30.0 30.0 0.0
66.5 30.0 30.0 30.0 30.0 30.0 30.0 30.0 30.0 30.0 30.0 0.0
66.6 30.0 30.0 30.0 30.0 30.0 30.0 30.0 30.0 30.0 30.0 0.0
66.7 30.0 30.0 30.0 30.0 30.0 30.0 30.0 30.0 30.0 30.0 0.0
66.8 30.0 30.0 30.0 30.0 30.0 30.0 30.0 30.0 30.0 30.0 0.0
66.9 30.0 30.0 30.0 30.0 30.0 30.0 30.0 30.0 30.0 30.0 0.0
67.0 30.0 30.0 30.0 30.0 30.0 30.0 30.0 30.0 30.0 30.0 0.0
67.1 30.0 30.0 30.0 30.0 30.0 30.0 30.0 30.0 30.0 30.0 0.0
67.2 30.0 30.0 30.0 30.0 30.0 30.0 30.0 30.0 30.0 30.0 0.0
67.3 30.0 30.0 30.0 30.0 30.0 30.0 30.0 30.0 30.0 30.0 0.0
67.4 30.0 30.0 30.0 30.0 30.0 30.0 30.0 30.0 30.0 30.0 0.0
67.5 30.0 30.0 30.0 30.0 30.0 30.0 30.0 30.0 30.0 30.0 0.0
67.6 30.0 30.0 30.0 30.0 30.0 30.0 30.0 30.0 30.0 30.0 0.0
67.7 30.0 30.0 30.0 30.0 30.0 30.0 30.0 30.0 30.0 30.0 0.0
67.8 30.0 30.0 30.0 30.0 30.0 30.0 30.0 30.0 30.0 30.0 0.0
67.9 30.0 30.0 30.0 30.0 30.0 30.0 30.0 30.0 30.0 30.0 0.0
68.0 30.0 30.0 30.0 30.0 30.0 30.0 30.0 30.0 30.0 30.0 0.0
68.1 30.0 30.0 30.0 30.0 30.0 30.0 30.0 30.0 30.0 30.0 0.0
68.2 30.0 30.0 30.0 30.0 30.0 30.0 30.0 30.0 30.0 30.0 0.0
68.3 30.0 30.0 30.0 30.0 30.0 30.0 30.0 30.0 30.0 30.0 0.0
68.4 30.0 30.0 30.0 30.0 30.0 30.0 30.0 30.0 30.0 30.0 0.0
68.5 30.0 30.0 30.0 30.0 30.0 30.0 30.0 30.0 30.0 30.0 0.0
68.6 30.0 30.0 30.0 30.0 30.0 30.0 30.0 30.0 30.0 30.0 0.0
68.7 30.0 30.0 30.0 30.0 30.0 30.0 30.0 30.0 30.0 30.0 0.0
68.8 30.0 30.0 30.0 30.0 30.0 30.0 30.0 30.0 30.0 30.0 0.0
68.9 30.0 30.0 30.0 30.0 30.0 30.0 30.0 30.0 30.0 30.0 0.0
69.0 30.0 30.0 30.0 30.0 30.0 30.0 30.0 30.0 30.0 30.0 0.0
69.1 30.0 30.0 30.0 30.0 30.0 30.0 30.0 30.0 30.0 30.0 0.0
69.2 30.0 30.0 30.0 30.0 30.0 30.0 30.0 30.0 30.0 30.0 0.0
69.3 30.0 30.0 30.0 30.0 30.0 30.0 30.0 30.0 30.0 30.0 0.0
69.4 30.0 30.0 30.0 30.0 30.0 30.0 30.0 30.0 30.0 30.0 0.0
69.5 30.0 30.0 30.0 30.0 30.0 30.0 30.0 30.0 30.0 30.0 0.0
69.6 30.0 30.0 30.0 30.0 30.0 30.0 30.0 30.0 30.0 30.0 0.0
69.7 30.0 30.0 30.0 30.0 30.0 30.0 30.0 30.0 30.0 30.0 0.0
69.8 30.0 30.0 30.0 30.0 30.0 30.0 30.0 30.0 30.0 30.0 0.0
69.9 30.0 30.0 30.0 30.0 30.0 30.0 30.0 30.0 30.0 30.0 0.0
70.0 30.0 30.0 30.0 30.0 30.0 30.0 30.0 30.0 30.0 30.0 0.0
70.1 30.0 30.0 30.0 30.0 30.0 30.0 30.0 30.0 30.0 30.0 0.0
70.2 30.0 30.0 30.0 30.0 30.0 30.0 30.0 30.0 30.0 30.0 0.0
70.3 30.0 30.0 30.0 30.0 30.0 30.0 30.0 30.0 30.0 30.0 0.0
70.4 30.0 30.0 30.0 30.0 30.0 30.0 30.0 30.0 30.0 30.0 0.0
70.5 30.0 30.0 30.0 30.0 30.0 30.0 30.0 30.0 30.0 30.0 0.0
70.6 30.0 30.0 30.0 30.0 30.0 30.0 30.0 30.0 30.0 30.0 0.0
70.7 30.0 30.0 30.0 30.0 30.0 30.0 30.0 30.0 30.0 30.0 0.0
70.8 30.0 30.0 30.0 30.0 30.0 30.0 30.0 30.0 30.0 30.0 0.0
70.9 30.0 30.0 30.0 30.0 30.0 30.0 30.0 30.0 30.0 30.0 0.0
71.0 30.0 30.0 30.0 30.0 30.0 30.0 30.0 30.0 30.0 30.0 0.0
71.1 30.0 30.0 30.0 30.0 30.0 30.0 30.0 30.0 30.0 30.0 0.0
71.2 30.0 30.0 30.0 30.0 30.0 30.0 30.0 30.0 30.0 30.0 0.0
71.3 30.0 30.0 30.0 30.0 30.0 30.0 30.0 30.0 30.0 30.0 0.0
71.4 30.0 30.0 30.0 30.0 30.0 30.0 30.0 30.0 30.0 30.0 0.0
71.5 30.0 30.0 30.0 30.0 30.0 30.0 30.0 30.0 30.0 30.0 0.0
71.6 30.0 30.0 30.0 30.0 30.0 30.0 30.0 30.0 30.0 30.0 0.0
71.7 30.0 30.0 30.0 30.0 30.0 30.0 30.0 30.0 30.0 30.0 0.0
71.8 30.0 30.0 30.0 30.0 30.0 30.0 30.0 30.0 30.0 30.0 0.0
71.9 30.0 30.0 30.0 30.0 30.0 30.0 30.0 30.0 30.0 30.0 0.0
72.0 30.0 30.0 30.0 30.0 30.0 30.0 30.0 30.0 30.0 30.0 0.0
72.1 30.0 30.0 30.0 30.0 30.0 30.0 30.0 30.0 30.0 30.0 0.0
72.2 30.0 30.0 30.0 30.0 30.0 30.0 30.0 30.0 30.0 30.0 0.0
72.3 30.0 30.0 30.0 30.0 30.0 30.0 30.0 30.0 30.0 30.0 0.0
72.4 30.0 30.0 30.0 30.0 30.0 30.0 30.0 30.0 30.0 30.0 0.0
72.5 30.0 30.0 30.0 30.0 30.0 30.0 30.0 30.0 30.0 30.0 0.0
72.6 30.0 30.0 30.0 30.0 30.0 30.0 30.0 30.0 30.0 30.0 0.0
72.7 30.0 30.0 30.0 30.0 30.0 30.0 30.0 30.0 30.0 30.0 0.0
72.8 30.0 30.0 30.0 30.0 30.0 30.0 30.0 30.0 30.0 30.0 0.0
72.9 30.0 30.0 30.0 30.0 30.0 30.0 30.0 30.0 30.0 30.0 0.0
73.0 30.0 30.0 30.0 30.0 30.0 30.0 30.0 30.0 30.0 30.0 0.0
73.1 30.0 30.0 30.0 30.0 30.0 30.0 30.0 30.0 30.0 30.0 0.0
73.2 30.0 30.0 30.0 30.0 30.0 30.0 30.0 30.0 30.0 30.0 0.0
73.3 30.0 30.0 30.0 30.0 30.0 30.0 30.0 30.0 30.0 30.0 0.0
73.4 30.0 30.0 30.0 30.0 30.0 30.0 30.0 30.0 30.0 30.0 0.0
73.5 30.0 30.0 30.0 30.0 30.0 30.0 30.0 30.0 30.0 30.0 0.0
73.6 30.0 30.0 30.0 30.0 30.0 30.0 30.0 30.0 30.0 30.0 0.0
73.7 30.0 30.0 30.0 30.0 30.0 30.0 30.0 30.0 30.0 30.0 0.0
73.8 30.0 30.0 30.0 30.0 30.0 30.0 30.0 30.0 30.0 30.0 0.0
73.9 30.0 30.0 30.0 30.0 30.0 30.0 30.0 30.0 30.0 30.0 0.0
74.0 30.0 30.0 30.0 30.0 30.0 30.0 30.0 30.0 30.0 30.0 0.0
74.1 30.0 30.0 30.0 30.0 30.0 30.0 30.0 30.0 30.0 30.0 0.0
74.2 30.0 30.0 30.0 30.0 30.0 30.0 30.0 30.0 30.0 30.0 0.0
74.3 30.0 30.0 30.0 30.0 30.0 30.0 30.0 30.0 30.0 30.0 0.0
74.4 30.0 30.0 30.0 30.0 30.0 30.0 30.0 30.0 30.0 30.0 0.0
74.5 30.0 30.0 30.0 30.0 30.0 30.0 30.0 30.0 30.0 30.0 0.0
74.6 30.0 30.0 30.0 30.0 30.0 30.0 30.0 30.0 30.0 30.0 0.0
74.7 30.0 30.0 30.0 30.0 30.0 30.0 30.0 30.0 30.0 30.0 0.0
74.8 30.0 30.0 30.0 30.0 30.0 30.0 30.0 30.0 30.0 30.0 0.0
74.9 30.0 30.0 30.0 30.0 30.0 30.0 30.0 30.0 30.0 30.0 0.0
75.0 30.0 30.0 30.0 30.0 30.0 30.0 30.0 30.0 30.0 30.0 0.0
75.1 30.0 30.0 30.0 30.0 30.0 30.0 30.0 30.0 30.0 30.0 0.0
75.2 30.0 30.0 30.0 30.0 30.0 30.0 30.0 30.0 30.0 30.0 0.0
75.3 30.0 30.0 30.0 30.0 30.0 30.0 30.0 30.0 30.0 30.0 0.0
75.4 30.0 30.0 30.0 30.0 30.0 30.0 30.0 30.0 30.0 30.0 0.0
75.5 30.0 30.0 30.0 30.0 30.0 30.0 30.0 30.0 30.0 30.0 0.0
75.6 30.0 30.0 30.0 30.0 30.0 30.0 30.0 30.0 30.0 30.0 0.0
75.7 30.0 30.0 30.0 30.0 30.0 30.0 30.0 30.0 30.0 30.0 0.0
75.8 30.0 30.0 30.0 30.0 30.0 30.0 30.0 30.0 30.0 30.0 0.0
75.9 30.0 30.0 30.0 30.0 30.0 30.0 30.0 30.0 30.0 30.0 0.0
76.0 30.0 30.0 30.0 30.0 30.0 30.0 30.0 30.0 30.0 30.0 0.0
76.1 30.0 30.0 30.0 30.0 30.0 30.0 30.0 30.0 30.0 30.0 0.0
76.2 30.0 30.0 30.0 30.0 30.0 30.0 30.0 30.0 30.0 30.0 0.0
76.3 30.0 30.0 30.0 30.0 30.0 30.0 30.0 30.0 30.0 30.0 0.0
76.4 30.0 30.0 30.0 30.0 30.0 30.0 30.0 30.0 30.0 30.0 0.0
76.5 30.0 30.0 30.0 30.0 30.0 30.0 30.0 30.0 30.0 30.0 0.0
76.6 30.0 30.0 30.0 30.0 30.0 30.0 30.0 30.0 30.0 30.0 0.0
76.7 30.0 30.0 30.0 30.0 30.0 30.0 30.0 30.0 30.0 30.0 0.0
76.8 30.0 30.0 30.0 30.0 30.0 30.0 30.0 30.0 30.0 30.0 0.0
76.9 30.0 30.0 30.0 30.0 30.0 30.0 30.0 30.0 30.0 30.0 0.0
77.0 30.0 30.0 30.0 30.0 30.0 30.0 30.0 30.0 30.0 30.0 0.0
77.1 30.0 30.0 30.0 30.0 30.0 30.0 30.0 30.0 30.0 30.0 0.0
77.2 30.0 30.0 30.0 30.0 30.0 30.0 30.0 30.0 30.0 30.0 0.0
77.3 30.0 30.0 30.0 30.0 30.0 30.0 30.0 30.0 30.0 30.0 0.0
77.4 30.0 30.0 30.0 30.0 30.0 30.0 30.0 30.0 30.0 30.0 0.0
77.5 30.0 30.0 30.0 30.0 30.0 30.0 30.0 30.0 30.0 30.0 0.0
77.6 30.0 30.0 30.0 30.0 30.0 30.0 30.0 30.0 30.0 30.0 0.0
77.7 30.0 30.0 30.0 30.0 30.0 30.0 30.0 30.0 30.0 30.0 0.0
77.8 30.0 30.0 30.0 30.0 30.0 30.0 30.0 30.0 30.0 30.0 0.0
77.9 30.0 30.0 30.0 30.0 30.0 30.0 30.0 30.0 30.0 30.0 0.0
78.0 30.0 30.0 30.0 30.0 30.0 30.0 30.0 30.0 30.0 30.0 0.0
78.1 30.0 30.0 30.0 30.0 30.0 30.0 30.0 30.0 30.0 30.0 0.0
78.2 30.0 30.0 30.0 30.0 30.0 30.0 30.0 30.0 30.0 30.0 0.0
78.3 30.0 30.0 30.0 30.0 30.0 30.0 30.0 30.0 30.0 30.0 0.0
78.4 30.0 30.0 30.0 30.0 30.0 30.0 30.0 30.0 30.0 30.0 0.0
78.5 30.0 30.0 30.0 30.0 30.0 30.0 30.0 30.0 30.0 30.0 0.0
78.6 30.0 30.0 30.0 30.0 30.0 30.0 30.0 30.0 30.0 30.0 0.0
78.7 30.0 30.0 30.0 30.0 30.0 30.0 30.0 30.0 30.0 30.0 0.0
78.8 30.0 30.0 30.0 30.0 30.0 30.0 30.0 30.0 30.0 30.0 0.0
78.9 30.0 30.0 30.0 30.0 30.0 30.0 30.0 30.0 30.0 30.0 0.0
79.0 30.0 30.0 30.0 30.0 30.0 30.0 30.0 30.0 30.0 30.0 0.0
79.1 30.0 30.0 30.0 30.0 30.0 30.0 30.0 30.0 30.0 30.0 0.0
79.2 30.0 30.0 30.0 30.0 30.0 30.0 30.0 30.0 30.0 30.0 0.0
79.3 30.0 30.0 30.0 30.0 30.0 30.0 30.0 30.0 30.0 30.0 0.0
79.4 30.0 30.0 30.0 30.0 30.0 30.0 30.0 30.0 30.0 30.0 0.0
79.5 30.0 30.0 30.0 30.0 30.0 30.0 30.0 30.0 30.0 30.0 0.0
79.6 30.0 30.0 30.0 30.0 30.0 30.0 30.0 30.0 30.0 30.0 0.0
79.7 30.0 30.0 30.0 30.0 30.0 30.0 30.0 30.0 30.0 30.0 0.0
79.8 30.0 30.0 30.0 30.0 30.0 30.0 30.0 30.0 30.0 30.0 0.0
79.9 30.0 30.0 30.0 30.0 30.0 30.0 30.0 30.0 30.0 30.0 0.0
80.0 30.0 30.0 30.0 30.0 30.0 30.0 30.0 30.0 30.0 30.0 0.0
80.1 30.0 30.0 30.0 30.0 30.0 30.0 30.0 30.0 30.0 30.0 0.0
80.2 30.0 30.0 30.0 30.0 30.0 30.0 30.0 30.0 30.0 30.0 0.0
80.3 30.0 30.0 30.0 30.0 30.0 30.0 30.0 30.0 30.0 30.0 0.0
80.4 30.0 30.0 30.0 30.0 30.0 30.0 30.0 30.0 30.0 30.0 0.0
80.5 30.0 30.0 30.0 30.0 30.0 30.0 30.0 30.0 30.0 30.0 0.0
80.6 30.0 30.0 30.0 30.0 30.0 30.0 30.0 30.0 30.0 30.0 0.0
80.7 30.0 30.0 30.0 30.0 30.0 30.0 30.0 30.0 30.0 30.0 0.0
80.8 30.0 30.0 30.0 30.0 30.0 30.0 30.0 30.0 30.0 30.0 0.0
80.9 30.0 30.0 30.0 30.0 30.0 30.0 30.0 30.0 30.0 30.0 0.0
81.0 30.0 30.0 30.0 30.0 30.0 30.0 30.0 30.0 30.0 30.0 0.0
81.1 30.0 30.0 30.0 30.0 30.0 30.0 30.0 30.0 30.0 30.0 0.0
81.2 30.0 30.0 30.0 30.0 30.0 30.0 30.0 30.0 30.0 30.0 0.0
81.3 30.0 30.0 30.0 30.0 30.0 30.0 30.0 30.0 30.0 30.0 0.0
81.4 30.0 30.0 30.0 30.0 30.0 30.0 30.0 30.0 30.0 30.0 0.0
81.5 30.0 30.0 30.0 30.0 30.0 30.0 30.0 30.0 30.0 30.0 0.0
81.6 30.0 30.0 30.0 30.0 30.0 30.0 30.0 30.0 30.0 30.0 0.0
81.7 30.0 30.0 30.0 30.0 30.0 30.0 30.0 30.0 30.0 30.0 0.0
81.8 30.0 30.0 30.0 30.0 30.0 30.0 30.0 30.0 30.0 30.0 0.0
81.9 30.0 30.0 30.0 30.0 30.0 30.0 30.0 30.0 30.0 30.0 0.0
82.0 30.0 30.0 30.0 30.0 30.0 30.0 30.0 30.0 30.0 30.0 0.0
82.1 30.0 30.0 30.0 30.0 30.0 30.0 30.0 30.0 30.0 30.0 0.0
82.2 30.0 30.0 30.0 30.0 30.0 30.0 30.0 30.0 30.0 30.0 0.0
82.3 30.0 30.0 30.0 30.0 30.0 30.0 30.0 30.0 30.0 30.0 0.0
82.4 30.0 30.0 30.0 30.0 30.0 30.0 30.0 30.0 30.0 30.0 0.0
82.5 30.0 30.0 30.0 30.0 30.0 30.0 30.0 30.0 30.0 30.0 0.0
82.6 30.0 30.0 30.0 30.0 30.0 30.0 30.0 30.0 30.0 30.0 0.0
82.7 30.0 30.0 30.0 30.0 30.0 30.0 30.0 30.0 30.0 30.0 0.0
82.8 30.0 30.0 30.0 30.0 30.0 30.0 30.0 30.0 30.0 30.0 0.0
82.9 30.0 30.0 30.0 30.0 30.0 30.0 30.0 30.0 30.0 30.0 0.0
83.0 30.0 30.0 30.0 30.0 30.0 30.0 30.0 30.0 30.0 30.0 0.0
83.1 30.0 30.0 30.0 30.0 30.0 30.0 30.0 30.0 30.0 30.0 0.0
83.2 30.0 30.0 30.0 30.0 30.0 30.0 30.0 30.0 30.0 30.0 0.0
83.3 30.0 30.0 30.0 30.0 30.0 30.0 30.0 30.0 30.0 30.0 0.0
83.4 30.0 30.0 30.0 30.0 30.0 30.0 30.0 30.0 30.0 30.0 0.0
83.5 30.0 30.0 30.0 30.0 30.0 30.0 30.0 30.0 30.0 30.0 0.0
83.6 30.0 30.0 30.0 30.0 30.0 30.0 30.0 30.0 30.0 30.0 0.0
83.7 30.0 30.0 30.0 30.0 30.0 30.0 30.0 30.0 30.0 30.0 0.0
83.8 30.0 30.0 30.0 30.0 30.0 30.0 30.0 30.0 30.0 30.0 0.0
83.9 30.0 30.0 30.0 30.0 30.0 30.0 30.0 30.0 30.0 30.0 0.0
84.0 30.0 30.0 30.0 30.0 30.0 30.0 30.0 30.0 30.0 30.0 0.0
84.1 30.0 30.0 30.0 30.0 30.0 30.0 30.0 30.0 30.0 30.0 0.0
84.2 30.0 30.0 30.0 30.0 30.0 30.0 30.0 30.0 30.0 30.0 0.0
84.3 30.0 30.0 30.0 30.0 30.0 30.0 30.0 30.0 30.0 30.0 0.0
84.4 30.0 30.0 30.0 30.0 30.0 30.0 30.0 30.0 30.0 30.0 0.0
84.5 30.0 30.0 30.0 30.0 30.0 30.0 30.0 30.0 30.0 30.0 0.0
84.6 30.0 30.0 30.0 30.0 30.0 30.0 30.0 30.0 30.0 30.0 0.0
84.7 30.0 30.0 30.0 30.0 30.0 30.0 30.0 30.0 30.0 30.0 0.0
84.8 30.0 30.0 30.0 30.0 30.0 30.0 30.0 30.0 30.0 30.0 0.0
84.9 30.0 30.0 30.0 30.0 30.0 30.0 30.0 30.0 30.0 30.0 0.0
85.0 30.0 30.0 30.0 30.0 30.0 30.0 30.0 30.0 30.0 30.0 0.0
85.1 30.0 30.0 30.0 30.0 30.0 30.0 30.0 30.0 30.0 30.0 0.0
85.2 30.0 30.0 30.0 30.0 30.0 30.0 30.0 30.0 30.0 30.0 0.0
85.3 30.0 30.0 30.0 30.0 30.0 30.0 30.0 30.0 30.0 30.0 0.0
85.4 30.0 30.0 30.0 30.0 30.0 30.0 30.0 30.0 30.0 30.0 0.0
85.5 30.0 30.0 30.0 30.0 30.0 30.0 30.0 30.0 30.0 30.0 0.0
85.6 30.0 30.0 30.0 30.0 30.0 30.0 30.0 30.0 30.0 30.0 0.0
85.7 30.0 30.0 30.0 30.0 30.0 30.0 30.0 30.0 30.0 30.0 0.0
85.8 30.0 30.0 30.0 30.0 30.0 30.0 30.0 30.0 30.0 30.0 0.0
85.9 30.0 30.0 30.0 30.0 30.0 30.0 30.0 30.0 30.0 30.0 0.0
86.0 30.0 30.0 30.0 30.0 30.0 30.0 30.0 30.0 30.0 30.0 0.0
86.1 30.0 30.0 30.0 30.0 30.0 30.0 30.0 30.0 30.0 30.0 0.0
86.2 30.0 30.0 30.0 30.0 30.0 30.0 30.0 30.0 30.0 30.0 0.0
86.3 30.0 30.0 30.0 30.0 30.0 30.0 30.0 30.0 30.0 30.0 0.0
86.4 30.0 30.0 30.0 30.0 30.0 30.0 30.0 30.0 30.0 30.0 0.0
86.5 30.0 30.0 30.0 30.0 30.0 30.0 30.0 30.0 30.0 30.0 0.0
86.6 30.0 30.0 30.0 30.0 30.0 30.0 30.0 30.0 30.0 30.0 0.0
86.7 30.0 30.0 30.0 30.0 30.0 30.0 30.0 30.0 30.0 30.0 0.0
86.8 30.0 30.0 30.0 30.0 30.0 30.0 30.0 30.0 30.0 30.0 0.0
86.9 30.0 30.0 30.0 30.0 30.0 30.0 30.0 30.0 30.0 30.0 0.0
87.0 30.0 30.0 30.0 30.0 30.0 30.0 30.0 30.0 30.0 30.0 0.0
87.1 30.0 30.0 30.0 30.0 30.0 30.0 30.0 30.0 30.0 30.0 0.0
87.2 30.0 30.0 30.0 30.0 30.0 30.0 30.0 30.0 30.0 30.0 0.0
87.3 30.0 30.0 30.0 30.0 30.0 30.0 30.0 30.0 30.0 30.0 0.0
87.4 30.0 30.0 30.0 30.0 30.0 30.0 30.0 30.0 30.0 30.0 0.0
87.5 30.0 30.0 30.0 30.0 30.0 30.0 30.0 30.0 30.0 30.0 0.0
87.6 30.0 30.0 30.0 30.0 30.0 30.0 30.0 30.0 30.0 30.0 0.0
87.7 30.0 30.0 30.0 30.0 30.0 30.0 30.0 30.0 30.0 30.0 0.0
87.8 30.0 30.0 30.0 30.0 30.0 30.0 30.0 30.0 30.0 30.0 0.0
87.9 30.0 30.0 30.0 30.0 30.0 30.0 30.0 30.0 30.0 30.0 0.0
88.0 30.0 30.0 30.0 30.0 30.0 30.0 30.0 30.0 30.0 30.0 0.0
88.1 30.0 30.0 30.0 30.0 30.0 30.0 30.0 30.0 30.0 30.0 0.0
88.2 30.0 30.0 30.0 30.0 30.0 30.0 30.0 30.0 30.0 30.0 0.0
88.3 30.0 30.0 30.0 30.0 30.0 30.0 30.0 30.0 30.0 30.0 0.0
88.4 30.0 30.0 30.0 30.0 30.0 30.0 30.0 30.0 30.0 30.0 0.0
88.5 30.0 30.0 30.0 30.0 30.0 30.0 30.0 30.0 30.0 30.0 0.0
88.6 30.0 30.0 30.0 30.0 30.0 30.0 30.0 30.0 30.0 30.0 0.0
88.7 30.0 30.0 30.0 30.0 30.0 30.0 30.0 30.0 30.0 30.0 0.0
88.8 30.0 30.0 30.0 30.0 30.0 30.0 30.0 30.0 30.0 30.0 0.0
88.9 30.0 30.0 30.0 30.0 30.0 30.0 30.0 30.0 30.0 30.0 0.0
89.0 30.0 30.0 30.0 30.0 30.0 30.0 30.0 30.0 30.0 30.0 0.0
89.1 30.0 30.0 30.0 30.0 30.0 30.0 30.0 30.0 30.0 30.0 0.0
89.2 30.0 30.0 30.0 30.0 30.0 30.0 30.0 30.0 30.0 30.0 0.0
89.3 30.0 30.0 30.0 30.0 30.0 30.0 30.0 30.0 30.0 30.0 0.0
89.4 30.0 30.0 30.0 30.0 30.0 30.0 30.0 30.0 30.0 30.0 0.0
89.5 30.0 30.0 30.0 30.0 30.0 30.0 30.0 30.0 30.0 30.0 0.0
89.6 30.0 30.0 30.0 30.0 30.0 30.0 30.0 30.0 30.0 30.0 0.0
89.7 30.0 30.0 30.0 30.0 30.0 30.0 30.0 30.0 30.0 30.0 0.0
89.8 30.0 30.0 30.0 30.0 30.0 30.0 30.0 30.0 30.0 30.0 0.0
89.9 30.0 30.0 30.0 30.0 30.0 30.0 30.0 30.0 30.0 30.0 0.0
90.0 30.0 30.0 30.0 30.0 30.0 30.0 30.0 30.0 30.0 30.0 0.0
90.1 30.0 30.0 30.0 30.0 30.0 30.0 30.0 30.0 30.0 30.0 0.0
90.2 30.0 30.0 30.0 30.0 30.0 30.0 30.0 30.0 30.0 30.0 0.0
90.3 30.0 30.0 30.0 30.0 30.0 30.0 30.0 30.0 30.0 30.0 0.0
90.4 30.0 30.0 30.0 30.0 30.0 30.0 30.0 30.0 30.0 30.0 0.0
90.5 30.0 30.0 30.0 30.0 30.0 30.0 30.0 30.0 30.0 30.0 0.0
90.6 30.0 30.0 30.0 30.0 30.0 30.0 30.0 30.0 30.0 30.0 0.0
90.7 30.0 30.0 30.0 30.0 30.0 30.0 30.0 30.0 30.0 30.0 0.0
90.8 30.0 30.0 30.0 30.0 30.0 30.0 30.0 30.0 30.0 30.0 0.0
90.9 30.0 30.0 30.0 30.0 30.0 30.0 30.0 30.0 30.0 30.0 0.0
91.0 30.0 30.0 30.0 30.0 30.0 30.0 30.0 30.0 30.0 30.0 0.0
91.1 30.0 30.0 30.0 30.0 30.0 30.0 30.0 30.0 30.0 30.0 0.0
91.2 30.0 30.0 30.0 30.0 30.0 30.0 30.0 30.0 30.0 30.0 0.0
91.3 30.0 30.0 30.0 30.0 30.0 30.0 30.0 30.0 30.0 30.0 0.0
91.4 30.0 30.0 30.0 30.0 30.0 30.0 30.0 30.0 30.0 30.0 0.0
91.5 30.0 30.0 30.0 30.0 30.0 30.0 30.0 30.0 30.0 30.0 0.0
91.6 30.0 30.0 30.0 30.0 30.0 30.0 30.0 30.0 30.0 30.0 0.0
91.7 30.0 30.0 30.0 30.0 30.0 30.0 30.0 30.0 30.0 30.0 0.0
91.8 30.0 30.0 30.0 30.0 30.0 30.0 30.0 30.0 30.0 30.0 0.0
91.9 30.0 30.0 30.0 30.0 30.0 30.0 30.0 30.0 30.0 30.0 0.0
92.0 30.0 30.0 30.0 30.0 30.0 30.0 30.0 30.0 30.0 30.0 0.0
92.1 30.0 30.0 30.0 30.0 30.0 30.0 30.0 30.0 30.0 30.0 0.0
92.2 30.0 30.0 30.0 30.0 30.0 30.0 30.0 30.0 30.0 30.0 0.0
92.3 30.0 30.0 30.0 30.0 30.0 30.0 30.0 30.0 30.0 30.0 0.0
92.4 30.0 30.0 30.0 30.0 30.0 30.0 30.0 30.0 30.0 30.0 0.0
92.5 30.0 30.0 30.0 30.0 30.0 30.0 30.0 30.0 30.0 30.0 0.0
92.6 30.0 30.0 30.0 30.0 30.0 30.0 30.0 30.0 30.0 30.0 0.0
92.7 30.0 30.0 30.0 30.0 30.0 30.0 30.0 30.0 30.0 30.0 0.0
92.8 30.0 30.0 30.0 30.0 30.0 30.0 30.0 30.0 30.0 30.0 0.0
92.9 30.0 30.0 30.0 30.0 30.0 30.0 30.0 30.0 30.0 30.0 0.0
93.0 30.0 30.0 30.0 30.0 30.0 30.0 30.0 30.0 30.0 30.0 0.0
93.1 30.0 30.0 30.0 30.0 30.0 30.0 30.0 30.0 30.0 30.0 0.0
93.2 30.0 30.0 30.0 30.0 30.0 30.0 30.0 30.0 30.0 30.0 0.0
93.3 30.0 30.0 30.0 30.0 30.0 30.0 30.0 30.0 30.0 30.0 0.0
93.4 30.0 30.0 30.0 30.0 30.0 30.0 30.0 30.0 30.0 30.0 0.0
93.5 30.0 30.0 30.0 30.0 30.0 30.0 30.0 30.0 30.0 30.0 0.0
93.6 30.0 30.0 30.0 30.0 30.0 30.0 30.0 30.0 30.0 30.0 0.0
93.7 30.0 30.0 30.0 30.0 30.0 30.0 30.0 30.0 30.0 30.0 0.0
93.8 30.0 30.0 30.0 30.0 30.0 30.0 30.0 30.0 30.0 30.0 0.0
93.9 30.0 30.0 30.0 30.0 30.0 30.0 30.0 30.0 30.0 30.0 0.0
94.0 30.0 30.0 30.0 30.0 30.0 30.0 30.0 30.0 30.0 30.0 0.0
94.1 30.0 30.0 30.0 30.0 30.0 30.0 30.0 30.0 30.0 30.0 0.0
94.2 30.0 30.0 30.0 30.0 30.0 30.0 30.0 30.0 30.0 30.0 0.0
94.3 30.0 30.0 30.0 30.0 30.0 30.0 30.0 30.0 30.0 30.0 0.0
94.4 30.0 30.0 30.0 30.0 30.0 30.0 30.0 30.0 30.0 30.0 0.0
94.5 30.0 30.0 30.0 30.0 30.0 30.0 30.0 30.0 30.0 30.0 0.0
94.6 30.0 30.0 30.0 30.0 30.0 30.0 30.0 30.0 30.0 30.0 0.0
94.7 30.0 30.0 30.0 30.0 30.0 30.0 30.0 30.0 30.0 30.0 0.0
94.8 30.0 30.0 30.0 30.0 30.0 30.0 30.0 30.0 30.0 30.0 0.0
94.9 30.0 30.0 30.0 30.0 30.0 30.0 30.0 30.0 30.0 30.0 0.0
95.0 30.0 30.0 30.0 30.0 30.0 30.0 30.0 30.0 30.0 30.0 0.0
95.1 30.0 30.0 30.0 30.0 30.0 30.0 30.0 30.0 30.0 30.0 0.0
95.2 30.0 30.0 30.0 30.0 30.0 30.0 30.0 30.0 30.0 30.0 0.0
95.3 30.0 30.0 30.0 30.0 30.0 30.0 30.0 30.0 30.0 30.0 0.0
95.4 30.0 30.0 30.0 30.0 30.0 30.0 30.0 30.0 30.0 30.0 0.0
95.5 30.0 30.0 30.0 30.0 30.0 30.0 30.0 30.0 30.0 30.0 0.0
95.6 30.0 30.0 30.0 30.0 30.0 30.0 30.0 30.0 30.0 30.0 0.0
95.7 30.0 30.0 30.0 30.0 30.0 30.0 30.0 30.0 30.0 30.0 0.0
95.8 30.0 30.0 30.0 30.0 30.0 30.0 30.0 30.0 30.0 30.0 0.0
95.9 30.0 30.0 30.0 30.0 30.0 30.0 30.0 30.0 30.0 30.0 0.0
96.0 30.0 30.0 30.0 30.0 30.0 30.0 30.0 30.0 30.0 30.0 0.0
96.1 30.0 30.0 30.0 30.0 30.0 30.0 30.0 30.0 30.0 30.0 0.0
96.2 30.0 30.0 30.0 30.0 30.0 30.0 30.0 30.0 30.0 30.0 0.0
96.3 30.0 30.0 30.0 30.0 30.0 30.0 30.0 30.0 30.0 30.0 0.0
96.4 30.0 30.0 30.0 30.0 30.0 30.0 30.0 30.0 30.0 30.0 0.0
96.5 30.0 30.0 30.0 30.0 30.0 30.0 30.0 30.0 30.0 30.0 0.0
96.6 30.0 30.0 30.0 30.0 30.0 30.0 30.0 30.0 30.0 30.0 0.0
96.7 30.0 30.0 30.0 30.0 30.0 30.0 30.0 30.0 30.0 30.0 0.0
96.8 30.0 30.0 30.0 30.0 30.0 30.0 30.0 30.0 30.0 30.0 0.0
96.9 30.0 30.0 30.0 30.0 30.0 30.0 30.0 30.0 30.0 30.0 0.0
97.0 30.0 30.0 30.0 30.0 30.0 30.0 30.0 30.0 30.0 30.0 0.0
97.1 30.0 30.0 30.0 30.0 30.0 30.0 30.0 30.0 30.0 30.0 0.0
97.2 30.0 30.0 30.0 30.0 30.0 30.0 30.0 30.0 30.0 30.0 0.0
97.3 30.0 30.0 30.0 30.0 30.0 30.0 30.0 30.0 30.0 30.0 0.0
97.4 30.0 30.0 30.0 30.0 30.0 30.0 30.0 30.0 30.0 30.0 0.0
97.5 30.0 30.0 30.0 30.0 30.0 30.0 30.0 30.0 30.0 30.0 0.0
97.6 30.0 30.0 30.0 30.0 30.0 30.0 30.0 30.0 30.0 30.0 0.0
97.7 30.0 30.0 30.0 30.0 30.0 30.0 30.0 30.0 30.0 30.0 0.0
97.8 30.0 30.0 30.0 30.0 30.0 30.0 30.0 30.0 30.0 30.0 0.0
97.9 30.0 30.0 30.0 30.0 30.0 30.0 30.0 30.0 30.0 30.0 0.0
98.0 30.0 30.0 30.0 30.0 30.0 30.0 30.0 30.0 30.0 30.0 0.0
98.1 30.0 30.0 30.0 30.0 30.0 30.0 30.0 30.0 30.0 30.0 0.0
98.2 30.0 30.0 30.0 30.0 30.0 30.0 30.0 30.0 30.0 30.0 0.0
98.3 30.0 30.0 30.0 30.0 30.0 30.0 30.0 30.0 30.0 30.0 0.0
98.4 30.0 30.0 30.0 30.0 30.0 30.0 30.0 30.0 30.0 30.0 0.0
98.5 30.0 30.0 30.0 30.0 30.0 30.0 30.0 30.0 30.0 30.0 0.0
98.6 30.0 30.0 30.0 30.0 30.0 30.0 30.0 30.0 30.0 30.0 0.0
98.7 30.0 30.0 30.0 30.0 30.0 30.0 30.0 30.0 30.0 30.0 0.0
98.8 30.0 30.0 30.0 30.0 30.0 30.0 30.0 30.0 30.0 30.0 0.0
98.9 30.0 30.0 30.0 30.0 30.0 30.0 30.0 30.0 30.0 30.0 0.0
99.0 30.0 30.0 30.0 30.0 30.0 30.0 30.0 30.0 30.0 30.0 0.0
99.1 30.0 30.0 30.0 30.0 30.0 30.0 30.0 30.0 30.0 30.0 0.0
99.2 30.0 30.0 30.0 30.0 30.0 30.0 30.0 30.0 30.0 30.0 0.0
99.3 30.0 30.0 30.0 30.0 30.0 30.0 30.0 30.0 30.0 30.0 0.0
99.4 30.0 30.0 30.0 30.0 30.0 30.0 30.0 30.0 30.0 30.0 0.0
99.5 30.0 30.0 30.0 30.0 30.0 30.0 30.0 30.0 30.0 30.0 0.0
99.6 30.0 30.0 30.0 30.0 30.0 30.0 30.0 30.0 30.0 30.0 0.0
99.7 30.0 30.0 30.0 30.0 30.0 30.0 30.0 30.0 30.0 30.0 0.0
99.8 30.0 30.0 30.0 30.0 30.0 30.0 30.0 30.0 30.0 30.0 0.0
99.9 30.0 30.0 30.0 30.0 30.0 30.0 30.0 30.0 30.0 30.0 0.0
