0.0 30.0 30.0 30.0 30.0 30.0 30.0 30.0 30.0 30.0 30.0 30.0
0.1 30.0 30.0 30.0 30.0 30.0 30.0 30.0 30.0 30.0 30.0 30.0
0.2 30.0 30.0 30.0 30.0 30.0 30.0 30.0 30.0 30.0 30.0 30.0
0.3 30.0 30.0 30.0 30.0 30.0 30.0 30.0 30.0 30.0 30.0 30.0
0.4 30.0 30.0 30.0 30.0 30.0 30.0 30.0 30.0 30.0 30.0 30.0
0.5 30.0 30.0 30.0 30.0 30.0 30.0 30.0 30.0 30.0 30.0 30.0
0.6 30.0 30.0 30.0 30.0 30.0 30.0 30.0 30.0 30.0 30.0 30.0
0.7 30.0 30.0 30.0 30.0 30.0 30.0 30.0 30.0 30.0 30.0 30.0
0.8 30.0 30.0 30.0 30.0 30.0 30.0 30.0 30.0 30.0 30.0 30.0
0.9 30.0 30.0 30.0 30.0 30.0 30.0 30.0 30.0 30.0 30.0 30.0
1.0 30.0 30.0 30.0 30.0 30.0 30.0 30.0 30.0 30.0 30.0 30.0
1.1 30.0 30.0 30.0 30.0 30.0 30.0 30.0 30.0 30.0 30.0 30.0
1.2 30.0 30.0 30.0 30.0 30.0 30.0 30.0 30.0 30.0 30.0 30.0
1.3 30.0 30.0 30.0 30.0 30.0 30.0 30.0 30.0 30.0 30.0 30.0
1.4 30.0 30.0 30.0 30.0 30.0 30.0 30.0 30.0 30.0 30.0 30.0
1.5 30.0 30.0 30.0 30.0 30.0 30.0 30.0 30.0 30.0 30.0 30.0
1.6 30.0 30.0 30.0 30.0 30.0 30.0 30.0 30.0 30.0 30.0 30.0
1.7 30.0 30.0 30.0 30.0 30.0 30.0 30.0 30.0 30.0 30.0 30.0
1.8 30.0 30.0 30.0 30.0 30.0 30.0 30.0 30.0 30.0 30.0 30.0
1.9 30.0 30.0 30.0 30.0 30.0 30.0 30.0 30.0 30.0 30.0 30.0
2.0 30.0 30.0 30.0 30.0 30.0 30.0 30.0 30.0 30.0 30.0 30.0
2.1 30.0 30.0 30.0 30.0 30.0 30.0 30.0 30.0 30.0 30.0 30.0
2.2 30.0 30.0 30.0 30.0 30.0 30.0 30.0 30.0 30.0 30.0 30.0
2.3 30.0 30.0 30.0 30.0 30.0 30.0 30.0 30.0 30.0 30.0 30.0
2.4 30.0 30.0 30.0 30.0 30.0 30.0 30.0 30.0 30.0 30.0 30.0
2.5 30.0 30.0 30.0 30.0 30.0 30.0 30.0 30.0 30.0 30.0 30.0
2.6 30.0 30.0 30.0 30.0 30.0 30.0 30.0 30.0 30.0 30.0 30.0
2.7 30.0 30.0 30.0 30.0 30.0 30.0 30.0 30.0 30.0 30.0 30.0
2.8 30.0 30.0 30.0 30.0 30.0 30.0 30.0 30.0 30.0 30.0 30.0
2.9 30.0 30.0 30.0 30.0 30.0 30.0 30.0 30.0 30.0 30.0 30.0
3.0 30.0 30.0 30.0 30.0 30.0 30.0 30.0 30.0 30.0 30.0 30.0
3.1 30.0 30.0 30.0 30.0 30.0 30.0 30.0 30.0 30.0 30.0 30.0
3.2 30.0 30.0 30.0 30.0 30.0 30.0 30.0 30.0 30.0 30.0 30.0
3.3 30.0 30.0 30.0 30.0 30.0 30.0 30.0 30.0 30.0 30.0 30.0
3.4 30.0 30.0 30.0 30.0 30.0 30.0 30.0 30.0 30.0 30.0 30.0
3.5 30.0 30.0 30.0 30.0 30.0 30.0 30.0 30.0 30.0 30.0 30.0
3.6 30.0 30.0 30.0 30.0 30.0 30.0 30.0 30.0 30.0 30.0 30.0
3.7 30.0 30.0 30.0 30.0 30.0 30.0 30.0 30.0 30.0 30.0 30.0
3.8 30.0 30.0 30.0 30.0 30.0 30.0 30.0 30.0 30.0 30.0 30.0
3.9 30.0 30.0 30.0 30.0 30.0 30.0 30.0 30.0 30.0 30.0 30.0
4.0 30.0 30.0 30.0 30.0 30.0 30.0 30.0 30.0 30.0 30.0 30.0
4.1 30.0 30.0 30.0 30.0 30.0 30.0 30.0 30.0 30.0 30.0 30.0
4.2 30.0 30.0 30.0 30.0 30.0 30.0 30.0 30.0 30.0 30.0 30.0
4.3 30.0 30.0 30.0 30.0 30.0 30.0 30.0 30.0 30.0 30.0 30.0
4.4 30.0 30.0 30.0 30.0 30.0 30.0 30.0 30.0 30.0 30.0 30.0
4.5 30.0 30.0 30.0 30.0 30.0 30.0 30.0 30.0 30.0 30.0 30.0
4.6 30.0 30.0 30.0 30.0 30.0 30.0 30.0 30.0 30.0 30.0 30.0
4.7 30.0 30.0 30.0 30.0 30.0 30.0 30.0 30.0 30.0 30.0 30.0
4.8 30.0 30.0 30.0 30.0 30.0 30.0 30.0 30.0 30.0 30.0 30.0
4.9 30.0 30.0 30.0 30.0 30.0 30.0 30.0 30.0 30.0 30.0 30.0
5.0 30.0 30.0 30.0 30.0 30.0 30.0 30.0 30.0 30.0 30.0 30.0
5.1 30.0 30.0 30.0 30.0 30.0 30.0 30.0 30.0 30.0 30.0 30.0
5.2 30.0 30.0 30.0 30.0 30.0 30.0 30.0 30.0 30.0 30.0 30.0
5.3 30.0 30.0 30.0 30.0 30.0 30.0 30.0 30.0 30.0 30.0 30.0
5.4 30.0 30.0 30.0 30.0 30.0 30.0 30.0 30.0 30.0 30.0 30.0
5.5 30.0 30.0 30.0 30.0 30.0 30.0 30.0 30.0 30.0 30.0 30.0
5.6 30.0 30.0 30.0 30.0 30.0 30.0 30.0 30.0 30.0 30.0 30.0
5.7 30.0 30.0 30.0 30.0 30.0 30.0 30.0 30.0 30.0 30.0 30.0
5.8 30.0 30.0 30.0 30.0 30.0 30.0 30.0 30.0 30.0 30.0 30.0
5.9 30.0 30.0 30.0 30.0 30.0 30.0 30.0 30.0 30.0 30.0 30.0
6.0 30.0 30.0 30.0 30.0 30.0 30.0 30.0 30.0 30.0 30.0 30.0
6.1 30.0 30.0 30.0 30.0 30.0 30.0 30.0 30.0 30.0 30.0 30.0
6.2 30.0 30.0 30.0 30.0 30.0 30.0 30.0 30.0 30.0 30.0 30.0
6.3 30.0 30.0 30.0 30.0 30.0 30.0 30.0 30.0 30.0 30.0 30.0
6.4 30.0 30.0 30.0 30.0 30.0 30.0 30.0 30.0 30.0 30.0 30.0
6.5 30.0 30.0 30.0 30.0 30.0 30.0 30.0 30.0 30.0 30.0 30.0
6.6 30.0 30.0 30.0 30.0 30.0 30.0 30.0 30.0 30.0 30.0 30.0
6.7 30.0 30.0 30.0 30.0 30.0 30.0 30.0 30.0 30.0 30.0 30.0
6.8 30.0 29.548913043477462 30.0 30.0 30.0 30.0 30.0 30.0 30.0 30.0 30.0
6.9 30.0 29.26871928166273 30.0 30.0 30.0 30.0 30.0 30.0 30.0 30.0 30.0
7.0 30.0 28.99461668858309 30.0 30.0 30.0 30.0 30.0 30.0 30.0 30.0 30.0
7.1 30.0 28.724838910805303 30.0 30.0 30.0 30.0 30.0 30.0 30.0 30.0 30.0
7.2 30.0 28.45673137945407 30.0 30.0 30.0 30.0 30.0 30.0 30.0 30.0 30.0
7.3 30.0 28.194581793243973 30.0 30.0 30.0 30.0 30.0 30.0 30.0 30.0 30.0
7.4 30.0 27.9368545205167 30.0 30.0 30.0 30.0 30.0 30.0 30.0 30.0 30.0
7.5 30.0 27.680562372323116 30.0 30.0 30.0 30.0 30.0 30.0 30.0 30.0 30.0
7.6 30.0 27.43009504567941 30.0 30.0 30.0 30.0 30.0 30.0 30.0 30.0 30.0
7.7 30.0 27.184978766609635 30.0 30.0 30.0 30.0 30.0 30.0 30.0 30.0 30.0
7.8 30.0 26.940211818548953 30.0 30.0 30.0 30.0 30.0 30.0 30.0 30.0 30.0
7.9 30.0 26.70113712509432 30.0 30.0 30.0 30.0 30.0 30.0 30.0 30.0 30.0
8.0 30.0 26.46762230823165 30.0 30.0 30.0 30.0 30.0 30.0 30.0 30.0 30.0
8.1 30.0 26.23571754632686 30.0 30.0 30.0 30.0 30.0 30.0 30.0 30.0 30.0
8.2 30.0 26.007724271414315 30.0 30.0 30.0 30.0 30.0 30.0 30.0 30.0 30.0
8.3 30.0 26.096111788761615 30.0 30.0 30.0 30.0 30.0 30.0 30.0 30.0 30.0
8.4 30.0 26.2062043652197 30.0 30.0 30.0 30.0 30.0 30.0 30.0 30.0 30.0
8.5 30.0 26.33748521366687 30.0 30.0 30.0 30.0 30.0 30.0 30.0 30.0 30.0
8.6 30.0 26.490625436287004 30.0 30.0 30.0 30.0 30.0 30.0 30.0 30.0 30.0
8.7 30.0 25.690625436287004 30.0 30.0 30.0 30.0 30.0 30.0 30.0 30.0 30.0
8.8 30.0 24.890625436287003 30.0 30.0 30.0 30.0 30.0 30.0 30.0 30.0 30.0
8.9 30.0 24.090625436287002 30.0 30.0 30.0 30.0 30.0 30.0 30.0 30.0 30.0
9.0 30.0 23.290625436287 30.0 30.0 30.0 30.0 30.0 30.0 30.0 30.0 30.0
9.1 30.0 22.777993857339478 30.0 30.0 30.0 30.0 30.0 30.0 30.0 30.0 30.0
9.2 30.0 22.616994018988425 30.0 30.0 30.0 30.0 30.0 30.0 30.0 30.0 30.0
9.3 30.0 22.460231018488727 30.0 30.0 30.0 30.0 30.0 30.0 30.0 30.0 30.0
9.4 30.0 22.3050958833536 30.0 30.0 30.0 30.0 30.0 30.0 30.0 30.0 30.0
9.5 30.0 22.15252572434405 30.0 30.0 30.0 30.0 30.0 30.0 30.0 30.0 30.0
9.6 30.0 22.004079083145562 30.0 30.0 30.0 30.0 30.0 30.0 30.0 30.0 30.0
9.7 30.0 21.85964451333083 30.0 30.0 30.0 30.0 30.0 30.0 30.0 30.0 30.0
9.8 30.0 21.719113580538078 30.0 30.0 30.0 30.0 30.0 30.0 30.0 30.0 30.0
9.9 30.0 21.581891358315822 30.0 30.0 30.0 30.0 30.0 30.0 30.0 30.0 30.0
10.0 30.0 21.445172153918122 30.0 30.0 30.0 30.0 30.0 30.0 30.0 30.0 30.0
10.1 30.0 21.312250705198185 30.0 30.0 30.0 30.0 30.0 30.0 30.0 30.0 30.0
10.2 30.0 21.545799296720496 30.0 30.0 30.0 30.0 30.0 30.0 30.0 30.0 30.0
10.3 30.0 21.795215550951827 30.0 30.0 30.0 30.0 30.0 30.0 30.0 30.0 30.0
10.4 30.0 22.063452968493692 30.0 30.0 30.0 30.0 30.0 30.0 30.0 30.0 30.0
10.5 30.0 22.35525153691277 30.0 30.0 30.0 30.0 30.0 30.0 30.0 30.0 30.0
10.6 30.0 21.55525153691277 30.0 30.0 30.0 30.0 30.0 30.0 30.0 30.0 30.0
10.7 30.0 20.75525153691277 30.0 30.0 30.0 30.0 30.0 30.0 30.0 30.0 30.0
10.8 30.0 19.95525153691277 30.0 30.0 30.0 30.0 30.0 30.0 30.0 30.0 30.0
10.9 30.0 19.15525153691277 30.0 30.0 30.0 30.0 30.0 30.0 30.0 30.0 30.0
11.0 30.0 18.687516641854575 30.0 30.0 30.0 30.0 30.0 30.0 30.0 30.0 30.0
11.1 30.0 18.626076743616515 30.0 30.0 30.0 30.0 30.0 30.0 30.0 30.0 30.0
11.2 30.0 18.56649866047659 30.0 30.0 30.0 30.0 30.0 30.0 30.0 30.0 30.0
11.3 30.0 18.508725973795435 30.0 30.0 30.0 30.0 30.0 30.0 30.0 30.0 30.0
11.4 30.0 18.452703974589504 30.0 30.0 30.0 30.0 30.0 30.0 30.0 30.0 30.0
11.5 30.0 18.39832897458947 30.0 30.0 30.0 30.0 30.0 30.0 30.0 30.0 30.0
11.6 30.0 18.34400619413351 30.0 30.0 30.0 30.0 30.0 30.0 30.0 30.0 30.0
11.7 30.0 18.291381000566812 30.0 30.0 30.0 30.0 30.0 30.0 30.0 30.0 30.0
11.8 30.0 18.240400344299058 30.0 30.0 30.0 30.0 30.0 30.0 30.0 30.0 30.0
11.9 30.0 18.191012833539727 30.0 30.0 30.0 30.0 30.0 30.0 30.0 30.0 30.0
12.0 30.0 18.143168682491574 30.0 30.0 30.0 30.0 30.0 30.0 30.0 30.0 30.0
12.1 30.0 18.50176451991639 30.0 30.0 30.0 30.0 30.0 30.0 30.0 30.0 30.0
12.2 30.0 18.872014079918912 30.0 30.0 30.0 30.0 30.0 30.0 30.0 30.0 30.0
12.3 30.0 19.259542663453118 30.0 30.0 30.0 30.0 30.0 30.0 30.0 30.0 30.0
12.4 30.0 19.659556114528 30.0 30.0 30.0 30.0 30.0 30.0 30.0 30.0 30.0
12.5 30.0 18.859556114528 30.0 30.0 30.0 30.0 30.0 30.0 30.0 30.0 30.0
12.6 30.0 18.059556114528 29.749872233386874 30.0 30.0 30.0 30.0 30.0 30.0 30.0 30.0
12.7 30.0 17.259556114528 29.106393972517314 30.0 30.0 30.0 30.0 30.0 30.0 30.0 30.0
12.8 30.0 16.459556114528 28.466393972517285 30.0 30.0 30.0 30.0 30.0 30.0 30.0 30.0
12.9 30.0 16.034904244043535 27.83003033615365 30.0 30.0 30.0 30.0 30.0 30.0 30.0 30.0
13.0 30.0 16.05574076924208 27.368935711112737 30.0 30.0 30.0 30.0 30.0 30.0 30.0 30.0
13.1 30.0 16.075882743600623 27.119458298861897 30.0 30.0 30.0 30.0 30.0 30.0 30.0 30.0
13.2 30.0 16.095353318813913 26.871999320534215 30.0 30.0 30.0 30.0 30.0 30.0 30.0 30.0
13.3 30.0 16.114174874853397 26.630435727570205 30.0 30.0 30.0 30.0 30.0 30.0 30.0 30.0
13.4 30.0 16.132369045691586 26.394497775085522 30.0 30.0 30.0 30.0 30.0 30.0 30.0 30.0
13.5 30.0 16.149956744168485 26.15882526764195 30.0 30.0 30.0 30.0 30.0 30.0 30.0 30.0
13.6 30.0 16.16695818602952 25.928893968738734 30.0 30.0 30.0 30.0 30.0 30.0 30.0 30.0
13.7 30.0 16.18339291316186 25.70456285098898 30.0 30.0 30.0 30.0 30.0 30.0 30.0 30.0
13.8 30.0 16.19927981605642 25.482906447472114 30.0 30.0 30.0 30.0 30.0 30.0 30.0 30.0
13.9 30.0 16.21463715552122 25.26422623836176 30.0 30.0 30.0 30.0 30.0 30.0 30.0 30.0
14.0 30.0 16.664815917003867 25.05099593851922 30.0 30.0 30.0 30.0 30.0 30.0 30.0 30.0
14.1 30.0 17.122569728810085 25.066054358229923 30.0 30.0 30.0 30.0 30.0 30.0 30.0 30.0
14.2 30.0 17.593454576267813 25.103472927388808 30.0 30.0 30.0 30.0 30.0 30.0 30.0 30.0
14.3 30.0 18.070738665251067 25.161486669961736 30.0 30.0 30.0 30.0 30.0 30.0 30.0 30.0
14.4 30.0 17.270738665251066 25.24448560969802 30.0 30.0 30.0 30.0 30.0 30.0 30.0 30.0
14.5 30.0 16.470738665251066 24.624485609698027 30.0 30.0 30.0 30.0 30.0 30.0 30.0 30.0
14.6 30.0 15.670738665251065 24.008873469455573 30.0 30.0 30.0 30.0 30.0 30.0 30.0 30.0
14.7 30.0 14.870738665251064 23.393488854070938 30.0 30.0 30.0 30.0 30.0 30.0 30.0 30.0
14.8 30.0 14.472497998634683 22.782962538281463 30.0 30.0 30.0 30.0 30.0 30.0 30.0 30.0
14.9 30.0 14.550623070112033 22.374967024755495 30.0 30.0 30.0 30.0 30.0 30.0 30.0 30.0
15.0 30.0 14.625957960465119 22.201505060754158 30.0 30.0 30.0 30.0 30.0 30.0 30.0 30.0
15.1 30.0 14.698602319019892 22.033409950647847 30.0 30.0 30.0 30.0 30.0 30.0 30.0 30.0
15.2 30.0 14.768652236197738 21.870512405306172 30.0 30.0 30.0 30.0 30.0 30.0 30.0 30.0
15.3 30.0 14.836200370619206 21.71264857666007 30.0 30.0 30.0 30.0 30.0 30.0 30.0 30.0
15.4 30.0 14.901336071668513 21.55853932083242 30.0 30.0 30.0 30.0 30.0 30.0 30.0 30.0
15.5 30.0 14.96414549768033 21.40618485888027 30.0 30.0 30.0 30.0 30.0 30.0 30.0 30.0
15.6 30.0 15.024711729905976 21.25864403407507 30.0 30.0 30.0 30.0 30.0 30.0 30.0 30.0
15.7 30.0 15.083114882409282 21.11576236396097 30.0 30.0 30.0 30.0 30.0 30.0 30.0 30.0
15.8 30.0 15.139432208037508 20.9773903990584 30.0 30.0 30.0 30.0 30.0 30.0 30.0 30.0
15.9 30.0 15.644298952310862 20.843383556566316 30.0 30.0 30.0 30.0 30.0 30.0 30.0 30.0
16.0 30.0 16.158679022156814 20.963739549482312 30.0 30.0 30.0 30.0 30.0 30.0 30.0 30.0
16.1 30.0 16.67738972141823 21.106151766757485 30.0 30.0 30.0 30.0 30.0 30.0 30.0 30.0
16.2 30.0 17.203364578100945 21.271303209532206 30.0 30.0 30.0 30.0 30.0 30.0 30.0 30.0
16.3 30.0 16.403364578100945 21.461717739541214 30.0 30.0 30.0 30.0 30.0 30.0 30.0 30.0
16.4 30.0 15.603364578100944 20.86555891344281 30.0 30.0 30.0 30.0 30.0 30.0 30.0 30.0
16.5 30.0 14.803364578100943 20.271273199157104 30.0 30.0 30.0 30.0 30.0 30.0 30.0 30.0
16.6 30.0 14.003364578100943 19.68303790503947 30.0 30.0 30.0 30.0 30.0 30.0 30.0 30.0
16.7 30.0 13.622499223356325 19.101219723221234 30.0 30.0 30.0 30.0 30.0 30.0 30.0 30.0
16.8 30.0 13.73499925212096 18.73899452532662 30.0 30.0 30.0 30.0 30.0 30.0 30.0 30.0
16.9 30.0 13.843332613153551 18.64531286519916 30.0 30.0 30.0 30.0 30.0 30.0 30.0 30.0
17.0 30.0 13.947653627481278 18.55560640718426 30.0 30.0 30.0 30.0 30.0 30.0 30.0 30.0
17.1 30.0 14.048110900537598 18.469712603059023 30.0 30.0 30.0 30.0 30.0 30.0 30.0 30.0
17.2 30.0 14.144847533851095 18.387083995011963 30.0 30.0 30.0 30.0 30.0 30.0 30.0 30.0
17.3 30.0 14.238001328893723 18.30590544204846 30.0 30.0 30.0 30.0 30.0 30.0 30.0 30.0
17.4 30.0 14.327704983379164 18.22827139212881 30.0 30.0 30.0 30.0 30.0 30.0 30.0 30.0
17.5 30.0 14.413583198852205 18.15403375830071 30.0 30.0 30.0 30.0 30.0 30.0 30.0 30.0
17.6 30.0 14.493812370321823 18.083191955252126 30.0 30.0 30.0 30.0 30.0 30.0 30.0 30.0
17.7 30.0 14.57117621423904 18.016152752174644 30.0 30.0 30.0 30.0 30.0 30.0 30.0 30.0
17.8 30.0 15.11220563515908 17.952014397567613 30.0 30.0 30.0 30.0 30.0 30.0 30.0 30.0
17.9 30.0 15.65343283273432 18.167599423009893 30.0 30.0 30.0 30.0 30.0 30.0 30.0 30.0
18.0 30.0 16.200537310552093 18.407410222276624 30.0 30.0 30.0 30.0 30.0 30.0 30.0 30.0
18.1 30.0 16.755852733533704 18.661611721590727 30.0 30.0 30.0 30.0 30.0 30.0 30.0 30.0
18.2 30.0 15.955852733533703 18.94041625103246 30.0 30.0 30.0 30.0 30.0 30.0 30.0 30.0
18.3 30.0 15.155852733533703 18.365416251032418 30.0 30.0 30.0 30.0 30.0 30.0 30.0 30.0
18.4 30.0 14.355852733533702 17.791496993187593 30.0 30.0 30.0 30.0 30.0 30.0 30.0 30.0
18.5 30.0 13.555852733533701 17.223755057703688 30.0 30.0 30.0 30.0 30.0 30.0 30.0 30.0
18.6 30.0 13.177550705321217 16.66375505770373 30.0 30.0 30.0 30.0 30.0 30.0 30.0 30.0
18.7 30.0 13.311491062808875 16.345787164244335 30.0 30.0 30.0 30.0 30.0 30.0 30.0 30.0
18.8 30.0 13.44027986808551 16.31607881818994 30.0 30.0 30.0 30.0 30.0 30.0 30.0 30.0
18.9 30.0 13.564115257774548 16.288906216000687 30.0 30.0 30.0 30.0 30.0 30.0 30.0 30.0
19.0 30.0 13.680106720161746 16.264125391893927 30.0 30.0 30.0 30.0 30.0 30.0 30.0 30.0
19.1 30.0 13.790473137933576 16.242523773448077 30.0 30.0 30.0 30.0 30.0 30.0 30.0 30.0
19.2 30.0 13.896751910602783 16.223329722334928 30.0 30.0 30.0 30.0 30.0 30.0 30.0 30.0
19.3 30.0 13.99909443243241 16.20600176645641 30.0 30.0 30.0 30.0 30.0 30.0 30.0 30.0
19.4 30.0 14.097646490490487 16.190432284359172 30.0 30.0 30.0 30.0 30.0 30.0 30.0 30.0
19.5 30.0 14.192548472324228 16.176518924129734 30.0 30.0 30.0 30.0 30.0 30.0 30.0 30.0
19.6 30.0 14.28393556594191 16.164164365441977 30.0 30.0 30.0 30.0 30.0 30.0 30.0 30.0
19.7 30.0 14.839368739803286 16.153276091841985 30.0 30.0 30.0 30.0 30.0 30.0 30.0 30.0
19.8 30.0 15.399412274989269 16.43887026995564 30.0 30.0 30.0 30.0 30.0 30.0 30.0 30.0
19.9 30.0 15.962191162058675 16.746894867068004 30.0 30.0 30.0 30.0 30.0 30.0 30.0 30.0
20.0 30.0 16.5267117512548 17.068223908430532 30.0 30.0 30.0 30.0 30.0 30.0 30.0 30.0
20.1 30.0 15.7267117512548 17.413742966133842 30.0 30.0 30.0 30.0 30.0 30.0 30.0 30.0
20.2 30.0 14.9267117512548 16.852009322065022 30.0 30.0 30.0 30.0 30.0 30.0 30.0 30.0
20.3 30.0 14.126711751254799 16.05200932206502 29.2 29.2 29.2 29.2 29.2 29.2 29.2 29.2
20.4 30.0 13.326711751254798 15.252009322065021 28.4 28.4 28.4 28.4 28.4 28.4 28.4 28.4
20.5 30.0 12.526711751254798 14.45200932206502 27.599999999999998 27.599999999999998 27.599999999999998 27.599999999999998 27.599999999999998 27.599999999999998 27.599999999999998 27.599999999999998
20.6 30.0 11.726711751254797 13.65200932206502 26.799999999999997 26.799999999999997 26.799999999999997 26.799999999999997 26.799999999999997 26.799999999999997 26.799999999999997 26.799999999999997
20.7 30.0 11.726711751254797 13.65200932206502 26.799999999999997 26.799999999999997 26.799999999999997 26.799999999999997 26.799999999999997 26.799999999999997 26.799999999999997 26.799999999999997
20.8 30.0 11.726711751254797 13.65200932206502 26.678453945631098 26.799999999999997 26.799999999999997 26.799999999999997 26.799999999999997 26.799999999999997 26.799999999999997 26.799999999999997
20.9 30.0 11.726711751254797 13.65200932206502 26.37493035806119 26.799999999999997 26.799999999999997 26.799999999999997 26.799999999999997 26.799999999999997 26.799999999999997 26.799999999999997
21.0 30.0 11.726711751254797 13.65200932206502 26.07200366672792 26.799999999999997 26.799999999999997 26.799999999999997 26.799999999999997 26.799999999999997 26.799999999999997 26.799999999999997
21.1 30.0 11.726711751254797 13.65200932206502 25.776289515664494 26.799999999999997 26.799999999999997 26.799999999999997 26.799999999999997 26.799999999999997 26.799999999999997 26.799999999999997
21.2 30.0 11.726711751254797 13.65200932206502 25.48487510888558 26.799999999999997 26.799999999999997 26.799999999999997 26.799999999999997 26.799999999999997 26.799999999999997 26.799999999999997
21.3 30.0 11.726711751254797 13.65200932206502 25.196268626280137 26.799999999999997 26.799999999999997 26.799999999999997 26.799999999999997 26.799999999999997 26.799999999999997 26.799999999999997
21.4 30.0 11.726711751254797 13.65200932206502 24.91470132617729 26.799999999999997 26.799999999999997 26.799999999999997 26.799999999999997 26.799999999999997 26.799999999999997 26.799999999999997
21.5 30.0 11.726711751254797 13.642587474340944 24.636001559228887 26.799999999999997 26.799999999999997 26.799999999999997 26.799999999999997 26.799999999999997 26.799999999999997 26.799999999999997
21.6 30.0 11.726711751254797 13.570537926312177 24.357161921823973 26.799999999999997 26.799999999999997 26.799999999999997 26.799999999999997 26.799999999999997 26.799999999999997 26.799999999999997
21.7 30.0 11.726711751254797 13.499621534963758 24.057611815866153 26.799999999999997 26.799999999999997 26.799999999999997 26.799999999999997 26.799999999999997 26.799999999999997 26.799999999999997
21.8 30.0 11.726711751254797 13.431432697128653 23.75927743826082 26.799999999999997 26.799999999999997 26.799999999999997 26.799999999999997 26.799999999999997 26.799999999999997 26.799999999999997
21.9 30.0 11.726711751254797 13.365866506902616 23.46648599860719 26.799999999999997 26.799999999999997 26.799999999999997 26.799999999999997 26.799999999999997 26.799999999999997 26.799999999999997
22.0 30.0 11.726711751254797 13.302822093223822 23.180086195009398 26.799999999999997 26.799999999999997 26.799999999999997 26.799999999999997 26.799999999999997 26.799999999999997 26.799999999999997
22.1 30.0 11.726711751254797 13.24220246468648 22.893613176045026 26.799999999999997 26.799999999999997 26.799999999999997 26.799999999999997 26.799999999999997 26.799999999999997 26.799999999999997
22.2 30.0 11.726711751254797 13.183914360323712 22.614104629519822 26.799999999999997 26.799999999999997 26.799999999999997 26.799999999999997 26.799999999999997 26.799999999999997 26.799999999999997
22.3 30.0 11.726711751254797 13.127868106128641 22.339815567101457 26.799999999999997 26.799999999999997 26.799999999999997 26.799999999999997 26.799999999999997 26.799999999999997 26.799999999999997
22.4 30.0 11.726711751254797 13.073977477094893 22.06660779607192 26.799999999999997 26.799999999999997 26.799999999999997 26.799999999999997 26.799999999999997 26.799999999999997 26.799999999999997
22.5 30.0 11.726711751254797 13.02215956456259 21.800259677598458 26.799999999999997 26.799999999999997 26.799999999999997 26.799999999999997 26.799999999999997 26.799999999999997 26.799999999999997
22.6 30.0 11.726711751254797 12.972334648666099 21.538956148821946 26.799999999999997 26.799999999999997 26.799999999999997 26.799999999999997 26.799999999999997 26.799999999999997 26.799999999999997
22.7 30.0 11.726711751254797 12.924426075688663 21.278850033419232 26.799999999999997 26.799999999999997 26.799999999999997 26.799999999999997 26.799999999999997 26.799999999999997 26.799999999999997
22.8 30.0 11.726711751254797 12.878360140133477 21.02549000215897 26.799999999999997 26.799999999999997 26.799999999999997 26.799999999999997 26.799999999999997 26.799999999999997 26.799999999999997
22.9 30.0 11.726711751254797 12.834065971330332 20.778098721337635 26.799999999999997 26.799999999999997 26.799999999999997 26.799999999999997 26.799999999999997 26.799999999999997 26.799999999999997
23.0 30.0 11.726711751254797 12.79113444138052 20.53087759417018 26.799999999999997 26.799999999999997 26.799999999999997 26.799999999999997 26.799999999999997 26.799999999999997 26.799999999999997
23.1 30.0 11.726711751254797 12.748557533775376 20.29036953493117 26.799999999999997 26.799999999999997 26.799999999999997 26.799999999999997 26.799999999999997 26.799999999999997 26.799999999999997
23.2 30.0 11.726711751254797 12.707683702474561 20.05664194592442 26.799999999999997 26.799999999999997 26.799999999999997 26.799999999999997 26.799999999999997 26.799999999999997 26.799999999999997
23.3 30.0 11.726711751254797 12.668444824425707 19.824129482187978 26.799999999999997 26.799999999999997 26.799999999999997 26.799999999999997 26.799999999999997 26.799999999999997 26.799999999999997
23.4 30.0 11.726711751254797 12.630775501498785 19.59635689899689 26.799999999999997 26.799999999999997 26.799999999999997 26.799999999999997 26.799999999999997 26.799999999999997 26.799999999999997
23.5 30.0 11.726711751254797 12.59461295148899 19.37486803895564 26.799999999999997 26.799999999999997 26.799999999999997 26.799999999999997 26.799999999999997 26.799999999999997 26.799999999999997
23.6 30.0 11.726711751254797 12.559896903479558 19.158267272329695 26.799999999999997 26.799999999999997 26.799999999999997 26.799999999999997 26.799999999999997 26.799999999999997 26.799999999999997
23.7 30.0 12.326711751254797 12.526569497390438 18.942536633269434 27.4 27.4 27.4 27.4 27.4 27.4 27.4
23.8 30.0 12.926711751254796 12.865041978457004 18.732964565777984 28.0 28.0 28.0 28.0 28.0 28.0 28.0
23.9 30.0 13.526711751254796 13.218441267843696 18.71097082660021 28.6 28.6 28.6 28.6 28.6 28.6 28.6
24.0 30.0 14.126711751254796 13.599528594128717 18.71587564694662 29.200000000000003 29.200000000000003 29.200000000000003 29.200000000000003 29.200000000000003 29.200000000000003 29.200000000000003
24.1 30.0 14.726711751254795 13.994134753915906 18.745604439908533 29.800000000000004 29.800000000000004 29.800000000000004 29.800000000000004 29.800000000000004 29.800000000000004 29.800000000000004
24.2 30.0 15.326711751254795 14.410747396582961 18.804888186106034 30.0 30.0 30.0 30.0 30.0 30.0 30.0
24.3 30.0 15.926711751254794 14.833700114651768 18.886676717390888 30.0 30.0 30.0 30.0 30.0 30.0 30.0
24.4 30.0 16.526711751254794 15.27712464989148 18.994560727163478 30.0 30.0 30.0 30.0 30.0 30.0 30.0
24.5 30.0 17.126711751254796 15.73147978274029 19.126116187979658 30.0 30.0 30.0 30.0 30.0 30.0 30.0
24.6 30.0 17.726711751254797 16.197828580641364 19.282351333006307 30.0 30.0 30.0 30.0 30.0 30.0 30.0
24.7 30.0 18.3267117512548 16.673015078036958 19.458055244429872 30.0 30.0 30.0 30.0 30.0 30.0 30.0
24.8 30.0 18.9267117512548 17.156262871429966 19.65566376741565 30.0 30.0 30.0 30.0 30.0 30.0 30.0
24.9 30.0 19.5267117512548 17.65441592641901 19.876893703983427 30.0 30.0 30.0 30.0 30.0 30.0 30.0
25.0 30.0 20.126711751254803 18.15438491317189 20.117358235401763 30.0 30.0 30.0 30.0 30.0 30.0 30.0
25.1 30.0 20.726711751254804 18.661798660934437 20.375539503582743 30.0 30.0 30.0 30.0 30.0 30.0 30.0
25.2 30.0 21.326711751254805 19.17891723942902 20.653001225555855 30.0 30.0 30.0 30.0 30.0 30.0 30.0
25.3 30.0 21.926711751254807 19.69937574012463 20.946519061491763 30.0 30.0 30.0 30.0 30.0 30.0 30.0
25.4 30.0 22.52671175125481 20.226652083617733 21.25826289301281 30.0 30.0 30.0 30.0 30.0 30.0 30.0
25.5 30.0 23.12671175125481 20.758845552729046 21.5874204907366 30.0 30.0 30.0 30.0 30.0 30.0 30.0
25.6 30.0 23.72671175125481 21.292429459556818 21.924956742061923 30.0 30.0 30.0 30.0 30.0 30.0 30.0
25.7 30.0 24.326711751254813 21.83482309694587 22.28169998119019 30.0 30.0 30.0 30.0 30.0 30.0 30.0
25.8 30.0 24.926711751254814 22.38127175655568 22.650344212864603 30.0 30.0 30.0 30.0 30.0 30.0 30.0
25.9 30.0 25.526711751254815 22.925768598381886 23.031529511631884 30.0 30.0 30.0 30.0 30.0 30.0 30.0
26.0 30.0 26.126711751254817 23.476414099779024 23.42357804760137 30.0 30.0 30.0 30.0 30.0 30.0 30.0
26.1 30.0 26.72671175125482 24.03392898235281 23.827355590962306 30.0 30.0 30.0 30.0 30.0 30.0 30.0
26.2 30.0 27.32671175125482 24.58941634535667 24.241882550397868 30.0 30.0 30.0 30.0 30.0 30.0 30.0
26.3 30.0 27.92671175125482 25.147333194424924 24.667186417524682 30.0 30.0 30.0 30.0 30.0 30.0 30.0
26.4 30.0 28.526711751254823 25.710000941148834 25.098840052301554 30.0 30.0 30.0 30.0 30.0 30.0 30.0
26.5 30.0 29.126711751254824 26.275320525943165 25.54186107616589 30.0 30.0 30.0 30.0 30.0 30.0 30.0
26.6 30.0 29.726711751254825 26.84050151316699 25.991428340142747 30.0 30.0 30.0 30.0 30.0 30.0 30.0
26.7 30.0 30.0 27.408056523989195 26.45151992007782 30.0 30.0 30.0 30.0 30.0 30.0 30.0
26.8 30.0 30.0 27.69677490307057 26.914168954613505 30.0 30.0 30.0 30.0 30.0 30.0 30.0
26.9 30.0 30.0 27.749120928000796 27.160658043851257 30.0 30.0 30.0 30.0 30.0 30.0 30.0
27.0 30.0 30.0 27.800277270546218 27.215375536758728 30.0 30.0 30.0 30.0 30.0 30.0 30.0
27.1 30.0 30.0 27.850270968942944 27.268198659038983 30.0 30.0 30.0 30.0 30.0 30.0 30.0
27.2 30.0 30.0 27.899128446921516 27.3200590693888 30.0 30.0 30.0 30.0 30.0 30.0 30.0
27.3 30.0 30.0 27.946875527673328 27.370973242770688 30.0 30.0 30.0 30.0 30.0 30.0 30.0
27.4 30.0 30.0 27.99353744749894 27.420957402554006 30.0 30.0 30.0 30.0 30.0 30.0 30.0
27.5 30.0 30.0 28.03826911649895 27.470027523440734 30.0 30.0 30.0 30.0 30.0 30.0 30.0
27.6 30.0 30.0 28.08186313613227 27.518377238339802 30.0 30.0 30.0 30.0 30.0 30.0 30.0
27.7 30.0 30.0 28.12448839977381 27.56586079708885 30.0 30.0 30.0 30.0 30.0 30.0 30.0
27.8 30.0 30.0 28.166166435334343 27.612463338682943 30.0 30.0 30.0 30.0 30.0 30.0 30.0
27.9 30.0 30.0 28.206918292326897 27.658200482802744 30.0 30.0 30.0 30.0 30.0 30.0 30.0
28.0 30.0 30.0 28.246764552497428 27.703087591990556 30.0 30.0 30.0 30.0 30.0 30.0 30.0
28.1 30.0 30.0 28.285725340219745 27.74713977531952 30.0 30.0 30.0 30.0 30.0 30.0 30.0
28.2 30.0 30.0 28.323820332659306 27.790371892028183 30.0 30.0 30.0 30.0 30.0 30.0 30.0
28.3 30.0 30.0 28.361068769711366 27.832798555119393 30.0 30.0 30.0 30.0 30.0 30.0 30.0
28.4 30.0 30.0 28.39748946371783 27.874434134924222 30.0 30.0 30.0 30.0 30.0 30.0 30.0
28.5 30.0 30.0 28.433100808968526 27.915292762629246 30.0 30.0 30.0 30.0 30.0 30.0 30.0
28.6 30.0 30.0 28.46792079099141 27.955388333768273 30.0 30.0 30.0 30.0 30.0 30.0 30.0
28.7 30.0 30.0 28.501966995636067 27.994734511677926 30.0 30.0 30.0 30.0 30.0 30.0 30.0
28.8 30.0 30.0 28.53525661795526 28.03260373689671 30.0 30.0 30.0 30.0 30.0 30.0 30.0
28.9 30.0 30.0 28.567806470889565 28.069665729390735 30.0 30.0 30.0 30.0 30.0 30.0 30.0
29.0 30.0 30.0 28.599632993758636 28.106052075928567 30.0 30.0 30.0 30.0 30.0 30.0 30.0
29.1 30.0 30.0 28.630752260563973 28.141774503000786 30.0 30.0 30.0 30.0 30.0 30.0 30.0
29.2 30.0 30.0 28.66117998810698 28.176844549573016 30.0 30.0 30.0 30.0 30.0 30.0 30.0
29.3 30.0 30.0 28.690931543926812 28.2112735696295 30.0 30.0 30.0 30.0 30.0 30.0 30.0
29.4 30.0 30.0 28.720021954061725 28.245072734696073 30.0 30.0 30.0 30.0 30.0 30.0 30.0
29.5 30.0 30.0 28.74846591063809 28.278253036342548 30.0 30.0 30.0 30.0 30.0 30.0 30.0
29.6 30.0 30.0 28.776277779290545 28.31082528866411 30.0 30.0 30.0 30.0 30.0 30.0 30.0
29.7 30.0 30.0 28.803396136712735 28.34280013074103 30.0 30.0 30.0 30.0 30.0 30.0 30.0
29.8 30.0 30.0 28.82940926417548 28.37420312301798 30.0 30.0 30.0 30.0 30.0 30.0 30.0
29.9 30.0 30.0 28.854856888867303 28.405129317013945 30.0 30.0 30.0 30.0 30.0 30.0 30.0
30.0 30.0 30.0 28.87975130432675 28.435481362808503 30.0 30.0 30.0 30.0 30.0 30.0 30.0
30.1 30.0 30.0 28.904104536841412 28.46526956054312 30.0 30.0 30.0 30.0 30.0 30.0 30.0
30.2 30.0 30.0 28.927928351257904 28.494504034917036 30.0 30.0 30.0 30.0 30.0 30.0 30.0
30.3 30.0 30.0 28.951234256665323 28.52319473792452 30.0 30.0 30.0 30.0 30.0 30.0 30.0
30.4 30.0 30.0 28.974033511955216 28.551351451555846 30.0 30.0 30.0 30.0 30.0 30.0 30.0
30.5 30.0 30.0 28.99633713126056 28.578983790463276 30.0 30.0 30.0 30.0 30.0 30.0 30.0
30.6 30.0 30.0 29.018155889276617 28.60610120459198 30.0 30.0 30.0 30.0 30.0 30.0 30.0
30.7 30.0 30.0 29.03950032646628 28.632712981775587 30.0 30.0 30.0 30.0 30.0 30.0 30.0
30.8 30.0 30.0 29.060380754151787 28.658828250298225 30.0 30.0 30.0 30.0 30.0 30.0 30.0
30.9 30.0 30.0 29.08080725949627 28.684455981421163 30.0 30.0 30.0 30.0 30.0 30.0 30.0
31.0 30.0 30.0 29.100789710376763 28.70960499187625 30.0 30.0 30.0 30.0 30.0 30.0 30.0
31.1 30.0 30.0 29.120337760151152 28.734283946325107 30.0 30.0 30.0 30.0 30.0 30.0 30.0
31.2 30.0 30.0 29.139460852321793 28.758501359785217 30.0 30.0 30.0 30.0 30.0 30.0 30.0
31.3 30.0 30.0 29.158168225097434 28.782265600022534 30.0 30.0 30.0 30.0 30.0 30.0 30.0
31.4 30.0 30.0 29.17646891585615 28.805463479261196 30.0 30.0 30.0 30.0 30.0 30.0 30.0
31.5 30.0 30.0 29.19437176551143 28.82785109456358 30.0 30.0 30.0 30.0 30.0 30.0 30.0
31.6 30.0 30.0 29.211885422782924 28.849829861053482 30.0 30.0 30.0 30.0 30.0 30.0 30.0
31.7 30.0 30.0 29.2290183483746 28.87140697460785 30.0 30.0 30.0 30.0 30.0 30.0 30.0
31.8 30.0 30.0 29.245778819062128 28.892589511457103 30.0 30.0 30.0 30.0 30.0 30.0 30.0
31.9 30.0 30.0 29.262174931691188 28.91338442998663 30.0 30.0 30.0 30.0 30.0 30.0 30.0
32.0 30.0 30.0 29.278214607089204 28.933798572515954 30.0 30.0 30.0 30.0 30.0 30.0 30.0
32.1 30.0 30.0 29.293905593891626 28.95383866705728 30.0 30.0 30.0 30.0 30.0 30.0 30.0
32.2 30.0 30.0 29.30925547228531 28.973511329051206 30.0 30.0 30.0 30.0 30.0 30.0 30.0
32.3 30.0 30.0 29.324271657670415 28.992823063081808 30.0 30.0 30.0 30.0 30.0 30.0 30.0
32.4 30.0 30.0 29.338961404242813 29.0117802645699 30.0 30.0 30.0 30.0 30.0 30.0 30.0
32.5 30.0 30.0 29.353331808498428 29.030389221445553 30.0 30.0 30.0 30.0 30.0 30.0 30.0
32.6 30.0 30.0 29.36738981266153 29.048656115798945 30.0 30.0 30.0 30.0 30.0 30.0 30.0
32.7 30.0 30.0 29.381142208038487 29.066587025510568 30.0 30.0 30.0 30.0 30.0 30.0 30.0
32.8 30.0 30.0 29.39459563829849 29.0841879258606 30.0 30.0 30.0 30.0 30.0 30.0 30.0
32.9 30.0 30.0 29.407756602683264 29.101464691117144 30.0 30.0 30.0 30.0 30.0 30.0 30.0
33.0 30.0 30.0 29.420631459146705 29.118423096104475 30.0 30.0 30.0 30.0 30.0 30.0 30.0
33.1 30.0 30.0 29.43322642742611 29.13506881775067 30.0 30.0 30.0 30.0 30.0 30.0 30.0
33.2 30.0 30.0 29.44554759204726 29.151407436614498 30.0 30.0 30.0 30.0 30.0 30.0 30.0
33.3 30.0 30.0 29.457600905263572 29.167444438392643 30.0 30.0 30.0 30.0 30.0 30.0 30.0
33.4 30.0 30.0 29.4693921899318 29.183185215406873 30.0 30.0 30.0 30.0 30.0 30.0 30.0
33.5 30.0 30.0 29.48092714232461 29.19863506807167 30.0 30.0 30.0 30.0 30.0 30.0 30.0
33.6 30.0 30.0 29.492211334882732 29.213799206341104 30.0 30.0 30.0 30.0 30.0 30.0 30.0
33.7 30.0 30.0 29.503250218907034 29.228682751137484 30.0 30.0 30.0 30.0 30.0 30.0 30.0
33.8 30.0 30.0 29.514049127191626 29.24329073576026 30.0 30.0 30.0 30.0 30.0 30.0 30.0
33.9 30.0 30.0 29.52461327660049 29.257628107274936 30.0 30.0 30.0 30.0 30.0 30.0 30.0
34.0 30.0 30.0 29.534947770587472 29.271699727884556 30.0 30.0 30.0 30.0 30.0 30.0 30.0
34.1 30.0 30.0 29.545057601661615 29.285510376281028 30.0 30.0 30.0 30.0 30.0 30.0 30.0
34.2 30.0 30.0 29.554947653799378 29.299064748977806 30.0 30.0 30.0 30.0 30.0 30.0 30.0
34.3 30.0 30.0 29.56462270480371 29.312367461625207 30.0 30.0 30.0 30.0 30.0 30.0 30.0
34.4 30.0 30.0 29.574087428612366 29.32542305030635 30.0 30.0 30.0 30.0 30.0 30.0 30.0
34.5 30.0 30.0 29.58334639755554 29.338235972815504 30.0 30.0 30.0 30.0 30.0 30.0 30.0
34.6 30.0 30.0 29.592404084565153 29.350810609917637 30.0 30.0 30.0 30.0 30.0 30.0 30.0
34.7 30.0 30.0 29.60123795330707 29.36315126659142 30.0 30.0 30.0 30.0 30.0 30.0 30.0
34.8 30.0 30.0 29.609722252172883 29.375267438650756 30.0 30.0 30.0 30.0 30.0 30.0 30.0
34.9 30.0 30.0 29.61802603404158 29.387188609771552 30.0 30.0 30.0 30.0 30.0 30.0 30.0
35.0 30.0 30.0 29.62615313970029 29.398885943541362 30.0 30.0 30.0 30.0 30.0 30.0 30.0
35.1 30.0 30.0 29.634107328217265 29.41036355453119 30.0 30.0 30.0 30.0 30.0 30.0 30.0
35.2 30.0 30.0 29.641892278680764 29.421625483853234 30.0 30.0 30.0 30.0 30.0 30.0 30.0
35.3 30.0 30.0 29.649511591900286 29.432675700418034 30.0 30.0 30.0 30.0 30.0 30.0 30.0
35.4 30.0 30.0 29.656968792072593 29.443518102170323 30.0 30.0 30.0 30.0 30.0 30.0 30.0
35.5 30.0 30.0 29.66426732841145 29.45415651730681 30.0 30.0 30.0 30.0 30.0 30.0 30.0
35.6 30.0 30.0 29.671410576743106 29.464594705472926 30.0 30.0 30.0 30.0 30.0 30.0 30.0
35.7 30.0 30.0 29.678401841067718 29.474836358941218 30.0 30.0 30.0 30.0 30.0 30.0 30.0
35.8 30.0 30.0 29.685244355087505 29.484885103770345 30.0 30.0 30.0 30.0 30.0 30.0 30.0
35.9 30.0 30.0 29.691941283702675 29.494744500945316 30.0 30.0 30.0 30.0 30.0 30.0 30.0
36.0 30.0 30.0 29.698495724474927 29.504418047500135 30.0 30.0 30.0 30.0 30.0 30.0 30.0
36.1 30.0 30.0 29.704910709060588 29.51390917762074 30.0 30.0 30.0 30.0 30.0 30.0 30.0
36.2 30.0 30.0 29.711189204612488 29.52322126373178 30.0 30.0 30.0 30.0 30.0 30.0 30.0
36.3 30.0 30.0 29.71733411515263 29.532357617564465 30.0 30.0 30.0 30.0 30.0 30.0 30.0
36.4 30.0 30.0 29.72334828291534 29.5413214912074 30.0 30.0 30.0 30.0 30.0 30.0 30.0
36.5 30.0 30.0 29.72923448966184 29.550116078140622 30.0 30.0 30.0 30.0 30.0 30.0 30.0
36.6 30.0 30.0 29.73499545796696 29.55874451425238 30.0 30.0 30.0 30.0 30.0 30.0 30.0
36.7 30.0 30.0 29.740633852478325 29.567209878839403 30.0 30.0 30.0 30.0 30.0 30.0 30.0
36.8 30.0 30.0 29.746152281148966 29.57551519559077 30.0 30.0 30.0 30.0 30.0 30.0 30.0
36.9 30.0 30.0 29.75155329644365 29.583663433555365 30.0 30.0 30.0 30.0 30.0 30.0 30.0
37.0 30.0 30.0 29.756839396519357 29.59165750809428 30.0 30.0 30.0 30.0 30.0 30.0 30.0
37.1 30.0 30.0 29.762013026380668 29.599500281816567 30.0 30.0 30.0 30.0 30.0 30.0 30.0
37.2 30.0 30.0 29.76707657901089 29.607041489638178 30.0 30.0 30.0 30.0 30.0 30.0 30.0
37.3 30.0 30.0 29.772032396478767 29.61443269254645 30.0 30.0 30.0 30.0 30.0 30.0 30.0
37.4 30.0 30.0 29.776882771021814 29.62168726595584 30.0 30.0 30.0 30.0 30.0 30.0 30.0
37.5 30.0 30.0 29.78162994610648 29.628807677937868 30.0 30.0 30.0 30.0 30.0 30.0 30.0
37.6 30.0 30.0 29.78627611746594 29.635796353391104 30.0 30.0 30.0 30.0 30.0 30.0 30.0
37.7 30.0 30.0 29.790823434115605 29.64265567476077 30.0 30.0 30.0 30.0 30.0 30.0 30.0
37.8 30.0 30.0 29.795273999347224 29.649387982747804 30.0 30.0 30.0 30.0 30.0 30.0 30.0
37.9 30.0 30.0 29.799629871701523 29.655995577006703 30.0 30.0 30.0 30.0 30.0 30.0 30.0
38.0 30.0 30.0 29.803893065920676 29.662480716832334 30.0 30.0 30.0 30.0 30.0 30.0 30.0
38.1 30.0 30.0 29.808065553879853 29.668845621836454 30.0 30.0 30.0 30.0 30.0 30.0 30.0
38.2 30.0 30.0 29.812149265499436 29.675092472613752 30.0 30.0 30.0 30.0 30.0 30.0 30.0
38.3 30.0 30.0 29.81614608963775 29.681223411396974 30.0 30.0 30.0 30.0 30.0 30.0 30.0
38.4 30.0 30.0 29.8200578749646 29.68724054270245 30.0 30.0 30.0 30.0 30.0 30.0 30.0
38.5 30.0 30.0 29.823886430816454 29.693145933965287 30.0 30.0 30.0 30.0 30.0 30.0 30.0
38.6 30.0 30.0 29.827633528033097 29.69894161616466 30.0 30.0 30.0 30.0 30.0 30.0 30.0
38.7 30.0 30.0 29.831300899777048 29.704629584438788 30.0 30.0 30.0 30.0 30.0 30.0 30.0
38.8 30.0 30.0 29.834890242334975 29.710211798691223 30.0 30.0 30.0 30.0 30.0 30.0 30.0
38.9 30.0 30.0 29.838403215902275 29.715690184186705 30.0 30.0 30.0 30.0 30.0 30.0 30.0
39.0 30.0 30.0 29.841841445351132 29.72106663213797 30.0 30.0 30.0 30.0 30.0 30.0 30.0
39.1 30.0 30.0 29.845206520981986 29.726343000283087 30.0 30.0 30.0 30.0 30.0 30.0 30.0
39.2 30.0 30.0 29.84849999925898 29.731521113454125 30.0 30.0 30.0 30.0 30.0 30.0 30.0
39.3 30.0 30.0 29.851723403530105 29.736602764136084 30.0 30.0 30.0 30.0 30.0 30.0 30.0
39.4 30.0 30.0 29.85487822473158 29.74158971301747 30.0 30.0 30.0 30.0 30.0 30.0 30.0
39.5 30.0 30.0 29.857965922077696 29.746483689531736 30.0 30.0 30.0 30.0 30.0 30.0 30.0
39.6 30.0 30.0 29.860987923735596 29.7512863923903 30.0 30.0 30.0 30.0 30.0 30.0 30.0
39.7 30.0 30.0 29.863945627485922 29.755999490107076 30.0 30.0 30.0 30.0 30.0 30.0 30.0
39.8 30.0 30.0 29.86684040136922 29.7606246215143 30.0 30.0 30.0 30.0 30.0 30.0 30.0
39.9 30.0 30.0 29.86967358431882 29.765163396270427 30.0 30.0 30.0 30.0 30.0 30.0 30.0
40.0 30.0 30.0 29.872446486780163 29.769617395359433 30.0 30.0 30.0 30.0 30.0 30.0 30.0
40.1 30.0 30.0 29.87516039131678 29.77398817158262 30.0 30.0 30.0 30.0 30.0 30.0 30.0
40.2 30.0 30.0 29.87781655320367 29.778277250041945 30.0 30.0 30.0 30.0 30.0 30.0 30.0
40.3 30.0 30.0 29.88041620100786 29.782486128615876 30.0 30.0 30.0 30.0 30.0 30.0 30.0
40.4 30.0 30.0 29.88296053715662 29.786616278427537 30.0 30.0 30.0 30.0 30.0 30.0 30.0
40.5 30.0 30.0 29.885450738493713 29.7906691443048 30.0 30.0 30.0 30.0 30.0 30.0 30.0
40.6 30.0 30.0 29.887887956823647 29.794646145233767 30.0 30.0 30.0 30.0 30.0 30.0 30.0
40.7 30.0 30.0 29.8902733194444 29.79854867480397 30.0 30.0 30.0 30.0 30.0 30.0 30.0
40.8 30.0 30.0 29.892607929669023 29.80237810164668 30.0 30.0 30.0 30.0 30.0 30.0 30.0
40.9 30.0 30.0 29.894892867335642 29.806135769866586 30.0 30.0 30.0 30.0 30.0 30.0 30.0
41.0 30.0 30.0 29.897129189307194 29.80982299946518 30.0 30.0 30.0 30.0 30.0 30.0 30.0
41.1 30.0 30.0 29.899317929960223 29.81344108675861 30.0 30.0 30.0 30.0 30.0 30.0 30.0
41.2 30.0 30.0 29.90146010166315 29.816991304787685 30.0 30.0 30.0 30.0 30.0 30.0 30.0
41.3 30.0 30.0 29.903556695244763 29.820474903721404 30.0 30.0 30.0 30.0 30.0 30.0 30.0
41.4 30.0 30.0 29.905608680452332 29.823893111254208 30.0 30.0 30.0 30.0 30.0 30.0 30.0
41.5 30.0 30.0 29.907617006400177 29.827247132996224 30.0 30.0 30.0 30.0 30.0 30.0 30.0
41.6 30.0 30.0 29.909582602008648 29.83053815285737 30.0 30.0 30.0 30.0 30.0 30.0 30.0
41.7 30.0 30.0 29.911506376434 29.833767333424742 30.0 30.0 30.0 30.0 30.0 30.0 30.0
41.8 30.0 30.0 29.9133892194886 29.836935816334247 30.0 30.0 30.0 30.0 30.0 30.0 30.0
41.9 30.0 30.0 29.91523200205271 29.840044722635803 30.0 30.0 30.0 30.0 30.0 30.0 30.0
42.0 30.0 30.0 29.917035576477097 29.843095153152596 30.0 30.0 30.0 30.0 30.0 30.0 30.0
42.1 30.0 30.0 29.91880077697758 29.846088188834056 30.0 30.0 30.0 30.0 30.0 30.0 30.0
42.2 30.0 30.0 29.92052842002062 29.849024891103458 30.0 30.0 30.0 30.0 30.0 30.0 30.0
42.3 30.0 30.0 29.92221930470103 29.851906302199378 30.0 30.0 30.0 30.0 30.0 30.0 30.0
42.4 30.0 30.0 29.92387421311169 29.85473344551157 30.0 30.0 30.0 30.0 30.0 30.0 30.0
42.5 30.0 30.0 29.925493910705015 29.85750732591146 30.0 30.0 30.0 30.0 30.0 30.0 30.0
42.6 30.0 30.0 29.92707914664746 29.86022893007631 30.0 30.0 30.0 30.0 30.0 30.0 30.0
42.7 30.0 30.0 29.92863065416563 29.862899226809123 30.0 30.0 30.0 30.0 30.0 30.0 30.0
42.8 30.0 30.0 29.93014915088548 29.865519167352314 30.0 30.0 30.0 30.0 30.0 30.0 30.0
42.9 30.0 30.0 29.931635339164483 29.86808968569635 30.0 30.0 30.0 30.0 30.0 30.0 30.0
43.0 30.0 30.0 29.93308990641635 29.870611698883344 30.0 30.0 30.0 30.0 30.0 30.0 30.0
43.1 30.0 30.0 29.934513525428752 29.873086107305724 30.0 30.0 30.0 30.0 30.0 30.0 30.0
43.2 30.0 30.0 29.935906854674986 29.875513794998948 30.0 30.0 30.0 30.0 30.0 30.0 30.0
43.3 30.0 30.0 29.93727053861806 29.877895629930567 30.0 30.0 30.0 30.0 30.0 30.0 30.0
43.4 30.0 30.0 29.938605208009193 29.880232464283356 30.0 30.0 30.0 30.0 30.0 30.0 30.0
43.5 30.0 30.0 29.939911480179234 29.882525134734337 30.0 30.0 30.0 30.0 30.0 30.0 30.0
43.6 30.0 30.0 29.94118995932438 29.884774462728686 30.0 30.0 30.0 30.0 30.0 30.0 30.0
43.7 30.0 30.0 29.942441236785605 29.88698125474917 30.0 30.0 30.0 30.0 30.0 30.0 30.0
43.8 30.0 30.0 29.943665891322087 29.889146302581114 30.0 30.0 30.0 30.0 30.0 30.0 30.0
43.9 30.0 30.0 29.94486448937903 29.891270383572465 30.0 30.0 30.0 30.0 30.0 30.0 30.0
44.0 30.0 30.0 29.946037585349668 29.893354260889783 30.0 30.0 30.0 30.0 30.0 30.0 30.0
44.1 30.0 30.0 29.947185721831573 29.895398683770093 30.0 30.0 30.0 30.0 30.0 30.0 30.0
44.2 30.0 30.0 29.94830942987773 29.89740438776776 30.0 30.0 30.0 30.0 30.0 30.0 30.0
44.3 30.0 30.0 29.949409229242022 29.89937209499798 30.0 30.0 30.0 30.0 30.0 30.0 30.0
44.4 30.0 30.0 29.95048562861982 29.901302514375118 30.0 30.0 30.0 30.0 30.0 30.0 30.0
44.5 30.0 30.0 29.951539125883237 29.903196341847913 30.0 30.0 30.0 30.0 30.0 30.0 30.0
44.6 30.0 30.0 29.95257020831128 29.905054260630486 30.0 30.0 30.0 30.0 30.0 30.0 30.0
44.7 30.0 30.0 29.9535793528153 29.90687694142875 30.0 30.0 30.0 30.0 30.0 30.0 30.0
44.8 30.0 30.0 29.954567026159687 29.90866504266355 30.0 30.0 30.0 30.0 30.0 30.0 30.0
44.9 30.0 30.0 29.955533685177528 29.910419210689962 30.0 30.0 30.0 30.0 30.0 30.0 30.0
45.0 30.0 30.0 29.95647977698223 29.91214008001225 30.0 30.0 30.0 30.0 30.0 30.0 30.0
45.1 30.0 30.0 29.95740573917407 29.913828273496154 30.0 30.0 30.0 30.0 30.0 30.0 30.0
45.2 30.0 30.0 29.958312000042714 29.915484402576457 30.0 30.0 30.0 30.0 30.0 30.0 30.0
45.3 30.0 30.0 29.959198978765176 29.917109067461713 30.0 30.0 30.0 30.0 30.0 30.0 30.0
45.4 30.0 30.0 29.960067085600002 29.918702857334786 30.0 30.0 30.0 30.0 30.0 30.0 30.0
45.5 30.0 30.0 29.96091672207662 29.92026635055079 30.0 30.0 30.0 30.0 30.0 30.0 30.0
45.6 30.0 30.0 29.961748281181404 29.921800114830788 30.0 30.0 30.0 30.0 30.0 30.0 30.0
45.7 30.0 30.0 29.962562147539277 29.923304707452633 30.0 30.0 30.0 30.0 30.0 30.0 30.0
45.8 30.0 30.0 29.96335869759164 29.9247806754383 30.0 30.0 30.0 30.0 30.0 30.0 30.0
45.9 30.0 30.0 29.964138299770546 29.92622855573812 30.0 30.0 30.0 30.0 30.0 30.0 30.0
46.0 30.0 30.0 29.964901314669063 29.92764887541157 30.0 30.0 30.0 30.0 30.0 30.0 30.0
46.1 30.0 30.0 29.965648095208 29.92904215180531 30.0 30.0 30.0 30.0 30.0 30.0 30.0
46.2 30.0 30.0 29.966378986799317 29.930408892727463 30.0 30.0 30.0 30.0 30.0 30.0 30.0
46.3 30.0 30.0 29.96709432750568 29.931749596620048 30.0 30.0 30.0 30.0 30.0 30.0 30.0
46.4 30.0 30.0 29.967794448197004 29.933064752726892 30.0 30.0 30.0 30.0 30.0 30.0 30.0
46.5 30.0 30.0 29.968479672703424 29.93435484125988 30.0 30.0 30.0 30.0 30.0 30.0 30.0
46.6 30.0 30.0 29.969150317965077 29.93562033356155 30.0 30.0 30.0 30.0 30.0 30.0 30.0
46.7 30.0 30.0 29.969806694178573 29.936861692265463 30.0 30.0 30.0 30.0 30.0 30.0 30.0
46.8 30.0 30.0 29.9704491049407 29.938079371452947 30.0 30.0 30.0 30.0 30.0 30.0 30.0
46.9 30.0 30.0 29.97107784738879 29.939273816807926 30.0 30.0 30.0 30.0 30.0 30.0 30.0
47.0 30.0 30.0 29.97169321233794 29.940445465768804 30.0 30.0 30.0 30.0 30.0 30.0 30.0
47.1 30.0 30.0 29.972295484415866 29.941594747677062 30.0 30.0 30.0 30.0 30.0 30.0 30.0
47.2 30.0 30.0 29.97288494219422 29.942722083924327 30.0 30.0 30.0 30.0 30.0 30.0 30.0
47.3 30.0 30.0 29.973461858317744 29.943827888096017 30.0 30.0 30.0 30.0 30.0 30.0 30.0
47.4 30.0 30.0 29.974026499630146 29.944912566112848 30.0 30.0 30.0 30.0 30.0 30.0 30.0
47.5 30.0 30.0 29.974579127297577 29.945976516369836 30.0 30.0 30.0 30.0 30.0 30.0 30.0
47.6 30.0 30.0 29.975119996929553 29.94702012987245 30.0 30.0 30.0 30.0 30.0 30.0 30.0
47.7 30.0 30.0 29.97564935869701 29.94804379037121 30.0 30.0 30.0 30.0 30.0 30.0 30.0
47.8 30.0 30.0 29.976167457448106 29.949047874492937 30.0 30.0 30.0 30.0 30.0 30.0 30.0
47.9 30.0 30.0 29.976674532821548 29.950032751870516 30.0 30.0 30.0 30.0 30.0 30.0 30.0
48.0 30.0 30.0 29.977170819357237 29.950998785269835 30.0 30.0 30.0 30.0 30.0 30.0 30.0
48.1 30.0 30.0 29.97765654660497 29.951946330714648 30.0 30.0 30.0 30.0 30.0 30.0 30.0
48.2 30.0 30.0 29.978131939230444 29.952875737609393 30.0 30.0 30.0 30.0 30.0 30.0 30.0
48.3 30.0 30.0 29.978597217119198 29.953787348859663 30.0 30.0 30.0 30.0 30.0 30.0 30.0
48.4 30.0 30.0 29.97905259547838 29.954681500990375 30.0 30.0 30.0 30.0 30.0 30.0 30.0
48.5 30.0 30.0 29.97949828493632 29.955558524262223 30.0 30.0 30.0 30.0 30.0 30.0 30.0
48.6 30.0 30.0 29.979934491639764 29.95641874278606 30.0 30.0 30.0 30.0 30.0 30.0 30.0
48.7 30.0 30.0 29.98036141734957 29.95726247463458 30.0 30.0 30.0 30.0 30.0 30.0 30.0
48.8 30.0 30.0 29.98077925953358 29.958090031953265 30.0 30.0 30.0 30.0 30.0 30.0 30.0
48.9 30.0 30.0 29.981188211458353 29.958901721067924 30.0 30.0 30.0 30.0 30.0 30.0 30.0
49.0 30.0 30.0 29.981588462278374 29.959697842591446 30.0 30.0 30.0 30.0 30.0 30.0 30.0
49.1 30.0 30.0 29.98198019712351 29.96047869152821 30.0 30.0 30.0 30.0 30.0 30.0 30.0
49.2 30.0 30.0 29.98236359718475 29.96124455737637 30.0 30.0 30.0 30.0 30.0 30.0 30.0
49.3 30.0 30.0 29.98273883979789 29.961995724228988 30.0 30.0 30.0 30.0 30.0 30.0 30.0
49.4 30.0 30.0 29.983106098525575 29.962732470872727 30.0 30.0 30.0 30.0 30.0 30.0 30.0
49.5 30.0 30.0 29.983465543237802 29.963455070885015 30.0 30.0 30.0 30.0 30.0 30.0 30.0
49.6 30.0 30.0 29.98381734019021 29.964163792729828 30.0 30.0 30.0 30.0 30.0 30.0 30.0
49.7 30.0 30.0 29.984161652101072 29.96485889985109 30.0 30.0 30.0 30.0 30.0 30.0 30.0
49.8 30.0 30.0 29.984498638226587 29.965540650764925 30.0 30.0 30.0 30.0 30.0 30.0 30.0
49.9 30.0 30.0 29.98482845443451 29.966209299150186 30.0 30.0 30.0 30.0 30.0 30.0 30.0
50.0 30.0 30.0 29.985151253276317 29.966865093936953 30.0 30.0 30.0 30.0 30.0 30.0 30.0
50.1 30.0 30.0 29.985467184057658 29.96750827939409 30.0 30.0 30.0 30.0 30.0 30.0 30.0
50.2 30.0 30.0 29.985776392907535 29.968139095214795 30.0 30.0 30.0 30.0 30.0 30.0 30.0
50.3 30.0 30.0 29.986079022845633 29.9687577766008 30.0 30.0 30.0 30.0 30.0 30.0 30.0
50.4 30.0 30.0 29.986375213848895 29.969364554344537 30.0 30.0 30.0 30.0 30.0 30.0 30.0
50.5 30.0 30.0 29.986665102915957 29.969959654911005 30.0 30.0 30.0 30.0 30.0 30.0 30.0
50.6 30.0 30.0 29.98694882413053 29.97054330051712 30.0 30.0 30.0 30.0 30.0 30.0 30.0
50.7 30.0 30.0 29.987226508723502 29.971115709209673 30.0 30.0 30.0 30.0 30.0 30.0 30.0
50.8 30.0 30.0 29.987498285133626 29.97167709494277 30.0 30.0 30.0 30.0 30.0 30.0 30.0
50.9 30.0 30.0 29.987764279066997 29.97222766765267 30.0 30.0 30.0 30.0 30.0 30.0 30.0
51.0 30.0 30.0 29.98802461355493 29.97276763333241 30.0 30.0 30.0 30.0 30.0 30.0 30.0
51.1 30.0 30.0 29.98827940901124 29.973297194104255 30.0 30.0 30.0 30.0 30.0 30.0 30.0
51.2 30.0 30.0 29.988528783287567 29.973816548291282 30.0 30.0 30.0 30.0 30.0 30.0 30.0
51.3 30.0 30.0 29.988772851728257 29.974325890487478 30.0 30.0 30.0 30.0 30.0 30.0 30.0
51.4 30.0 30.0 29.989011727223367 29.974825411626757 30.0 30.0 30.0 30.0 30.0 30.0 30.0
51.5 30.0 30.0 29.98924552026113 29.97531529905052 30.0 30.0 30.0 30.0 30.0 30.0 30.0
51.6 30.0 30.0 29.989474338979004 29.975795736574025 30.0 30.0 30.0 30.0 30.0 30.0 30.0
51.7 30.0 30.0 29.98969828921354 29.976266904552013 30.0 30.0 30.0 30.0 30.0 30.0 30.0
51.8 30.0 30.0 29.989917474549408 29.976728979942262 30.0 30.0 30.0 30.0 30.0 30.0 30.0
51.9 30.0 30.0 29.990131996367502 29.977182136368555 30.0 30.0 30.0 30.0 30.0 30.0 30.0
52.0 30.0 30.0 29.990341953891562 29.977626544182836 30.0 30.0 30.0 30.0 30.0 30.0 30.0
52.1 30.0 30.0 29.990547444234338 29.97806237052533 30.0 30.0 30.0 30.0 30.0 30.0 30.0
52.2 30.0 30.0 29.990748562442086 29.97848977938479 30.0 30.0 30.0 30.0 30.0 30.0 30.0
52.3 30.0 30.0 29.99094540153909 29.978908931655866 30.0 30.0 30.0 30.0 30.0 30.0 30.0
52.4 30.0 30.0 29.99113805257022 29.979319985197755 30.0 30.0 30.0 30.0 30.0 30.0 30.0
52.5 30.0 30.0 29.991326604643216 29.97972309488978 30.0 30.0 30.0 30.0 30.0 30.0 30.0
52.6 30.0 30.0 29.991511144969916 29.980118412686743 30.0 30.0 30.0 30.0 30.0 30.0 30.0
52.7 30.0 30.0 29.991691758906686 29.980506087673408 30.0 30.0 30.0 30.0 30.0 30.0 30.0
52.8 30.0 30.0 29.99186852999381 29.980886266117945 30.0 30.0 30.0 30.0 30.0 30.0 30.0
52.9 30.0 30.0 29.992041539993984 29.981259091524304 30.0 30.0 30.0 30.0 30.0 30.0 30.0
53.0 30.0 30.0 29.992210868930268 29.9816247046834 30.0 30.0 30.0 30.0 30.0 30.0 30.0
53.1 30.0 30.0 29.99237659512321 29.981983243723644 30.0 30.0 30.0 30.0 30.0 30.0 30.0
53.2 30.0 30.0 29.99253879522697 29.982334844160626 30.0 30.0 30.0 30.0 30.0 30.0 30.0
53.3 30.0 30.0 29.99269754426469 29.98267963894581 30.0 30.0 30.0 30.0 30.0 30.0 30.0
53.4 30.0 30.0 29.992852915663267 29.983017758514222 30.0 30.0 30.0 30.0 30.0 30.0 30.0
53.5 30.0 30.0 29.993004981287495 29.98334933083114 30.0 30.0 30.0 30.0 30.0 30.0 30.0
53.6 30.0 30.0 29.99315381147285 29.983674481438637 30.0 30.0 30.0 30.0 30.0 30.0 30.0
53.7 30.0 30.0 29.993299475058503 29.98399333350025 30.0 30.0 30.0 30.0 30.0 30.0 30.0
53.8 30.0 30.0 29.993442039418955 29.984306007845557 30.0 30.0 30.0 30.0 30.0 30.0 30.0
53.9 30.0 30.0 29.993581570495177 29.98461262301382 30.0 30.0 30.0 30.0 30.0 30.0 30.0
54.0 30.0 30.0 29.993718132825112 29.984913295296742 30.0 30.0 30.0 30.0 30.0 30.0 30.0
54.1 30.0 30.0 29.993851789573554 29.985208138780425 30.0 30.0 30.0 30.0 30.0 30.0 30.0
54.2 30.0 30.0 29.993982602561374 29.985497265386435 30.0 30.0 30.0 30.0 30.0 30.0 30.0
54.3 30.0 30.0 29.994110632294156 29.9857807849124 30.0 30.0 30.0 30.0 30.0 30.0 30.0
54.4 30.0 30.0 29.994235937990066 29.98605880507178 30.0 30.0 30.0 30.0 30.0 30.0 30.0
54.5 30.0 30.0 29.994358577607333 29.986331431532776 30.0 30.0 30.0 30.0 30.0 30.0 30.0
54.6 30.0 30.0 29.99447860787105 29.986598767956426 30.0 30.0 30.0 30.0 30.0 30.0 30.0
54.7 30.0 30.0 29.99459608429928 29.986860916034633 30.0 30.0 30.0 30.0 30.0 30.0 30.0
54.8 30.0 30.0 29.99471106122911 29.987117975526317 30.0 30.0 30.0 30.0 30.0 30.0 30.0
54.9 30.0 30.0 29.994823591841214 29.98737004429462 30.0 30.0 30.0 30.0 30.0 30.0 30.0
55.0 30.0 30.0 29.994933728185007 29.987617218341303 30.0 30.0 30.0 30.0 30.0 30.0 30.0
55.1 30.0 30.0 29.995041521202346 29.9878595918427 30.0 30.0 30.0 30.0 30.0 30.0 30.0
55.2 30.0 30.0 29.99514702075125 29.988097257183142 30.0 30.0 30.0 30.0 30.0 30.0 30.0
55.3 30.0 30.0 29.995250275628912 29.98833030498902 30.0 30.0 30.0 30.0 30.0 30.0 30.0
55.4 30.0 30.0 29.99535133359426 29.9885588241616 30.0 30.0 30.0 30.0 30.0 30.0 30.0
55.5 30.0 30.0 29.995450241390095 29.988782901909524 30.0 30.0 30.0 30.0 30.0 30.0 30.0
55.6 30.0 30.0 29.99554704476477 29.989002623780294 30.0 30.0 30.0 30.0 30.0 30.0 30.0
55.7 30.0 30.0 29.995641788493195 29.98921807369195 30.0 30.0 30.0 30.0 30.0 30.0 30.0
55.8 30.0 30.0 29.995734516397633 29.989429333963244 30.0 30.0 30.0 30.0 30.0 30.0 30.0
55.9 30.0 30.0 29.99582527136792 29.98963648534403 30.0 30.0 30.0 30.0 30.0 30.0 30.0
56.0 30.0 30.0 29.99591409538139 29.989839607044548 30.0 30.0 30.0 30.0 30.0 30.0 30.0
56.1 30.0 30.0 29.996001029522247 29.99003877676437 30.0 30.0 30.0 30.0 30.0 30.0 30.0
56.2 30.0 30.0 29.99608611400051 29.99023407072117 30.0 30.0 30.0 30.0 30.0 30.0 30.0
56.3 30.0 30.0 29.99616938817069 29.990425563678144 30.0 30.0 30.0 30.0 30.0 30.0 30.0
56.4 30.0 30.0 29.996250890550076 29.99061332897148 30.0 30.0 30.0 30.0 30.0 30.0 30.0
56.5 30.0 30.0 29.996330658836264 29.990797438537726 30.0 30.0 30.0 30.0 30.0 30.0 30.0
56.6 30.0 30.0 29.996408729924838 29.990977962939635 30.0 30.0 30.0 30.0 30.0 30.0 30.0
56.7 30.0 30.0 29.996485139926417 29.99115497139207 30.0 30.0 30.0 30.0 30.0 30.0 30.0
56.8 30.0 30.0 29.996559924183284 29.991328531787627 30.0 30.0 30.0 30.0 30.0 30.0 30.0
56.9 30.0 30.0 29.99663311728575 29.991498710721693 30.0 30.0 30.0 30.0 30.0 30.0 30.0
57.0 30.0 30.0 29.996704753088206 29.991665573516507 30.0 30.0 30.0 30.0 30.0 30.0 30.0
57.1 30.0 30.0 29.99677486472461 29.99182918424553 30.0 30.0 30.0 30.0 30.0 30.0 30.0
57.2 30.0 30.0 29.99684348462406 29.99198960575674 30.0 30.0 30.0 30.0 30.0 30.0 30.0
57.3 30.0 30.0 29.99691064452569 29.992146899696046 30.0 30.0 30.0 30.0 30.0 30.0 30.0
57.4 30.0 30.0 29.996976375493205 29.992301126529934 30.0 30.0 30.0 30.0 30.0 30.0 30.0
57.5 30.0 30.0 29.997040707929553 29.992452345567358 30.0 30.0 30.0 30.0 30.0 30.0 30.0
57.6 30.0 30.0 29.997103671590597 29.992600614982408 30.0 30.0 30.0 30.0 30.0 30.0 30.0
57.7 30.0 30.0 29.997165295599327 29.99274599183487 30.0 30.0 30.0 30.0 30.0 30.0 30.0
57.8 30.0 30.0 29.99722560845892 29.992888532092035 30.0 30.0 30.0 30.0 30.0 30.0 30.0
57.9 30.0 30.0 29.997284638066187 29.993028290648862 30.0 30.0 30.0 30.0 30.0 30.0 30.0
58.0 30.0 30.0 29.997342411724357 29.993165321348528 30.0 30.0 30.0 30.0 30.0 30.0 30.0
58.1 30.0 30.0 29.997398956155735 29.993299677002344 30.0 30.0 30.0 30.0 30.0 30.0 30.0
58.2 30.0 30.0 29.997454297514103 29.993431409409045 30.0 30.0 30.0 30.0 30.0 30.0 30.0
58.3 30.0 30.0 29.997508461396798 29.99356056937427 30.0 30.0 30.0 30.0 30.0 30.0 30.0
58.4 30.0 30.0 29.997561472856436 29.993687206729234 30.0 30.0 30.0 30.0 30.0 30.0 30.0
58.5 30.0 30.0 29.997613356412703 29.993811370349086 30.0 30.0 30.0 30.0 30.0 30.0 30.0
58.6 30.0 30.0 29.997664136063484 29.993933108171316 30.0 30.0 30.0 30.0 30.0 30.0 30.0
58.7 30.0 30.0 29.997713835296192 29.994052467213233 30.0 30.0 30.0 30.0 30.0 30.0 30.0
58.8 30.0 30.0 29.997762477098405 29.99416949358967 30.0 30.0 30.0 30.0 30.0 30.0 30.0
58.9 30.0 30.0 29.997810083968695 29.99428423252987 30.0 30.0 30.0 30.0 30.0 30.0 30.0
59.0 30.0 30.0 29.997856677926805 29.99439672839455 30.0 30.0 30.0 30.0 30.0 30.0 30.0
59.1 30.0 30.0 29.997902280524077 29.994507024692094 30.0 30.0 30.0 30.0 30.0 30.0 30.0
59.2 30.0 30.0 29.99794691285334 29.994615164094856 30.0 30.0 30.0 30.0 30.0 30.0 30.0
59.3 30.0 30.0 29.997990595558576 29.99472118845529 30.0 30.0 30.0 30.0 30.0 30.0 30.0
59.4 30.0 30.0 29.998033348844597 29.994825138821167 30.0 30.0 30.0 30.0 30.0 30.0 30.0
59.5 30.0 30.0 29.998075192486237 29.994927055451083 30.0 30.0 30.0 30.0 30.0 30.0 30.0
59.6 30.0 30.0 29.998116145837642 29.99502697782927 30.0 30.0 30.0 30.0 30.0 30.0 30.0
59.7 30.0 30.0 29.998156227841065 29.995124944680548 30.0 30.0 30.0 30.0 30.0 30.0 30.0
59.8 30.0 30.0 29.99819545703598 29.995220993984493 30.0 30.0 30.0 30.0 30.0 30.0 30.0
59.9 30.0 30.0 29.998233851567097 29.995315162990163 30.0 30.0 30.0 30.0 30.0 30.0 30.0
60.0 30.0 30.0 29.99827142919336 29.995407488229 30.0 30.0 30.0 30.0 30.0 30.0 30.0
60.1 30.0 30.0 29.9983082072956 29.995498005529832 30.0 30.0 30.0 30.0 30.0 30.0 30.0
60.2 30.0 30.0 29.99834420288505 29.995586750030913 30.0 30.0 30.0 30.0 30.0 30.0 30.0
60.3 30.0 30.0 29.99837943261088 29.995673756193952 30.0 30.0 30.0 30.0 30.0 30.0 30.0
60.4 30.0 30.0 29.998413912768136 29.995759057816738 30.0 30.0 30.0 30.0 30.0 30.0 30.0
60.5 30.0 30.0 29.998447659305 29.995842688045904 30.0 30.0 30.0 30.0 30.0 30.0 30.0
60.6 30.0 30.0 29.998480687830437 29.99592467938896 30.0 30.0 30.0 30.0 30.0 30.0 30.0
60.7 30.0 30.0 29.99851301362125 29.996005063726944 30.0 30.0 30.0 30.0 30.0 30.0 30.0
60.8 30.0 30.0 29.99854465162933 29.996083872325958 30.0 30.0 30.0 30.0 30.0 30.0 30.0
60.9 30.0 30.0 29.99857561648826 29.996161135849466 30.0 30.0 30.0 30.0 30.0 30.0 30.0
61.0 30.0 30.0 29.998605922520454 29.996236884368976 30.0 30.0 30.0 30.0 30.0 30.0 30.0
61.1 30.0 30.0 29.998635583743447 29.99631114737628 30.0 30.0 30.0 30.0 30.0 30.0 30.0
61.2 30.0 30.0 29.998664613876578 29.996383953793707 30.0 30.0 30.0 30.0 30.0 30.0 30.0
61.3 30.0 30.0 29.998693026347286 29.996455331985384 30.0 30.0 30.0 30.0 30.0 30.0 30.0
61.4 30.0 30.0 29.998720834297373 29.996525309767886 30.0 30.0 30.0 30.0 30.0 30.0 30.0
61.5 30.0 30.0 29.99874805058894 29.99659391442073 30.0 30.0 30.0 30.0 30.0 30.0 30.0
61.6 30.0 30.0 29.998774687810457 29.9966611726964 30.0 30.0 30.0 30.0 30.0 30.0 30.0
61.7 30.0 30.0 29.998800758282574 29.99672711083068 30.0 30.0 30.0 30.0 30.0 30.0 30.0
61.8 30.0 30.0 29.998826274063838 29.996791754552387 30.0 30.0 30.0 30.0 30.0 30.0 30.0
61.9 30.0 30.0 29.998851246956104 29.996855129093206 30.0 30.0 30.0 30.0 30.0 30.0 30.0
62.0 30.0 30.0 29.998875688510243 29.996917259196948 30.0 30.0 30.0 30.0 30.0 30.0 30.0
62.1 30.0 30.0 29.998899610031277 29.99697816912927 30.0 30.0 30.0 30.0 30.0 30.0 30.0
62.2 30.0 30.0 29.998923022583792 29.99703788268632 30.0 30.0 30.0 30.0 30.0 30.0 30.0
62.3 30.0 30.0 29.998945936996865 29.99709642320426 30.0 30.0 30.0 30.0 30.0 30.0 30.0
62.4 30.0 30.0 29.998968363869302 29.997153813567568 30.0 30.0 30.0 30.0 30.0 30.0 30.0
62.5 30.0 30.0 29.998990313574186 29.997210076218227 30.0 30.0 30.0 30.0 30.0 30.0 30.0
62.6 30.0 30.0 29.999011796264085 29.99726523316373 30.0 30.0 30.0 30.0 30.0 30.0 30.0
62.7 30.0 30.0 29.99903282187552 29.997319305985524 30.0 30.0 30.0 30.0 30.0 30.0 30.0
62.8 30.0 30.0 29.99905340013351 29.9973723158475 30.0 30.0 30.0 30.0 30.0 30.0 30.0
62.9 30.0 30.0 29.999073540556196 29.997424283503488 30.0 30.0 30.0 30.0 30.0 30.0 30.0
63.0 30.0 30.0 29.999093252459236 29.997475229305522 30.0 30.0 30.0 30.0 30.0 30.0 30.0
63.1 30.0 30.0 29.999112544960113 29.99752517321115 30.0 30.0 30.0 30.0 30.0 30.0 30.0
63.2 30.0 30.0 29.999131426982228 29.997574134791595 30.0 30.0 30.0 30.0 30.0 30.0 30.0
63.3 30.0 30.0 29.99914990725925 29.997622133238565 30.0 30.0 30.0 30.0 30.0 30.0 30.0
63.4 30.0 30.0 29.999167994338876 29.997669187371972 30.0 30.0 30.0 30.0 30.0 30.0 30.0
63.5 30.0 30.0 29.999185696587006 29.997715315646662 30.0 30.0 30.0 30.0 30.0 30.0 30.0
63.6 30.0 30.0 29.999203022191516 29.99776053615986 30.0 30.0 30.0 30.0 30.0 30.0 30.0
63.7 30.0 30.0 29.999219979166213 29.99780486665761 30.0 30.0 30.0 30.0 30.0 30.0 30.0
63.8 30.0 30.0 29.999236575354136 29.99784832454217 30.0 30.0 30.0 30.0 30.0 30.0 30.0
63.9 30.0 30.0 29.999252818431707 29.99789092687759 30.0 30.0 30.0 30.0 30.0 30.0 30.0
64.0 30.0 30.0 29.999268715911835 29.99793269039727 30.0 30.0 30.0 30.0 30.0 30.0 30.0
64.1 30.0 30.0 29.99928427514779 29.997973631509534 30.0 30.0 30.0 30.0 30.0 30.0 30.0
64.2 30.0 30.0 29.99929950333609 29.998013766304606 30.0 30.0 30.0 30.0 30.0 30.0 30.0
64.3 30.0 30.0 29.999314407520387 29.99805311055996 30.0 30.0 30.0 30.0 30.0 30.0 30.0
64.4 30.0 30.0 29.999328994594453 29.998091679746683 30.0 30.0 30.0 30.0 30.0 30.0 30.0
64.5 30.0 30.0 29.999343271305197 29.998129489035847 30.0 30.0 30.0 30.0 30.0 30.0 30.0
64.6 30.0 30.0 29.999357244256128 29.99816655330325 30.0 30.0 30.0 30.0 30.0 30.0 30.0
64.7 30.0 30.0 29.999370919910266 29.998202887135903 30.0 30.0 30.0 30.0 30.0 30.0 30.0
64.8 30.0 30.0 29.999384304593057 29.998238504837513 30.0 30.0 30.0 30.0 30.0 30.0 30.0
64.9 30.0 30.0 29.99939740449535 29.998273420433673 30.0 30.0 30.0 30.0 30.0 30.0 30.0
65.0 30.0 30.0 29.999410225676314 29.99830764767721 30.0 30.0 30.0 30.0 30.0 30.0 30.0
65.1 30.0 30.0 29.999422774066147 29.998341200053684 30.0 30.0 30.0 30.0 30.0 30.0 30.0
65.2 30.0 30.0 29.999435055468975 29.998374090786413 30.0 30.0 30.0 30.0 30.0 30.0 30.0
65.3 30.0 30.0 29.999447075565364 29.99840633284145 30.0 30.0 30.0 30.0 30.0 30.0 30.0
65.4 30.0 30.0 29.999458839915032 29.998437938932707 30.0 30.0 30.0 30.0 30.0 30.0 30.0
65.5 30.0 30.0 29.999470353959374 29.998468921526733 30.0 30.0 30.0 30.0 30.0 30.0 30.0
65.6 30.0 30.0 29.999481623024064 29.998499292847463 30.0 30.0 30.0 30.0 30.0 30.0 30.0
65.7 30.0 30.0 29.99949265232147 29.998529064880838 30.0 30.0 30.0 30.0 30.0 30.0 30.0
65.8 30.0 30.0 29.999503446952893 29.99855824937966 30.0 30.0 30.0 30.0 30.0 30.0 30.0
65.9 30.0 30.0 29.99951401191136 29.998586857867608 30.0 30.0 30.0 30.0 30.0 30.0 30.0
66.0 30.0 30.0 29.99952435208347 29.998614901644316 30.0 30.0 30.0 30.0 30.0 30.0 30.0
66.1 30.0 30.0 29.999534472251906 29.998642391789193 30.0 30.0 30.0 30.0 30.0 30.0 30.0
66.2 30.0 30.0 29.99954437709757 29.998669339165744 30.0 30.0 30.0 30.0 30.0 30.0 30.0
66.3 30.0 30.0 29.999554071201896 29.99869575442576 30.0 30.0 30.0 30.0 30.0 30.0 30.0
66.4 30.0 30.0 29.99956355904869 29.99872164801375 30.0 30.0 30.0 30.0 30.0 30.0 30.0
66.5 30.0 30.0 29.99957284502636 29.998747030170527 30.0 30.0 30.0 30.0 30.0 30.0 30.0
66.6 30.0 30.0 29.999581933430047 29.998771910937094 30.0 30.0 30.0 30.0 30.0 30.0 30.0
66.7 30.0 30.0 29.999590828463454 29.998796300159 30.0 30.0 30.0 30.0 30.0 30.0 30.0
66.8 30.0 30.0 29.999599534240787 29.998820207489654 30.0 30.0 30.0 30.0 30.0 30.0 30.0
66.9 30.0 30.0 29.999608054788876 29.99884364239418 30.0 30.0 30.0 30.0 30.0 30.0 30.0
67.0 30.0 30.0 29.999616394048648 29.998866614153275 30.0 30.0 30.0 30.0 30.0 30.0 30.0
67.1 30.0 30.0 29.99962455587742 29.99888913186613 30.0 30.0 30.0 30.0 30.0 30.0 30.0
67.2 30.0 30.0 29.99963254405027 29.99891120445494 30.0 30.0 30.0 30.0 30.0 30.0 30.0
67.3 30.0 30.0 29.999640362261978 29.99893284066746 30.0 30.0 30.0 30.0 30.0 30.0 30.0
67.4 30.0 30.0 29.999648014128752 29.99895404908081 30.0 30.0 30.0 30.0 30.0 30.0 30.0
67.5 30.0 30.0 29.999655503189874 29.998974838104626 30.0 30.0 30.0 30.0 30.0 30.0 30.0
67.6 30.0 30.0 29.99966283290927 29.998995215984323 30.0 30.0 30.0 30.0 30.0 30.0 30.0
67.7 30.0 30.0 29.999670006677125 29.99901519080444 30.0 30.0 30.0 30.0 30.0 30.0 30.0
67.8 30.0 30.0 29.999677027811643 29.9990347704913 30.0 30.0 30.0 30.0 30.0 30.0 30.0
67.9 30.0 30.0 29.9996838995603 29.999053962816838 30.0 30.0 30.0 30.0 30.0 30.0 30.0
68.0 30.0 30.0 29.99969062510159 29.99907277540077 30.0 30.0 30.0 30.0 30.0 30.0 30.0
68.1 30.0 30.0 29.999697207546273 29.999091215714135 30.0 30.0 30.0 30.0 30.0 30.0 30.0
68.2 30.0 30.0 29.99970364993893 29.999109291081894 30.0 30.0 30.0 30.0 30.0 30.0 30.0
68.3 30.0 30.0 29.999709955259416 29.99912700868575 30.0 30.0 30.0 30.0 30.0 30.0 30.0
68.4 30.0 30.0 29.99971612642411 29.99914437556726 30.0 30.0 30.0 30.0 30.0 30.0 30.0
68.5 30.0 30.0 29.999722166287476 29.99916139863003 30.0 30.0 30.0 30.0 30.0 30.0 30.0
68.6 30.0 30.0 29.999728077643113 29.999178084642743 30.0 30.0 30.0 30.0 30.0 30.0 30.0
68.7 30.0 30.0 29.999733863225206 29.99919444024179 30.0 30.0 30.0 30.0 30.0 30.0 30.0
68.8 30.0 30.0 29.999739525709806 29.999210471933672 30.0 30.0 30.0 30.0 30.0 30.0 30.0
68.9 30.0 30.0 29.999745067715967 29.999226186097662 30.0 30.0 30.0 30.0 30.0 30.0 30.0
69.0 30.0 30.0 29.999750491807102 29.999241588988056 30.0 30.0 30.0 30.0 30.0 30.0 30.0
69.1 30.0 30.0 29.99975580049207 29.99925668673676 30.0 30.0 30.0 30.0 30.0 30.0 30.0
69.2 30.0 30.0 29.999760996226314 29.99927148535584 30.0 30.0 30.0 30.0 30.0 30.0 30.0
69.3 30.0 30.0 29.99976608141302 29.999285990739544 30.0 30.0 30.0 30.0 30.0 30.0 30.0
69.4 30.0 30.0 29.999771058404207 29.99930020866685 30.0 30.0 30.0 30.0 30.0 30.0 30.0
69.5 30.0 30.0 29.999775929501958 29.999314144803336 30.0 30.0 30.0 30.0 30.0 30.0 30.0
69.6 30.0 30.0 29.9997806969594 29.99932780470365 30.0 30.0 30.0 30.0 30.0 30.0 30.0
69.7 30.0 30.0 29.999785362981576 29.999341193813866 30.0 30.0 30.0 30.0 30.0 30.0 30.0
69.8 30.0 30.0 29.9997899297267 29.9993543174731 30.0 30.0 30.0 30.0 30.0 30.0 30.0
69.9 30.0 30.0 29.999794399307017 29.999367180916085 30.0 30.0 30.0 30.0 30.0 30.0 30.0
70.0 30.0 30.0 29.999798773789895 29.999379789274798 30.0 30.0 30.0 30.0 30.0 30.0 30.0
70.1 30.0 30.0 29.99980305519866 29.999392147580764 30.0 30.0 30.0 30.0 30.0 30.0 30.0
70.2 30.0 30.0 29.9998072455136 29.999404260766795 30.0 30.0 30.0 30.0 30.0 30.0 30.0
70.3 30.0 30.0 29.999811346672903 29.999416133668912 30.0 30.0 30.0 30.0 30.0 30.0 30.0
70.4 30.0 30.0 29.999815360573447 29.999427771028483 30.0 30.0 30.0 30.0 30.0 30.0 30.0
70.5 30.0 30.0 29.999819289071855 29.999439177493763 30.0 30.0 30.0 30.0 30.0 30.0 30.0
70.6 30.0 30.0 29.999823133985185 29.999450357621832 30.0 30.0 30.0 30.0 30.0 30.0 30.0
70.7 30.0 30.0 29.999826897091886 29.999461315880463 30.0 30.0 30.0 30.0 30.0 30.0 30.0
70.8 30.0 30.0 29.99983058013248 29.999472056649854 30.0 30.0 30.0 30.0 30.0 30.0 30.0
70.9 30.0 30.0 29.999834184810524 29.99948258422393 30.0 30.0 30.0 30.0 30.0 30.0 30.0
71.0 30.0 30.0 29.9998377127933 29.999492902812683 30.0 30.0 30.0 30.0 30.0 30.0 30.0
71.1 30.0 30.0 29.999841165712578 29.99950301654343 30.0 30.0 30.0 30.0 30.0 30.0 30.0
71.2 30.0 30.0 29.999844545165484 29.999512929462234 30.0 30.0 30.0 30.0 30.0 30.0 30.0
71.3 30.0 30.0 29.99984785271519 29.99952264553584 30.0 30.0 30.0 30.0 30.0 30.0 30.0
71.4 30.0 30.0 29.999851089891486 29.99953216865325 30.0 30.0 30.0 30.0 30.0 30.0 30.0
71.5 30.0 30.0 29.99985425819165 29.999541502626894 30.0 30.0 30.0 30.0 30.0 30.0 30.0
71.6 30.0 30.0 29.999857359081233 29.999550651194358 30.0 30.0 30.0 30.0 30.0 30.0 30.0
71.7 30.0 30.0 29.99986039399442 29.999559618019862 30.0 30.0 30.0 30.0 30.0 30.0 30.0
71.8 30.0 30.0 29.999863364334935 29.999568406695733 30.0 30.0 30.0 30.0 30.0 30.0 30.0
71.9 30.0 30.0 29.999866271476794 29.999577020743278 30.0 30.0 30.0 30.0 30.0 30.0 30.0
72.0 30.0 30.0 29.999869116764497 29.999585463615244 30.0 30.0 30.0 30.0 30.0 30.0 30.0
72.1 30.0 30.0 29.999871901514204 29.999593738695953 30.0 30.0 30.0 30.0 30.0 30.0 30.0
72.2 30.0 30.0 29.99987462701391 29.9996018493036 30.0 30.0 30.0 30.0 30.0 30.0 30.0
72.3 30.0 30.0 29.999877294524232 29.999609798690834 30.0 30.0 30.0 30.0 30.0 30.0 30.0
72.4 30.0 30.0 29.999879905278988 29.999617590046494 30.0 30.0 30.0 30.0 30.0 30.0 30.0
72.5 30.0 30.0 29.999882460485775 29.999625226496704 30.0 30.0 30.0 30.0 30.0 30.0 30.0
72.6 30.0 30.0 29.99988496132655 29.99963271110603 30.0 30.0 30.0 30.0 30.0 30.0 30.0
72.7 30.0 30.0 29.999887408957918 29.999640046878984 30.0 30.0 30.0 30.0 30.0 30.0 30.0
72.8 30.0 30.0 29.999889804512005 29.999647236760634 30.0 30.0 30.0 30.0 30.0 30.0 30.0
72.9 30.0 30.0 29.999892149096848 29.99965428363839 30.0 30.0 30.0 30.0 30.0 30.0 30.0
73.0 30.0 30.0 29.999894443796876 29.999661190342643 30.0 30.0 30.0 30.0 30.0 30.0 30.0
73.1 30.0 30.0 29.999896689673584 29.99966795964807 30.0 30.0 30.0 30.0 30.0 30.0 30.0
73.2 30.0 30.0 29.99989888776563 29.999674594275003 30.0 30.0 30.0 30.0 30.0 30.0 30.0
73.3 30.0 30.0 29.99990103908972 29.999681096889898 30.0 30.0 30.0 30.0 30.0 30.0 30.0
73.4 30.0 30.0 29.99990314464097 29.999687470106803 30.0 30.0 30.0 30.0 30.0 30.0 30.0
73.5 30.0 30.0 29.999905205393322 29.999693716488242 30.0 30.0 30.0 30.0 30.0 30.0 30.0
73.6 30.0 30.0 29.999907222299804 29.999699838546675 30.0 30.0 30.0 30.0 30.0 30.0 30.0
73.7 30.0 30.0 29.99990919629342 29.999705838744436 30.0 30.0 30.0 30.0 30.0 30.0 30.0
73.8 30.0 30.0 29.999911128287152 29.999711719495778 30.0 30.0 30.0 30.0 30.0 30.0 30.0
73.9 30.0 30.0 29.999913019174627 29.99971748316726 30.0 30.0 30.0 30.0 30.0 30.0 30.0
74.0 30.0 30.0 29.99991486983051 29.99972313207886 30.0 30.0 30.0 30.0 30.0 30.0 30.0
74.1 30.0 30.0 29.999916681110687 29.99972866850485 30.0 30.0 30.0 30.0 30.0 30.0 30.0
74.2 30.0 30.0 29.99991845385306 29.99973409467445 30.0 30.0 30.0 30.0 30.0 30.0 30.0
74.3 30.0 30.0 29.99992018887743 29.999739412773298 30.0 30.0 30.0 30.0 30.0 30.0 30.0
74.4 30.0 30.0 29.999921886986375 29.999744624943663 30.0 30.0 30.0 30.0 30.0 30.0 30.0
74.5 30.0 30.0 29.999923548965356 29.999749733285714 30.0 30.0 30.0 30.0 30.0 30.0 30.0
74.6 30.0 30.0 29.999925175583083 29.999754739858076 30.0 30.0 30.0 30.0 30.0 30.0 30.0
74.7 30.0 30.0 29.999926767591926 29.99975964667902 30.0 30.0 30.0 30.0 30.0 30.0 30.0
74.8 30.0 30.0 29.999928325728284 29.999764455726638 30.0 30.0 30.0 30.0 30.0 30.0 30.0
74.9 30.0 30.0 29.999929850712785 29.99976916894036 30.0 30.0 30.0 30.0 30.0 30.0 30.0
75.0 30.0 30.0 29.999931343250772 29.999773788221248 30.0 30.0 30.0 30.0 30.0 30.0 30.0
75.1 30.0 30.0 29.99993280403269 29.999778315432593 30.0 30.0 30.0 30.0 30.0 30.0 30.0
75.2 30.0 30.0 29.999934233734074 29.99978275240139 30.0 30.0 30.0 30.0 30.0 30.0 30.0
75.3 30.0 30.0 29.999935633016346 29.999787100918038 30.0 30.0 30.0 30.0 30.0 30.0 30.0
75.4 30.0 30.0 29.999937002526597 29.999791362738105 30.0 30.0 30.0 30.0 30.0 30.0 30.0
75.5 30.0 30.0 29.999938342898382 29.99979553958208 30.0 30.0 30.0 30.0 30.0 30.0 30.0
75.6 30.0 30.0 29.999939654751604 29.999799633136778 30.0 30.0 30.0 30.0 30.0 30.0 30.0
75.7 30.0 30.0 29.999940938693015 29.999803645055614 30.0 30.0 30.0 30.0 30.0 30.0 30.0
75.8 30.0 30.0 29.999942195316592 29.999807576959206 30.0 30.0 30.0 30.0 30.0 30.0 30.0
75.9 30.0 30.0 29.99994342520344 29.99981143043645 30.0 30.0 30.0 30.0 30.0 30.0 30.0
76.0 30.0 30.0 29.999944628922485 29.99981520704462 30.0 30.0 30.0 30.0 30.0 30.0 30.0
76.1 30.0 30.0 29.999945807030546 29.999818908310214 30.0 30.0 30.0 30.0 30.0 30.0 30.0
76.2 30.0 30.0 29.999946960072446 29.99982253572978 30.0 30.0 30.0 30.0 30.0 30.0 30.0
76.3 30.0 30.0 29.999948088581505 29.999826090770128 30.0 30.0 30.0 30.0 30.0 30.0 30.0
76.4 30.0 30.0 29.999949193079804 29.99982957486895 30.0 30.0 30.0 30.0 30.0 30.0 30.0
76.5 30.0 30.0 29.999950274078113 29.99983298943595 30.0 30.0 30.0 30.0 30.0 30.0 30.0
76.6 30.0 30.0 29.999951332076467 29.999836335852482 30.0 30.0 30.0 30.0 30.0 30.0 30.0
76.7 30.0 30.0 29.999952367564244 29.999839615472965 30.0 30.0 30.0 30.0 30.0 30.0 30.0
76.8 30.0 30.0 29.999953381020283 29.999842829624853 30.0 30.0 30.0 30.0 30.0 30.0 30.0
76.9 30.0 30.0 29.999954372913464 29.999845979609304 30.0 30.0 30.0 30.0 30.0 30.0 30.0
77.0 30.0 30.0 29.9999553437025 29.999849066701923 30.0 30.0 30.0 30.0 30.0 30.0 30.0
77.1 30.0 30.0 29.99995629383652 29.999852092152825 30.0 30.0 30.0 30.0 30.0 30.0 30.0
77.2 30.0 30.0 29.99995722375489 29.999855057187812 30.0 30.0 30.0 30.0 30.0 30.0 30.0
77.3 30.0 30.0 29.999958133887787 29.99985796300789 30.0 30.0 30.0 30.0 30.0 30.0 30.0
77.4 30.0 30.0 29.99995902465609 29.999860810790857 30.0 30.0 30.0 30.0 30.0 30.0 30.0
77.5 30.0 30.0 29.99995989647188 29.999863601690762 30.0 30.0 30.0 30.0 30.0 30.0 30.0
77.6 30.0 30.0 29.999960749738424 29.999866336838927 30.0 30.0 30.0 30.0 30.0 30.0 30.0
77.7 30.0 30.0 29.999961584850393 29.999869017344484 30.0 30.0 30.0 30.0 30.0 30.0 30.0
77.8 30.0 30.0 29.999962402194026 29.99987164429447 30.0 30.0 30.0 30.0 30.0 30.0 30.0
77.9 30.0 30.0 29.99996320214735 29.99987421875433 30.0 30.0 30.0 30.0 30.0 30.0 30.0
78.0 30.0 30.0 29.999963985080345 29.999876741768496 30.0 30.0 30.0 30.0 30.0 30.0 30.0
78.1 30.0 30.0 29.99996475135527 29.99987921436066 30.0 30.0 30.0 30.0 30.0 30.0 30.0
78.2 30.0 30.0 29.999965501326443 29.999881637534422 30.0 30.0 30.0 30.0 30.0 30.0 30.0
78.3 30.0 30.0 29.999966235340818 29.999884012273174 30.0 30.0 30.0 30.0 30.0 30.0 30.0
78.4 30.0 30.0 29.999966953737815 29.99988633954127 30.0 30.0 30.0 30.0 30.0 30.0 30.0
78.5 30.0 30.0 29.999967656849783 29.999888620283482 30.0 30.0 30.0 30.0 30.0 30.0 30.0
78.6 30.0 30.0 29.99996834500192 29.999890855426255 30.0 30.0 30.0 30.0 30.0 30.0 30.0
78.7 30.0 30.0 29.999969018512548 29.999893045877428 30.0 30.0 30.0 30.0 30.0 30.0 30.0
78.8 30.0 30.0 29.99996967769312 29.999895192526957 30.0 30.0 30.0 30.0 30.0 30.0 30.0
78.9 30.0 30.0 29.999970322848604 29.999897296247088 30.0 30.0 30.0 30.0 30.0 30.0 30.0
79.0 30.0 30.0 29.999970954277394 29.999899357892875 30.0 30.0 30.0 30.0 30.0 30.0 30.0
79.1 30.0 30.0 29.999971572271498 29.9999013783024 30.0 30.0 30.0 30.0 30.0 30.0 30.0
79.2 30.0 30.0 29.999972177116824 29.999903358297097 30.0 30.0 30.0 30.0 30.0 30.0 30.0
79.3 30.0 30.0 29.99997276909309 29.999905298682087 30.0 30.0 30.0 30.0 30.0 30.0 30.0
79.4 30.0 30.0 29.99997334847411 29.999907200246586 30.0 30.0 30.0 30.0 30.0 30.0 30.0
79.5 30.0 30.0 29.9999739155279 29.99990906376414 30.0 30.0 30.0 30.0 30.0 30.0 30.0
79.6 30.0 30.0 29.999974470516662 29.999910889992982 30.0 30.0 30.0 30.0 30.0 30.0 30.0
79.7 30.0 30.0 29.99997501369718 29.999912679676125 30.0 30.0 30.0 30.0 30.0 30.0 30.0
79.8 30.0 30.0 29.999975545320634 29.99991443354207 30.0 30.0 30.0 30.0 30.0 30.0 30.0
79.9 30.0 30.0 29.999976065632975 29.999916152304735 30.0 30.0 30.0 30.0 30.0 30.0 30.0
80.0 30.0 30.0 29.99997657487483 29.999917836663972 30.0 30.0 30.0 30.0 30.0 30.0 30.0
80.1 30.0 30.0 29.999977073281798 29.999919487305647 30.0 30.0 30.0 30.0 30.0 30.0 30.0
80.2 30.0 30.0 29.999977561084346 29.999921104902107 30.0 30.0 30.0 30.0 30.0 30.0 30.0
80.3 30.0 30.0 29.999978038508107 29.999922690112264 30.0 30.0 30.0 30.0 30.0 30.0 30.0
80.4 30.0 30.0 29.999978505773882 29.99992424358195 30.0 30.0 30.0 30.0 30.0 30.0 30.0
80.5 30.0 30.0 29.99997896309781 29.999925765944273 30.0 30.0 30.0 30.0 30.0 30.0 30.0
80.6 30.0 30.0 29.999979410691502 29.999927257819497 30.0 30.0 30.0 30.0 30.0 30.0 30.0
80.7 30.0 30.0 29.999979848761914 29.999928719816076 30.0 30.0 30.0 30.0 30.0 30.0 30.0
80.8 30.0 30.0 29.999980277511646 29.99993015252992 30.0 30.0 30.0 30.0 30.0 30.0 30.0
80.9 30.0 30.0 29.999980697139055 29.999931556545274 30.0 30.0 30.0 30.0 30.0 30.0 30.0
81.0 30.0 30.0 29.999981107838224 29.999932932434813 30.0 30.0 30.0 30.0 30.0 30.0 30.0
81.1 30.0 30.0 29.99998150979908 29.999934280759838 30.0 30.0 30.0 30.0 30.0 30.0 30.0
81.2 30.0 30.0 29.999981903207594 29.999935602070327 30.0 30.0 30.0 30.0 30.0 30.0 30.0
81.3 30.0 30.0 29.999982288245754 29.999936896905407 30.0 30.0 30.0 30.0 30.0 30.0 30.0
81.4 30.0 30.0 29.999982665091597 29.999938165793726 30.0 30.0 30.0 30.0 30.0 30.0 30.0
81.5 30.0 30.0 29.999983033919467 29.999939409253166 30.0 30.0 30.0 30.0 30.0 30.0 30.0
81.6 30.0 30.0 29.999983394899946 29.999940627791354 30.0 30.0 30.0 30.0 30.0 30.0 30.0
81.7 30.0 30.0 29.999983748199934 29.999941821905995 30.0 30.0 30.0 30.0 30.0 30.0 30.0
81.8 30.0 30.0 29.99998409398295 29.999942992084527 30.0 30.0 30.0 30.0 30.0 30.0 30.0
81.9 30.0 30.0 29.99998443240883 29.999944138805162 30.0 30.0 30.0 30.0 30.0 30.0 30.0
82.0 30.0 30.0 29.999984763634224 29.999945262536237 30.0 30.0 30.0 30.0 30.0 30.0 30.0
82.1 30.0 30.0 29.999985087812192 29.9999463637371 30.0 30.0 30.0 30.0 30.0 30.0 30.0
82.2 30.0 30.0 29.999985405092808 29.999947442857508 30.0 30.0 30.0 30.0 30.0 30.0 30.0
82.3 30.0 30.0 29.999985715622742 29.99994850033876 30.0 30.0 30.0 30.0 30.0 30.0 30.0
82.4 30.0 30.0 29.999986019545684 29.999949536613002 30.0 30.0 30.0 30.0 30.0 30.0 30.0
82.5 30.0 30.0 29.99998631700212 29.999950552104124 30.0 30.0 30.0 30.0 30.0 30.0 30.0
82.6 30.0 30.0 29.999986608129728 29.99995154722721 30.0 30.0 30.0 30.0 30.0 30.0 30.0
82.7 30.0 30.0 29.9999868930631 29.99995252238942 30.0 30.0 30.0 30.0 30.0 30.0 30.0
82.8 30.0 30.0 29.999987171934105 29.999953477989592 30.0 30.0 30.0 30.0 30.0 30.0 30.0
82.9 30.0 30.0 29.999987444871724 29.999954414418706 30.0 30.0 30.0 30.0 30.0 30.0 30.0
83.0 30.0 30.0 29.999987712002124 29.999955332060047 30.0 30.0 30.0 30.0 30.0 30.0 30.0
83.1 30.0 30.0 29.999987973448857 29.99995623128917 30.0 30.0 30.0 30.0 30.0 30.0 30.0
83.2 30.0 30.0 29.999988229332963 29.999957112473968 30.0 30.0 30.0 30.0 30.0 30.0 30.0
83.3 30.0 30.0 29.999988479772682 29.999957975975512 30.0 30.0 30.0 30.0 30.0 30.0 30.0
83.4 30.0 30.0 29.999988724883924 29.99995882214715 30.0 30.0 30.0 30.0 30.0 30.0 30.0
83.5 30.0 30.0 29.999988964779988 29.99995965133557 30.0 30.0 30.0 30.0 30.0 30.0 30.0
83.6 30.0 30.0 29.999989199571946 29.999960463880168 30.0 30.0 30.0 30.0 30.0 30.0 30.0
83.7 30.0 30.0 29.999989429368263 29.999961260114137 30.0 30.0 30.0 30.0 30.0 30.0 30.0
83.8 30.0 30.0 29.99998965427537 29.99996204036341 30.0 30.0 30.0 30.0 30.0 30.0 30.0
83.9 30.0 30.0 29.99998987439718 29.999962804947934 30.0 30.0 30.0 30.0 30.0 30.0 30.0
84.0 30.0 30.0 29.999990089835578 29.99996355418096 30.0 30.0 30.0 30.0 30.0 30.0 30.0
84.1 30.0 30.0 29.99999030069012 29.99996428836979 30.0 30.0 30.0 30.0 30.0 30.0 30.0
84.2 30.0 30.0 29.999990507058435 29.999965007815312 30.0 30.0 30.0 30.0 30.0 30.0 30.0
84.3 30.0 30.0 29.99999070903592 29.999965712812575 30.0 30.0 30.0 30.0 30.0 30.0 30.0
84.4 30.0 30.0 29.999990906716047 29.9999664036506 30.0 30.0 30.0 30.0 30.0 30.0 30.0
84.5 30.0 30.0 29.999991100190144 29.99996708061294 30.0 30.0 30.0 30.0 30.0 30.0 30.0
84.6 30.0 30.0 29.99999128954781 29.99996774397718 30.0 30.0 30.0 30.0 30.0 30.0 30.0
84.7 30.0 30.0 29.999991474876612 29.999968394015497 30.0 30.0 30.0 30.0 30.0 30.0 30.0
84.8 30.0 30.0 29.99999165626217 29.999969030994787 30.0 30.0 30.0 30.0 30.0 30.0 30.0
84.9 30.0 30.0 29.999991833788474 29.99996965517635 30.0 30.0 30.0 30.0 30.0 30.0 30.0
85.0 30.0 30.0 29.999992007537664 29.999970266816426 30.0 30.0 30.0 30.0 30.0 30.0 30.0
85.1 30.0 30.0 29.999992177590048 29.999970866166226 30.0 30.0 30.0 30.0 30.0 30.0 30.0
85.2 30.0 30.0 29.99999234402429 29.999971453471833 30.0 30.0 30.0 30.0 30.0 30.0 30.0
85.3 30.0 30.0 29.999992506917405 29.999972028974362 30.0 30.0 30.0 30.0 30.0 30.0 30.0
85.4 30.0 30.0 29.999992666344664 29.999972592910357 30.0 30.0 30.0 30.0 30.0 30.0 30.0
85.5 30.0 30.0 29.999992822379898 29.999973145511277 30.0 30.0 30.0 30.0 30.0 30.0 30.0
85.6 30.0 30.0 29.999992975095186 29.99997368700439 30.0 30.0 30.0 30.0 30.0 30.0 30.0
85.7 30.0 30.0 29.999993124561254 29.999974217611967 30.0 30.0 30.0 30.0 30.0 30.0 30.0
85.8 30.0 30.0 29.999993270847188 29.999974737552254 30.0 30.0 30.0 30.0 30.0 30.0 30.0
85.9 30.0 30.0 29.99999341402062 29.999975247038975 30.0 30.0 30.0 30.0 30.0 30.0 30.0
86.0 30.0 30.0 29.99999355414782 29.999975746281546 30.0 30.0 30.0 30.0 30.0 30.0 30.0
86.1 30.0 30.0 29.999993691293625 29.999976235485203 30.0 30.0 30.0 30.0 30.0 30.0 30.0
86.2 30.0 30.0 29.9999938255214 29.99997671485124 30.0 30.0 30.0 30.0 30.0 30.0 30.0
86.3 30.0 30.0 29.999993956893263 29.99997718457671 30.0 30.0 30.0 30.0 30.0 30.0 30.0
86.4 30.0 30.0 29.999994085469982 29.999977644854972 30.0 30.0 30.0 30.0 30.0 30.0 30.0
86.5 30.0 30.0 29.999994211311055 29.999978095875214 30.0 30.0 30.0 30.0 30.0 30.0 30.0
86.6 30.0 30.0 29.999994334474636 29.999978537823218 30.0 30.0 30.0 30.0 30.0 30.0 30.0
86.7 30.0 30.0 29.999994455017706 29.99997897088081 30.0 30.0 30.0 30.0 30.0 30.0 30.0
86.8 30.0 30.0 29.9999945729961 29.999979395226074 30.0 30.0 30.0 30.0 30.0 30.0 30.0
86.9 30.0 30.0 29.99999468846429 29.999979811033963 30.0 30.0 30.0 30.0 30.0 30.0 30.0
87.0 30.0 30.0 29.999994801475683 29.99998021847557 30.0 30.0 30.0 30.0 30.0 30.0 30.0
87.1 30.0 30.0 29.999994912082624 29.99998061771852 30.0 30.0 30.0 30.0 30.0 30.0 30.0
87.2 30.0 30.0 29.9999950203362 29.999981008927485 30.0 30.0 30.0 30.0 30.0 30.0 30.0
87.3 30.0 30.0 29.999995126286528 29.999981392263432 30.0 30.0 30.0 30.0 30.0 30.0 30.0
87.4 30.0 30.0 29.999995229982567 29.99998176788443 30.0 30.0 30.0 30.0 30.0 30.0 30.0
87.5 30.0 30.0 29.999995331472306 29.99998213594513 30.0 30.0 30.0 30.0 30.0 30.0 30.0
87.6 30.0 30.0 29.999995430802674 29.999982496597195 30.0 30.0 30.0 30.0 30.0 30.0 30.0
87.7 30.0 30.0 29.999995528019625 29.99998284998932 30.0 30.0 30.0 30.0 30.0 30.0 30.0
87.8 30.0 30.0 29.999995623168154 29.999983196267102 30.0 30.0 30.0 30.0 30.0 30.0 30.0
87.9 30.0 30.0 29.999995716292286 29.999983535573374 30.0 30.0 30.0 30.0 30.0 30.0 30.0
88.0 30.0 30.0 29.999995807434974 29.999983868048147 30.0 30.0 30.0 30.0 30.0 30.0 30.0
88.1 30.0 30.0 29.999995896638506 29.99998419382829 30.0 30.0 30.0 30.0 30.0 30.0 30.0
88.2 30.0 30.0 29.999995983944096 29.999984513048286 30.0 30.0 30.0 30.0 30.0 30.0 30.0
88.3 30.0 30.0 29.99999606939209 29.999984825839867 30.0 30.0 30.0 30.0 30.0 30.0 30.0
88.4 30.0 30.0 29.999996153022064 29.999985132331926 30.0 30.0 30.0 30.0 30.0 30.0 30.0
88.5 30.0 30.0 29.99999623487262 29.999985432651116 30.0 30.0 30.0 30.0 30.0 30.0 30.0
88.6 30.0 30.0 29.999996314981686 29.999985726921192 30.0 30.0 30.0 30.0 30.0 30.0 30.0
88.7 30.0 30.0 29.999996393386322 29.999986015263648 30.0 30.0 30.0 30.0 30.0 30.0 30.0
88.8 30.0 30.0 29.99999647012281 29.999986297797538 30.0 30.0 30.0 30.0 30.0 30.0 30.0
88.9 30.0 30.0 29.99999654522656 29.99998657463957 30.0 30.0 30.0 30.0 30.0 30.0 30.0
89.0 30.0 30.0 29.999996618732403 29.99998684590392 30.0 30.0 30.0 30.0 30.0 30.0 30.0
89.1 30.0 30.0 29.999996690674305 29.999987111702673 30.0 30.0 30.0 30.0 30.0 30.0 30.0
89.2 30.0 30.0 29.999996761085452 29.999987372145778 30.0 30.0 30.0 30.0 30.0 30.0 30.0
89.3 30.0 30.0 29.99999682999854 29.999987627340534 30.0 30.0 30.0 30.0 30.0 30.0 30.0
89.4 30.0 30.0 29.99999689744541 29.99998787739251 30.0 30.0 30.0 30.0 30.0 30.0 30.0
89.5 30.0 30.0 29.999996963457214 29.999988122405043 30.0 30.0 30.0 30.0 30.0 30.0 30.0
89.6 30.0 30.0 29.999997028064524 29.99998836247928 30.0 30.0 30.0 30.0 30.0 30.0 30.0
89.7 30.0 30.0 29.99999709129724 29.99998859771447 30.0 30.0 30.0 30.0 30.0 30.0 30.0
89.8 30.0 30.0 29.99999715318458 29.99998882820789 30.0 30.0 30.0 30.0 30.0 30.0 30.0
89.9 30.0 30.0 29.99999721375509 29.9999890540549 30.0 30.0 30.0 30.0 30.0 30.0 30.0
90.0 30.0 30.0 29.99999727303692 29.999989275348703 30.0 30.0 30.0 30.0 30.0 30.0 30.0
90.1 30.0 30.0 29.99999733105746 29.999989492180934 30.0 30.0 30.0 30.0 30.0 30.0 30.0
90.2 30.0 30.0 29.999997387843504 29.99998970464127 30.0 30.0 30.0 30.0 30.0 30.0 30.0
90.3 30.0 30.0 29.99999744342127 29.99998991281756 30.0 30.0 30.0 30.0 30.0 30.0 30.0
90.4 30.0 30.0 29.9999974978166 29.999990116795853 30.0 30.0 30.0 30.0 30.0 30.0 30.0
90.5 30.0 30.0 29.999997551054552 29.99999031666074 30.0 30.0 30.0 30.0 30.0 30.0 30.0
90.6 30.0 30.0 29.999997603159795 29.99999051249474 30.0 30.0 30.0 30.0 30.0 30.0 30.0
90.7 30.0 30.0 29.99999765415642 29.9999907043789 30.0 30.0 30.0 30.0 30.0 30.0 30.0
90.8 30.0 30.0 29.99999770406794 29.999990892392862 30.0 30.0 30.0 30.0 30.0 30.0 30.0
90.9 30.0 30.0 29.99999775291758 29.99999107661415 30.0 30.0 30.0 30.0 30.0 30.0 30.0
91.0 30.0 30.0 29.999997800727876 29.999991257119195 30.0 30.0 30.0 30.0 30.0 30.0 30.0
91.1 30.0 30.0 29.999997847520895 29.999991433982828 30.0 30.0 30.0 30.0 30.0 30.0 30.0
91.2 30.0 30.0 29.99999789331831 29.999991607278144 30.0 30.0 30.0 30.0 30.0 30.0 30.0
91.3 30.0 30.0 29.999997938141302 29.999991777076982 30.0 30.0 30.0 30.0 30.0 30.0 30.0
91.4 30.0 30.0 29.999997982010683 29.999991943449604 30.0 30.0 30.0 30.0 30.0 30.0 30.0
91.5 30.0 30.0 29.999998024946574 29.999992106465136 30.0 30.0 30.0 30.0 30.0 30.0 30.0
91.6 30.0 30.0 29.999998066968907 29.999992266190976 30.0 30.0 30.0 30.0 30.0 30.0 30.0
91.7 30.0 30.0 29.999998108097223 29.99999242269324 30.0 30.0 30.0 30.0 30.0 30.0 30.0
91.8 30.0 30.0 29.999998148350492 29.99999257603684 30.0 30.0 30.0 30.0 30.0 30.0 30.0
91.9 30.0 30.0 29.999998187747284 29.999992726285473 30.0 30.0 30.0 30.0 30.0 30.0 30.0
92.0 30.0 30.0 29.9999982263058 29.999992873501366 30.0 30.0 30.0 30.0 30.0 30.0 30.0
92.1 30.0 30.0 29.999998264044024 29.999993017745382 30.0 30.0 30.0 30.0 30.0 30.0 30.0
92.2 30.0 30.0 29.999998300979183 29.999993159077643 30.0 30.0 30.0 30.0 30.0 30.0 30.0
92.3 30.0 30.0 29.999998337128503 29.999993297556507 30.0 30.0 30.0 30.0 30.0 30.0 30.0
92.4 30.0 30.0 29.999998372508813 29.999993433239357 30.0 30.0 30.0 30.0 30.0 30.0 30.0
92.5 30.0 30.0 29.99999840713637 29.999993566182702 30.0 30.0 30.0 30.0 30.0 30.0 30.0
92.6 30.0 30.0 29.999998441027046 29.999993696441713 30.0 30.0 30.0 30.0 30.0 30.0 30.0
92.7 30.0 30.0 29.999998474196705 29.99999382407029 30.0 30.0 30.0 30.0 30.0 30.0 30.0
92.8 30.0 30.0 29.999998506660635 29.99999394912147 30.0 30.0 30.0 30.0 30.0 30.0 30.0
92.9 30.0 30.0 29.999998538433736 29.99999407164716 30.0 30.0 30.0 30.0 30.0 30.0 30.0
93.0 30.0 30.0 29.99999856953091 29.99999419169796 30.0 30.0 30.0 30.0 30.0 30.0 30.0
93.1 30.0 30.0 29.99999859996647 29.99999430932413 30.0 30.0 30.0 30.0 30.0 30.0 30.0
93.2 30.0 30.0 29.99999862975436 29.999994424574282 30.0 30.0 30.0 30.0 30.0 30.0 30.0
93.3 30.0 30.0 29.9999986589085 29.99999453749635 30.0 30.0 30.0 30.0 30.0 30.0 30.0
93.4 30.0 30.0 29.999998687442446 29.99999464813709 30.0 30.0 30.0 30.0 30.0 30.0 30.0
93.5 30.0 30.0 29.99999871536916 29.99999475654278 30.0 30.0 30.0 30.0 30.0 30.0 30.0
93.6 30.0 30.0 29.999998742701795 29.999994862757877 30.0 30.0 30.0 30.0 30.0 30.0 30.0
93.7 30.0 30.0 29.999998769452745 29.999994966827188 30.0 30.0 30.0 30.0 30.0 30.0 30.0
93.8 30.0 30.0 29.999998795634582 29.999995068793353 30.0 30.0 30.0 30.0 30.0 30.0 30.0
93.9 30.0 30.0 29.999998821259304 29.99999516869917 30.0 30.0 30.0 30.0 30.0 30.0 30.0
94.0 30.0 30.0 29.99999884633891 29.999995266585824 30.0 30.0 30.0 30.0 30.0 30.0 30.0
94.1 30.0 30.0 29.999998870884816 29.9999953624943 30.0 30.0 30.0 30.0 30.0 30.0 30.0
94.2 30.0 30.0 29.999998894908636 29.999995456464163 30.0 30.0 30.0 30.0 30.0 30.0 30.0
94.3 30.0 30.0 29.999998918421202 29.999995548534926 30.0 30.0 30.0 30.0 30.0 30.0 30.0
94.4 30.0 30.0 29.999998941433546 29.999995638744544 30.0 30.0 30.0 30.0 30.0 30.0 30.0
94.5 30.0 30.0 29.999998963956312 29.999995727130532 30.0 30.0 30.0 30.0 30.0 30.0 30.0
94.6 30.0 30.0 29.999998985999756 29.999995813729896 30.0 30.0 30.0 30.0 30.0 30.0 30.0
94.7 30.0 30.0 29.999999007574324 29.9999958985782 30.0 30.0 30.0 30.0 30.0 30.0 30.0
94.8 30.0 30.0 29.999999028689697 29.999995981711344 30.0 30.0 30.0 30.0 30.0 30.0 30.0
94.9 30.0 30.0 29.99999904935593 29.999996063163444 30.0 30.0 30.0 30.0 30.0 30.0 30.0
95.0 30.0 30.0 29.99999906958232 29.999996142968744 30.0 30.0 30.0 30.0 30.0 30.0 30.0
95.1 30.0 30.0 29.999999089378534 29.999996221159908 30.0 30.0 30.0 30.0 30.0 30.0 30.0
95.2 30.0 30.0 29.99999910875348 29.9999962977701 30.0 30.0 30.0 30.0 30.0 30.0 30.0
95.3 30.0 30.0 29.99999912771625 29.9999963728307 30.0 30.0 30.0 30.0 30.0 30.0 30.0
95.4 30.0 30.0 29.999999146275556 29.999996446373263 30.0 30.0 30.0 30.0 30.0 30.0 30.0
95.5 30.0 30.0 29.999999164439906 29.99999651842843 30.0 30.0 30.0 30.0 30.0 30.0 30.0
95.6 30.0 30.0 29.99999918221782 29.99999658902613 30.0 30.0 30.0 30.0 30.0 30.0 30.0
95.7 30.0 30.0 29.99999919961742 29.99999665819591 30.0 30.0 30.0 30.0 30.0 30.0 30.0
95.8 30.0 30.0 29.999999216646838 29.999996725966216 30.0 30.0 30.0 30.0 30.0 30.0 30.0
95.9 30.0 30.0 29.999999233314007 29.999996792365515 30.0 30.0 30.0 30.0 30.0 30.0 30.0
96.0 30.0 30.0 29.99999924962647 29.99999685742153 30.0 30.0 30.0 30.0 30.0 30.0 30.0
96.1 30.0 30.0 29.99999926559178 29.999996921161287 30.0 30.0 30.0 30.0 30.0 30.0 30.0
96.2 30.0 30.0 29.999999281217477 29.99999698361125 30.0 30.0 30.0 30.0 30.0 30.0 30.0
96.3 30.0 30.0 29.99999929651073 29.999997044797475 30.0 30.0 30.0 30.0 30.0 30.0 30.0
96.4 30.0 30.0 29.999999311478497 29.999997104745738 30.0 30.0 30.0 30.0 30.0 30.0 30.0
96.5 30.0 30.0 29.99999932612794 29.999997163480664 30.0 30.0 30.0 30.0 30.0 30.0 30.0
96.6 30.0 30.0 29.99999934046564 29.99999722102706 30.0 30.0 30.0 30.0 30.0 30.0 30.0
96.7 30.0 30.0 29.99999935449837 29.99999727740848 30.0 30.0 30.0 30.0 30.0 30.0 30.0
96.8 30.0 30.0 29.999999368232512 29.999997332648835 30.0 30.0 30.0 30.0 30.0 30.0 30.0
96.9 30.0 30.0 29.999999381674456 29.99999738677096 30.0 30.0 30.0 30.0 30.0 30.0 30.0
97.0 30.0 30.0 29.999999394830397 29.99999743979768 30.0 30.0 30.0 30.0 30.0 30.0 30.0
97.1 30.0 30.0 29.999999407706326 29.999997491750904 30.0 30.0 30.0 30.0 30.0 30.0 30.0
97.2 30.0 30.0 29.999999420308246 29.99999754265237 30.0 30.0 30.0 30.0 30.0 30.0 30.0
97.3 30.0 30.0 29.999999432642156 29.99999759252307 30.0 30.0 30.0 30.0 30.0 30.0 30.0
97.4 30.0 30.0 29.999999444713666 29.999997641384166 30.0 30.0 30.0 30.0 30.0 30.0 30.0
97.5 30.0 30.0 29.999999456528194 29.99999768925614 30.0 30.0 30.0 30.0 30.0 30.0 30.0
97.6 30.0 30.0 29.999999468091353 29.99999773615855 30.0 30.0 30.0 30.0 30.0 30.0 30.0
97.7 30.0 30.0 29.999999479408565 29.99999778211109 30.0 30.0 30.0 30.0 30.0 30.0 30.0
97.8 30.0 30.0 29.99999949048505 29.999997827132937 30.0 30.0 30.0 30.0 30.0 30.0 30.0
97.9 30.0 30.0 29.99999950132584 29.999997871243096 30.0 30.0 30.0 30.0 30.0 30.0 30.0
98.0 30.0 30.0 29.999999511935965 29.99999791445985 30.0 30.0 30.0 30.0 30.0 30.0 30.0
98.1 30.0 30.0 29.999999522320266 29.999997956801483 30.0 30.0 30.0 30.0 30.0 30.0 30.0
98.2 30.0 30.0 29.999999532483578 29.999997998285345 30.0 30.0 30.0 30.0 30.0 30.0 30.0
98.3 30.0 30.0 29.999999542430743 29.999998038928787 30.0 30.0 30.0 30.0 30.0 30.0 30.0
98.4 30.0 30.0 29.999999552166205 29.99999807874898 30.0 30.0 30.0 30.0 30.0 30.0 30.0
98.5 30.0 30.0 29.999999561694615 29.999998117762377 30.0 30.0 30.0 30.0 30.0 30.0 30.0
98.6 30.0 30.0 29.999999571020226 29.99999815598543 30.0 30.0 30.0 30.0 30.0 30.0 30.0
98.7 30.0 30.0 29.999999580147488 29.999998193434042 30.0 30.0 30.0 30.0 30.0 30.0 30.0
98.8 30.0 30.0 29.999999589080467 29.999998230123925 30.0 30.0 30.0 30.0 30.0 30.0 30.0
98.9 30.0 30.0 29.99999959782342 29.999998266070264 30.0 30.0 30.0 30.0 30.0 30.0 30.0
99.0 30.0 30.0 29.99999960638041 29.999998301288226 30.0 30.0 30.0 30.0 30.0 30.0 30.0
99.1 30.0 30.0 29.99999961475531 29.999998335792416 30.0 30.0 30.0 30.0 30.0 30.0 30.0
99.2 30.0 30.0 29.999999622951986 29.99999836959751 30.0 30.0 30.0 30.0 30.0 30.0 30.0
99.3 30.0 30.0 29.999999630974308 29.999998402717367 30.0 30.0 30.0 30.0 30.0 30.0 30.0
99.4 30.0 30.0 29.999999638825958 29.999998435165885 30.0 30.0 30.0 30.0 30.0 30.0 30.0
99.5 30.0 30.0 29.999999646510606 29.999998466956598 30.0 30.0 30.0 30.0 30.0 30.0 30.0
99.6 30.0 30.0 29.99999965403174 29.99999849810305 30.0 30.0 30.0 30.0 30.0 30.0 30.0
99.7 30.0 30.0 29.99999966139284 29.999998528618036 30.0 30.0 30.0 30.0 30.0 30.0 30.0
99.8 30.0 30.0 29.9999996685972 29.999998558514555 30.0 30.0 30.0 30.0 30.0 30.0 30.0
99.9 30.0 30.0 29.9999996756483 29.99999858780487 30.0 30.0 30.0 30.0 30.0 30.0 30.0
