0.0 30.0 30.0 30.0 30.0 30.0 30.0 30.0 30.0 30.0 30.0 30.0
0.1 30.0 30.0 30.0 30.0 30.0 30.0 30.0 30.0 30.0 30.0 30.0
0.2 30.0 30.0 30.0 30.0 30.0 30.0 30.0 30.0 30.0 30.0 30.0
0.3 30.0 30.0 30.0 30.0 30.0 30.0 30.0 30.0 30.0 30.0 30.0
0.4 30.0 30.0 30.0 30.0 30.0 30.0 30.0 30.0 30.0 30.0 30.0
0.5 30.0 30.0 30.0 30.0 30.0 30.0 30.0 30.0 30.0 30.0 30.0
0.6 30.0 30.0 30.0 30.0 30.0 30.0 30.0 30.0 30.0 30.0 30.0
0.7 30.0 30.0 30.0 30.0 30.0 30.0 30.0 30.0 30.0 30.0 30.0
0.8 30.0 30.0 30.0 30.0 30.0 30.0 30.0 30.0 30.0 30.0 30.0
0.9 30.0 30.0 30.0 30.0 30.0 30.0 30.0 30.0 30.0 30.0 30.0
1.0 30.0 30.0 30.0 30.0 30.0 30.0 30.0 30.0 30.0 30.0 30.0
1.1 30.0 30.0 30.0 30.0 30.0 30.0 30.0 30.0 30.0 30.0 30.0
1.2 30.0 30.0 30.0 30.0 30.0 30.0 30.0 30.0 30.0 30.0 30.0
1.3 30.0 30.0 30.0 30.0 30.0 30.0 30.0 30.0 30.0 30.0 30.0
1.4 30.0 30.0 30.0 30.0 30.0 30.0 30.0 30.0 30.0 30.0 30.0
1.5 30.0 30.0 30.0 30.0 30.0 30.0 30.0 30.0 30.0 30.0 30.0
1.6 30.0 30.0 30.0 30.0 30.0 30.0 30.0 30.0 30.0 30.0 30.0
1.7 30.0 30.0 30.0 30.0 30.0 30.0 30.0 30.0 30.0 30.0 30.0
1.8 30.0 30.0 30.0 30.0 30.0 30.0 30.0 30.0 30.0 30.0 30.0
1.9 30.0 30.0 30.0 30.0 30.0 30.0 30.0 30.0 30.0 30.0 30.0
2.0 30.0 30.0 30.0 30.0 30.0 30.0 30.0 30.0 30.0 30.0 30.0
2.1 30.0 30.0 30.0 30.0 30.0 30.0 30.0 30.0 30.0 30.0 30.0
2.2 30.0 30.0 30.0 30.0 30.0 30.0 30.0 30.0 30.0 30.0 30.0
2.3 30.0 30.0 30.0 30.0 30.0 30.0 30.0 30.0 30.0 30.0 30.0
2.4 30.0 30.0 30.0 30.0 30.0 30.0 30.0 30.0 30.0 30.0 30.0
2.5 30.0 30.0 30.0 30.0 30.0 30.0 30.0 30.0 30.0 30.0 30.0
2.6 30.0 30.0 30.0 30.0 30.0 30.0 30.0 30.0 30.0 30.0 30.0
2.7 30.0 30.0 30.0 30.0 30.0 30.0 30.0 30.0 30.0 30.0 30.0
2.8 30.0 30.0 30.0 30.0 30.0 30.0 30.0 30.0 30.0 30.0 30.0
2.9 30.0 30.0 30.0 30.0 30.0 30.0 30.0 30.0 30.0 30.0 30.0
3.0 30.0 30.0 30.0 30.0 30.0 30.0 30.0 30.0 30.0 30.0 30.0
3.1 30.0 30.0 30.0 30.0 30.0 30.0 30.0 30.0 30.0 30.0 30.0
3.2 30.0 30.0 30.0 30.0 30.0 30.0 30.0 30.0 30.0 30.0 30.0
3.3 30.0 30.0 30.0 30.0 30.0 30.0 30.0 30.0 30.0 30.0 30.0
3.4 30.0 30.0 30.0 30.0 30.0 30.0 30.0 30.0 30.0 30.0 30.0
3.5 30.0 30.0 30.0 30.0 30.0 30.0 30.0 30.0 30.0 30.0 30.0
3.6 30.0 30.0 30.0 30.0 30.0 30.0 30.0 30.0 30.0 30.0 30.0
3.7 30.0 30.0 30.0 30.0 30.0 30.0 30.0 30.0 30.0 30.0 30.0
3.8 30.0 30.0 30.0 30.0 30.0 30.0 30.0 30.0 30.0 30.0 30.0
3.9 30.0 30.0 30.0 30.0 30.0 30.0 30.0 30.0 30.0 30.0 30.0
4.0 30.0 30.0 30.0 30.0 30.0 30.0 30.0 30.0 30.0 30.0 30.0
4.1 30.0 30.0 30.0 30.0 30.0 30.0 30.0 30.0 30.0 30.0 30.0
4.2 30.0 30.0 30.0 30.0 30.0 30.0 30.0 30.0 30.0 30.0 30.0
4.3 30.0 30.0 30.0 30.0 30.0 30.0 30.0 30.0 30.0 30.0 30.0
4.4 30.0 30.0 30.0 30.0 30.0 30.0 30.0 30.0 30.0 30.0 30.0
4.5 30.0 30.0 30.0 30.0 30.0 30.0 30.0 30.0 30.0 30.0 30.0
4.6 30.0 30.0 30.0 30.0 30.0 30.0 30.0 30.0 30.0 30.0 30.0
4.7 30.0 30.0 30.0 30.0 30.0 30.0 30.0 30.0 30.0 30.0 30.0
4.8 30.0 30.0 30.0 30.0 30.0 30.0 30.0 30.0 30.0 30.0 30.0
4.9 30.0 30.0 30.0 30.0 30.0 30.0 30.0 30.0 30.0 30.0 30.0
5.0 30.0 30.0 30.0 30.0 30.0 30.0 30.0 30.0 30.0 30.0 30.0
5.1 30.0 30.0 30.0 30.0 30.0 30.0 30.0 30.0 30.0 30.0 30.0
5.2 30.0 30.0 30.0 30.0 30.0 30.0 30.0 30.0 30.0 30.0 30.0
5.3 30.0 30.0 30.0 30.0 30.0 30.0 30.0 30.0 30.0 30.0 30.0
5.4 30.0 30.0 30.0 30.0 30.0 30.0 30.0 30.0 30.0 30.0 30.0
5.5 30.0 30.0 30.0 30.0 30.0 30.0 30.0 30.0 30.0 30.0 30.0
5.6 30.0 30.0 30.0 30.0 30.0 30.0 30.0 30.0 30.0 30.0 30.0
5.7 30.0 30.0 30.0 30.0 30.0 30.0 30.0 30.0 30.0 30.0 30.0
5.8 30.0 30.0 30.0 30.0 30.0 30.0 30.0 30.0 30.0 30.0 30.0
5.9 30.0 30.0 30.0 30.0 30.0 30.0 30.0 30.0 30.0 30.0 30.0
6.0 30.0 30.0 30.0 30.0 30.0 30.0 30.0 30.0 30.0 30.0 30.0
6.1 30.0 30.0 30.0 30.0 30.0 30.0 30.0 30.0 30.0 30.0 30.0
6.2 30.0 29.976382978722746 30.0 30.0 30.0 30.0 30.0 30.0 30.0 30.0 30.0
6.3 30.0 29.693055681303097 30.0 30.0 30.0 30.0 30.0 30.0 30.0 30.0 30.0
6.4 30.0 29.69362896467966 30.0 30.0 30.0 30.0 30.0 30.0 30.0 30.0 30.0
6.5 30.0 29.715466646282216 30.0 30.0 30.0 30.0 30.0 30.0 30.0 30.0 30.0
6.6 30.0 29.758116292105996 30.0 30.0 30.0 30.0 30.0 30.0 30.0 30.0 30.0
6.7 30.0 29.824113817805873 30.0 30.0 30.0 30.0 30.0 30.0 30.0 30.0 30.0
6.8 30.0 29.024113817805873 30.0 30.0 30.0 30.0 30.0 30.0 30.0 30.0 30.0
6.9 30.0 28.224113817805872 30.0 30.0 30.0 30.0 30.0 30.0 30.0 30.0 30.0
7.0 30.0 27.42411381780587 30.0 30.0 30.0 30.0 30.0 30.0 30.0 30.0 30.0
7.1 30.0 26.62411381780587 30.0 30.0 30.0 30.0 30.0 30.0 30.0 30.0 30.0
7.2 30.0 26.084113817805697 30.0 30.0 30.0 30.0 30.0 30.0 30.0 30.0 30.0
7.3 30.0 25.859730155476974 30.0 30.0 30.0 30.0 30.0 30.0 30.0 30.0 30.0
7.4 30.0 25.640688961298917 30.0 30.0 30.0 30.0 30.0 30.0 30.0 30.0 30.0
7.5 30.0 25.42264018081112 30.0 30.0 30.0 30.0 30.0 30.0 30.0 30.0 30.0
7.6 30.0 25.2089172495718 30.0 30.0 30.0 30.0 30.0 30.0 30.0 30.0 30.0
7.7 30.0 25.000407072752957 30.0 30.0 30.0 30.0 30.0 30.0 30.0 30.0 30.0
7.8 30.0 24.796907072752944 30.0 30.0 30.0 30.0 30.0 30.0 30.0 30.0 30.0
7.9 30.0 24.593484395934112 30.0 30.0 30.0 30.0 30.0 30.0 30.0 30.0 30.0
8.0 30.0 24.395147286035737 30.0 30.0 30.0 30.0 30.0 30.0 30.0 30.0 30.0
8.1 30.0 24.201768603884815 30.0 30.0 30.0 30.0 30.0 30.0 30.0 30.0 30.0
8.2 30.0 24.01322438878769 30.0 30.0 30.0 30.0 30.0 30.0 30.0 30.0 30.0
8.3 30.0 24.155893779068002 30.0 30.0 30.0 30.0 30.0 30.0 30.0 30.0 30.0
8.4 30.0 24.31999643459131 30.0 30.0 30.0 30.0 30.0 30.0 30.0 30.0 30.0
8.5 30.0 24.504996523726508 30.0 30.0 30.0 30.0 30.0 30.0 30.0 30.0 30.0
8.6 30.0 24.713871610633337 30.0 30.0 30.0 30.0 30.0 30.0 30.0 30.0 30.0
8.7 30.0 23.913871610633336 30.0 30.0 30.0 30.0 30.0 30.0 30.0 30.0 30.0
8.8 30.0 23.113871610633336 30.0 30.0 30.0 30.0 30.0 30.0 30.0 30.0 30.0
8.9 30.0 22.313871610633335 30.0 30.0 30.0 30.0 30.0 30.0 30.0 30.0 30.0
9.0 30.0 21.513871610633334 30.0 30.0 30.0 30.0 30.0 30.0 30.0 30.0 30.0
9.1 30.0 21.01959739922666 30.0 30.0 30.0 30.0 30.0 30.0 30.0 30.0 30.0
9.2 30.0 20.898497471470346 30.0 30.0 30.0 30.0 30.0 30.0 30.0 30.0 30.0
9.3 30.0 20.780211757184585 30.0 30.0 30.0 30.0 30.0 30.0 30.0 30.0 30.0
9.4 30.0 20.662491421264995 30.0 30.0 30.0 30.0 30.0 30.0 30.0 30.0 30.0
9.5 30.0 20.548134523514555 30.0 30.0 30.0 30.0 30.0 30.0 30.0 30.0 30.0
9.6 30.0 20.43704496569983 30.0 30.0 30.0 30.0 30.0 30.0 30.0 30.0 30.0
9.7 30.0 20.329129395251258 30.0 30.0 30.0 30.0 30.0 30.0 30.0 30.0 30.0
9.8 30.0 20.22429712681547 30.0 30.0 30.0 30.0 30.0 30.0 30.0 30.0 30.0
9.9 30.0 20.122460066049303 30.0 30.0 30.0 30.0 30.0 30.0 30.0 30.0 30.0
10.0 30.0 20.02353263559072 30.0 30.0 30.0 30.0 30.0 30.0 30.0 30.0 30.0
10.1 30.0 19.925297341473037 30.0 30.0 30.0 30.0 30.0 30.0 30.0 30.0 30.0
10.2 30.0 20.207280350531722 30.0 30.0 30.0 30.0 30.0 30.0 30.0 30.0 30.0
10.3 30.0 20.507643769087952 30.0 30.0 30.0 30.0 30.0 30.0 30.0 30.0 30.0
10.4 30.0 20.827219115249743 30.0 30.0 30.0 30.0 30.0 30.0 30.0 30.0 30.0
10.5 30.0 21.16146302871503 30.0 30.0 30.0 30.0 30.0 30.0 30.0 30.0 30.0
10.6 30.0 20.36146302871503 30.0 30.0 30.0 30.0 30.0 30.0 30.0 30.0 30.0
10.7 30.0 19.56146302871503 30.0 30.0 30.0 30.0 30.0 30.0 30.0 30.0 30.0
10.8 30.0 18.761463028715028 30.0 30.0 30.0 30.0 30.0 30.0 30.0 30.0 30.0
10.9 30.0 17.961463028715027 30.0 30.0 30.0 30.0 30.0 30.0 30.0 30.0 30.0
11.0 30.0 17.51372109323094 30.0 30.0 30.0 30.0 30.0 30.0 30.0 30.0 30.0
11.1 30.0 17.486181703126718 30.0 30.0 30.0 30.0 30.0 30.0 30.0 30.0 30.0
11.2 30.0 17.45953068044517 30.0 30.0 30.0 30.0 30.0 30.0 30.0 30.0 30.0
11.3 30.0 17.43373936817269 30.0 30.0 30.0 30.0 30.0 30.0 30.0 30.0 30.0
11.4 30.0 17.408780033715473 30.0 30.0 30.0 30.0 30.0 30.0 30.0 30.0 30.0
11.5 30.0 17.38462583907947 30.0 30.0 30.0 30.0 30.0 30.0 30.0 30.0 30.0
11.6 30.0 17.361250812012383 30.0 30.0 30.0 30.0 30.0 30.0 30.0 30.0 30.0
11.7 30.0 17.338629818076498 30.0 30.0 30.0 30.0 30.0 30.0 30.0 30.0 30.0
11.8 30.0 17.316738533622363 30.0 30.0 30.0 30.0 30.0 30.0 30.0 30.0 30.0
11.9 30.0 17.295553419634512 30.0 30.0 30.0 30.0 30.0 30.0 30.0 30.0 30.0
12.0 30.0 17.275051696420448 30.0 30.0 30.0 30.0 30.0 30.0 30.0 30.0 30.0
12.1 30.0 17.674110965394235 30.0 30.0 30.0 30.0 30.0 30.0 30.0 30.0 30.0
12.2 30.0 18.081794997725662 30.0 30.0 30.0 30.0 30.0 30.0 30.0 30.0 30.0
12.3 30.0 18.504716513014984 30.0 30.0 30.0 30.0 30.0 30.0 30.0 30.0 30.0
12.4 30.0 18.939725103529693 30.0 30.0 30.0 30.0 30.0 30.0 30.0 30.0 30.0
12.5 30.0 18.139725103529692 30.0 30.0 30.0 30.0 30.0 30.0 30.0 30.0 30.0
12.6 30.0 17.33972510352969 30.0 30.0 30.0 30.0 30.0 30.0 30.0 30.0 30.0
12.7 30.0 16.53972510352969 30.0 30.0 30.0 30.0 30.0 30.0 30.0 30.0 30.0
12.8 30.0 15.73972510352969 30.0 30.0 30.0 30.0 30.0 30.0 30.0 30.0 30.0
12.9 30.0 15.325251824097448 30.0 30.0 30.0 30.0 30.0 30.0 30.0 30.0 30.0
13.0 30.0 15.371277623266495 30.0 30.0 30.0 30.0 30.0 30.0 30.0 30.0 30.0
13.1 30.0 15.415716325912443 30.0 30.0 30.0 30.0 30.0 30.0 30.0 30.0 30.0
13.2 30.0 15.458622659501636 30.0 30.0 30.0 30.0 30.0 30.0 30.0 30.0 30.0
13.3 30.0 15.50004946434642 30.0 30.0 30.0 30.0 30.0 30.0 30.0 30.0 30.0
13.4 30.0 15.540047758679266 30.0 30.0 30.0 30.0 30.0 30.0 30.0 30.0 30.0
13.5 30.0 15.5786668014834 30.0 30.0 30.0 30.0 30.0 30.0 30.0 30.0 30.0
13.6 30.0 15.615954153156334 30.0 30.0 30.0 30.0 30.0 30.0 30.0 30.0 30.0
13.7 30.0 15.65195573408195 30.0 30.0 30.0 30.0 30.0 30.0 30.0 30.0 30.0
13.8 30.0 15.686715881182579 30.0 30.0 30.0 30.0 30.0 30.0 30.0 30.0 30.0
13.9 30.0 15.720277402521127 30.0 30.0 30.0 30.0 30.0 30.0 30.0 30.0 30.0
14.0 30.0 16.19625890901972 30.0 30.0 30.0 30.0 30.0 30.0 30.0 30.0 30.0
14.1 30.0 16.680383612052427 30.0 30.0 30.0 30.0 30.0 30.0 30.0 30.0 30.0
14.2 30.0 17.1693911209523 29.936522287052124 30.0 30.0 30.0 30.0 30.0 30.0 30.0 30.0
14.3 30.0 17.673179175892795 29.880828885623362 30.0 30.0 30.0 30.0 30.0 30.0 30.0 30.0
14.4 30.0 16.873179175892794 29.847745452004485 30.0 30.0 30.0 30.0 30.0 30.0 30.0 30.0
14.5 30.0 16.073179175892793 29.20426719113492 30.0 30.0 30.0 30.0 30.0 30.0 30.0 30.0
14.6 30.0 15.273179175892793 28.5642671911349 30.0 30.0 30.0 30.0 30.0 30.0 30.0 30.0
14.7 30.0 14.473179175892792 27.92790355477127 30.0 30.0 30.0 30.0 30.0 30.0 30.0 30.0
14.8 30.0 14.07762362033702 27.293178473981026 30.0 30.0 30.0 30.0 30.0 30.0 30.0 30.0
14.9 30.0 14.173267189954132 26.82992266002746 30.0 30.0 30.0 30.0 30.0 30.0 30.0 30.0
15.0 30.0 14.265368405141016 26.57339440917671 30.0 30.0 30.0 30.0 30.0 30.0 30.0 30.0
15.1 30.0 14.354058464209876 26.321753672589033 30.0 30.0 30.0 30.0 30.0 30.0 30.0 30.0
15.2 30.0 14.438054288194872 26.072706905822148 30.0 30.0 30.0 30.0 30.0 30.0 30.0 30.0
15.3 30.0 14.517409492187856 25.830595731496274 30.0 30.0 30.0 30.0 30.0 30.0 30.0 30.0
15.4 30.0 14.593930581752593 25.59512751598552 30.0 30.0 30.0 30.0 30.0 30.0 30.0 30.0
15.5 30.0 14.667718775261415 25.36040026422778 30.0 30.0 30.0 30.0 30.0 30.0 30.0 30.0
15.6 30.0 14.73887167614494 25.13199797140318 30.0 30.0 30.0 30.0 30.0 30.0 30.0 30.0
15.7 30.0 14.807483401996876 24.909744945077474 30.0 30.0 30.0 30.0 30.0 30.0 30.0 30.0
15.8 30.0 14.873644709068417 24.69080730676074 30.0 30.0 30.0 30.0 30.0 30.0 30.0 30.0
15.9 30.0 15.396841625684418 24.475150830000636 30.0 30.0 30.0 30.0 30.0 30.0 30.0 30.0
16.0 30.0 15.925226397212581 24.48855275301202 30.0 30.0 30.0 30.0 30.0 30.0 30.0 30.0
16.1 30.0 16.454211304065094 24.5254523605929 30.0 30.0 30.0 30.0 30.0 30.0 30.0 30.0
16.2 30.0 16.994584768319026 24.58629444753629 30.0 30.0 30.0 30.0 30.0 30.0 30.0 30.0
16.3 30.0 16.194584768319025 24.67155305689083 30.0 30.0 30.0 30.0 30.0 30.0 30.0 30.0
16.4 30.0 15.394584768319024 24.054764230468518 30.0 30.0 30.0 30.0 30.0 30.0 30.0 30.0
16.5 30.0 14.594584768319024 23.439379615083908 30.0 30.0 30.0 30.0 30.0 30.0 30.0 30.0
16.6 30.0 13.794584768319023 22.82885329929446 30.0 30.0 30.0 30.0 30.0 30.0 30.0 30.0
16.7 30.0 13.414584768318866 22.223447893889016 30.0 30.0 30.0 30.0 30.0 30.0 30.0 30.0
16.8 30.0 13.539408431075929 21.81578714000003 30.0 30.0 30.0 30.0 30.0 30.0 30.0 30.0
16.9 30.0 13.657230028774032 21.646079029059244 30.0 30.0 30.0 30.0 30.0 30.0 30.0 30.0
17.0 30.0 13.76844373141213 21.47940140741246 30.0 30.0 30.0 30.0 30.0 30.0 30.0 30.0
17.1 30.0 13.875538408026548 21.317725720436023 30.0 30.0 30.0 30.0 30.0 30.0 30.0 30.0
17.2 30.0 13.978666615136746 21.161570781270314 30.0 30.0 30.0 30.0 30.0 30.0 30.0 30.0
17.3 30.0 14.077975259020615 21.010745096679738 30.0 30.0 30.0 30.0 30.0 30.0 30.0 30.0
17.4 30.0 14.17360580498291 20.86506390524544 30.0 30.0 30.0 30.0 30.0 30.0 30.0 30.0
17.5 30.0 14.265694478872481 20.72218747914091 30.0 30.0 30.0 30.0 30.0 30.0 30.0 30.0
17.6 30.0 14.354372461136531 20.58244503502245 30.0 30.0 30.0 30.0 30.0 30.0 30.0 30.0
17.7 30.0 14.438345856769768 20.447572267153905 30.0 30.0 30.0 30.0 30.0 30.0 30.0 30.0
17.8 30.0 14.984119219028026 20.317762757786806 30.0 30.0 30.0 30.0 30.0 30.0 30.0 30.0
17.9 30.0 15.534179962543298 20.44605638584087 30.0 30.0 30.0 30.0 30.0 30.0 30.0 30.0
18.0 30.0 16.089234631707118 20.59815344077002 30.0 30.0 30.0 30.0 30.0 30.0 30.0 30.0
18.1 30.0 16.64826014398348 20.773192141820278 30.0 30.0 30.0 30.0 30.0 30.0 30.0 30.0
18.2 30.0 15.848260143983481 20.969925089205546 30.0 30.0 30.0 30.0 30.0 30.0 30.0 30.0
18.3 30.0 15.04826014398348 20.37563937491988 30.0 30.0 30.0 30.0 30.0 30.0 30.0 30.0
18.4 30.0 14.24826014398348 19.787404080802286 30.0 30.0 30.0 30.0 30.0 30.0 30.0 30.0
18.5 30.0 13.448260143983479 19.20542160783744 30.0 30.0 30.0 30.0 30.0 30.0 30.0 30.0
18.6 30.0 13.074096292292158 18.623603426019226 30.0 30.0 30.0 30.0 30.0 30.0 30.0 30.0
18.7 30.0 13.212015665665541 18.27008700930773 30.0 30.0 30.0 30.0 30.0 30.0 30.0 30.0
18.8 30.0 13.34463044775532 18.18098196650568 30.0 30.0 30.0 30.0 30.0 30.0 30.0 30.0
18.9 30.0 13.472144661303279 18.096153372589566 30.0 30.0 30.0 30.0 30.0 30.0 30.0 30.0
19.0 30.0 13.594754482022388 18.0154102071359 30.0 30.0 30.0 30.0 30.0 30.0 30.0 30.0
19.1 30.0 13.708476372242965 17.938569626085712 30.0 30.0 30.0 30.0 30.0 30.0 30.0 30.0
19.2 30.0 13.81779206215991 17.86663004364606 30.0 30.0 30.0 30.0 30.0 30.0 30.0 30.0
19.3 30.0 13.923059022820741 17.798177816992997 30.0 30.0 30.0 30.0 30.0 30.0 30.0 30.0
19.4 30.0 14.024427207160706 17.733003427526274 30.0 30.0 30.0 30.0 30.0 30.0 30.0 30.0
19.5 30.0 14.122041014303008 17.6709622685704 30.0 30.0 30.0 30.0 30.0 30.0 30.0 30.0
19.6 30.0 14.216039495254835 17.611915814418843 30.0 30.0 30.0 30.0 30.0 30.0 30.0 30.0
19.7 30.0 14.776322388450977 17.554303352207025 30.0 30.0 30.0 30.0 30.0 30.0 30.0 30.0
19.8 30.0 15.340713947868132 17.778329828982727 30.0 30.0 30.0 30.0 30.0 30.0 30.0 30.0
19.9 30.0 15.905516915183073 18.02402189574084 30.0 30.0 30.0 30.0 30.0 30.0 30.0 30.0
20.0 30.0 16.473815787504233 18.293170376941646 30.0 30.0 30.0 30.0 30.0 30.0 30.0 30.0
20.1 30.0 15.673815787504232 18.58283611619093 30.0 30.0 30.0 30.0 30.0 30.0 30.0 30.0
20.2 30.0 14.873815787504231 18.007836116190866 30.0 30.0 30.0 30.0 30.0 30.0 30.0 30.0
20.3 30.0 14.07381578750423 17.207836116190865 29.2 29.2 29.2 29.2 29.2 29.2 29.2 29.2
20.4 30.0 13.27381578750423 16.407836116190865 28.4 28.4 28.4 28.4 28.4 28.4 28.4 28.4
20.5 30.0 12.473815787504229 15.607836116190864 27.599999999999998 27.599999999999998 27.599999999999998 27.599999999999998 27.599999999999998 27.599999999999998 27.599999999999998 27.599999999999998
20.6 30.0 11.673815787504228 14.807836116190863 26.799999999999997 26.799999999999997 26.799999999999997 26.799999999999997 26.799999999999997 26.799999999999997 26.799999999999997 26.799999999999997
20.7 30.0 11.673815787504228 14.807836116190863 26.799999999999997 26.799999999999997 26.799999999999997 26.799999999999997 26.799999999999997 26.799999999999997 26.799999999999997 26.799999999999997
20.8 30.0 11.673815787504228 14.807836116190863 26.799999999999997 26.799999999999997 26.799999999999997 26.799999999999997 26.799999999999997 26.799999999999997 26.799999999999997 26.799999999999997
20.9 30.0 11.673815787504228 14.807836116190863 26.799999999999997 26.799999999999997 26.799999999999997 26.799999999999997 26.799999999999997 26.799999999999997 26.799999999999997 26.799999999999997
21.0 30.0 11.673815787504228 14.807836116190863 26.614387005006346 26.799999999999997 26.799999999999997 26.799999999999997 26.799999999999997 26.799999999999997 26.799999999999997 26.799999999999997
21.1 30.0 11.673815787504228 14.807836116190863 26.33838310301093 26.799999999999997 26.799999999999997 26.799999999999997 26.799999999999997 26.799999999999997 26.799999999999997 26.799999999999997
21.2 30.0 11.673815787504228 14.747909767632473 26.06384626999143 26.799999999999997 26.799999999999997 26.799999999999997 26.799999999999997 26.799999999999997 26.799999999999997 26.799999999999997
21.3 30.0 11.673815787504228 14.638120696913516 25.768736489600737 26.799999999999997 26.799999999999997 26.799999999999997 26.799999999999997 26.799999999999997 26.799999999999997 26.799999999999997
21.4 30.0 11.673815787504228 14.53225266443458 25.45317349994151 26.799999999999997 26.799999999999997 26.799999999999997 26.799999999999997 26.799999999999997 26.799999999999997 26.799999999999997
21.5 30.0 11.673815787504228 14.430165633115596 25.140330928718903 26.799999999999997 26.799999999999997 26.799999999999997 26.799999999999997 26.799999999999997 26.799999999999997 26.799999999999997
21.6 30.0 11.673815787504228 14.329195847467545 24.834288688247106 26.799999999999997 26.799999999999997 26.799999999999997 26.799999999999997 26.799999999999997 26.799999999999997 26.799999999999997
21.7 30.0 11.673815787504228 14.230848437839247 24.528852284705504 26.799999999999997 26.799999999999997 26.799999999999997 26.799999999999997 26.799999999999997 26.799999999999997 26.799999999999997
21.8 30.0 11.673815787504228 14.136143524863918 24.229604539441794 26.799999999999997 26.799999999999997 26.799999999999997 26.799999999999997 26.799999999999997 26.799999999999997 26.799999999999997
21.9 30.0 11.673815787504228 14.044946201257915 23.93540351391065 26.799999999999997 26.799999999999997 26.799999999999997 26.799999999999997 26.799999999999997 26.799999999999997 26.799999999999997
22.0 30.0 11.673815787504228 13.957126556304091 23.64204936483486 26.799999999999997 26.799999999999997 26.799999999999997 26.799999999999997 26.799999999999997 26.799999999999997 26.799999999999997
22.1 30.0 11.673815787504228 13.87255949079287 23.355437652713235 26.799999999999997 26.799999999999997 26.799999999999997 26.799999999999997 26.799999999999997 26.799999999999997 26.799999999999997
22.2 30.0 11.673815787504228 13.791124538819222 23.072146057373804 26.799999999999997 26.799999999999997 26.799999999999997 26.799999999999997 26.799999999999997 26.799999999999997 26.799999999999997
22.3 30.0 11.673815787504228 13.71270569617785 22.7914772231079 26.799999999999997 26.799999999999997 26.799999999999997 26.799999999999997 26.799999999999997 26.799999999999997 26.799999999999997
22.4 30.0 11.673815787504228 13.637191255115754 22.517480069112317 26.799999999999997 26.799999999999997 26.799999999999997 26.799999999999997 26.799999999999997 26.799999999999997 26.799999999999997
22.5 30.0 11.673815787504228 13.563107246942806 22.24595157605991 26.799999999999997 26.799999999999997 26.799999999999997 26.799999999999997 26.799999999999997 26.799999999999997 26.799999999999997
22.6 30.0 11.673815787504228 13.490442190810574 21.978238610789592 26.799999999999997 26.799999999999997 26.799999999999997 26.799999999999997 26.799999999999997 26.799999999999997 26.799999999999997
22.7 30.0 11.673815787504228 13.420571944529568 21.717415980570813 26.799999999999997 26.799999999999997 26.799999999999997 26.799999999999997 26.799999999999997 26.799999999999997 26.799999999999997
22.8 30.0 11.673815787504228 13.353389015413162 21.459156202905113 26.799999999999997 26.799999999999997 26.799999999999997 26.799999999999997 26.799999999999997 26.799999999999997 26.799999999999997
22.9 30.0 11.673815787504228 13.288790045108874 21.204136923645333 26.799999999999997 26.799999999999997 26.799999999999997 26.799999999999997 26.799999999999997 26.799999999999997 26.799999999999997
23.0 30.0 11.673815787504228 13.226675650585625 20.955555523550778 26.799999999999997 26.799999999999997 26.799999999999997 26.799999999999997 26.799999999999997 26.799999999999997 26.799999999999997
23.1 30.0 11.673815787504228 13.166950271236328 20.710779676071144 26.799999999999997 26.799999999999997 26.799999999999997 26.799999999999997 26.799999999999997 26.799999999999997 26.799999999999997
23.2 30.0 11.673815787504228 13.109522021861903 20.467938662516296 26.799999999999997 26.799999999999997 26.799999999999997 26.799999999999997 26.799999999999997 26.799999999999997 26.799999999999997
23.3 30.0 11.673815787504228 13.054302551309572 20.23144527306929 26.799999999999997 26.799999999999997 26.799999999999997 26.799999999999997 26.799999999999997 26.799999999999997 26.799999999999997
23.4 30.0 11.673815787504228 13.001206906547822 20.001140865909314 26.799999999999997 26.799999999999997 26.799999999999997 26.799999999999997 26.799999999999997 26.799999999999997 26.799999999999997
23.5 30.0 11.673815787504228 12.950153401969223 19.770307824449233 26.799999999999997 26.799999999999997 26.799999999999997 26.799999999999997 26.799999999999997 26.799999999999997 26.799999999999997
23.6 30.0 11.673815787504228 12.90106349372047 19.545689868692236 26.799999999999997 26.799999999999997 26.799999999999997 26.799999999999997 26.799999999999997 26.799999999999997 26.799999999999997
23.7 30.0 12.273815787504228 12.853861658866041 19.327158547899497 27.4 27.4 27.4 27.4 27.4 27.4 27.4
23.8 30.0 12.873815787504228 13.165160501794622 19.111965587329614 28.0 28.0 28.0 28.0 28.0 28.0 28.0
23.9 30.0 13.473815787504227 13.502947850764327 19.08269214494539 28.6 28.6 28.6 28.6 28.6 28.6 28.6
24.0 30.0 14.073815787504227 13.861018965059738 19.077384668864713 29.200000000000003 29.200000000000003 29.200000000000003 29.200000000000003 29.200000000000003 29.200000000000003 29.200000000000003
24.1 30.0 14.673815787504227 14.242004617280179 19.10083288371265 29.800000000000004 29.800000000000004 29.800000000000004 29.800000000000004 29.800000000000004 29.800000000000004 29.800000000000004
24.2 30.0 15.273815787504226 14.637133986581901 19.149860999510054 30.0 30.0 30.0 30.0 30.0 30.0 30.0
24.3 30.0 15.873815787504226 15.048223186168645 19.22314762457686 30.0 30.0 30.0 30.0 30.0 30.0 30.0
24.4 30.0 16.473815787504225 15.475029028070974 19.317991187934336 30.0 30.0 30.0 30.0 30.0 30.0 30.0
24.5 30.0 17.073815787504227 15.918911874517075 19.43900801212397 30.0 30.0 30.0 30.0 30.0 30.0 30.0
24.6 30.0 17.67381578750423 16.36923880204945 19.583527951679027 30.0 30.0 30.0 30.0 30.0 30.0 30.0
24.7 30.0 18.27381578750423 16.834050220465848 19.751503283312463 30.0 30.0 30.0 30.0 30.0 30.0 30.0
24.8 30.0 18.87381578750423 17.306300722628517 19.940115798781378 30.0 30.0 30.0 30.0 30.0 30.0 30.0
24.9 30.0 19.473815787504233 17.791770414183254 20.149925217938048 30.0 30.0 30.0 30.0 30.0 30.0 30.0
25.0 30.0 20.073815787504234 18.284141075459093 20.379310336025966 30.0 30.0 30.0 30.0 30.0 30.0 30.0
25.1 30.0 20.673815787504235 18.780484997401217 20.628938487097496 30.0 30.0 30.0 30.0 30.0 30.0 30.0
25.2 30.0 21.273815787504237 19.2896863442454 20.89623457885676 30.0 30.0 30.0 30.0 30.0 30.0 30.0
25.3 30.0 21.87381578750424 19.803155321620764 21.179422609052555 30.0 30.0 30.0 30.0 30.0 30.0 30.0
25.4 30.0 22.47381578750424 20.321478776814107 21.483505613763 30.0 30.0 30.0 30.0 30.0 30.0 30.0
25.5 30.0 23.07381578750424 20.846608610741303 21.80014640432356 30.0 30.0 30.0 30.0 30.0 30.0 30.0
25.6 30.0 23.673815787504243 21.375142143429112 22.130452260143468 30.0 30.0 30.0 30.0 30.0 30.0 30.0
25.7 30.0 24.273815787504244 21.91020558364944 22.479297246275692 30.0 30.0 30.0 30.0 30.0 30.0 30.0
25.8 30.0 24.873815787504245 22.45039559437868 22.83858049276911 30.0 30.0 30.0 30.0 30.0 30.0 30.0
25.9 30.0 25.473815787504247 22.989796541237393 23.21316409515132 30.0 30.0 30.0 30.0 30.0 30.0 30.0
26.0 30.0 26.073815787504248 23.535802251622773 23.59469894023161 30.0 30.0 30.0 30.0 30.0 30.0 30.0
26.1 30.0 26.67381578750425 24.087702928416853 23.993803182636803 30.0 30.0 30.0 30.0 30.0 30.0 30.0
26.2 30.0 27.27381578750425 24.639201144581587 24.398626160601506 30.0 30.0 30.0 30.0 30.0 30.0 30.0
26.3 30.0 27.873815787504252 25.192109175943614 24.817818729097173 30.0 30.0 30.0 30.0 30.0 30.0 30.0
26.4 30.0 28.473815787504254 25.75138530536308 25.241078255039806 30.0 30.0 30.0 30.0 30.0 30.0 30.0
26.5 30.0 29.073815787504255 26.31320069273567 25.678177638674295 30.0 30.0 30.0 30.0 30.0 30.0 30.0
26.6 30.0 29.673815787504257 26.874159534352877 26.121347054150082 30.0 30.0 30.0 30.0 30.0 30.0 30.0
26.7 30.0 30.0 27.437780273132475 26.5738193307119 30.0 30.0 30.0 30.0 30.0 30.0 30.0
26.8 30.0 30.0 27.77030380925093 27.03198736781141 30.0 30.0 30.0 30.0 30.0 30.0 30.0
26.9 30.0 30.0 27.820978722677015 27.309535761030837 30.0 30.0 30.0 30.0 30.0 30.0 30.0
27.0 30.0 30.0 27.870501933525308 27.36031735235196 30.0 30.0 30.0 30.0 30.0 30.0 30.0
27.1 30.0 30.0 27.91889961685427 27.410180392125092 30.0 30.0 30.0 30.0 30.0 30.0 30.0
27.2 30.0 30.0 27.966197352834897 27.459140402532167 30.0 30.0 30.0 30.0 30.0 30.0 30.0
27.3 30.0 30.0 28.012144137153356 27.50721267466039 30.0 30.0 30.0 30.0 30.0 30.0 30.0
27.4 30.0 30.0 28.05631871188333 27.55446872617114 30.0 30.0 30.0 30.0 30.0 30.0 30.0
27.5 30.0 30.0 28.099511629397036 27.601013273927084 30.0 30.0 30.0 30.0 30.0 30.0 30.0
27.6 30.0 30.0 28.141744704299303 27.646700784573635 30.0 30.0 30.0 30.0 30.0 30.0 30.0
27.7 30.0 30.0 28.183039266426 27.69154627414869 30.0 30.0 30.0 30.0 30.0 30.0 30.0
27.8 30.0 30.0 28.223416171616492 27.735564516573966 30.0 30.0 30.0 30.0 30.0 30.0 30.0
27.9 30.0 30.0 28.26289581224721 27.778770046953756 30.0 30.0 30.0 30.0 30.0 30.0 30.0
28.0 30.0 30.0 28.30149812753065 27.82117716484847 30.0 30.0 30.0 30.0 30.0 30.0 30.0
28.1 30.0 30.0 28.33924261358554 27.862799937521284 30.0 30.0 30.0 30.0 30.0 30.0 30.0
28.2 30.0 30.0 28.376148333283687 27.90365220315729 30.0 30.0 30.0 30.0 30.0 30.0 30.0
28.3 30.0 30.0 28.412233925877423 27.94374757405635 30.0 30.0 30.0 30.0 30.0 30.0 30.0
28.4 30.0 30.0 28.44751761641346 27.98309943979737 30.0 30.0 30.0 30.0 30.0 30.0 30.0
28.5 30.0 30.0 28.48201722493759 28.0212382821436 30.0 30.0 30.0 30.0 30.0 30.0 30.0
28.6 30.0 30.0 28.515750175494535 28.05831084305776 30.0 30.0 30.0 30.0 30.0 30.0 30.0
28.7 30.0 30.0 28.548733504928023 28.0947129008784 30.0 30.0 30.0 30.0 30.0 30.0 30.0
28.8 30.0 30.0 28.580983871485213 28.130455948305496 30.0 30.0 30.0 30.0 30.0 30.0 30.0
28.9 30.0 30.0 28.612517563230014 28.165551298365106 30.0 30.0 30.0 30.0 30.0 30.0 30.0
29.0 30.0 30.0 28.643350506269375 28.200010086719118 30.0 30.0 30.0 30.0 30.0 30.0 30.0
29.1 30.0 30.0 28.673498272796756 28.233843273961888 30.0 30.0 30.0 30.0 30.0 30.0 30.0
29.2 30.0 30.0 28.70297608895683 28.267061647901762 30.0 30.0 30.0 30.0 30.0 30.0 30.0
29.3 30.0 30.0 28.731798842535557 28.299675825827478 30.0 30.0 30.0 30.0 30.0 30.0 30.0
29.4 30.0 30.0 28.75998109047919 28.331696256759997 30.0 30.0 30.0 30.0 30.0 30.0 30.0
29.5 30.0 30.0 28.787537066246315 28.363133223687708 30.0 30.0 30.0 30.0 30.0 30.0 30.0
29.6 30.0 30.0 28.814165889453005 28.39399684578564 30.0 30.0 30.0 30.0 30.0 30.0 30.0
29.7 30.0 30.0 28.839944891856202 28.42436004012687 30.0 30.0 30.0 30.0 30.0 30.0 30.0
29.8 30.0 30.0 28.865163481163673 28.454218460976772 30.0 30.0 30.0 30.0 30.0 30.0 30.0
29.9 30.0 30.0 28.889833840268803 28.483525443982515 30.0 30.0 30.0 30.0 30.0 30.0 30.0
30.0 30.0 30.0 28.913967887219524 28.51229080673965 30.0 30.0 30.0 30.0 30.0 30.0 30.0
30.1 30.0 30.0 28.937577280975617 28.540524201644253 30.0 30.0 30.0 30.0 30.0 30.0 30.0
30.2 30.0 30.0 28.96067342704135 28.568235118412062 30.0 30.0 30.0 30.0 30.0 30.0 30.0
30.3 30.0 30.0 28.983267482975243 28.59543288656747 30.0 30.0 30.0 30.0 30.0 30.0 30.0
30.4 30.0 30.0 29.005370363780095 28.622126677901438 30.0 30.0 30.0 30.0 30.0 30.0 30.0
30.5 30.0 30.0 29.02699274717619 28.648325508898175 30.0 30.0 30.0 30.0 30.0 30.0 30.0
30.6 30.0 30.0 29.048145078759315 28.67403824313235 30.0 30.0 30.0 30.0 30.0 30.0 30.0
30.7 30.0 30.0 29.068837577047155 28.699273593634953 30.0 30.0 30.0 30.0 30.0 30.0 30.0
30.8 30.0 30.0 29.0890802384157 28.724040125229962 30.0 30.0 30.0 30.0 30.0 30.0 30.0
30.9 30.0 30.0 29.108882841928445 28.74834625683999 30.0 30.0 30.0 30.0 30.0 30.0 30.0
31.0 30.0 30.0 29.12825495406043 28.772200263763295 30.0 30.0 30.0 30.0 30.0 30.0 30.0
31.1 30.0 30.0 29.147205933319952 28.795610279920012 30.0 30.0 30.0 30.0 30.0 30.0 30.0
31.2 30.0 30.0 29.165744934769556 28.81818029354652 30.0 30.0 30.0 30.0 30.0 30.0 30.0
31.3 30.0 30.0 29.18388091444844 28.840244830359786 30.0 30.0 30.0 30.0 30.0 30.0 30.0
31.4 30.0 30.0 29.201622633699586 28.861908555414775 30.0 30.0 30.0 30.0 30.0 30.0 30.0
31.5 30.0 30.0 29.218978663401757 28.883178467834938 30.0 30.0 30.0 30.0 30.0 30.0 30.0
31.6 30.0 30.0 29.235957388110396 28.904061451853302 30.0 30.0 30.0 30.0 30.0 30.0 30.0
31.7 30.0 30.0 29.252567010108017 28.924564278500412 30.0 30.0 30.0 30.0 30.0 30.0 30.0
31.8 30.0 30.0 29.268815553366547 28.94469360727263 30.0 30.0 30.0 30.0 30.0 30.0 30.0
31.9 30.0 30.0 29.284710867423748 28.964455987781392 30.0 30.0 30.0 30.0 30.0 30.0 30.0
32.0 30.0 30.0 29.300260631175416 28.98385786138363 30.0 30.0 30.0 30.0 30.0 30.0 30.0
32.1 30.0 30.0 29.315472356584642 29.00290556279342 30.0 30.0 30.0 30.0 30.0 30.0 30.0
32.2 30.0 30.0 29.330353392311075 29.021605321674357 30.0 30.0 30.0 30.0 30.0 30.0 30.0
32.3 30.0 30.0 29.34491092726084 29.039963264213263 30.0 30.0 30.0 30.0 30.0 30.0 30.0
32.4 30.0 30.0 29.359151994059506 29.05798541467501 30.0 30.0 30.0 30.0 30.0 30.0 30.0
32.5 30.0 30.0 29.373083472449544 29.075677696938826 30.0 30.0 30.0 30.0 30.0 30.0 30.0
32.6 30.0 30.0 29.38671209261365 29.093045936016107 30.0 30.0 30.0 30.0 30.0 30.0 30.0
32.7 30.0 30.0 29.40004443842638 29.11009585954887 30.0 30.0 30.0 30.0 30.0 30.0 30.0
32.8 30.0 30.0 29.413086950634522 29.12683309929089 30.0 30.0 30.0 30.0 30.0 30.0 30.0
32.9 30.0 30.0 29.42584592996854 29.14326319256999 30.0 30.0 30.0 30.0 30.0 30.0 30.0
33.0 30.0 30.0 29.438327540186624 29.1593915837314 30.0 30.0 30.0 30.0 30.0 30.0 30.0
33.1 30.0 30.0 29.450537811052104 29.175223625564197 30.0 30.0 30.0 30.0 30.0 30.0 30.0
33.2 30.0 30.0 29.462482641246595 29.19076458070864 30.0 30.0 30.0 30.0 30.0 30.0 30.0
33.3 30.0 30.0 29.47416780121948 29.206019623046494 30.0 30.0 30.0 30.0 30.0 30.0 30.0
33.4 30.0 30.0 29.485598935975613 29.220993839072452 30.0 30.0 30.0 30.0 30.0 30.0 30.0
33.5 30.0 30.0 29.496781567802227 29.235692229249082 30.0 30.0 30.0 30.0 30.0 30.0 30.0
33.6 30.0 30.0 29.507721098937008 29.250119709342755 30.0 30.0 30.0 30.0 30.0 30.0 30.0
33.7 30.0 30.0 29.518422814177555 29.26428111174376 30.0 30.0 30.0 30.0 30.0 30.0 30.0
33.8 30.0 30.0 29.528891883434596 29.278181186767455 30.0 30.0 30.0 30.0 30.0 30.0 30.0
33.9 30.0 30.0 29.53913336422953 29.291824603939578 30.0 30.0 30.0 30.0 30.0 30.0 30.0
34.0 30.0 30.0 29.54915220413761 29.305215953263666 30.0 30.0 30.0 30.0 30.0 30.0 30.0
34.1 30.0 30.0 29.558953243178138 29.318359746471554 30.0 30.0 30.0 30.0 30.0 30.0 30.0
34.2 30.0 30.0 29.568541216152557 29.33126041825774 30.0 30.0 30.0 30.0 30.0 30.0 30.0
34.3 30.0 30.0 29.57792075493182 29.343922327496337 30.0 30.0 30.0 30.0 30.0 30.0 30.0
34.4 30.0 30.0 29.587096390694168 29.356349758441716 30.0 30.0 30.0 30.0 30.0 30.0 30.0
34.5 30.0 30.0 29.59607255611381 29.36854692191345 30.0 30.0 30.0 30.0 30.0 30.0 30.0
34.6 30.0 30.0 29.604750319683422 29.38051795646361 30.0 30.0 30.0 30.0 30.0 30.0 30.0
34.7 30.0 30.0 29.613159887349774 29.392287134102865 30.0 30.0 30.0 30.0 30.0 30.0 30.0
34.8 30.0 30.0 29.621390528044476 29.403852933165975 30.0 30.0 30.0 30.0 30.0 30.0 30.0
34.9 30.0 30.0 29.629446048724358 29.41520230926565 30.0 30.0 30.0 30.0 30.0 30.0 30.0
35.0 30.0 30.0 29.637330175347227 29.426339222409474 30.0 30.0 30.0 30.0 30.0 30.0 30.0
35.1 30.0 30.0 29.645046554595172 29.437267562365633 30.0 30.0 30.0 30.0 30.0 30.0 30.0
35.2 30.0 30.0 29.652598755561197 29.44799114985269 30.0 30.0 30.0 30.0 30.0 30.0 30.0
35.3 30.0 30.0 29.659990271400336 29.458513737710266 30.0 30.0 30.0 30.0 30.0 30.0 30.0
35.4 30.0 30.0 29.667224520944966 29.46883901205248 30.0 30.0 30.0 30.0 30.0 30.0 30.0
35.5 30.0 30.0 29.674304850286568 29.47897059340127 30.0 30.0 30.0 30.0 30.0 30.0 30.0
35.6 30.0 30.0 29.681234534323018 29.488912037804006 30.0 30.0 30.0 30.0 30.0 30.0 30.0
35.7 30.0 30.0 29.68801677827359 29.498666837931555 30.0 30.0 30.0 30.0 30.0 30.0 30.0
35.8 30.0 30.0 29.6946547191614 29.508238424160105 30.0 30.0 30.0 30.0 30.0 30.0 30.0
35.9 30.0 30.0 29.701151427264374 29.517630165635097 30.0 30.0 30.0 30.0 30.0 30.0 30.0
36.0 30.0 30.0 29.707509907535307 29.526845371318647 30.0 30.0 30.0 30.0 30.0 30.0 30.0
36.1 30.0 30.0 29.713733100992016 29.535887291019502 30.0 30.0 30.0 30.0 30.0 30.0 30.0
36.2 30.0 30.0 29.71982388607726 29.544759116408077 30.0 30.0 30.0 30.0 30.0 30.0 30.0
36.3 30.0 30.0 29.725785079990548 29.55346398201293 30.0 30.0 30.0 30.0 30.0 30.0 30.0
36.4 30.0 30.0 29.731619439990748 29.562004966203606 30.0 30.0 30.0 30.0 30.0 30.0 30.0
36.5 30.0 30.0 29.73732966467181 29.570385092155604 30.0 30.0 30.0 30.0 30.0 30.0 30.0
36.6 30.0 30.0 29.742918395210705 29.57860732880158 30.0 30.0 30.0 30.0 30.0 30.0 30.0
36.7 30.0 30.0 29.748388216589237 29.586674591765593 30.0 30.0 30.0 30.0 30.0 30.0 30.0
36.8 30.0 30.0 29.753741658789455 29.594589744283656 30.0 30.0 30.0 30.0 30.0 30.0 30.0
36.9 30.0 30.0 29.75898119796419 29.60230547899915 30.0 30.0 30.0 30.0 30.0 30.0 30.0
37.0 30.0 30.0 29.764109257581953 29.609763748540274 30.0 30.0 30.0 30.0 30.0 30.0 30.0
37.1 30.0 30.0 29.769128209548324 29.617084678644478 30.0 30.0 30.0 30.0 30.0 30.0 30.0
37.2 30.0 30.0 29.774040375302576 29.62427073723304 30.0 30.0 30.0 30.0 30.0 30.0 30.0
37.3 30.0 30.0 29.778848026891925 29.631324349381483 30.0 30.0 30.0 30.0 30.0 30.0 30.0
37.4 30.0 30.0 29.783553388021925 29.63824789802651 30.0 30.0 30.0 30.0 30.0 30.0 30.0
37.5 30.0 30.0 29.788158635085335 29.645043724660578 30.0 30.0 30.0 30.0 30.0 30.0 30.0
37.6 30.0 30.0 29.79266589816867 29.651714130017403 30.0 30.0 30.0 30.0 30.0 30.0 30.0
37.7 30.0 30.0 29.79707726203746 29.658261374745745 30.0 30.0 30.0 30.0 30.0 30.0 30.0
37.8 30.0 30.0 29.801394767100497 29.664687680074145 30.0 30.0 30.0 30.0 30.0 30.0 30.0
37.9 30.0 30.0 29.805620410353672 29.670995228464758 30.0 30.0 30.0 30.0 30.0 30.0 30.0
38.0 30.0 30.0 29.809756146303624 29.67718616425738 30.0 30.0 30.0 30.0 30.0 30.0 30.0
38.1 30.0 30.0 29.813803887871593 29.683262594304097 30.0 30.0 30.0 30.0 30.0 30.0 30.0
38.2 30.0 30.0 29.817765507278544 29.689226588593137 30.0 30.0 30.0 30.0 30.0 30.0 30.0
38.3 30.0 30.0 29.821642836910932 29.695080180864228 30.0 30.0 30.0 30.0 30.0 30.0 30.0
38.4 30.0 30.0 29.825437670168174 29.70082536921411 30.0 30.0 30.0 30.0 30.0 30.0 30.0
38.5 30.0 30.0 29.829151762292224 29.706464116692278 30.0 30.0 30.0 30.0 30.0 30.0 30.0
38.6 30.0 30.0 29.832786831179625 29.711998351887775 30.0 30.0 30.0 30.0 30.0 30.0 30.0
38.7 30.0 30.0 29.8363445581758 29.717429969507513 30.0 30.0 30.0 30.0 30.0 30.0 30.0
38.8 30.0 30.0 29.83982658885292 29.722760830944292 30.0 30.0 30.0 30.0 30.0 30.0 30.0
38.9 30.0 30.0 29.843234533770907 29.7279927648371 30.0 30.0 30.0 30.0 30.0 30.0 30.0
39.0 30.0 30.0 29.84656996922264 29.733127567622134 30.0 30.0 30.0 30.0 30.0 30.0 30.0
39.1 30.0 30.0 29.849834437962585 29.73816700407559 30.0 30.0 30.0 30.0 30.0 30.0 30.0
39.2 30.0 30.0 29.853029449920797 29.743112807847226 30.0 30.0 30.0 30.0 30.0 30.0 30.0
39.3 30.0 30.0 29.85615648290125 29.74796668198609 30.0 30.0 30.0 30.0 30.0 30.0 30.0
39.4 30.0 30.0 29.859216983265046 29.752730299458296 30.0 30.0 30.0 30.0 30.0 30.0 30.0
39.5 30.0 30.0 29.862212366599863 29.757405303655393 30.0 30.0 30.0 30.0 30.0 30.0 30.0
39.6 30.0 30.0 29.86514401837429 29.7619933088966 30.0 30.0 30.0 30.0 30.0 30.0 30.0
39.7 30.0 30.0 29.86801329457914 29.7664959009206 30.0 30.0 30.0 30.0 30.0 30.0 30.0
39.8 30.0 30.0 29.870821522354014 29.77091463737249 30.0 30.0 30.0 30.0 30.0 30.0 30.0
39.9 30.0 30.0 29.873570000601795 29.775251048279934 30.0 30.0 30.0 30.0 30.0 30.0 30.0
40.0 30.0 30.0 29.87626000058903 29.779506636524328 30.0 30.0 30.0 30.0 30.0 30.0 30.0
40.1 30.0 30.0 29.878892766533976 29.78368287830288 30.0 30.0 30.0 30.0 30.0 30.0 30.0
40.2 30.0 30.0 29.881469516182214 29.787781223583615 30.0 30.0 30.0 30.0 30.0 30.0 30.0
40.3 30.0 30.0 29.883991441369854 29.79180309655341 30.0 30.0 30.0 30.0 30.0 30.0 30.0
40.4 30.0 30.0 29.886459708574744 29.7957498960589 30.0 30.0 30.0 30.0 30.0 30.0 30.0
40.5 30.0 30.0 29.88887545945617 29.79962299603969 30.0 30.0 30.0 30.0 30.0 30.0 30.0
40.6 30.0 30.0 29.891239811382647 29.80342374595522 30.0 30.0 30.0 30.0 30.0 30.0 30.0
40.7 30.0 30.0 29.893553857948998 29.807153471204252 30.0 30.0 30.0 30.0 30.0 30.0 30.0
40.8 30.0 30.0 29.895818669481958 29.810813473538285 30.0 30.0 30.0 30.0 30.0 30.0 30.0
40.9 30.0 30.0 29.8980352935355 29.81440503146736 30.0 30.0 30.0 30.0 30.0 30.0 30.0
41.0 30.0 30.0 29.90020475537516 29.817929400659935 30.0 30.0 30.0 30.0 30.0 30.0 30.0
41.1 30.0 30.0 29.90232805845225 29.821387814336184 30.0 30.0 30.0 30.0 30.0 30.0 30.0
41.2 30.0 30.0 29.904406184868176 29.824781483654647 30.0 30.0 30.0 30.0 30.0 30.0 30.0
41.3 30.0 30.0 29.90644009582841 29.828111598093052 30.0 30.0 30.0 30.0 30.0 30.0 30.0
41.4 30.0 30.0 29.908430732087375 29.831379325822052 30.0 30.0 30.0 30.0 30.0 30.0 30.0
41.5 30.0 30.0 29.910379014383352 29.834585814074117 30.0 30.0 30.0 30.0 30.0 30.0 30.0
41.6 30.0 30.0 29.91228584386459 29.83773218950516 30.0 30.0 30.0 30.0 30.0 30.0 30.0
41.7 30.0 30.0 29.914152102505742 29.8408195585513 30.0 30.0 30.0 30.0 30.0 30.0 30.0
41.8 30.0 30.0 29.915978653516255 29.84384900777842 30.0 30.0 30.0 30.0 30.0 30.0 30.0
41.9 30.0 30.0 29.91776634173931 29.846821604227912 30.0 30.0 30.0 30.0 30.0 30.0 30.0
42.0 30.0 30.0 29.919515994042687 29.84973839575484 30.0 30.0 30.0 30.0 30.0 30.0 30.0
42.1 30.0 30.0 29.92122841970135 29.852600411361482 30.0 30.0 30.0 30.0 30.0 30.0 30.0
42.2 30.0 30.0 29.922904410771505 29.855408661525523 30.0 30.0 30.0 30.0 30.0 30.0 30.0
42.3 30.0 30.0 29.92454474245718 29.858164138522223 30.0 30.0 30.0 30.0 30.0 30.0 30.0
42.4 30.0 30.0 29.926150173468724 29.86086781674147 30.0 30.0 30.0 30.0 30.0 30.0 30.0
42.5 30.0 30.0 29.92772144637364 29.863520653000073 30.0 30.0 30.0 30.0 30.0 30.0 30.0
42.6 30.0 30.0 29.929259287940138 29.866123586848122 30.0 30.0 30.0 30.0 30.0 30.0 30.0
42.7 30.0 30.0 29.930764409473287 29.868677540870546 30.0 30.0 30.0 30.0 30.0 30.0 30.0
42.8 30.0 30.0 29.932237507144066 29.871183420983915 30.0 30.0 30.0 30.0 30.0 30.0 30.0
42.9 30.0 30.0 29.933679262311173 29.873642116728217 30.0 30.0 30.0 30.0 30.0 30.0 30.0
43.0 30.0 30.0 29.935090341836435 29.876054501553085 30.0 30.0 30.0 30.0 30.0 30.0 30.0
43.1 30.0 30.0 29.936471398393092 29.878421433100335 30.0 30.0 30.0 30.0 30.0 30.0 30.0
43.2 30.0 30.0 29.93782307076774 29.880743753480928 30.0 30.0 30.0 30.0 30.0 30.0 30.0
43.3 30.0 30.0 29.939145984155658 29.883022289547977 30.0 30.0 30.0 30.0 30.0 30.0 30.0
43.4 30.0 30.0 29.940440750450264 29.885257853164163 30.0 30.0 30.0 30.0 30.0 30.0 30.0
43.5 30.0 30.0 29.94170796852576 29.88745124146599 30.0 30.0 30.0 30.0 30.0 30.0 30.0
43.6 30.0 30.0 29.94294822451462 29.889603237122397 30.0 30.0 30.0 30.0 30.0 30.0 30.0
43.7 30.0 30.0 29.94416209207811 29.89171460859013 30.0 30.0 30.0 30.0 30.0 30.0 30.0
43.8 30.0 30.0 29.94535013267218 29.893786110363305 30.0 30.0 30.0 30.0 30.0 30.0 30.0
43.9 30.0 30.0 29.946512895806844 29.89581848322046 30.0 30.0 30.0 30.0 30.0 30.0 30.0
44.0 30.0 30.0 29.947650919300287 29.897812454466667 30.0 30.0 30.0 30.0 30.0 30.0 30.0
44.1 30.0 30.0 29.948764729527984 29.89976873817073 30.0 30.0 30.0 30.0 30.0 30.0 30.0
44.2 30.0 30.0 29.949854841665662 29.9016880354002 30.0 30.0 30.0 30.0 30.0 30.0 30.0
44.3 30.0 30.0 29.95092175992809 29.90357103445037 30.0 30.0 30.0 30.0 30.0 30.0 30.0
44.4 30.0 30.0 29.951965977801965 29.905418411071356 30.0 30.0 30.0 30.0 30.0 30.0 30.0
44.5 30.0 30.0 29.95298797827425 29.907230828689737 30.0 30.0 30.0 30.0 30.0 30.0 30.0
44.6 30.0 30.0 29.953988234055693 29.909008938627125 30.0 30.0 30.0 30.0 30.0 30.0 30.0
44.7 30.0 30.0 29.954967207799186 29.910753380315292 30.0 30.0 30.0 30.0 30.0 30.0 30.0
44.8 30.0 30.0 29.955925352314075 29.912464781506692 30.0 30.0 30.0 30.0 30.0 30.0 30.0
44.9 30.0 30.0 29.956863110775462 29.914143758482446 30.0 30.0 30.0 30.0 30.0 30.0 30.0
45.0 30.0 30.0 29.957780916929206 29.915790916256114 30.0 30.0 30.0 30.0 30.0 30.0 30.0
45.1 30.0 30.0 29.958679195292408 29.91740684877444 30.0 30.0 30.0 30.0 30.0 30.0 30.0
45.2 30.0 30.0 29.959558361350016 29.918992139113893 30.0 30.0 30.0 30.0 30.0 30.0 30.0
45.3 30.0 30.0 29.960418821746785 29.920547359674938 30.0 30.0 30.0 30.0 30.0 30.0 30.0
45.4 30.0 30.0 29.961260974475568 29.922073072371806 30.0 30.0 30.0 30.0 30.0 30.0 30.0
45.5 30.0 30.0 29.962085209061236 29.923569828820053 30.0 30.0 30.0 30.0 30.0 30.0 30.0
45.6 30.0 30.0 29.962891906740747 29.92503817052032 30.0 30.0 30.0 30.0 30.0 30.0 30.0
45.7 30.0 30.0 29.963681440639917 29.926478629038588 30.0 30.0 30.0 30.0 30.0 30.0 30.0
45.8 30.0 30.0 29.96445417594544 29.927891726184736 30.0 30.0 30.0 30.0 30.0 30.0 30.0
45.9 30.0 30.0 29.965210470074226 29.929277974186185 30.0 30.0 30.0 30.0 30.0 30.0 30.0
46.0 30.0 30.0 29.965950672838638 29.930637875859578 30.0 30.0 30.0 30.0 30.0 30.0 30.0
46.1 30.0 30.0 29.966675126607992 29.931971924780097 30.0 30.0 30.0 30.0 30.0 30.0 30.0
46.2 30.0 30.0 29.967384166467422 29.933280605445905 30.0 30.0 30.0 30.0 30.0 30.0 30.0
46.3 30.0 30.0 29.968078120372397 29.934564393442052 30.0 30.0 30.0 30.0 30.0 30.0 30.0
46.4 30.0 30.0 29.968757309300624 29.935823755599806 30.0 30.0 30.0 30.0 30.0 30.0 30.0
46.5 30.0 30.0 29.96942204740057 29.937059150154 30.0 30.0 30.0 30.0 30.0 30.0 30.0
46.6 30.0 30.0 29.970072642136696 29.938271026897574 30.0 30.0 30.0 30.0 30.0 30.0 30.0
46.7 30.0 30.0 29.970709394431676 29.939459827333177 30.0 30.0 30.0 30.0 30.0 30.0 30.0
46.8 30.0 30.0 29.971332598805432 29.94062598482286 30.0 30.0 30.0 30.0 30.0 30.0 30.0
46.9 30.0 30.0 29.971942543511666 29.94176992473377 30.0 30.0 30.0 30.0 30.0 30.0 30.0
47.0 30.0 30.0 29.972539510670998 29.942892064582857 30.0 30.0 30.0 30.0 30.0 30.0 30.0
47.1 30.0 30.0 29.973123776401373 29.94399281417829 30.0 30.0 30.0 30.0 30.0 30.0 30.0
47.2 30.0 30.0 29.973695610945978 29.94507257575806 30.0 30.0 30.0 30.0 30.0 30.0 30.0
47.3 30.0 30.0 29.97425527879816 29.94613174412703 30.0 30.0 30.0 30.0 30.0 30.0 30.0
47.4 30.0 30.0 29.974803038823726 29.947170706790903 30.0 30.0 30.0 30.0 30.0 30.0 30.0
47.5 30.0 30.0 29.97533914438071 29.948189844088265 30.0 30.0 30.0 30.0 30.0 30.0 30.0
47.6 30.0 30.0 29.975863843436453 29.949189529320147 30.0 30.0 30.0 30.0 30.0 30.0 30.0
47.7 30.0 30.0 29.976377378682457 29.950170128877172 30.0 30.0 30.0 30.0 30.0 30.0 30.0
47.8 30.0 30.0 29.97687998764662 29.9511320023646 30.0 30.0 30.0 30.0 30.0 30.0 30.0
47.9 30.0 30.0 29.977371902803036 29.952075502725386 30.0 30.0 30.0 30.0 30.0 30.0 30.0
48.0 30.0 30.0 29.977853351679617 29.953000976360787 30.0 30.0 30.0 30.0 30.0 30.0 30.0
48.1 30.0 30.0 29.978324556963038 29.953908763249114 30.0 30.0 30.0 30.0 30.0 30.0 30.0
48.2 30.0 30.0 29.978785736602095 29.95479919706189 30.0 30.0 30.0 30.0 30.0 30.0 30.0
48.3 30.0 30.0 29.97923710390842 29.95567260527861 30.0 30.0 30.0 30.0 30.0 30.0 30.0
48.4 30.0 30.0 29.97967886765507 29.9565293092991 30.0 30.0 30.0 30.0 30.0 30.0 30.0
48.5 30.0 30.0 29.98011123217309 29.957369624554026 30.0 30.0 30.0 30.0 30.0 30.0 30.0
48.6 30.0 30.0 29.980534397446043 29.95819386061327 30.0 30.0 30.0 30.0 30.0 30.0 30.0
48.7 30.0 30.0 29.980948559202517 29.959002321292704 30.0 30.0 30.0 30.0 30.0 30.0 30.0
48.8 30.0 30.0 29.981353909006764 29.959795304758597 30.0 30.0 30.0 30.0 30.0 30.0 30.0
48.9 30.0 30.0 29.98175063434705 29.96057310363106 30.0 30.0 30.0 30.0 30.0 30.0 30.0
49.0 30.0 30.0 29.982138918722647 29.961336005084394 30.0 30.0 30.0 30.0 30.0 30.0 30.0
49.1 30.0 30.0 29.982518941728564 29.962084290946812 30.0 30.0 30.0 30.0 30.0 30.0 30.0
49.2 30.0 30.0 29.98289087913859 29.96281823779791 30.0 30.0 30.0 30.0 30.0 30.0 30.0
49.3 30.0 30.0 29.98325490298674 29.963538117064033 30.0 30.0 30.0 30.0 30.0 30.0 30.0
49.4 30.0 30.0 29.983611181646612 29.964244195113068 30.0 30.0 30.0 30.0 30.0 30.0 30.0
49.5 30.0 30.0 29.98395987990945 29.964936733346047 30.0 30.0 30.0 30.0 30.0 30.0 30.0
49.6 30.0 30.0 29.9843011590603 29.965615988288388 30.0 30.0 30.0 30.0 30.0 30.0 30.0
49.7 30.0 30.0 29.98463517695262 29.96628221167887 30.0 30.0 30.0 30.0 30.0 30.0 30.0
49.8 30.0 30.0 29.9849620880813 29.966935650557318 30.0 30.0 30.0 30.0 30.0 30.0 30.0
49.9 30.0 30.0 29.985282043654 29.967576547350625 30.0 30.0 30.0 30.0 30.0 30.0 30.0
50.0 30.0 30.0 29.98559519166137 29.96820513995684 30.0 30.0 30.0 30.0 30.0 30.0 30.0
50.1 30.0 30.0 29.985901676945186 29.968821661828663 30.0 30.0 30.0 30.0 30.0 30.0 30.0
50.2 30.0 30.0 29.986201641265485 29.969426342054607 30.0 30.0 30.0 30.0 30.0 30.0 30.0
50.3 30.0 30.0 29.98649522336626 29.97001940543887 30.0 30.0 30.0 30.0 30.0 30.0 30.0
50.4 30.0 30.0 29.98678255903933 29.970601072580518 30.0 30.0 30.0 30.0 30.0 30.0 30.0
50.5 30.0 30.0 29.987063781187416 29.971171559949912 30.0 30.0 30.0 30.0 30.0 30.0 30.0
50.6 30.0 30.0 29.987339019885578 29.971731079965124 30.0 30.0 30.0 30.0 30.0 30.0 30.0
50.7 30.0 30.0 29.987608402441207 29.97227984106628 30.0 30.0 30.0 30.0 30.0 30.0 30.0
50.8 30.0 30.0 29.98787205345314 29.972818047788184 30.0 30.0 30.0 30.0 30.0 30.0 30.0
50.9 30.0 30.0 29.988130094869046 29.973345900833035 30.0 30.0 30.0 30.0 30.0 30.0 30.0
51.0 30.0 30.0 29.988382646042005 29.973863597139946 30.0 30.0 30.0 30.0 30.0 30.0 30.0
51.1 30.0 30.0 29.98862982378578 29.974371329954927 30.0 30.0 30.0 30.0 30.0 30.0 30.0
51.2 30.0 30.0 29.988871742428586 29.97486928889862 30.0 30.0 30.0 30.0 30.0 30.0 30.0
51.3 30.0 30.0 29.989108513866245 29.975357660032987 30.0 30.0 30.0 30.0 30.0 30.0 30.0
51.4 30.0 30.0 29.989340247613814 29.97583662592714 30.0 30.0 30.0 30.0 30.0 30.0 30.0
51.5 30.0 30.0 29.989567050856113 29.97630636572172 30.0 30.0 30.0 30.0 30.0 30.0 30.0
51.6 30.0 30.0 29.98978902849746 29.97676705519197 30.0 30.0 30.0 30.0 30.0 30.0 30.0
51.7 30.0 30.0 29.99000628321032 29.97721886680972 30.0 30.0 30.0 30.0 30.0 30.0 30.0
51.8 30.0 30.0 29.99021891548244 29.977661969804934 30.0 30.0 30.0 30.0 30.0 30.0 30.0
51.9 30.0 30.0 29.99042702366368 29.978096530225024 30.0 30.0 30.0 30.0 30.0 30.0 30.0
52.0 30.0 30.0 29.990630704011277 29.978522710994017 30.0 30.0 30.0 30.0 30.0 30.0 30.0
52.1 30.0 30.0 29.990830050734466 29.978940671970125 30.0 30.0 30.0 30.0 30.0 30.0 30.0
52.2 30.0 30.0 29.991025156038017 29.979350570002453 30.0 30.0 30.0 30.0 30.0 30.0 30.0
52.3 30.0 30.0 29.991216110164892 29.97975255898684 30.0 30.0 30.0 30.0 30.0 30.0 30.0
52.4 30.0 30.0 29.991403001437963 29.98014678992028 30.0 30.0 30.0 30.0 30.0 30.0 30.0
52.5 30.0 30.0 29.991585916301027 29.98053341095471 30.0 30.0 30.0 30.0 30.0 30.0 30.0
52.6 30.0 30.0 29.991764939358468 29.980912567450037 30.0 30.0 30.0 30.0 30.0 30.0 30.0
52.7 30.0 30.0 29.991940153414657 29.981284402025274 30.0 30.0 30.0 30.0 30.0 30.0 30.0
52.8 30.0 30.0 29.992111639512242 29.9816490546097 30.0 30.0 30.0 30.0 30.0 30.0 30.0
52.9 30.0 30.0 29.992279476969422 29.982006662492925 30.0 30.0 30.0 30.0 30.0 30.0 30.0
53.0 30.0 30.0 29.99244374341689 29.982357360373573 30.0 30.0 30.0 30.0 30.0 30.0 30.0
53.1 30.0 30.0 29.992604514833538 29.98270128040764 30.0 30.0 30.0 30.0 30.0 30.0 30.0
53.2 30.0 30.0 29.992761865581787 29.983038552255266 30.0 30.0 30.0 30.0 30.0 30.0 30.0
53.3 30.0 30.0 29.992915868441727 29.983369303127894 30.0 30.0 30.0 30.0 30.0 30.0 30.0
53.4 30.0 30.0 29.993066594645075 29.983693657832863 30.0 30.0 30.0 30.0 30.0 30.0 30.0
53.5 30.0 30.0 29.993214113907985 29.984011738818708 30.0 30.0 30.0 30.0 30.0 30.0 30.0
53.6 30.0 30.0 29.993358494463177 29.984323666218994 30.0 30.0 30.0 30.0 30.0 30.0 30.0
53.7 30.0 30.0 29.993499803091645 29.984629557895307 30.0 30.0 30.0 30.0 30.0 30.0 30.0
53.8 30.0 30.0 29.993638105153554 29.984929529479352 30.0 30.0 30.0 30.0 30.0 30.0 30.0
53.9 30.0 30.0 29.993773464618403 29.98522369441477 30.0 30.0 30.0 30.0 30.0 30.0 30.0
54.0 30.0 30.0 29.99390594409465 29.985512163997743 30.0 30.0 30.0 30.0 30.0 30.0 30.0
54.1 30.0 30.0 29.994035604858627 29.985795047417227 30.0 30.0 30.0 30.0 30.0 30.0 30.0
54.2 30.0 30.0 29.994162506882898 29.986072451793984 30.0 30.0 30.0 30.0 30.0 30.0 30.0
54.3 30.0 30.0 29.994286708864127 29.98634448221924 30.0 30.0 30.0 30.0 30.0 30.0 30.0
54.4 30.0 30.0 29.994408268249963 29.986611241792723 30.0 30.0 30.0 30.0 30.0 30.0 30.0
54.5 30.0 30.0 29.99452724126595 29.98687283165935 30.0 30.0 30.0 30.0 30.0 30.0 30.0
54.6 30.0 30.0 29.99464368294116 29.987129351046523 30.0 30.0 30.0 30.0 30.0 30.0 30.0
54.7 30.0 30.0 29.994757647133934 29.987380897299172 30.0 30.0 30.0 30.0 30.0 30.0 30.0
54.8 30.0 30.0 29.994869186556652 29.98762756591543 30.0 30.0 30.0 30.0 30.0 30.0 30.0
54.9 30.0 30.0 29.99497835280011 29.98786945058102 30.0 30.0 30.0 30.0 30.0 30.0 30.0
55.0 30.0 30.0 29.99508519635752 29.988106643202865 30.0 30.0 30.0 30.0 30.0 30.0 30.0
55.1 30.0 30.0 29.99518976664782 29.988339233942767 30.0 30.0 30.0 30.0 30.0 30.0 30.0
55.2 30.0 30.0 29.995292112038328 29.988567311250115 30.0 30.0 30.0 30.0 30.0 30.0 30.0
55.3 30.0 30.0 29.99539227986728 29.988790961893443 30.0 30.0 30.0 30.0 30.0 30.0 30.0
55.4 30.0 30.0 29.99549031646588 29.98901027099225 30.0 30.0 30.0 30.0 30.0 30.0 30.0
55.5 30.0 30.0 29.9955862671794 29.989225322048 30.0 30.0 30.0 30.0 30.0 30.0 30.0
55.6 30.0 30.0 29.995680176388387 29.989436196974196 30.0 30.0 30.0 30.0 30.0 30.0 30.0
55.7 30.0 30.0 29.99577208752904 29.98964297612626 30.0 30.0 30.0 30.0 30.0 30.0 30.0
55.8 30.0 30.0 29.99586204311357 29.989845738330658 30.0 30.0 30.0 30.0 30.0 30.0 30.0
55.9 30.0 30.0 29.995950084749413 29.990044560913862 30.0 30.0 30.0 30.0 30.0 30.0 30.0
56.0 30.0 30.0 29.99603625315901 29.990239519730064 30.0 30.0 30.0 30.0 30.0 30.0 30.0
56.1 30.0 30.0 29.996120588198156 29.99043068918933 30.0 30.0 30.0 30.0 30.0 30.0 30.0
56.2 30.0 30.0 29.99620312887479 29.99061814228414 30.0 30.0 30.0 30.0 30.0 30.0 30.0
56.3 30.0 30.0 29.99628391336679 29.990801950616664 30.0 30.0 30.0 30.0 30.0 30.0 30.0
56.4 30.0 30.0 29.996362979039873 29.990982184424162 30.0 30.0 30.0 30.0 30.0 30.0 30.0
56.5 30.0 30.0 29.996440362464536 29.991158912605506 30.0 30.0 30.0 30.0 30.0 30.0 30.0
56.6 30.0 30.0 29.996516099433357 29.99133220274529 30.0 30.0 30.0 30.0 30.0 30.0 30.0
56.7 30.0 30.0 29.996590224977368 29.99150212113963 30.0 30.0 30.0 30.0 30.0 30.0 30.0
56.8 30.0 30.0 29.996662773382095 29.9916687328198 30.0 30.0 30.0 30.0 30.0 30.0 30.0
56.9 30.0 30.0 29.996733778203733 29.99183210157595 30.0 30.0 30.0 30.0 30.0 30.0 30.0
57.0 30.0 30.0 29.996803272284527 29.991992289980757 30.0 30.0 30.0 30.0 30.0 30.0 30.0
57.1 30.0 30.0 29.996871287767856 29.99214935941255 30.0 30.0 30.0 30.0 30.0 30.0 30.0
57.2 30.0 30.0 29.996937856113234 29.99230337007715 30.0 30.0 30.0 30.0 30.0 30.0 30.0
57.3 30.0 30.0 29.997003008110838 29.992454381030655 30.0 30.0 30.0 30.0 30.0 30.0 30.0
57.4 30.0 30.0 29.997066773895703 29.992602450200685 30.0 30.0 30.0 30.0 30.0 30.0 30.0
57.5 30.0 30.0 29.99712918296178 29.99274763440776 30.0 30.0 30.0 30.0 30.0 30.0 30.0
57.6 30.0 30.0 29.997190264175366 29.992889989386498 30.0 30.0 30.0 30.0 30.0 30.0 30.0
57.7 30.0 30.0 29.99725004578865 29.993029569805508 30.0 30.0 30.0 30.0 30.0 30.0 30.0
57.8 30.0 30.0 29.997308555452697 29.993166429287985 30.0 30.0 30.0 30.0 30.0 30.0 30.0
57.9 30.0 30.0 29.997365820230296 29.993300620431235 30.0 30.0 30.0 30.0 30.0 30.0 30.0
58.0 30.0 30.0 29.997421866608345 29.99343219482638 30.0 30.0 30.0 30.0 30.0 30.0 30.0
58.1 30.0 30.0 29.997476720510257 29.993561203076794 30.0 30.0 30.0 30.0 30.0 30.0 30.0
58.2 30.0 30.0 29.997530407307927 29.99368769481727 30.0 30.0 30.0 30.0 30.0 30.0 30.0
58.3 30.0 30.0 29.997582951833277 29.993811718732246 30.0 30.0 30.0 30.0 30.0 30.0 30.0
58.4 30.0 30.0 29.99763437839003 29.993933322573486 30.0 30.0 30.0 30.0 30.0 30.0 30.0
58.5 30.0 30.0 29.99768471076467 29.994052553178086 30.0 30.0 30.0 30.0 30.0 30.0 30.0
58.6 30.0 30.0 29.997733972237743 29.99416945648549 30.0 30.0 30.0 30.0 30.0 30.0 30.0
58.7 30.0 30.0 29.997782185594417 29.994284077554727 30.0 30.0 30.0 30.0 30.0 30.0 30.0
58.8 30.0 30.0 29.99782937313492 29.99439646058104 30.0 30.0 30.0 30.0 30.0 30.0 30.0
58.9 30.0 30.0 29.997875556685283 29.994506648911944 30.0 30.0 30.0 30.0 30.0 30.0 30.0
59.0 30.0 30.0 29.997920757606835 29.994614685063794 30.0 30.0 30.0 30.0 30.0 30.0 30.0
59.1 30.0 30.0 29.997964996806722 29.994720610736934 30.0 30.0 30.0 30.0 30.0 30.0 30.0
59.2 30.0 30.0 29.99800829474703 29.994824466831876 30.0 30.0 30.0 30.0 30.0 30.0 30.0
59.3 30.0 30.0 29.998050671454546 29.994926293463955 30.0 30.0 30.0 30.0 30.0 30.0 30.0
59.4 30.0 30.0 29.99809214652994 29.99502612997818 30.0 30.0 30.0 30.0 30.0 30.0 30.0
59.5 30.0 30.0 29.998132739156976 29.995124014964173 30.0 30.0 30.0 30.0 30.0 30.0 30.0
59.6 30.0 30.0 29.998172468111104 29.995219986270417 30.0 30.0 30.0 30.0 30.0 30.0 30.0
59.7 30.0 30.0 29.998211351768276 29.995314081018154 30.0 30.0 30.0 30.0 30.0 30.0 30.0
59.8 30.0 30.0 29.998249408113654 29.995406335615222 30.0 30.0 30.0 30.0 30.0 30.0 30.0
59.9 30.0 30.0 29.998286654749542 29.995496785770047 30.0 30.0 30.0 30.0 30.0 30.0 30.0
60.0 30.0 30.0 29.998323108903804 29.995585466504288 30.0 30.0 30.0 30.0 30.0 30.0 30.0
60.1 30.0 30.0 29.998358787437787 29.995672412166122 30.0 30.0 30.0 30.0 30.0 30.0 30.0
60.2 30.0 30.0 29.99839370685399 29.99575765644338 30.0 30.0 30.0 30.0 30.0 30.0 30.0
60.3 30.0 30.0 29.998427883303872 29.995841232375554 30.0 30.0 30.0 30.0 30.0 30.0 30.0
60.4 30.0 30.0 29.998461332595326 29.995923172366435 30.0 30.0 30.0 30.0 30.0 30.0 30.0
60.5 30.0 30.0 29.998494070199726 29.996003508196498 30.0 30.0 30.0 30.0 30.0 30.0 30.0
60.6 30.0 30.0 29.998526111259284 29.996082271034126 30.0 30.0 30.0 30.0 30.0 30.0 30.0
60.7 30.0 30.0 29.998557470594225 29.996159491447425 30.0 30.0 30.0 30.0 30.0 30.0 30.0
60.8 30.0 30.0 29.99858816270924 29.99623519941635 30.0 30.0 30.0 30.0 30.0 30.0 30.0
60.9 30.0 30.0 29.998618201800575 29.99630942434291 30.0 30.0 30.0 30.0 30.0 30.0 30.0
61.0 30.0 30.0 29.998647601762315 29.99638219506284 30.0 30.0 30.0 30.0 30.0 30.0 30.0
61.1 30.0 30.0 29.998676376192947 29.99645353985606 30.0 30.0 30.0 30.0 30.0 30.0 30.0
61.2 30.0 30.0 29.998704538401576 29.99652348645757 30.0 30.0 30.0 30.0 30.0 30.0 30.0
61.3 30.0 30.0 29.998732101414294 29.99659206206746 30.0 30.0 30.0 30.0 30.0 30.0 30.0
61.4 30.0 30.0 29.99875907797999 29.996659293361432 30.0 30.0 30.0 30.0 30.0 30.0 30.0
61.5 30.0 30.0 29.998785480576156 29.996725206500802 30.0 30.0 30.0 30.0 30.0 30.0 30.0
61.6 30.0 30.0 29.998811321414987 29.996789827141896 30.0 30.0 30.0 30.0 30.0 30.0 30.0
61.7 30.0 30.0 29.99883661244869 29.996853180446383 30.0 30.0 30.0 30.0 30.0 30.0 30.0
61.8 30.0 30.0 29.998861365375312 29.99691529109 30.0 30.0 30.0 30.0 30.0 30.0 30.0
61.9 30.0 30.0 29.99888559164393 29.99697618327234 30.0 30.0 30.0 30.0 30.0 30.0 30.0
62.0 30.0 30.0 29.998909302460003 29.997035880725726 30.0 30.0 30.0 30.0 30.0 30.0 30.0
62.1 30.0 30.0 29.998932508790688 29.9970944067242 30.0 30.0 30.0 30.0 30.0 30.0 30.0
62.2 30.0 30.0 29.998955221369567 29.997151784092317 30.0 30.0 30.0 30.0 30.0 30.0 30.0
62.3 30.0 30.0 29.998977450702174 29.997208035213482 30.0 30.0 30.0 30.0 30.0 30.0 30.0
62.4 30.0 30.0 29.998999207070256 29.99726318203883 30.0 30.0 30.0 30.0 30.0 30.0 30.0
62.5 30.0 30.0 29.99902050053688 29.997317246095164 30.0 30.0 30.0 30.0 30.0 30.0 30.0
62.6 30.0 30.0 29.999041340951006 29.997370248493205 30.0 30.0 30.0 30.0 30.0 30.0 30.0
62.7 30.0 30.0 29.99906173795202 29.997422209935372 30.0 30.0 30.0 30.0 30.0 30.0 30.0
62.8 30.0 30.0 29.999081700974287 29.99747315072379 30.0 30.0 30.0 30.0 30.0 30.0 30.0
62.9 30.0 30.0 29.9991012392514 29.997523090767938 30.0 30.0 30.0 30.0 30.0 30.0 30.0
63.0 30.0 30.0 29.999120361820545 29.997572049592065 30.0 30.0 30.0 30.0 30.0 30.0 30.0
63.1 30.0 30.0 29.999139077526458 29.997620046342874 30.0 30.0 30.0 30.0 30.0 30.0 30.0
63.2 30.0 30.0 29.99915739502589 29.997667099796136 30.0 30.0 30.0 30.0 30.0 30.0 30.0
63.3 30.0 30.0 29.999175322791267 29.997713228364425 30.0 30.0 30.0 30.0 30.0 30.0 30.0
63.4 30.0 30.0 29.999192869114854 29.99775845010373 30.0 30.0 30.0 30.0 30.0 30.0 30.0
63.5 30.0 30.0 29.99921004211244 29.99780278272037 30.0 30.0 30.0 30.0 30.0 30.0 30.0
63.6 30.0 30.0 29.999226849727112 29.997846243577882 30.0 30.0 30.0 30.0 30.0 30.0 30.0
63.7 30.0 30.0 29.999243299732917 29.99788884970325 30.0 30.0 30.0 30.0 30.0 30.0 30.0
63.8 30.0 30.0 29.999259399738552 29.997930617793624 30.0 30.0 30.0 30.0 30.0 30.0 30.0
63.9 30.0 30.0 29.999275157190944 29.99797156422244 30.0 30.0 30.0 30.0 30.0 30.0 30.0
64.0 30.0 30.0 29.999290579378332 29.998011705046054 30.0 30.0 30.0 30.0 30.0 30.0 30.0
64.1 30.0 30.0 29.99930567343416 29.99805105600908 30.0 30.0 30.0 30.0 30.0 30.0 30.0
64.2 30.0 30.0 29.999320446339865 29.998089632551387 30.0 30.0 30.0 30.0 30.0 30.0 30.0
64.3 30.0 30.0 29.999334904928357 29.99812744981314 30.0 30.0 30.0 30.0 30.0 30.0 30.0
64.4 30.0 30.0 29.999349055887333 29.99816452264059 30.0 30.0 30.0 30.0 30.0 30.0 30.0
64.5 30.0 30.0 29.99936290576205 29.998200865592295 30.0 30.0 30.0 30.0 30.0 30.0 30.0
64.6 30.0 30.0 29.99937646095865 29.99823649294402 30.0 30.0 30.0 30.0 30.0 30.0 30.0
64.7 30.0 30.0 29.99938972774674 29.998271418694898 30.0 30.0 30.0 30.0 30.0 30.0 30.0
64.8 30.0 30.0 29.999402712262793 29.998305656571713 30.0 30.0 30.0 30.0 30.0 30.0 30.0
64.9 30.0 30.0 29.999415420512477 29.99833922003525 30.0 30.0 30.0 30.0 30.0 30.0 30.0
65.0 30.0 30.0 29.999427858373938 29.99837212228445 30.0 30.0 30.0 30.0 30.0 30.0 30.0
65.1 30.0 30.0 29.999440031600013 29.998404376262375 30.0 30.0 30.0 30.0 30.0 30.0 30.0
65.2 30.0 30.0 29.99945194582125 29.998435994660372 30.0 30.0 30.0 30.0 30.0 30.0 30.0
65.3 30.0 30.0 29.999463606548414 29.99846698992307 30.0 30.0 30.0 30.0 30.0 30.0 30.0
65.4 30.0 30.0 29.999475019175005 29.998497374253546 30.0 30.0 30.0 30.0 30.0 30.0 30.0
65.5 30.0 30.0 29.999486188979763 29.99852715961751 30.0 30.0 30.0 30.0 30.0 30.0 30.0
65.6 30.0 30.0 29.999497121129107 29.998556357748107 30.0 30.0 30.0 30.0 30.0 30.0 30.0
65.7 30.0 30.0 29.999507820679533 29.99858498015035 30.0 30.0 30.0 30.0 30.0 30.0 30.0
65.8 30.0 30.0 29.999518292579953 29.99861303810561 30.0 30.0 30.0 30.0 30.0 30.0 30.0
65.9 30.0 30.0 29.999528541674007 29.9986405426756 30.0 30.0 30.0 30.0 30.0 30.0 30.0
66.0 30.0 30.0 29.99953857270219 29.99866750470707 30.0 30.0 30.0 30.0 30.0 30.0 30.0
66.1 30.0 30.0 29.999548390304284 29.998693934835547 30.0 30.0 30.0 30.0 30.0 30.0 30.0
66.2 30.0 30.0 29.99955799902118 29.99871984348976 30.0 30.0 30.0 30.0 30.0 30.0 30.0
66.3 30.0 30.0 29.999567403297313 29.998745240895264 30.0 30.0 30.0 30.0 30.0 30.0 30.0
66.4 30.0 30.0 29.99957660748248 29.998770137078626 30.0 30.0 30.0 30.0 30.0 30.0 30.0
66.5 30.0 30.0 29.999585615833897 29.99879454187136 30.0 30.0 30.0 30.0 30.0 30.0 30.0
66.6 30.0 30.0 29.999594432518304 29.99881846491316 30.0 30.0 30.0 30.0 30.0 30.0 30.0
66.7 30.0 30.0 29.99960306161362 29.998841915656318 30.0 30.0 30.0 30.0 30.0 30.0 30.0
66.8 30.0 30.0 29.999611507111176 29.99886490336873 30.0 30.0 30.0 30.0 30.0 30.0 30.0
66.9 30.0 30.0 29.99961977291735 29.998887437137903 30.0 30.0 30.0 30.0 30.0 30.0 30.0
67.0 30.0 30.0 29.999627862855306 29.998909525874243 30.0 30.0 30.0 30.0 30.0 30.0 30.0
67.1 30.0 30.0 29.99963578066694 29.998931178314294 30.0 30.0 30.0 30.0 30.0 30.0 30.0
67.2 30.0 30.0 29.999643530014417 29.998952403024578 30.0 30.0 30.0 30.0 30.0 30.0 30.0
67.3 30.0 30.0 29.999651114482212 29.99897320840426 30.0 30.0 30.0 30.0 30.0 30.0 30.0
67.4 30.0 30.0 29.999658537578362 29.998993602689072 30.0 30.0 30.0 30.0 30.0 30.0 30.0
67.5 30.0 30.0 29.99966580273631 29.999013593953848 30.0 30.0 30.0 30.0 30.0 30.0 30.0
67.6 30.0 30.0 29.999672913316342 29.999033190116112 30.0 30.0 30.0 30.0 30.0 30.0 30.0
67.7 30.0 30.0 29.999679872607445 29.99905239893875 30.0 30.0 30.0 30.0 30.0 30.0 30.0
67.8 30.0 30.0 29.999686683828553 29.99907122803321 30.0 30.0 30.0 30.0 30.0 30.0 30.0
67.9 30.0 30.0 29.999693350130098 29.99908968486243 30.0 30.0 30.0 30.0 30.0 30.0 30.0
68.0 30.0 30.0 29.99969987459546 29.999107776743788 30.0 30.0 30.0 30.0 30.0 30.0 30.0
68.1 30.0 30.0 29.999706260242327 29.99912551085171 30.0 30.0 30.0 30.0 30.0 30.0 30.0
68.2 30.0 30.0 29.999712510024423 29.999142894220263 30.0 30.0 30.0 30.0 30.0 30.0 30.0
68.3 30.0 30.0 29.999718626832394 29.999159933746682 30.0 30.0 30.0 30.0 30.0 30.0 30.0
68.4 30.0 30.0 29.999724613495545 29.999176636193095 30.0 30.0 30.0 30.0 30.0 30.0 30.0
68.5 30.0 30.0 29.999730472782897 29.999193008189653 30.0 30.0 30.0 30.0 30.0 30.0 30.0
68.6 30.0 30.0 29.999736207404553 29.999209056237003 30.0 30.0 30.0 30.0 30.0 30.0 30.0
68.7 30.0 30.0 29.999741820012947 29.999224786708716 30.0 30.0 30.0 30.0 30.0 30.0 30.0
68.8 30.0 30.0 29.999747313204203 29.999240205853713 30.0 30.0 30.0 30.0 30.0 30.0 30.0
68.9 30.0 30.0 29.999752689519003 29.999255319798998 30.0 30.0 30.0 30.0 30.0 30.0 30.0
69.0 30.0 30.0 29.99975795144414 29.99927013455149 30.0 30.0 30.0 30.0 30.0 30.0 30.0
69.1 30.0 30.0 29.999763101413382 29.999284656000896 30.0 30.0 30.0 30.0 30.0 30.0 30.0
69.2 30.0 30.0 29.99976814180883 29.999298889921647 30.0 30.0 30.0 30.0 30.0 30.0 30.0
69.3 30.0 30.0 29.99977307496179 29.999312841975303 30.0 30.0 30.0 30.0 30.0 30.0 30.0
69.4 30.0 30.0 29.99977790315413 29.999326517712454 30.0 30.0 30.0 30.0 30.0 30.0 30.0
69.5 30.0 30.0 29.999782628618945 29.99933992257536 30.0 30.0 30.0 30.0 30.0 30.0 30.0
69.6 30.0 30.0 29.999787253541925 29.9993530618997 30.0 30.0 30.0 30.0 30.0 30.0 30.0
69.7 30.0 30.0 29.99979178006232 29.999365940916576 30.0 30.0 30.0 30.0 30.0 30.0 30.0
69.8 30.0 30.0 29.999796210273807 29.999378564754835 30.0 30.0 30.0 30.0 30.0 30.0 30.0
69.9 30.0 30.0 29.999800546225455 29.999390938443018 30.0 30.0 30.0 30.0 30.0 30.0 30.0
70.0 30.0 30.0 29.9998047899228 29.999403066910965 30.0 30.0 30.0 30.0 30.0 30.0 30.0
70.1 30.0 30.0 29.999808943328702 29.99941495499206 30.0 30.0 30.0 30.0 30.0 30.0 30.0
70.2 30.0 30.0 29.99981300836423 29.999426607425196 30.0 30.0 30.0 30.0 30.0 30.0 30.0
70.3 30.0 30.0 29.999816986909714 29.999438028856115 30.0 30.0 30.0 30.0 30.0 30.0 30.0
70.4 30.0 30.0 29.99982088080524 29.99944922383984 30.0 30.0 30.0 30.0 30.0 30.0 30.0
70.5 30.0 30.0 29.999824691851888 29.999460196841966 30.0 30.0 30.0 30.0 30.0 30.0 30.0
70.6 30.0 30.0 29.999828421812442 29.999470952240667 30.0 30.0 30.0 30.0 30.0 30.0 30.0
70.7 30.0 30.0 29.999832072412133 29.999481494328244 30.0 30.0 30.0 30.0 30.0 30.0 30.0
70.8 30.0 30.0 29.999835645339523 29.99949182731277 30.0 30.0 30.0 30.0 30.0 30.0 30.0
70.9 30.0 30.0 29.99983914224719 29.999501955320046 30.0 30.0 30.0 30.0 30.0 30.0 30.0
71.0 30.0 30.0 29.999842564752576 29.9995118823947 30.0 30.0 30.0 30.0 30.0 30.0 30.0
71.1 30.0 30.0 29.999845914438687 29.999521612502345 30.0 30.0 30.0 30.0 30.0 30.0 30.0
71.2 30.0 30.0 29.99984919285486 29.999531149530483 30.0 30.0 30.0 30.0 30.0 30.0 30.0
71.3 30.0 30.0 29.99985240151753 29.999540497290578 30.0 30.0 30.0 30.0 30.0 30.0 30.0
71.4 30.0 30.0 29.99985554191082 29.99954965951913 30.0 30.0 30.0 30.0 30.0 30.0 30.0
71.5 30.0 30.0 29.999858615487206 29.999558639879595 30.0 30.0 30.0 30.0 30.0 30.0 30.0
71.6 30.0 30.0 29.999861623668313 29.999567441963325 30.0 30.0 30.0 30.0 30.0 30.0 30.0
71.7 30.0 30.0 29.99986456784557 29.999576069291106 30.0 30.0 30.0 30.0 30.0 30.0 30.0
71.8 30.0 30.0 29.999867449380798 29.999584525314784 30.0 30.0 30.0 30.0 30.0 30.0 30.0
71.9 30.0 30.0 29.9998702696067 29.999592813418378 30.0 30.0 30.0 30.0 30.0 30.0 30.0
72.0 30.0 30.0 29.999873029827814 29.999600936919364 30.0 30.0 30.0 30.0 30.0 30.0 30.0
72.1 30.0 30.0 29.999875731320827 29.999608899070182 30.0 30.0 30.0 30.0 30.0 30.0 30.0
72.2 30.0 30.0 29.99987837533532 29.99961670305933 30.0 30.0 30.0 30.0 30.0 30.0 30.0
72.3 30.0 30.0 29.99988096309418 29.99962435201278 30.0 30.0 30.0 30.0 30.0 30.0 30.0
72.4 30.0 30.0 29.999883495794265 29.999631848994934 30.0 30.0 30.0 30.0 30.0 30.0 30.0
72.5 30.0 30.0 29.999885974607174 29.99963919700984 30.0 30.0 30.0 30.0 30.0 30.0 30.0
72.6 30.0 30.0 29.999888400679357 29.999646399002973 30.0 30.0 30.0 30.0 30.0 30.0 30.0
72.7 30.0 30.0 29.999890775132975 29.999653457861477 30.0 30.0 30.0 30.0 30.0 30.0 30.0
72.8 30.0 30.0 29.99989309906629 29.999660376415854 30.0 30.0 30.0 30.0 30.0 30.0 30.0
72.9 30.0 30.0 29.99989537355425 29.999667157441024 30.0 30.0 30.0 30.0 30.0 30.0 30.0
73.0 30.0 30.0 29.999897599648865 29.999673803657352 30.0 30.0 30.0 30.0 30.0 30.0 30.0
73.1 30.0 30.0 29.999899778379707 29.99968031773166 30.0 30.0 30.0 30.0 30.0 30.0 30.0
73.2 30.0 30.0 29.99990191075457 29.999686702278254 30.0 30.0 30.0 30.0 30.0 30.0 30.0
73.3 30.0 30.0 29.999903997759773 29.99969295986014 30.0 30.0 30.0 30.0 30.0 30.0 30.0
73.4 30.0 30.0 29.999906040360642 29.999699092989772 30.0 30.0 30.0 30.0 30.0 30.0 30.0
73.5 30.0 30.0 29.999908039501886 29.99970510413025 30.0 30.0 30.0 30.0 30.0 30.0 30.0
73.6 30.0 30.0 29.99990999610819 29.999710995696237 30.0 30.0 30.0 30.0 30.0 30.0 30.0
73.7 30.0 30.0 29.9999119110846 29.99971677005461 30.0 30.0 30.0 30.0 30.0 30.0 30.0
73.8 30.0 30.0 29.999913785316807 29.999722429526106 30.0 30.0 30.0 30.0 30.0 30.0 30.0
73.9 30.0 30.0 29.999915619671736 29.999727976385365 30.0 30.0 30.0 30.0 30.0 30.0 30.0
74.0 30.0 30.0 29.99991741499783 29.999733412862355 30.0 30.0 30.0 30.0 30.0 30.0 30.0
74.1 30.0 30.0 29.999919172125534 29.999738741143275 30.0 30.0 30.0 30.0 30.0 30.0 30.0
74.2 30.0 30.0 29.999920891867585 29.99974396337103 30.0 30.0 30.0 30.0 30.0 30.0 30.0
74.3 30.0 30.0 29.999922575019312 29.99974908164663 30.0 30.0 30.0 30.0 30.0 30.0 30.0
74.4 30.0 30.0 29.999924222359294 29.99975409802931 30.0 30.0 30.0 30.0 30.0 30.0 30.0
74.5 30.0 30.0 29.99992583464948 29.99975901453804 30.0 30.0 30.0 30.0 30.0 30.0 30.0
74.6 30.0 30.0 29.999927412635657 29.999763833151892 30.0 30.0 30.0 30.0 30.0 30.0 30.0
74.7 30.0 30.0 29.999928957047644 29.99976855581089 30.0 30.0 30.0 30.0 30.0 30.0 30.0
74.8 30.0 30.0 29.99993046859978 29.999773184416846 30.0 30.0 30.0 30.0 30.0 30.0 30.0
74.9 30.0 30.0 29.99993194799131 29.999777720834064 30.0 30.0 30.0 30.0 30.0 30.0 30.0
75.0 30.0 30.0 29.999933395906393 29.999782166890366 30.0 30.0 30.0 30.0 30.0 30.0 30.0
75.1 30.0 30.0 29.99993481301476 29.999786524377015 30.0 30.0 30.0 30.0 30.0 30.0 30.0
75.2 30.0 30.0 29.999936199971927 29.999790795050338 30.0 30.0 30.0 30.0 30.0 30.0 30.0
75.3 30.0 30.0 29.999937557419376 29.99979498063193 30.0 30.0 30.0 30.0 30.0 30.0 30.0
75.4 30.0 30.0 29.999938885984953 29.999799082809425 30.0 30.0 30.0 30.0 30.0 30.0 30.0
75.5 30.0 30.0 29.99994018628314 29.999803103237085 30.0 30.0 30.0 30.0 30.0 30.0 30.0
75.6 30.0 30.0 29.999941458915373 29.999807043536673 30.0 30.0 30.0 30.0 30.0 30.0 30.0
75.7 30.0 30.0 29.9999427044704 29.999810905297736 30.0 30.0 30.0 30.0 30.0 30.0 30.0
75.8 30.0 30.0 29.9999439235242 29.99981469007881 30.0 30.0 30.0 30.0 30.0 30.0 30.0
75.9 30.0 30.0 29.999945116640664 29.99981839940731 30.0 30.0 30.0 30.0 30.0 30.0 30.0
76.0 30.0 30.0 29.999946284371678 29.999822034780625 30.0 30.0 30.0 30.0 30.0 30.0 30.0
76.1 30.0 30.0 29.99994742725743 29.99982559766655 30.0 30.0 30.0 30.0 30.0 30.0 30.0
76.2 30.0 30.0 29.999948545826385 29.99982908950414 30.0 30.0 30.0 30.0 30.0 30.0 30.0
76.3 30.0 30.0 29.999949640595993 29.999832511703662 30.0 30.0 30.0 30.0 30.0 30.0 30.0
76.4 30.0 30.0 29.99995071207267 29.999835865647682 30.0 30.0 30.0 30.0 30.0 30.0 30.0
76.5 30.0 30.0 29.99995176075199 29.99983915269156 30.0 30.0 30.0 30.0 30.0 30.0 30.0
76.6 30.0 30.0 29.999952787118985 29.999842374163766 30.0 30.0 30.0 30.0 30.0 30.0 30.0
76.7 30.0 30.0 29.999953791648338 29.999845531366653 30.0 30.0 30.0 30.0 30.0 30.0 30.0
76.8 30.0 30.0 29.999954774804756 29.999848625576632 30.0 30.0 30.0 30.0 30.0 30.0 30.0
76.9 30.0 30.0 29.999955737042992 29.99985165804504 30.0 30.0 30.0 30.0 30.0 30.0 30.0
77.0 30.0 30.0 29.999956678808015 29.999854629998527 30.0 30.0 30.0 30.0 30.0 30.0 30.0
77.1 30.0 30.0 29.99995760053552 29.99985754263923 30.0 30.0 30.0 30.0 30.0 30.0 30.0
77.2 30.0 30.0 29.9999585026518 29.999860397145902 30.0 30.0 30.0 30.0 30.0 30.0 30.0
77.3 30.0 30.0 29.999959385574066 29.999863194673754 30.0 30.0 30.0 30.0 30.0 30.0 30.0
77.4 30.0 30.0 29.999960249710817 29.99986593635505 30.0 30.0 30.0 30.0 30.0 30.0 30.0
77.5 30.0 30.0 29.999961095461646 29.999868623300035 30.0 30.0 30.0 30.0 30.0 30.0 30.0
77.6 30.0 30.0 29.999961923217736 29.999871256596737 30.0 30.0 30.0 30.0 30.0 30.0 30.0
77.7 30.0 30.0 29.999962733362043 29.999873837311576 30.0 30.0 30.0 30.0 30.0 30.0 30.0
77.8 30.0 30.0 29.999963526269198 29.999876366490152 30.0 30.0 30.0 30.0 30.0 30.0 30.0
77.9 30.0 30.0 29.999964302306005 29.999878845157035 30.0 30.0 30.0 30.0 30.0 30.0 30.0
78.0 30.0 30.0 29.999965061831414 29.999881274316856 30.0 30.0 30.0 30.0 30.0 30.0 30.0
78.1 30.0 30.0 29.99996580519675 29.99988365495416 30.0 30.0 30.0 30.0 30.0 30.0 30.0
78.2 30.0 30.0 29.99996653274578 29.999885988034123 30.0 30.0 30.0 30.0 30.0 30.0 30.0
78.3 30.0 30.0 29.999967244815014 29.99988827450272 30.0 30.0 30.0 30.0 30.0 30.0 30.0
78.4 30.0 30.0 29.99996794173381 29.999890515287337 30.0 30.0 30.0 30.0 30.0 30.0 30.0
78.5 30.0 30.0 29.99996862382455 29.999892711296773 30.0 30.0 30.0 30.0 30.0 30.0 30.0
78.6 30.0 30.0 29.999969291402756 29.99989486342195 30.0 30.0 30.0 30.0 30.0 30.0 30.0
78.7 30.0 30.0 29.999969944777174 29.999896972536295 30.0 30.0 30.0 30.0 30.0 30.0 30.0
78.8 30.0 30.0 29.99997058424996 29.9998990394958 30.0 30.0 30.0 30.0 30.0 30.0 30.0
78.9 30.0 30.0 29.999971210116996 29.999901065139372 30.0 30.0 30.0 30.0 30.0 30.0 30.0
79.0 30.0 30.0 29.99997182266768 29.99990305028958 30.0 30.0 30.0 30.0 30.0 30.0 30.0
79.1 30.0 30.0 29.999972422185397 29.999904995752424 30.0 30.0 30.0 30.0 30.0 30.0 30.0
79.2 30.0 30.0 29.99997300894745 29.999906902318095 30.0 30.0 30.0 30.0 30.0 30.0 30.0
79.3 30.0 30.0 29.99997358322514 29.999908770761238 30.0 30.0 30.0 30.0 30.0 30.0 30.0
79.4 30.0 30.0 29.99997414528416 29.999910601840824 30.0 30.0 30.0 30.0 30.0 30.0 30.0
79.5 30.0 30.0 29.999974695384484 29.999912396300974 30.0 30.0 30.0 30.0 30.0 30.0 30.0
79.6 30.0 30.0 29.999975233780578 29.99991415487106 30.0 30.0 30.0 30.0 30.0 30.0 30.0
79.7 30.0 30.0 29.999975760721394 29.999915878266034 30.0 30.0 30.0 30.0 30.0 30.0 30.0
79.8 30.0 30.0 29.999976276450752 29.999917567186557 30.0 30.0 30.0 30.0 30.0 30.0 30.0
79.9 30.0 30.0 29.999976781207152 29.999919222319477 30.0 30.0 30.0 30.0 30.0 30.0 30.0
80.0 30.0 30.0 29.999977275224065 29.99992084433806 30.0 30.0 30.0 30.0 30.0 30.0 30.0
80.1 30.0 30.0 29.99997775872993 29.99992243390213 30.0 30.0 30.0 30.0 30.0 30.0 30.0
80.2 30.0 30.0 29.99997823194844 29.99992399165837 30.0 30.0 30.0 30.0 30.0 30.0 30.0
80.3 30.0 30.0 29.99997869509846 29.999925518240826 30.0 30.0 30.0 30.0 30.0 30.0 30.0
80.4 30.0 30.0 29.999979148394196 29.999927014270828 30.0 30.0 30.0 30.0 30.0 30.0 30.0
80.5 30.0 30.0 29.999979592045424 29.99992848035733 30.0 30.0 30.0 30.0 30.0 30.0 30.0
80.6 30.0 30.0 29.999980026257255 29.999929917097397 30.0 30.0 30.0 30.0 30.0 30.0 30.0
80.7 30.0 30.0 29.999980451230456 29.99993132507609 30.0 30.0 30.0 30.0 30.0 30.0 30.0
80.8 30.0 30.0 29.999980867161735 29.999932704866733 30.0 30.0 30.0 30.0 30.0 30.0 30.0
80.9 30.0 30.0 29.999981274243435 29.999934057031613 30.0 30.0 30.0 30.0 30.0 30.0 30.0
81.0 30.0 30.0 29.999981672663747 29.99993538212174 30.0 30.0 30.0 30.0 30.0 30.0 30.0
81.1 30.0 30.0 29.999982062607085 29.999936680676935 30.0 30.0 30.0 30.0 30.0 30.0 30.0
81.2 30.0 30.0 29.999982444253703 29.999937953226596 30.0 30.0 30.0 30.0 30.0 30.0 30.0
81.3 30.0 30.0 29.99998281778018 29.999939200289464 30.0 30.0 30.0 30.0 30.0 30.0 30.0
81.4 30.0 30.0 29.999983183359316 29.999940422373975 30.0 30.0 30.0 30.0 30.0 30.0 30.0
81.5 30.0 30.0 29.99998354116014 29.999941619978603 30.0 30.0 30.0 30.0 30.0 30.0 30.0
81.6 30.0 30.0 29.999983891348208 29.999942793591593 30.0 30.0 30.0 30.0 30.0 30.0 30.0
81.7 30.0 30.0 29.99998423408548 29.999943943691893 30.0 30.0 30.0 30.0 30.0 30.0 30.0
81.8 30.0 30.0 29.999984569530444 29.99994507074883 30.0 30.0 30.0 30.0 30.0 30.0 30.0
81.9 30.0 30.0 29.999984897838296 29.999946175222142 30.0 30.0 30.0 30.0 30.0 30.0 30.0
82.0 30.0 30.0 29.999985219160838 29.99994725756277 30.0 30.0 30.0 30.0 30.0 30.0 30.0
82.1 30.0 30.0 29.999985533646786 29.999948318212418 30.0 30.0 30.0 30.0 30.0 30.0 30.0
82.2 30.0 30.0 29.999985841441564 29.999949357604162 30.0 30.0 30.0 30.0 30.0 30.0 30.0
82.3 30.0 30.0 29.999986142687494 29.99995037616258 30.0 30.0 30.0 30.0 30.0 30.0 30.0
82.4 30.0 30.0 29.99998643752391 29.99995137430352 30.0 30.0 30.0 30.0 30.0 30.0 30.0
82.5 30.0 30.0 29.999986726087226 29.99995235243478 30.0 30.0 30.0 30.0 30.0 30.0 30.0
82.6 30.0 30.0 29.999987008510875 29.99995331095594 30.0 30.0 30.0 30.0 30.0 30.0 30.0
82.7 30.0 30.0 29.999987284925567 29.999954250258636 30.0 30.0 30.0 30.0 30.0 30.0 30.0
82.8 30.0 30.0 29.999987555459022 29.999955170727034 30.0 30.0 30.0 30.0 30.0 30.0 30.0
82.9 30.0 30.0 29.99998782023654 29.99995607273695 30.0 30.0 30.0 30.0 30.0 30.0 30.0
83.0 30.0 30.0 29.99998807938041 29.999956956657538 30.0 30.0 30.0 30.0 30.0 30.0 30.0
83.1 30.0 30.0 29.99998833301062 29.99995782285 30.0 30.0 30.0 30.0 30.0 30.0 30.0
83.2 30.0 30.0 29.999988581244427 29.999958671668658 30.0 30.0 30.0 30.0 30.0 30.0 30.0
83.3 30.0 30.0 29.99998882419668 29.99995950346069 30.0 30.0 30.0 30.0 30.0 30.0 30.0
83.4 30.0 30.0 29.99998906197972 29.99996031856642 30.0 30.0 30.0 30.0 30.0 30.0 30.0
83.5 30.0 30.0 29.999989294703543 29.99996111731936 30.0 30.0 30.0 30.0 30.0 30.0 30.0
83.6 30.0 30.0 29.99998952247585 29.99996190004626 30.0 30.0 30.0 30.0 30.0 30.0 30.0
83.7 30.0 30.0 29.9999897454019 29.999962667067592 30.0 30.0 30.0 30.0 30.0 30.0 30.0
83.8 30.0 30.0 29.999989963584845 29.999963418697373 30.0 30.0 30.0 30.0 30.0 30.0 30.0
83.9 30.0 30.0 29.99999017712559 29.9999641552433 30.0 30.0 30.0 30.0 30.0 30.0 30.0
84.0 30.0 30.0 29.999990386122924 29.999964877006875 30.0 30.0 30.0 30.0 30.0 30.0 30.0
84.1 30.0 30.0 29.999990590673505 29.999965584283846 30.0 30.0 30.0 30.0 30.0 30.0 30.0
84.2 30.0 30.0 29.999990790871966 29.99996627736385 30.0 30.0 30.0 30.0 30.0 30.0 30.0
84.3 30.0 30.0 29.99999098681089 29.999966956530848 30.0 30.0 30.0 30.0 30.0 30.0 30.0
84.4 30.0 30.0 29.999991178580846 29.99996762206325 30.0 30.0 30.0 30.0 30.0 30.0 30.0
84.5 30.0 30.0 29.999991366270656 29.999968274233588 30.0 30.0 30.0 30.0 30.0 30.0 30.0
84.6 30.0 30.0 29.99999154996701 29.999968913309367 30.0 30.0 30.0 30.0 30.0 30.0 30.0
84.7 30.0 30.0 29.999991729754957 29.99996953955244 30.0 30.0 30.0 30.0 30.0 30.0 30.0
84.8 30.0 30.0 29.999991905717604 29.999970153219586 30.0 30.0 30.0 30.0 30.0 30.0 30.0
84.9 30.0 30.0 29.999992077936426 29.999970754562387 30.0 30.0 30.0 30.0 30.0 30.0 30.0
85.0 30.0 30.0 29.99999224649095 29.999971343827763 30.0 30.0 30.0 30.0 30.0 30.0 30.0
85.1 30.0 30.0 29.99999241145926 29.999971921257114 30.0 30.0 30.0 30.0 30.0 30.0 30.0
85.2 30.0 30.0 29.999992572917595 29.99997248708752 30.0 30.0 30.0 30.0 30.0 30.0 30.0
85.3 30.0 30.0 29.999992730940654 29.99997304155103 30.0 30.0 30.0 30.0 30.0 30.0 30.0
85.4 30.0 30.0 29.999992885601486 29.99997358487539 30.0 30.0 30.0 30.0 30.0 30.0 30.0
85.5 30.0 30.0 29.99999303697169 29.999974117283355 30.0 30.0 30.0 30.0 30.0 30.0 30.0
85.6 30.0 30.0 29.999993185121216 29.99997463899375 30.0 30.0 30.0 30.0 30.0 30.0 30.0
85.7 30.0 30.0 29.999993330118667 29.999975150220497 30.0 30.0 30.0 30.0 30.0 30.0 30.0
85.8 30.0 30.0 29.999993472030997 29.99997565117378 30.0 30.0 30.0 30.0 30.0 30.0 30.0
85.9 30.0 30.0 29.999993610923998 29.99997614205918 30.0 30.0 30.0 30.0 30.0 30.0 30.0
86.0 30.0 30.0 29.999993746861815 29.999976623078453 30.0 30.0 30.0 30.0 30.0 30.0 30.0
86.1 30.0 30.0 29.999993879907343 29.999977094429074 30.0 30.0 30.0 30.0 30.0 30.0 30.0
86.2 30.0 30.0 29.99999401012212 29.999977556304806 30.0 30.0 30.0 30.0 30.0 30.0 30.0
86.3 30.0 30.0 29.999994137566322 29.999978008895564 30.0 30.0 30.0 30.0 30.0 30.0 30.0
86.4 30.0 30.0 29.999994262298973 29.999978452387168 30.0 30.0 30.0 30.0 30.0 30.0 30.0
86.5 30.0 30.0 29.99999438437774 29.999978886962023 30.0 30.0 30.0 30.0 30.0 30.0 30.0
86.6 30.0 30.0 29.999994503859025 29.999979312798853 30.0 30.0 30.0 30.0 30.0 30.0 30.0
86.7 30.0 30.0 29.999994620798176 29.999979730072685 30.0 30.0 30.0 30.0 30.0 30.0 30.0
86.8 30.0 30.0 29.99999473524928 29.9999801389551 30.0 30.0 30.0 30.0 30.0 30.0 30.0
86.9 30.0 30.0 29.99999484726526 29.999980539614352 30.0 30.0 30.0 30.0 30.0 30.0 30.0
87.0 30.0 30.0 29.99999495689788 29.999980932215276 30.0 30.0 30.0 30.0 30.0 30.0 30.0
87.1 30.0 30.0 29.999995064197936 29.99998131691928 30.0 30.0 30.0 30.0 30.0 30.0 30.0
87.2 30.0 30.0 29.999995169214966 29.99998169388487 30.0 30.0 30.0 30.0 30.0 30.0 30.0
87.3 30.0 30.0 29.99999527199764 29.999982063266955 30.0 30.0 30.0 30.0 30.0 30.0 30.0
87.4 30.0 30.0 29.999995372593464 29.99998242521775 30.0 30.0 30.0 30.0 30.0 30.0 30.0
87.5 30.0 30.0 29.999995471048877 29.999982779886277 30.0 30.0 30.0 30.0 30.0 30.0 30.0
87.6 30.0 30.0 29.99999556740955 29.99998312741845 30.0 30.0 30.0 30.0 30.0 30.0 30.0
87.7 30.0 30.0 29.99999566171999 29.999983467957517 30.0 30.0 30.0 30.0 30.0 30.0 30.0
87.8 30.0 30.0 29.999995754023836 29.999983801643683 30.0 30.0 30.0 30.0 30.0 30.0 30.0
87.9 30.0 30.0 29.99999584436375 29.999984128614358 30.0 30.0 30.0 30.0 30.0 30.0 30.0
88.0 30.0 30.0 29.999995932781534 29.999984449004327 30.0 30.0 30.0 30.0 30.0 30.0 30.0
88.1 30.0 30.0 29.999996019318118 29.999984762945473 30.0 30.0 30.0 30.0 30.0 30.0 30.0
88.2 30.0 30.0 29.999996104013455 29.99998507056735 30.0 30.0 30.0 30.0 30.0 30.0 30.0
88.3 30.0 30.0 29.999996186906834 29.999985371996534 30.0 30.0 30.0 30.0 30.0 30.0 30.0
88.4 30.0 30.0 29.999996268036472 29.999985667357503 30.0 30.0 30.0 30.0 30.0 30.0 30.0
88.5 30.0 30.0 29.999996347439907 29.99998595677188 30.0 30.0 30.0 30.0 30.0 30.0 30.0
88.6 30.0 30.0 29.999996425153906 29.9999862403591 30.0 30.0 30.0 30.0 30.0 30.0 30.0
88.7 30.0 30.0 29.999996501214465 29.999986518235964 30.0 30.0 30.0 30.0 30.0 30.0 30.0
88.8 30.0 30.0 29.999996575656702 29.999986790517205 30.0 30.0 30.0 30.0 30.0 30.0 30.0
88.9 30.0 30.0 29.999996648515065 29.99998705731513 30.0 30.0 30.0 30.0 30.0 30.0 30.0
89.0 30.0 30.0 29.999996719823223 29.99998731873988 30.0 30.0 30.0 30.0 30.0 30.0 30.0
89.1 30.0 30.0 29.99999678961427 29.99998757489913 30.0 30.0 30.0 30.0 30.0 30.0 30.0
89.2 30.0 30.0 29.99999685792032 29.999987825898856 30.0 30.0 30.0 30.0 30.0 30.0 30.0
89.3 30.0 30.0 29.999996924773114 29.99998807184232 30.0 30.0 30.0 30.0 30.0 30.0 30.0
89.4 30.0 30.0 29.999996990203517 29.99998831283134 30.0 30.0 30.0 30.0 30.0 30.0 30.0
89.5 30.0 30.0 29.999997054241717 29.999988548965387 30.0 30.0 30.0 30.0 30.0 30.0 30.0
89.6 30.0 30.0 29.999997116917417 29.99998878034176 30.0 30.0 30.0 30.0 30.0 30.0 30.0
89.7 30.0 30.0 29.99999717825964 29.999989007056115 30.0 30.0 30.0 30.0 30.0 30.0 30.0
89.8 30.0 30.0 29.999997238296643 29.999989229202228 30.0 30.0 30.0 30.0 30.0 30.0 30.0
89.9 30.0 30.0 29.99999729705629 29.99998944687162 30.0 30.0 30.0 30.0 30.0 30.0 30.0
90.0 30.0 30.0 29.999997354565767 29.999989660154334 30.0 30.0 30.0 30.0 30.0 30.0 30.0
90.1 30.0 30.0 29.99999741085159 29.99998986913864 30.0 30.0 30.0 30.0 30.0 30.0 30.0
90.2 30.0 30.0 29.999997465939973 29.999990073910713 30.0 30.0 30.0 30.0 30.0 30.0 30.0
90.3 30.0 30.0 29.999997519856176 29.999990274555337 30.0 30.0 30.0 30.0 30.0 30.0 30.0
90.4 30.0 30.0 29.999997572625155 29.999990471155396 30.0 30.0 30.0 30.0 30.0 30.0 30.0
90.5 30.0 30.0 29.99999762427139 29.999990663792065 30.0 30.0 30.0 30.0 30.0 30.0 30.0
90.6 30.0 30.0 29.999997674818786 29.999990852545082 30.0 30.0 30.0 30.0 30.0 30.0 30.0
90.7 30.0 30.0 29.99999772429075 29.99999103749248 30.0 30.0 30.0 30.0 30.0 30.0 30.0
90.8 30.0 30.0 29.999997772710117 29.999991218710754 30.0 30.0 30.0 30.0 30.0 30.0 30.0
90.9 30.0 30.0 29.999997820099242 29.999991396274957 30.0 30.0 30.0 30.0 30.0 30.0 30.0
91.0 30.0 30.0 29.999997866480086 29.99999157025841 30.0 30.0 30.0 30.0 30.0 30.0 30.0
91.1 30.0 30.0 29.99999791187413 29.99999174073317 30.0 30.0 30.0 30.0 30.0 30.0 30.0
91.2 30.0 30.0 29.999997956302362 29.99999190776975 30.0 30.0 30.0 30.0 30.0 30.0 30.0
91.3 30.0 30.0 29.999997999785304 29.999992071437315 30.0 30.0 30.0 30.0 30.0 30.0 30.0
91.4 30.0 30.0 29.99999804234308 29.99999223180358 30.0 30.0 30.0 30.0 30.0 30.0 30.0
91.5 30.0 30.0 29.99999808399542 29.9999923889349 30.0 30.0 30.0 30.0 30.0 30.0 30.0
91.6 30.0 30.0 29.99999812476149 29.999992542896532 30.0 30.0 30.0 30.0 30.0 30.0 30.0
91.7 30.0 30.0 29.999998164660248 29.999992693751953 30.0 30.0 30.0 30.0 30.0 30.0 30.0
91.8 30.0 30.0 29.999998203710078 29.999992841563873 30.0 30.0 30.0 30.0 30.0 30.0 30.0
91.9 30.0 30.0 29.99999824192898 29.999992986393504 30.0 30.0 30.0 30.0 30.0 30.0 30.0
92.0 30.0 30.0 29.999998279334758 29.999993128300584 30.0 30.0 30.0 30.0 30.0 30.0 30.0
92.1 30.0 30.0 29.999998315944627 29.999993267344216 30.0 30.0 30.0 30.0 30.0 30.0 30.0
92.2 30.0 30.0 29.999998351775623 29.99999340358178 30.0 30.0 30.0 30.0 30.0 30.0 30.0
92.3 30.0 30.0 29.99999838684419 29.99999353706995 30.0 30.0 30.0 30.0 30.0 30.0 30.0
92.4 30.0 30.0 29.999998421166584 29.99999366786384 30.0 30.0 30.0 30.0 30.0 30.0 30.0
92.5 30.0 30.0 29.99999845475887 29.99999379601757 30.0 30.0 30.0 30.0 30.0 30.0 30.0
92.6 30.0 30.0 29.99999848763633 29.99999392158471 30.0 30.0 30.0 30.0 30.0 30.0 30.0
92.7 30.0 30.0 29.999998519814252 29.99999404461706 30.0 30.0 30.0 30.0 30.0 30.0 30.0
92.8 30.0 30.0 29.999998551307538 29.999994165165553 30.0 30.0 30.0 30.0 30.0 30.0 30.0
92.9 30.0 30.0 29.9999985821307 29.99999428328042 30.0 30.0 30.0 30.0 30.0 30.0 30.0
93.0 30.0 30.0 29.999998612298057 29.999994399010443 30.0 30.0 30.0 30.0 30.0 30.0 30.0
93.1 30.0 30.0 29.999998641823545 29.999994512403656 30.0 30.0 30.0 30.0 30.0 30.0 30.0
93.2 30.0 30.0 29.999998670720903 29.999994623507217 30.0 30.0 30.0 30.0 30.0 30.0 30.0
93.3 30.0 30.0 29.999998699003477 29.99999473236716 30.0 30.0 30.0 30.0 30.0 30.0 30.0
93.4 30.0 30.0 29.99999872668424 29.999994839028627 30.0 30.0 30.0 30.0 30.0 30.0 30.0
93.5 30.0 30.0 29.99999875377615 29.999994943535896 30.0 30.0 30.0 30.0 30.0 30.0 30.0
93.6 30.0 30.0 29.999998780291598 29.999995045932444 30.0 30.0 30.0 30.0 30.0 30.0 30.0
93.7 30.0 30.0 29.999998806242772 29.999995146260733 30.0 30.0 30.0 30.0 30.0 30.0 30.0
93.8 30.0 30.0 29.999998831641864 29.99999524456228 30.0 30.0 30.0 30.0 30.0 30.0 30.0
93.9 30.0 30.0 29.999998856500483 29.999995340878236 30.0 30.0 30.0 30.0 30.0 30.0 30.0
94.0 30.0 30.0 29.99999888083024 29.999995435248312 30.0 30.0 30.0 30.0 30.0 30.0 30.0
94.1 30.0 30.0 29.999998904642357 29.999995527711828 30.0 30.0 30.0 30.0 30.0 30.0 30.0
94.2 30.0 30.0 29.99999892794787 29.999995618307036 30.0 30.0 30.0 30.0 30.0 30.0 30.0
94.3 30.0 30.0 29.999998950757416 29.999995707071847 30.0 30.0 30.0 30.0 30.0 30.0 30.0
94.4 30.0 30.0 29.99999897308164 29.999995794042885 30.0 30.0 30.0 30.0 30.0 30.0 30.0
94.5 30.0 30.0 29.999998994930994 29.999995879256396 30.0 30.0 30.0 30.0 30.0 30.0 30.0
94.6 30.0 30.0 29.999999016315535 29.99999596274789 30.0 30.0 30.0 30.0 30.0 30.0 30.0
94.7 30.0 30.0 29.999999037244944 29.99999604455219 30.0 30.0 30.0 30.0 30.0 30.0 30.0
94.8 30.0 30.0 29.999999057729088 29.999996124702836 30.0 30.0 30.0 30.0 30.0 30.0 30.0
94.9 30.0 30.0 29.999999077777446 29.999996203233337 30.0 30.0 30.0 30.0 30.0 30.0 30.0
95.0 30.0 30.0 29.99999909739912 29.999996280176706 30.0 30.0 30.0 30.0 30.0 30.0 30.0
95.1 30.0 30.0 29.999999116603387 29.99999635556448 30.0 30.0 30.0 30.0 30.0 30.0 30.0
95.2 30.0 30.0 29.999999135398966 29.999996429428354 30.0 30.0 30.0 30.0 30.0 30.0 30.0
95.3 30.0 30.0 29.999999153794754 29.999996501798787 30.0 30.0 30.0 30.0 30.0 30.0 30.0
95.4 30.0 30.0 29.999999171799075 29.999996572706017 30.0 30.0 30.0 30.0 30.0 30.0 30.0
95.5 30.0 30.0 29.999999189420436 29.999996642179422 30.0 30.0 30.0 30.0 30.0 30.0 30.0
95.6 30.0 30.0 29.99999920666678 29.999996710248155 30.0 30.0 30.0 30.0 30.0 30.0 30.0
95.7 30.0 30.0 29.999999223546226 29.99999677694033 30.0 30.0 30.0 30.0 30.0 30.0 30.0
95.8 30.0 30.0 29.99999924006652 29.999996842283817 30.0 30.0 30.0 30.0 30.0 30.0 30.0
95.9 30.0 30.0 29.9999992562354 29.99999690630581 30.0 30.0 30.0 30.0 30.0 30.0 30.0
96.0 30.0 30.0 29.999999272060222 29.99999696903291 30.0 30.0 30.0 30.0 30.0 30.0 30.0
96.1 30.0 30.0 29.999999287548334 29.999997030491226 30.0 30.0 30.0 30.0 30.0 30.0 30.0
96.2 30.0 30.0 29.999999302706904 29.999997090706476 30.0 30.0 30.0 30.0 30.0 30.0 30.0
96.3 30.0 30.0 29.99999931754289 29.999997149703656 30.0 30.0 30.0 30.0 30.0 30.0 30.0
96.4 30.0 30.0 29.999999332063265 29.9999972075072 30.0 30.0 30.0 30.0 30.0 30.0 30.0
96.5 30.0 30.0 29.999999346274603 29.999997264141566 30.0 30.0 30.0 30.0 30.0 30.0 30.0
96.6 30.0 30.0 29.99999936018368 29.999997319629927 30.0 30.0 30.0 30.0 30.0 30.0 30.0
96.7 30.0 30.0 29.99999937379688 29.999997373995615 30.0 30.0 30.0 30.0 30.0 30.0 30.0
96.8 30.0 30.0 29.999999387120397 29.99999742726126 30.0 30.0 30.0 30.0 30.0 30.0 30.0
96.9 30.0 30.0 29.999999400160423 29.99999747944916 30.0 30.0 30.0 30.0 30.0 30.0 30.0
97.0 30.0 30.0 29.999999412922953 29.999997530580824 30.0 30.0 30.0 30.0 30.0 30.0 30.0
97.1 30.0 30.0 29.999999425413993 29.99999758067781 30.0 30.0 30.0 30.0 30.0 30.0 30.0
97.2 30.0 30.0 29.99999943763915 29.999997629760916 30.0 30.0 30.0 30.0 30.0 30.0 30.0
97.3 30.0 30.0 29.999999449604232 29.999997677850597 30.0 30.0 30.0 30.0 30.0 30.0 30.0
97.4 30.0 30.0 29.999999461314847 29.99999772496673 30.0 30.0 30.0 30.0 30.0 30.0 30.0
97.5 30.0 30.0 29.99999947277622 29.999997771129404 30.0 30.0 30.0 30.0 30.0 30.0 30.0
97.6 30.0 30.0 29.999999483993772 29.999997816357425 30.0 30.0 30.0 30.0 30.0 30.0 30.0
97.7 30.0 30.0 29.999999494972535 29.99999786066998 30.0 30.0 30.0 30.0 30.0 30.0 30.0
97.8 30.0 30.0 29.99999950571773 29.99999790408533 30.0 30.0 30.0 30.0 30.0 30.0 30.0
97.9 30.0 30.0 29.999999516234393 29.999997946621534 30.0 30.0 30.0 30.0 30.0 30.0 30.0
98.0 30.0 30.0 29.999999526527358 29.999997988296478 30.0 30.0 30.0 30.0 30.0 30.0 30.0
98.1 30.0 30.0 29.99999953660127 29.999998029127713 30.0 30.0 30.0 30.0 30.0 30.0 30.0
98.2 30.0 30.0 29.99999954646077 29.999998069132246 30.0 30.0 30.0 30.0 30.0 30.0 30.0
98.3 30.0 30.0 29.99999955611051 29.99999810832651 30.0 30.0 30.0 30.0 30.0 30.0 30.0
98.4 30.0 30.0 29.999999565554937 29.999998146727116 30.0 30.0 30.0 30.0 30.0 30.0 30.0
98.5 30.0 30.0 29.999999574798498 29.99999818434996 30.0 30.0 30.0 30.0 30.0 30.0 30.0
98.6 30.0 30.0 29.999999583845263 29.99999822121093 30.0 30.0 30.0 30.0 30.0 30.0 30.0
98.7 30.0 30.0 29.999999592699677 29.999998257325025 30.0 30.0 30.0 30.0 30.0 30.0 30.0
98.8 30.0 30.0 29.999999601365612 29.999998292707748 30.0 30.0 30.0 30.0 30.0 30.0 30.0
98.9 30.0 30.0 29.999999609847134 29.99999832737376 30.0 30.0 30.0 30.0 30.0 30.0 30.0
99.0 30.0 30.0 29.999999618148305 29.99999836133728 30.0 30.0 30.0 30.0 30.0 30.0 30.0
99.1 30.0 30.0 29.999999626272803 29.99999839461294 30.0 30.0 30.0 30.0 30.0 30.0 30.0
99.2 30.0 30.0 29.999999634224494 29.999998427214265 30.0 30.0 30.0 30.0 30.0 30.0 30.0
99.3 30.0 30.0 29.999999642006866 29.999998459155336 30.0 30.0 30.0 30.0 30.0 30.0 30.0
99.4 30.0 30.0 29.99999964962379 29.999998490448956 30.0 30.0 30.0 30.0 30.0 30.0 30.0
99.5 30.0 30.0 29.999999657078547 29.999998521108626 30.0 30.0 30.0 30.0 30.0 30.0 30.0
99.6 30.0 30.0 29.999999664374826 29.9999985511468 30.0 30.0 30.0 30.0 30.0 30.0 30.0
99.7 30.0 30.0 29.999999671515713 29.99999858057643 30.0 30.0 30.0 30.0 30.0 30.0 30.0
99.8 30.0 30.0 29.999999678504697 29.99999860940945 30.0 30.0 30.0 30.0 30.0 30.0 30.0
99.9 30.0 30.0 29.999999685345063 29.99999863765807 30.0 30.0 30.0 30.0 30.0 30.0 30.0
