0.0 30.0 30.0 30.0 30.0 30.0 30.0 30.0 30.0 30.0 30.0 30.0
0.1 30.0 30.0 30.0 30.0 30.0 30.0 30.0 30.0 30.0 30.0 30.0
0.2 30.0 30.0 30.0 30.0 30.0 30.0 30.0 30.0 30.0 30.0 30.0
0.3 30.0 30.0 30.0 30.0 30.0 30.0 30.0 30.0 30.0 30.0 30.0
0.4 30.0 30.0 30.0 30.0 30.0 30.0 30.0 30.0 30.0 30.0 30.0
0.5 30.0 30.0 30.0 30.0 30.0 30.0 30.0 30.0 30.0 30.0 30.0
0.6 30.0 30.0 30.0 30.0 30.0 30.0 30.0 30.0 30.0 30.0 30.0
0.7 30.0 30.0 30.0 30.0 30.0 30.0 30.0 30.0 30.0 30.0 30.0
0.8 30.0 30.0 30.0 30.0 30.0 30.0 30.0 30.0 30.0 30.0 30.0
0.9 30.0 30.0 30.0 30.0 30.0 30.0 30.0 30.0 30.0 30.0 30.0
1.0 30.0 30.0 30.0 30.0 30.0 30.0 30.0 30.0 30.0 30.0 30.0
1.1 30.0 30.0 30.0 30.0 30.0 30.0 30.0 30.0 30.0 30.0 30.0
1.2 30.0 30.0 30.0 30.0 30.0 30.0 30.0 30.0 30.0 30.0 30.0
1.3 30.0 30.0 30.0 30.0 30.0 30.0 30.0 30.0 30.0 30.0 30.0
1.4 30.0 30.0 30.0 30.0 30.0 30.0 30.0 30.0 30.0 30.0 30.0
1.5 30.0 30.0 30.0 30.0 30.0 30.0 30.0 30.0 30.0 30.0 30.0
1.6 30.0 30.0 30.0 30.0 30.0 30.0 30.0 30.0 30.0 30.0 30.0
1.7 30.0 30.0 30.0 30.0 30.0 30.0 30.0 30.0 30.0 30.0 30.0
1.8 30.0 30.0 30.0 30.0 30.0 30.0 30.0 30.0 30.0 30.0 30.0
1.9 30.0 30.0 30.0 30.0 30.0 30.0 30.0 30.0 30.0 30.0 30.0
2.0 30.0 30.0 30.0 30.0 30.0 30.0 30.0 30.0 30.0 30.0 30.0
2.1 30.0 30.0 30.0 30.0 30.0 30.0 30.0 30.0 30.0 30.0 30.0
2.2 30.0 30.0 30.0 30.0 30.0 30.0 30.0 30.0 30.0 30.0 30.0
2.3 30.0 30.0 30.0 30.0 30.0 30.0 30.0 30.0 30.0 30.0 30.0
2.4 30.0 30.0 30.0 30.0 30.0 30.0 30.0 30.0 30.0 30.0 30.0
2.5 30.0 30.0 30.0 30.0 30.0 30.0 30.0 30.0 30.0 30.0 30.0
2.6 30.0 30.0 30.0 30.0 30.0 30.0 30.0 30.0 30.0 30.0 30.0
2.7 30.0 30.0 30.0 30.0 30.0 30.0 30.0 30.0 30.0 30.0 30.0
2.8 30.0 30.0 30.0 30.0 30.0 30.0 30.0 30.0 30.0 30.0 30.0
2.9 30.0 30.0 30.0 30.0 30.0 30.0 30.0 30.0 30.0 30.0 30.0
3.0 30.0 30.0 30.0 30.0 30.0 30.0 30.0 30.0 30.0 30.0 30.0
3.1 30.0 30.0 30.0 30.0 30.0 30.0 30.0 30.0 30.0 30.0 30.0
3.2 30.0 30.0 30.0 30.0 30.0 30.0 30.0 30.0 30.0 30.0 30.0
3.3 30.0 30.0 30.0 30.0 30.0 30.0 30.0 30.0 30.0 30.0 30.0
3.4 30.0 30.0 30.0 30.0 30.0 30.0 30.0 30.0 30.0 30.0 30.0
3.5 30.0 30.0 30.0 30.0 30.0 30.0 30.0 30.0 30.0 30.0 30.0
3.6 30.0 30.0 30.0 30.0 30.0 30.0 30.0 30.0 30.0 30.0 30.0
3.7 30.0 30.0 30.0 30.0 30.0 30.0 30.0 30.0 30.0 30.0 30.0
3.8 30.0 30.0 30.0 30.0 30.0 30.0 30.0 30.0 30.0 30.0 30.0
3.9 30.0 30.0 30.0 30.0 30.0 30.0 30.0 30.0 30.0 30.0 30.0
4.0 30.0 30.0 30.0 30.0 30.0 30.0 30.0 30.0 30.0 30.0 30.0
4.1 30.0 30.0 30.0 30.0 30.0 30.0 30.0 30.0 30.0 30.0 30.0
4.2 30.0 30.0 30.0 30.0 30.0 30.0 30.0 30.0 30.0 30.0 30.0
4.3 30.0 30.0 30.0 30.0 30.0 30.0 30.0 30.0 30.0 30.0 30.0
4.4 30.0 30.0 30.0 30.0 30.0 30.0 30.0 30.0 30.0 30.0 30.0
4.5 30.0 30.0 30.0 30.0 30.0 30.0 30.0 30.0 30.0 30.0 30.0
4.6 30.0 30.0 30.0 30.0 30.0 30.0 30.0 30.0 30.0 30.0 30.0
4.7 30.0 30.0 30.0 30.0 30.0 30.0 30.0 30.0 30.0 30.0 30.0
4.8 30.0 30.0 30.0 30.0 30.0 30.0 30.0 30.0 30.0 30.0 30.0
4.9 30.0 30.0 30.0 30.0 30.0 30.0 30.0 30.0 30.0 30.0 30.0
5.0 30.0 30.0 30.0 30.0 30.0 30.0 30.0 30.0 30.0 30.0 30.0
5.1 30.0 30.0 30.0 30.0 30.0 30.0 30.0 30.0 30.0 30.0 30.0
5.2 30.0 29.835957446807935 30.0 30.0 30.0 30.0 30.0 30.0 30.0 30.0 30.0
5.3 30.0 29.554653098981838 30.0 30.0 30.0 30.0 30.0 30.0 30.0 30.0 30.0
5.4 30.0 29.274334553351768 30.0 30.0 30.0 30.0 30.0 30.0 30.0 30.0 30.0
5.5 30.0 29.000109889148455 30.0 30.0 30.0 30.0 30.0 30.0 30.0 30.0 30.0
5.6 30.0 28.730332111370675 30.0 30.0 30.0 30.0 30.0 30.0 30.0 30.0 30.0
5.7 30.0 28.46210250889577 30.0 30.0 30.0 30.0 30.0 30.0 30.0 30.0 30.0
5.8 30.0 28.199833564253648 30.0 30.0 30.0 30.0 30.0 30.0 30.0 30.0 30.0
5.9 30.0 27.942106291526358 30.0 30.0 30.0 30.0 30.0 30.0 30.0 30.0 30.0
6.0 30.0 27.685694784900768 30.0 30.0 30.0 30.0 30.0 30.0 30.0 30.0 30.0
6.1 30.0 27.435110812516662 30.0 30.0 30.0 30.0 30.0 30.0 30.0 30.0 30.0
6.2 30.0 27.18999453344688 30.0 30.0 30.0 30.0 30.0 30.0 30.0 30.0 30.0
6.3 30.0 26.945110939645794 30.0 30.0 30.0 30.0 30.0 30.0 30.0 30.0 30.0
6.4 30.0 27.009643243374985 30.0 30.0 30.0 30.0 30.0 30.0 30.0 30.0 30.0
6.5 30.0 27.095930609808136 30.0 30.0 30.0 30.0 30.0 30.0 30.0 30.0 30.0
6.6 30.0 27.203388309362328 30.0 30.0 30.0 30.0 30.0 30.0 30.0 30.0 30.0
6.7 30.0 27.331947665967707 30.0 30.0 30.0 30.0 30.0 30.0 30.0 30.0 30.0
6.8 30.0 26.531947665967706 30.0 30.0 30.0 30.0 30.0 30.0 30.0 30.0 30.0
6.9 30.0 25.731947665967706 30.0 30.0 30.0 30.0 30.0 30.0 30.0 30.0 30.0
7.0 30.0 24.931947665967705 30.0 30.0 30.0 30.0 30.0 30.0 30.0 30.0 30.0
7.1 30.0 24.131947665967704 30.0 30.0 30.0 30.0 30.0 30.0 30.0 30.0 30.0
7.2 30.0 23.611947665967538 30.0 30.0 30.0 30.0 30.0 30.0 30.0 30.0 30.0
7.3 30.0 23.433692597609372 30.0 30.0 30.0 30.0 30.0 30.0 30.0 30.0 30.0
7.4 30.0 23.26000817202963 30.0 30.0 30.0 30.0 30.0 30.0 30.0 30.0 30.0
7.5 30.0 23.08790290887169 30.0 30.0 30.0 30.0 30.0 30.0 30.0 30.0 30.0
7.6 30.0 22.91874756916453 30.0 30.0 30.0 30.0 30.0 30.0 30.0 30.0 30.0
7.7 30.0 22.75404368576543 30.0 30.0 30.0 30.0 30.0 30.0 30.0 30.0 30.0
7.8 30.0 22.59367411508737 30.0 30.0 30.0 30.0 30.0 30.0 30.0 30.0 30.0
7.9 30.0 22.43752479626927 30.0 30.0 30.0 30.0 30.0 30.0 30.0 30.0 30.0
8.0 30.0 22.28238966113413 30.0 30.0 30.0 30.0 30.0 30.0 30.0 30.0 30.0
8.1 30.0 22.130433183806165 30.0 30.0 30.0 30.0 30.0 30.0 30.0 30.0 30.0
8.2 30.0 21.982583638297868 30.0 30.0 30.0 30.0 30.0 30.0 30.0 30.0 30.0
8.3 30.0 22.191702999424972 30.0 30.0 30.0 30.0 30.0 30.0 30.0 30.0 30.0
8.4 30.0 22.42161336787629 30.0 30.0 30.0 30.0 30.0 30.0 30.0 30.0 30.0
8.5 30.0 22.666307752932187 30.0 30.0 30.0 30.0 30.0 30.0 30.0 30.0 30.0
8.6 30.0 22.934562812065554 30.0 30.0 30.0 30.0 30.0 30.0 30.0 30.0 30.0
8.7 30.0 22.134562812065553 30.0 30.0 30.0 30.0 30.0 30.0 30.0 30.0 30.0
8.8 30.0 21.334562812065553 30.0 30.0 30.0 30.0 30.0 30.0 30.0 30.0 30.0
8.9 30.0 20.534562812065552 30.0 30.0 30.0 30.0 30.0 30.0 30.0 30.0 30.0
9.0 30.0 19.73456281206555 30.0 30.0 30.0 30.0 30.0 30.0 30.0 30.0 30.0
9.1 30.0 19.263546258769313 30.0 30.0 30.0 30.0 30.0 30.0 30.0 30.0 30.0
9.2 30.0 19.1865765617996 30.0 30.0 30.0 30.0 30.0 30.0 30.0 30.0 30.0
9.3 30.0 19.11001363568446 30.0 30.0 30.0 30.0 30.0 30.0 30.0 30.0 30.0
9.4 30.0 19.035770798239472 30.0 30.0 30.0 30.0 30.0 30.0 30.0 30.0 30.0
9.5 30.0 18.963777743747368 30.0 30.0 30.0 30.0 30.0 30.0 30.0 30.0 30.0
9.6 30.0 18.893966296967125 30.0 30.0 30.0 30.0 30.0 30.0 30.0 30.0 30.0
9.7 30.0 18.826270348574184 30.0 30.0 30.0 30.0 30.0 30.0 30.0 30.0 30.0
9.8 30.0 18.760625792556745 30.0 30.0 30.0 30.0 30.0 30.0 30.0 30.0 30.0
9.9 30.0 18.69697046550957 30.0 30.0 30.0 30.0 30.0 30.0 30.0 30.0 30.0
10.0 30.0 18.63524408776683 30.0 30.0 30.0 30.0 30.0 30.0 30.0 30.0 30.0
10.1 30.0 18.57538820631936 30.0 30.0 30.0 30.0 30.0 30.0 30.0 30.0 30.0
10.2 30.0 18.913103715218778 30.0 30.0 30.0 30.0 30.0 30.0 30.0 30.0 30.0
10.3 30.0 19.268803496676487 30.0 30.0 30.0 30.0 30.0 30.0 30.0 30.0 30.0
10.4 30.0 19.635015158538923 30.0 30.0 30.0 30.0 30.0 30.0 30.0 30.0 30.0
10.5 30.0 20.02330000662237 30.0 30.0 30.0 30.0 30.0 30.0 30.0 30.0 30.0
10.6 30.0 19.22330000662237 30.0 30.0 30.0 30.0 30.0 30.0 30.0 30.0 30.0
10.7 30.0 18.42330000662237 30.0 30.0 30.0 30.0 30.0 30.0 30.0 30.0 30.0
10.8 30.0 17.62330000662237 30.0 30.0 30.0 30.0 30.0 30.0 30.0 30.0 30.0
10.9 30.0 16.823300006622368 30.0 30.0 30.0 30.0 30.0 30.0 30.0 30.0 30.0
11.0 30.0 16.387300006622215 30.0 30.0 30.0 30.0 30.0 30.0 30.0 30.0 30.0
11.1 30.0 16.39639000640145 30.0 30.0 30.0 30.0 30.0 30.0 30.0 30.0 30.0
11.2 30.0 16.40517700618808 30.0 30.0 30.0 30.0 30.0 30.0 30.0 30.0 30.0
11.3 30.0 16.413671105981784 30.0 30.0 30.0 30.0 30.0 30.0 30.0 30.0 30.0
11.4 30.0 16.421882069115718 29.910999149917018 30.0 30.0 30.0 30.0 30.0 30.0 30.0 30.0
11.5 30.0 16.429819333478473 29.62749068570165 30.0 30.0 30.0 30.0 30.0 30.0 30.0 30.0
11.6 30.0 16.437492022362537 29.344633394847992 30.0 30.0 30.0 30.0 30.0 30.0 30.0 30.0
11.7 30.0 16.444908954950442 29.067379316700055 30.0 30.0 30.0 30.0 30.0 30.0 30.0 30.0
11.8 30.0 16.452078656452095 28.796118152404674 30.0 30.0 30.0 30.0 30.0 30.0 30.0 30.0
11.9 30.0 16.459009367903654 28.524992697606486 30.0 30.0 30.0 30.0 30.0 30.0 30.0 30.0
12.0 30.0 16.465709055640154 28.259940050924886 30.0 30.0 30.0 30.0 30.0 30.0 30.0 30.0
12.1 30.0 16.90405040688923 28.00082366780143 30.0 30.0 30.0 30.0 30.0 30.0 30.0 30.0
12.2 30.0 17.34972620021537 27.9502538459551 30.0 30.0 30.0 30.0 30.0 30.0 30.0 30.0
12.3 30.0 17.80661831270189 27.92204166445762 30.0 30.0 30.0 30.0 30.0 30.0 30.0 30.0
12.4 30.0 18.277036490429932 27.914903694529503 30.0 30.0 30.0 30.0 30.0 30.0 30.0 30.0
12.5 30.0 17.47703649042993 27.931070346936735 30.0 30.0 30.0 30.0 30.0 30.0 30.0 30.0
12.6 30.0 16.67703649042993 27.296273293597224 30.0 30.0 30.0 30.0 30.0 30.0 30.0 30.0
12.7 30.0 15.87703649042993 26.663715154062327 30.0 30.0 30.0 30.0 30.0 30.0 30.0 30.0
12.8 30.0 15.07703649042993 26.035143725490943 30.0 30.0 30.0 30.0 30.0 30.0 30.0 30.0
12.9 30.0 14.671428044342884 25.41075348158847 30.0 30.0 30.0 30.0 30.0 30.0 30.0 30.0
13.0 30.0 14.742448471330581 24.97074671410529 30.0 30.0 30.0 30.0 30.0 30.0 30.0 30.0
13.1 30.0 14.810932454497292 24.751267118033052 30.0 30.0 30.0 30.0 30.0 30.0 30.0 30.0
13.2 30.0 14.876970581122357 24.53357654386968 30.0 30.0 30.0 30.0 30.0 30.0 30.0 30.0
13.3 30.0 14.940650203225125 24.321878551782255 30.0 30.0 30.0 30.0 30.0 30.0 30.0 30.0
13.4 30.0 15.002055553109917 24.116003673014582 30.0 30.0 30.0 30.0 30.0 30.0 30.0 30.0
13.5 30.0 15.06126785478457 23.913628079451406 30.0 30.0 30.0 30.0 30.0 30.0 30.0 30.0
13.6 30.0 15.11836543139937 23.713973238566208 30.0 30.0 30.0 30.0 30.0 30.0 30.0 30.0
13.7 30.0 15.173423808849382 23.519925766050804 30.0 30.0 30.0 30.0 30.0 30.0 30.0 30.0
13.8 30.0 15.225601477204595 23.33132445417643 30.0 30.0 30.0 30.0 30.0 30.0 30.0 30.0
13.9 30.0 15.275063495231999 23.14686132219754 30.0 30.0 30.0 30.0 30.0 30.0 30.0 30.0
14.0 30.0 15.773164754017118 22.964439756817423 30.0 30.0 30.0 30.0 30.0 30.0 30.0 30.0
14.1 30.0 16.278953770416027 23.024246307188893 30.0 30.0 30.0 30.0 30.0 30.0 30.0 30.0
14.2 30.0 16.793655311402173 23.106974005747375 30.0 30.0 30.0 30.0 30.0 30.0 30.0 30.0
14.3 30.0 17.312129162279405 23.21142882932766 30.0 30.0 30.0 30.0 30.0 30.0 30.0 30.0
14.4 30.0 16.512129162279404 23.33918027837318 30.0 30.0 30.0 30.0 30.0 30.0 30.0 30.0
14.5 30.0 15.712129162279403 22.728653962583678 30.0 30.0 30.0 30.0 30.0 30.0 30.0 30.0
14.6 30.0 14.912129162279403 22.12324855717829 30.0 30.0 30.0 30.0 30.0 30.0 30.0 30.0
14.7 30.0 14.112129162279402 21.52324855717835 30.0 30.0 30.0 30.0 30.0 30.0 30.0 30.0
14.8 30.0 13.727235489602151 20.925380541701177 30.0 30.0 30.0 30.0 30.0 30.0 30.0 30.0
14.9 30.0 13.835856397394624 20.53635320038946 30.0 30.0 30.0 30.0 30.0 30.0 30.0 30.0
15.0 30.0 13.940454308602185 20.397669161231697 30.0 30.0 30.0 30.0 30.0 30.0 30.0 30.0
15.1 30.0 14.0411782230984 20.263982008028783 30.0 30.0 30.0 30.0 30.0 30.0 30.0 30.0
15.2 30.0 14.13817162224286 20.135110658357494 30.0 30.0 30.0 30.0 30.0 30.0 30.0 30.0
15.3 30.0 14.23157267327092 20.010880622624367 30.0 30.0 30.0 30.0 30.0 30.0 30.0 30.0
15.4 30.0 14.321514426112733 19.88792152088166 30.0 30.0 30.0 30.0 30.0 30.0 30.0 30.0
15.5 30.0 14.407834824247523 19.76917454157409 30.0 30.0 30.0 30.0 30.0 30.0 30.0 30.0
15.6 30.0 14.488269294810127 19.654878714374394 30.0 30.0 30.0 30.0 30.0 30.0 30.0 30.0
15.7 30.0 14.565831105709783 19.54550256880265 30.0 30.0 30.0 30.0 30.0 30.0 30.0 30.0
15.8 30.0 14.640622851934388 19.440103778599738 30.0 30.0 30.0 30.0 30.0 30.0 30.0 30.0
15.9 30.0 15.179172035793911 19.33853820522849 30.0 30.0 30.0 30.0 30.0 30.0 30.0 30.0
16.0 30.0 15.715780860911602 19.501318179935428 30.0 30.0 30.0 30.0 30.0 30.0 30.0 30.0
16.1 30.0 16.258728803517474 19.689235897406245 30.0 30.0 30.0 30.0 30.0 30.0 30.0 30.0
16.2 30.0 16.81171404200025 19.89936038620452 30.0 30.0 30.0 30.0 30.0 30.0 30.0 30.0
16.3 30.0 16.01171404200025 20.130343588525868 30.0 30.0 30.0 30.0 30.0 30.0 30.0 30.0
16.4 30.0 15.21171404200025 19.5421082944082 30.0 30.0 30.0 30.0 30.0 30.0 30.0 30.0
16.5 30.0 14.411714042000249 18.960290112590002 30.0 30.0 30.0 30.0 30.0 30.0 30.0 30.0
16.6 30.0 13.611714042000248 18.385290112589992 30.0 30.0 30.0 30.0 30.0 30.0 30.0 30.0
16.7 30.0 13.231714042000117 17.81074979657153 30.0 30.0 30.0 30.0 30.0 30.0 30.0 30.0
16.8 30.0 13.363571194230984 17.473330441732696 30.0 30.0 30.0 30.0 30.0 30.0 30.0 30.0
16.9 30.0 13.490356917529835 17.408812867158268 30.0 30.0 30.0 30.0 30.0 30.0 30.0 30.0
17.0 30.0 13.611811960675833 17.347848855001903 30.0 30.0 30.0 30.0 30.0 30.0 30.0 30.0
17.1 30.0 13.724707813984232 17.290399040701416 30.0 30.0 30.0 30.0 30.0 30.0 30.0 30.0
17.2 30.0 13.833422339392245 17.237287372299075 30.0 30.0 30.0 30.0 30.0 30.0 30.0 30.0
17.3 30.0 13.938110400896315 17.187102917429016 30.0 30.0 30.0 30.0 30.0 30.0 30.0 30.0
17.4 30.0 14.038921126789145 17.139706289333414 30.0 30.0 30.0 30.0 30.0 30.0 30.0 30.0
17.5 30.0 14.135998122093305 17.094964262805483 30.0 30.0 30.0 30.0 30.0 30.0 30.0 30.0
17.6 30.0 14.229479673126992 17.052749513755714 30.0 30.0 30.0 30.0 30.0 30.0 30.0 30.0
17.7 30.0 14.319498944492734 17.0129403694636 30.0 30.0 30.0 30.0 30.0 30.0 30.0 30.0
17.8 30.0 14.872391877029038 16.975420569084434 30.0 30.0 30.0 30.0 30.0 30.0 30.0 30.0
17.9 30.0 15.430157954475325 17.226018731603535 30.0 30.0 30.0 30.0 30.0 30.0 30.0 30.0
18.0 30.0 15.991876645700346 17.499376362938364 30.0 30.0 30.0 30.0 30.0 30.0 30.0 30.0
18.1 30.0 16.5544182026537 17.788931958347632 30.0 30.0 30.0 30.0 30.0 30.0 30.0 30.0
18.2 30.0 15.7544182026537 18.101688021756175 30.0 30.0 30.0 30.0 30.0 30.0 30.0 30.0
18.3 30.0 14.954418202653699 17.533946086272326 30.0 30.0 30.0 30.0 30.0 30.0 30.0 30.0
18.4 30.0 14.154418202653698 16.96833492219906 30.0 30.0 30.0 30.0 30.0 30.0 30.0 30.0
18.5 30.0 13.354418202653697 16.408334922199007 29.74649408247356 30.0 30.0 30.0 30.0 30.0 30.0 30.0
18.6 30.0 12.983863656398109 15.85661078426796 29.212581038995253 30.0 30.0 30.0 30.0 30.0 30.0 30.0
18.7 30.0 13.125253515767405 15.55310665089015 28.682925866581417 30.0 30.0 30.0 30.0 30.0 30.0 30.0
18.8 30.0 13.261205303622535 15.547395775537938 28.26300591658435 30.0 30.0 30.0 30.0 30.0 30.0 30.0
18.9 30.0 13.391928176560116 15.543569504288566 27.977526124399017 30.0 30.0 30.0 30.0 30.0 30.0 30.0
19.0 30.0 13.517623246692445 15.541497940125586 27.69328394772067 30.0 30.0 30.0 30.0 30.0 30.0 30.0
19.1 30.0 13.637058561752276 15.541058161804392 27.4162124539322 30.0 30.0 30.0 30.0 30.0 30.0 30.0
19.2 30.0 13.749019355761476 15.542576230861565 27.14487995099505 30.0 30.0 30.0 30.0 30.0 30.0 30.0
19.3 30.0 13.856833453696366 15.546361631656614 26.8757297089474 30.0 30.0 30.0 30.0 30.0 30.0 30.0
19.4 30.0 13.960654436892845 15.55130340706817 26.613928651687242 30.0 30.0 30.0 30.0 30.0 30.0 30.0
19.5 30.0 14.060630198489513 15.557314018935852 26.35786191692271 30.0 30.0 30.0 30.0 30.0 30.0 30.0
19.6 30.0 14.156903154100993 15.564310712959886 26.103425100910854 30.0 30.0 30.0 30.0 30.0 30.0 30.0
19.7 30.0 14.721410071665176 15.572215288357693 25.855658977065772 30.0 30.0 30.0 30.0 30.0 30.0 30.0
19.8 30.0 15.289588687412413 15.884878131584056 25.61439095906219 30.0 30.0 30.0 30.0 30.0 30.0 30.0
19.9 30.0 15.856154594743096 16.21276600475426 25.522329304254463 30.0 30.0 30.0 30.0 30.0 30.0 30.0
20.0 30.0 16.42774428842684 16.55970403239665 25.4524042382908 30.0 30.0 30.0 30.0 30.0 30.0 30.0
20.1 30.0 15.62774428842684 16.92732611923697 25.40474717358239 30.0 30.0 30.0 30.0 30.0 30.0 30.0
20.2 30.0 14.827744288426839 16.367326119237035 25.380414168745716 30.0 30.0 30.0 30.0 30.0 30.0 30.0
20.3 30.0 14.027744288426838 15.567326119237034 24.580414168745715 29.2 29.2 29.2 29.2 29.2 29.2 29.2
20.4 30.0 13.227744288426837 14.767326119237033 23.780414168745715 28.4 28.4 28.4 28.4 28.4 28.4 28.4
20.5 30.0 12.427744288426837 13.967326119237033 22.980414168745714 27.599999999999998 27.599999999999998 27.599999999999998 27.599999999999998 27.599999999999998 27.599999999999998 27.599999999999998
20.6 30.0 11.627744288426836 13.167326119237032 22.180414168745713 26.799999999999997 26.799999999999997 26.799999999999997 26.799999999999997 26.799999999999997 26.799999999999997 26.799999999999997
20.7 30.0 11.627744288426836 13.167326119237032 22.180414168745713 26.799999999999997 26.799999999999997 26.799999999999997 26.799999999999997 26.799999999999997 26.799999999999997 26.799999999999997
20.8 30.0 11.627744288426836 13.167326119237032 22.180414168745713 26.799999999999997 26.799999999999997 26.799999999999997 26.799999999999997 26.799999999999997 26.799999999999997 26.799999999999997
20.9 30.0 11.627744288426836 13.167326119237032 22.008344161508937 26.799999999999997 26.799999999999997 26.799999999999997 26.799999999999997 26.799999999999997 26.799999999999997 26.799999999999997
21.0 30.0 11.627744288426836 13.167326119237032 21.76939772793403 26.799999999999997 26.799999999999997 26.799999999999997 26.799999999999997 26.799999999999997 26.799999999999997 26.799999999999997
21.1 30.0 11.627744288426836 13.167326119237032 21.535156786801707 26.799999999999997 26.799999999999997 26.799999999999997 26.799999999999997 26.799999999999997 26.799999999999997 26.799999999999997
21.2 30.0 11.627744288426836 13.167326119237032 21.302717046036033 26.799999999999997 26.799999999999997 26.799999999999997 26.799999999999997 26.799999999999997 26.799999999999997 26.799999999999997
21.3 30.0 11.627744288426836 13.167326119237032 21.076733964736093 26.799999999999997 26.799999999999997 26.799999999999997 26.799999999999997 26.799999999999997 26.799999999999997 26.799999999999997
21.4 30.0 11.627744288426836 13.167326119237032 20.857028191250045 26.799999999999997 26.799999999999997 26.799999999999997 26.799999999999997 26.799999999999997 26.799999999999997 26.799999999999997
21.5 30.0 11.627744288426836 13.167326119237032 20.63895179465679 26.799999999999997 26.799999999999997 26.799999999999997 26.799999999999997 26.799999999999997 26.799999999999997 26.799999999999997
21.6 30.0 11.627744288426836 13.167326119237032 20.425476775359115 26.799999999999997 26.799999999999997 26.799999999999997 26.799999999999997 26.799999999999997 26.799999999999997 26.799999999999997
21.7 30.0 11.627744288426836 13.167326119237032 20.21810104232709 26.799999999999997 26.799999999999997 26.799999999999997 26.799999999999997 26.799999999999997 26.799999999999997 26.799999999999997
21.8 30.0 11.627744288426836 13.117221263153866 20.01665033023884 26.799999999999997 26.799999999999997 26.799999999999997 26.799999999999997 26.799999999999997 26.799999999999997 26.799999999999997
21.9 30.0 11.627744288426836 13.05993368720272 19.790636905704247 26.799999999999997 26.799999999999997 26.799999999999997 26.799999999999997 26.799999999999997 26.799999999999997 26.799999999999997
22.0 30.0 11.627744288426836 13.004849479557375 19.56571618706554 26.799999999999997 26.799999999999997 26.799999999999997 26.799999999999997 26.799999999999997 26.799999999999997 26.799999999999997
22.1 30.0 11.627744288426836 12.951883895283078 19.34682753912922 26.799999999999997 26.799999999999997 26.799999999999997 26.799999999999997 26.799999999999997 26.799999999999997 26.799999999999997
22.2 30.0 11.627744288426836 12.900955448865432 19.131810404186652 26.799999999999997 26.799999999999997 26.799999999999997 26.799999999999997 26.799999999999997 26.799999999999997 26.799999999999997
22.3 30.0 11.627744288426836 12.851985788848438 18.918304037580523 26.799999999999997 26.799999999999997 26.799999999999997 26.799999999999997 26.799999999999997 26.799999999999997 26.799999999999997
22.4 30.0 11.627744288426836 12.804899577293742 18.7107333463986 26.799999999999997 26.799999999999997 26.799999999999997 26.799999999999997 26.799999999999997 26.799999999999997 26.799999999999997
22.5 30.0 11.627744288426836 12.758009348830715 18.50893900839929 26.799999999999997 26.799999999999997 26.799999999999997 26.799999999999997 26.799999999999997 26.799999999999997 26.799999999999997
22.6 30.0 11.627744288426836 12.712798746414487 18.31049389416785 26.799999999999997 26.799999999999997 26.799999999999997 26.799999999999997 26.799999999999997 26.799999999999997 26.799999999999997
22.7 30.0 11.627744288426836 12.669396568094893 18.114373450917952 26.799999999999997 26.799999999999997 26.799999999999997 26.799999999999997 26.799999999999997 26.799999999999997 26.799999999999997
22.8 30.0 11.627744288426836 12.62773047690815 17.923873152242436 26.799999999999997 26.799999999999997 26.799999999999997 26.799999999999997 26.799999999999997 26.799999999999997 26.799999999999997
22.9 30.0 11.627744288426836 12.58773102936892 17.738837713394332 26.799999999999997 26.799999999999997 26.799999999999997 26.799999999999997 26.799999999999997 26.799999999999997 26.799999999999997
23.0 30.0 11.627744288426836 12.549331559731112 17.55779704617759 26.799999999999997 26.799999999999997 26.799999999999997 26.799999999999997 26.799999999999997 26.799999999999997 26.799999999999997
23.1 30.0 11.627744288426836 12.51246806887892 17.3776532548545 26.799999999999997 26.799999999999997 26.799999999999997 26.799999999999997 26.799999999999997 26.799999999999997 26.799999999999997
23.2 30.0 11.627744288426836 12.477079117660727 17.2028746242495 26.799999999999997 26.799999999999997 26.799999999999997 26.799999999999997 26.799999999999997 26.799999999999997 26.799999999999997
23.3 30.0 11.627744288426836 12.443105724491293 17.033305921834632 26.799999999999997 26.799999999999997 26.799999999999997 26.799999999999997 26.799999999999997 26.799999999999997 26.799999999999997
23.4 30.0 11.627744288426836 12.410491267048641 16.868796209096374 26.799999999999997 26.799999999999997 26.799999999999997 26.799999999999997 26.799999999999997 26.799999999999997 26.799999999999997
23.5 30.0 11.627744288426836 12.379181387903813 16.70617202260993 26.799999999999997 26.799999999999997 26.799999999999997 26.799999999999997 26.799999999999997 26.799999999999997 26.799999999999997
23.6 30.0 11.627744288426836 12.349123903924632 16.546284061880716 26.799999999999997 26.799999999999997 26.799999999999997 26.799999999999997 26.799999999999997 26.799999999999997 26.799999999999997
23.7 30.0 12.227744288426836 12.320268719304735 16.39134998129246 27.4 27.4 27.4 27.4 27.4 27.4 27.4
23.8 30.0 12.827744288426835 12.661677513606644 16.241219680249635 28.0 28.0 28.0 28.0 28.0 28.0 28.0
23.9 30.0 13.427744288426835 13.020605727054276 16.292606005179113 28.6 28.6 28.6 28.6 28.6 28.6 28.6
24.0 30.0 14.027744288426835 13.405495671722447 16.37035696020056 29.200000000000003 29.200000000000003 29.200000000000003 29.200000000000003 29.200000000000003 29.200000000000003 29.200000000000003
24.1 30.0 14.627744288426834 13.807143717404287 16.47680288774097 29.800000000000004 29.800000000000004 29.800000000000004 29.800000000000004 29.800000000000004 29.800000000000004 29.800000000000004
24.2 30.0 15.227744288426834 14.223749082569116 16.608931330340177 30.0 30.0 30.0 30.0 30.0 30.0 30.0
24.3 30.0 15.827744288426834 14.652605882987462 16.765501629008003 30.0 30.0 30.0 30.0 30.0 30.0 30.0
24.4 30.0 16.427744288426833 15.101717968895954 16.94178466497812 30.0 30.0 30.0 30.0 30.0 30.0 30.0
24.5 30.0 17.027744288426835 15.558685301277357 17.143202434341713 30.0 30.0 30.0 30.0 30.0 30.0 30.0
24.6 30.0 17.627744288426836 16.029955900420664 17.368995342440996 30.0 30.0 30.0 30.0 30.0 30.0 30.0
24.7 30.0 18.227744288426837 16.504140322968336 17.615122295556123 30.0 30.0 30.0 30.0 30.0 30.0 30.0
24.8 30.0 18.82774428842684 16.99509076304874 17.876769373005047 30.0 30.0 30.0 30.0 30.0 30.0 30.0
24.9 30.0 19.42774428842684 17.49381327317154 18.16215752783939 30.0 30.0 30.0 30.0 30.0 30.0 30.0
25.0 30.0 20.02774428842684 17.995933961625006 18.466480889356696 30.0 30.0 30.0 30.0 30.0 30.0 30.0
25.1 30.0 20.627744288426843 18.506952769309994 18.783751237581434 30.0 30.0 30.0 30.0 30.0 30.0 30.0
25.2 30.0 21.227744288426845 19.025764633525583 19.119283603342293 30.0 30.0 30.0 30.0 30.0 30.0 30.0
25.3 30.0 21.827744288426846 19.549410495578595 19.46986802404231 30.0 30.0 30.0 30.0 30.0 30.0 30.0
25.4 30.0 22.427744288426847 20.079600998027022 19.83671531211093 30.0 30.0 30.0 30.0 30.0 30.0 30.0
25.5 30.0 23.02774428842685 20.61034064313626 20.214153695842196 30.0 30.0 30.0 30.0 30.0 30.0 30.0
25.6 30.0 23.62774428842685 21.149425726529437 20.604573069414393 30.0 30.0 30.0 30.0 30.0 30.0 30.0
25.7 30.0 24.22774428842685 21.69419970284823 21.00920730272166 30.0 30.0 30.0 30.0 30.0 30.0 30.0
25.8 30.0 24.827744288426853 22.239099402145737 21.42429939959003 30.0 30.0 30.0 30.0 30.0 30.0 30.0
25.9 30.0 25.427744288426855 22.78587018563424 21.848699196454803 30.0 30.0 30.0 30.0 30.0 30.0 30.0
26.0 30.0 26.027744288426856 23.341152337356238 22.28345196210361 30.0 30.0 30.0 30.0 30.0 30.0 30.0
26.1 30.0 26.627744288426857 23.897930189651007 22.727223041017368 30.0 30.0 30.0 30.0 30.0 30.0 30.0
26.2 30.0 27.22774428842686 24.454420894589777 23.182940537469566 30.0 30.0 30.0 30.0 30.0 30.0 30.0
26.3 30.0 27.82774428842686 25.014095206484225 23.641432618430265 30.0 30.0 30.0 30.0 30.0 30.0 30.0
26.4 30.0 28.42774428842686 25.580281769458498 24.10982148175383 30.0 30.0 30.0 30.0 30.0 30.0 30.0
26.5 30.0 29.027744288426863 26.1444466513142 24.585377575251528 30.0 30.0 30.0 30.0 30.0 30.0 30.0
26.6 30.0 29.627744288426864 26.711111657691543 25.068481221340676 30.0 30.0 30.0 30.0 30.0 30.0 30.0
26.7 30.0 30.0 27.280049504543168 25.55840859446545 30.0 30.0 30.0 30.0 30.0 30.0 30.0
26.8 30.0 30.0 27.65489977326278 26.049318850804948 30.0 30.0 30.0 30.0 30.0 30.0 30.0
26.9 30.0 30.0 27.708197505688673 26.39099718554119 30.0 30.0 30.0 30.0 30.0 30.0 30.0
27.0 30.0 30.0 27.7602839260139 26.463981511985114 30.0 30.0 30.0 30.0 30.0 30.0 30.0
27.1 30.0 30.0 27.81118656405905 26.535312691173203 30.0 30.0 30.0 30.0 30.0 30.0 30.0
27.2 30.0 30.0 27.86093232396681 26.60523277411325 30.0 30.0 30.0 30.0 30.0 30.0 30.0
27.3 30.0 30.0 27.909547498422146 26.673768945897336 30.0 30.0 30.0 30.0 30.0 30.0 30.0
27.4 30.0 30.0 27.95705778254895 26.740947887385804 30.0 30.0 30.0 30.0 30.0 30.0 30.0
27.5 30.0 30.0 28.003410769991184 26.806795784024736 30.0 30.0 30.0 30.0 30.0 30.0 30.0
27.6 30.0 30.0 28.047779419546895 26.871354559117695 30.0 30.0 30.0 30.0 30.0 30.0 30.0
27.7 30.0 30.0 28.09116209911248 26.9348272938824 30.0 30.0 30.0 30.0 30.0 30.0 30.0
27.8 30.0 30.0 28.133580719132198 26.99703028434816 30.0 30.0 30.0 30.0 30.0 30.0 30.0
27.9 30.0 30.0 28.175056703151494 27.057988473545258 30.0 30.0 30.0 30.0 30.0 30.0 30.0
28.0 30.0 30.0 28.21561099863698 27.117726326342584 30.0 30.0 30.0 30.0 30.0 30.0 30.0
28.1 30.0 30.0 28.25526408755617 27.17626783830274 30.0 30.0 30.0 30.0 30.0 30.0 30.0
28.2 30.0 30.0 28.294035996721583 27.23287207746459 30.0 30.0 30.0 30.0 30.0 30.0 30.0
28.3 30.0 30.0 28.33194630790551 27.287830730647478 30.0 30.0 30.0 30.0 30.0 30.0 30.0
28.4 30.0 30.0 28.36901416772988 27.34171655948142 30.0 30.0 30.0 30.0 30.0 30.0 30.0
28.5 30.0 30.0 28.405258297335905 27.394550029983712 30.0 30.0 30.0 30.0 30.0 30.0 30.0
28.6 30.0 30.0 28.44069700183958 27.44635123006463 30.0 30.0 30.0 30.0 30.0 30.0 30.0
28.7 30.0 30.0 28.475348179576514 27.497139876187404 30.0 30.0 30.0 30.0 30.0 30.0 30.0
28.8 30.0 30.0 28.50922933114147 27.546935319918845 30.0 30.0 30.0 30.0 30.0 30.0 30.0
28.9 30.0 30.0 28.542357568227168 27.59575655437333 30.0 30.0 30.0 30.0 30.0 30.0 30.0
29.0 30.0 30.0 28.574749622266587 27.643622220551777 30.0 30.0 30.0 30.0 30.0 30.0 30.0
29.1 30.0 30.0 28.606421852882885 27.690550613576622 30.0 30.0 30.0 30.0 30.0 30.0 30.0
29.2 30.0 30.0 28.63739025615216 27.73655968882387 30.0 30.0 30.0 30.0 30.0 30.0 30.0
29.3 30.0 30.0 28.667670472682076 27.781667067954643 30.0 30.0 30.0 30.0 30.0 30.0 30.0
29.4 30.0 30.0 28.697277795511358 27.825890044847206 30.0 30.0 30.0 30.0 30.0 30.0 30.0
29.5 30.0 30.0 28.72622717783328 27.869245591431117 30.0 30.0 30.0 30.0 30.0 30.0 30.0
29.6 30.0 30.0 28.75453324054805 27.91175036342362 30.0 30.0 30.0 30.0 30.0 30.0 30.0
29.7 30.0 30.0 28.782210279646964 27.953420705972313 30.0 30.0 30.0 30.0 30.0 30.0 30.0
29.8 30.0 30.0 28.809070702271022 27.994272659202696 30.0 30.0 30.0 30.0 30.0 30.0 30.0
29.9 30.0 30.0 28.834960469612916 28.033599567602266 30.0 30.0 30.0 30.0 30.0 30.0 30.0
30.0 30.0 30.0 28.860287415925693 28.072119401520446 30.0 30.0 30.0 30.0 30.0 30.0 30.0
30.1 30.0 30.0 28.885063776449 28.109895803335235 30.0 30.0 30.0 30.0 30.0 30.0 30.0
30.2 30.0 30.0 28.90930152043928 28.1469428467119 30.0 30.0 30.0 30.0 30.0 30.0 30.0
30.3 30.0 30.0 28.933012356951476 28.18327434576475 30.0 30.0 30.0 30.0 30.0 30.0 30.0
30.4 30.0 30.0 28.956207740496005 28.218903859667538 30.0 30.0 30.0 30.0 30.0 30.0 30.0
30.5 30.0 30.0 28.978898876572135 28.253844697188228 30.0 30.0 30.0 30.0 30.0 30.0 30.0
30.6 30.0 30.0 29.001096727081457 28.28810992114655 30.0 30.0 30.0 30.0 30.0 30.0 30.0
30.7 30.0 30.0 29.022812015623114 28.32171235279708 30.0 30.0 30.0 30.0 30.0 30.0 30.0
30.8 30.0 30.0 29.04405523267478 28.35466457613761 30.0 30.0 30.0 30.0 30.0 30.0 30.0
30.9 30.0 30.0 29.064836640660097 28.386978942146484 30.0 30.0 30.0 30.0 30.0 30.0 30.0
31.0 30.0 30.0 29.08516627890663 28.418667572946084 30.0 30.0 30.0 30.0 30.0 30.0 30.0
31.1 30.0 30.0 29.10505396849564 28.44974236589797 30.0 30.0 30.0 30.0 30.0 30.0 30.0
31.2 30.0 30.0 29.124509317006584 28.48021499762695 30.0 30.0 30.0 30.0 30.0 30.0 30.0
31.3 30.0 30.0 29.1435417231586 28.51009692797751 30.0 30.0 30.0 30.0 30.0 30.0 30.0
31.4 30.0 30.0 29.162160381350763 28.539399403903232 30.0 30.0 30.0 30.0 30.0 30.0 30.0
31.5 30.0 30.0 29.18037428610398 28.56813346328916 30.0 30.0 30.0 30.0 30.0 30.0 30.0
31.6 30.0 30.0 29.19819223640611 28.596309938709755 30.0 30.0 30.0 30.0 30.0 30.0 30.0
31.7 30.0 30.0 29.21562283996255 28.623939461122397 30.0 30.0 30.0 30.0 30.0 30.0 30.0
31.8 30.0 30.0 29.232674517354706 28.651032463497295 30.0 30.0 30.0 30.0 30.0 30.0 30.0
31.9 30.0 30.0 29.24935550610782 28.677599184385638 30.0 30.0 30.0 30.0 30.0 30.0 30.0
32.0 30.0 30.0 29.26567386467068 28.70364967142644 30.0 30.0 30.0 30.0 30.0 30.0 30.0
32.1 30.0 30.0 29.281637476308287 28.729193784793303 30.0 30.0 30.0 30.0 30.0 30.0 30.0
32.2 30.0 30.0 29.29725405291033 28.75424120058145 30.0 30.0 30.0 30.0 30.0 30.0 30.0
32.3 30.0 30.0 29.312531138716675 28.77880141413701 30.0 30.0 30.0 30.0 30.0 30.0 30.0
32.4 30.0 30.0 29.327476113961964 28.802821053255943 30.0 30.0 30.0 30.0 30.0 30.0 30.0
32.5 30.0 30.0 29.342096198441034 28.825922665637215 30.0 30.0 30.0 30.0 30.0 30.0 30.0
32.6 30.0 30.0 29.356398454996622 28.84858563463835 30.0 30.0 30.0 30.0 30.0 30.0 30.0
32.7 30.0 30.0 29.370389792931462 28.870818114124468 30.0 30.0 30.0 30.0 30.0 30.0 30.0
32.8 30.0 30.0 29.38407697134603 28.892628110743175 30.0 30.0 30.0 30.0 30.0 30.0 30.0
32.9 30.0 30.0 29.397466602403725 28.91402348647203 30.0 30.0 30.0 30.0 30.0 30.0 30.0
33.0 30.0 30.0 29.410565154525372 28.93501196112439 30.0 30.0 30.0 30.0 30.0 30.0 30.0
33.1 30.0 30.0 29.423378955513936 28.95560111481526 30.0 30.0 30.0 30.0 30.0 30.0 30.0
33.2 30.0 30.0 29.435914195611502 28.975798390386633 30.0 30.0 30.0 30.0 30.0 30.0 30.0
33.3 30.0 30.0 29.448176930489545 28.9956110957939 30.0 30.0 30.0 30.0 30.0 30.0 30.0
33.4 30.0 30.0 29.460173084174517 29.015046406452765 30.0 30.0 30.0 30.0 30.0 30.0 30.0
33.5 30.0 30.0 29.471908451909822 29.03411136754803 30.0 30.0 30.0 30.0 30.0 30.0 30.0
33.6 30.0 30.0 29.483388702955256 29.05281289630532 30.0 30.0 30.0 30.0 30.0 30.0 30.0
33.7 30.0 30.0 29.49461938332577 29.07115778422456 30.0 30.0 30.0 30.0 30.0 30.0 30.0
33.8 30.0 30.0 29.505605918470845 29.089152699277626 30.0 30.0 30.0 30.0 30.0 30.0 30.0
33.9 30.0 30.0 29.516353615895394 29.10680418806932 30.0 30.0 30.0 30.0 30.0 30.0 30.0
34.0 30.0 30.0 29.526867667723756 29.12411867796304 30.0 30.0 30.0 30.0 30.0 30.0 30.0
34.1 30.0 30.0 29.53715315320803 29.141102479171305 30.0 30.0 30.0 30.0 30.0 30.0 30.0
34.2 30.0 30.0 29.547215041181726 29.157761786812024 30.0 30.0 30.0 30.0 30.0 30.0 30.0
34.3 30.0 30.0 29.557058192460428 29.17410268292982 30.0 30.0 30.0 30.0 30.0 30.0 30.0
34.4 30.0 30.0 29.566687362189594 29.190131138485558 30.0 30.0 30.0 30.0 30.0 30.0 30.0
34.5 30.0 30.0 29.576107202141994 29.205853015310666 30.0 30.0 30.0 30.0 30.0 30.0 30.0
34.6 30.0 30.0 29.58532226296499 29.22127406803064 30.0 30.0 30.0 30.0 30.0 30.0 30.0
34.7 30.0 30.0 29.594336996378797 29.23639994595588 30.0 30.0 30.0 30.0 30.0 30.0 30.0
34.8 30.0 30.0 29.603088613554164 29.251236194941065 30.0 30.0 30.0 30.0 30.0 30.0 30.0
34.9 30.0 30.0 29.611533536670056 29.265801396038444 30.0 30.0 30.0 30.0 30.0 30.0 30.0
35.0 30.0 30.0 29.619798780570648 29.28010996768896 30.0 30.0 30.0 30.0 30.0 30.0 30.0
35.1 30.0 30.0 29.62788816821804 29.294142638062972 30.0 30.0 30.0 30.0 30.0 30.0 30.0
35.2 30.0 30.0 29.63580544123463 29.307904657043622 30.0 30.0 30.0 30.0 30.0 30.0 30.0
35.3 30.0 30.0 29.64355426163389 29.321401176300256 30.0 30.0 30.0 30.0 30.0 30.0 30.0
35.4 30.0 30.0 29.651138213514024 29.33463725108521 30.0 30.0 30.0 30.0 30.0 30.0 30.0
35.5 30.0 30.0 29.658560804715894 29.34761784199806 30.0 30.0 30.0 30.0 30.0 30.0 30.0
35.6 30.0 30.0 29.665825468445373 29.360347816719447 30.0 30.0 30.0 30.0 30.0 30.0 30.0
35.7 30.0 30.0 29.67293556486141 29.37283195171332 30.0 30.0 30.0 30.0 30.0 30.0 30.0
35.8 30.0 30.0 29.67989438263028 29.38507493389903 30.0 30.0 30.0 30.0 30.0 30.0 30.0
35.9 30.0 30.0 29.68670514044667 29.39708136229424 30.0 30.0 30.0 30.0 30.0 30.0 30.0
36.0 30.0 30.0 29.693370988522247 29.408855749628145 30.0 30.0 30.0 30.0 30.0 30.0 30.0
36.1 30.0 30.0 29.699895010043083 29.4204025239257 30.0 30.0 30.0 30.0 30.0 30.0 30.0
36.2 30.0 30.0 29.706280222595336 29.43172603006463 30.0 30.0 30.0 30.0 30.0 30.0 30.0
36.3 30.0 30.0 29.712529579561405 29.442830531302935 30.0 30.0 30.0 30.0 30.0 30.0 30.0
36.4 30.0 30.0 29.718645971485653 29.45372021078126 30.0 30.0 30.0 30.0 30.0 30.0 30.0
36.5 30.0 30.0 29.724632227411526 29.464399172996476 30.0 30.0 30.0 30.0 30.0 30.0 30.0
36.6 30.0 30.0 29.730491116189988 29.474871445250198 30.0 30.0 30.0 30.0 30.0 30.0 30.0
36.7 30.0 30.0 29.736225347760453 29.485140979070664 30.0 30.0 30.0 30.0 30.0 30.0 30.0
36.8 30.0 30.0 29.74183757440385 29.495211651609686 30.0 30.0 30.0 30.0 30.0 30.0 30.0
36.9 30.0 30.0 29.747330391969765 29.50508726701397 30.0 30.0 30.0 30.0 30.0 30.0 30.0
37.0 30.0 30.0 29.752706341076795 29.514771557772598 30.0 30.0 30.0 30.0 30.0 30.0 30.0
37.1 30.0 30.0 29.757967908287903 29.5242681860392 30.0 30.0 30.0 30.0 30.0 30.0 30.0
37.2 30.0 30.0 29.76311752726045 29.533580744931893 30.0 30.0 30.0 30.0 30.0 30.0 30.0
37.3 30.0 30.0 29.76815757987196 29.54271275980821 30.0 30.0 30.0 30.0 30.0 30.0 30.0
37.4 30.0 30.0 29.773090397321543 29.55166768951882 30.0 30.0 30.0 30.0 30.0 30.0 30.0
37.5 30.0 30.0 29.777918261208338 29.560448927636966 30.0 30.0 30.0 30.0 30.0 30.0 30.0
37.6 30.0 30.0 29.78264340458692 29.569059803667 30.0 30.0 30.0 30.0 30.0 30.0 30.0
37.7 30.0 30.0 29.787268012999956 29.577503584230662 30.0 30.0 30.0 30.0 30.0 30.0 30.0
37.8 30.0 30.0 29.79179422548929 29.58578347423177 30.0 30.0 30.0 30.0 30.0 30.0 30.0
37.9 30.0 30.0 29.79622413558527 29.593902618000538 30.0 30.0 30.0 30.0 30.0 30.0 30.0
38.0 30.0 30.0 29.800559792274964 29.601824438705574 30.0 30.0 30.0 30.0 30.0 30.0 30.0
38.1 30.0 30.0 29.80480320094997 29.609466027026603 30.0 30.0 30.0 30.0 30.0 30.0 30.0
38.2 30.0 30.0 29.80895632433401 29.616962692875493 30.0 30.0 30.0 30.0 30.0 30.0 30.0
38.3 30.0 30.0 29.813021083390773 29.624317143868378 30.0 30.0 30.0 30.0 30.0 30.0 30.0
38.4 30.0 30.0 29.81699935821223 29.631532038009343 30.0 30.0 30.0 30.0 30.0 30.0 30.0
38.5 30.0 30.0 29.820892988888545 29.63860998457523 30.0 30.0 30.0 30.0 30.0 30.0 30.0
38.6 30.0 30.0 29.824703776359033 29.645553544986583 30.0 30.0 30.0 30.0 30.0 30.0 30.0
38.7 30.0 30.0 29.828433483245043 29.65236523366271 30.0 30.0 30.0 30.0 30.0 30.0 30.0
38.8 30.0 30.0 29.83208383466538 29.659047518861904 30.0 30.0 30.0 30.0 30.0 30.0 30.0
38.9 30.0 30.0 29.83565651903416 29.665602823507804 30.0 30.0 30.0 30.0 30.0 30.0 30.0
39.0 30.0 30.0 29.839153188841923 29.67203352600086 30.0 30.0 30.0 30.0 30.0 30.0 30.0
39.1 30.0 30.0 29.842575461419774 29.67834196101638 30.0 30.0 30.0 30.0 30.0 30.0 30.0
39.2 30.0 30.0 29.845924919687416 29.684530420288397 30.0 30.0 30.0 30.0 30.0 30.0 30.0
39.3 30.0 30.0 29.849203112885572 29.69060115337995 30.0 30.0 30.0 30.0 30.0 30.0 30.0
39.4 30.0 30.0 29.852411557292264 29.696556368440337 30.0 30.0 30.0 30.0 30.0 30.0 30.0
39.5 30.0 30.0 29.855551736924394 29.702398232948802 30.0 30.0 30.0 30.0 30.0 30.0 30.0
39.6 30.0 30.0 29.8586251042239 29.708128874445897 30.0 30.0 30.0 30.0 30.0 30.0 30.0
39.7 30.0 30.0 29.861633080729746 29.713750381251476 30.0 30.0 30.0 30.0 30.0 30.0 30.0
39.8 30.0 30.0 29.864577057735453 29.71926480317054 30.0 30.0 30.0 30.0 30.0 30.0 30.0
39.9 30.0 30.0 29.86745839693262 29.72467415218701 30.0 30.0 30.0 30.0 30.0 30.0 30.0
40.0 30.0 30.0 29.870278431040404 29.729980403145397 30.0 30.0 30.0 30.0 30.0 30.0 30.0
40.1 30.0 30.0 29.873038464422535 29.735185494419515 30.0 30.0 30.0 30.0 30.0 30.0 30.0
40.2 30.0 30.0 29.875739773690185 29.740291328571434 30.0 30.0 30.0 30.0 30.0 30.0 30.0
40.3 30.0 30.0 29.878383608292566 29.745299772997388 30.0 30.0 30.0 30.0 30.0 30.0 30.0
40.4 30.0 30.0 29.880971191094844 29.750212660562966 30.0 30.0 30.0 30.0 30.0 30.0 30.0
40.5 30.0 30.0 29.883503718943857 29.755031790227125 30.0 30.0 30.0 30.0 30.0 30.0 30.0
40.6 30.0 30.0 29.885982363221668 29.759758927655394 30.0 30.0 30.0 30.0 30.0 30.0 30.0
40.7 30.0 30.0 29.888408270387178 29.764395805822254 30.0 30.0 30.0 30.0 30.0 30.0 30.0
40.8 30.0 30.0 29.89078256250664 29.768944125602804 30.0 30.0 30.0 30.0 30.0 30.0 30.0
40.9 30.0 30.0 29.89310633777246 29.773405556354366 30.0 30.0 30.0 30.0 30.0 30.0 30.0
41.0 30.0 30.0 29.89538067101135 29.77778173648745 30.0 30.0 30.0 30.0 30.0 30.0 30.0
41.1 30.0 30.0 29.897606614181356 29.78207427402703 30.0 30.0 30.0 30.0 30.0 30.0 30.0
41.2 30.0 30.0 29.89978519685835 29.786284747164167 30.0 30.0 30.0 30.0 30.0 30.0 30.0
41.3 30.0 30.0 29.901917426712437 29.790414704796966 30.0 30.0 30.0 30.0 30.0 30.0 30.0
41.4 30.0 30.0 29.904004289973837 29.794465667063285 30.0 30.0 30.0 30.0 30.0 30.0 30.0
41.5 30.0 30.0 29.90604675188928 29.798439125862895 30.0 30.0 30.0 30.0 30.0 30.0 30.0
41.6 30.0 30.0 29.90804575716823 29.802336545371386 30.0 30.0 30.0 30.0 30.0 30.0 30.0
41.7 30.0 30.0 29.910002230419934 29.806159362544143 30.0 30.0 30.0 30.0 30.0 30.0 30.0
41.8 30.0 30.0 29.91191707658117 29.809908987612058 30.0 30.0 30.0 30.0 30.0 30.0 30.0
41.9 30.0 30.0 29.913791181334812 29.81358680456805 30.0 30.0 30.0 30.0 30.0 30.0 30.0
42.0 30.0 30.0 29.91562541151919 29.817194171645756 30.0 30.0 30.0 30.0 30.0 30.0 30.0
42.1 30.0 30.0 29.91742061552945 29.82073242178817 30.0 30.0 30.0 30.0 30.0 30.0 30.0
42.2 30.0 30.0 29.919177623709675 29.82420286310985 30.0 30.0 30.0 30.0 30.0 30.0 30.0
42.3 30.0 30.0 29.920897248737116 29.827606779349605 30.0 30.0 30.0 30.0 30.0 30.0 30.0
42.4 30.0 30.0 29.922580285998077 29.830945430315577 30.0 30.0 30.0 30.0 30.0 30.0 30.0
42.5 30.0 30.0 29.92422751395558 29.83422005232272 30.0 30.0 30.0 30.0 30.0 30.0 30.0
42.6 30.0 30.0 29.92583969450969 29.837431858621937 30.0 30.0 30.0 30.0 30.0 30.0 30.0
42.7 30.0 30.0 29.92741757334989 29.840582039821722 30.0 30.0 30.0 30.0 30.0 30.0 30.0
42.8 30.0 30.0 29.928961880299912 29.84367176430284 30.0 30.0 30.0 30.0 30.0 30.0 30.0
42.9 30.0 30.0 29.93047332965522 29.846702178625172 30.0 30.0 30.0 30.0 30.0 30.0 30.0
43.0 30.0 30.0 29.931952620513627 29.849674407926802 30.0 30.0 30.0 30.0 30.0 30.0 30.0
43.1 30.0 30.0 29.933400437098445 29.852589556317145 30.0 30.0 30.0 30.0 30.0 30.0 30.0
43.2 30.0 30.0 29.934817449075073 29.855448707262244 30.0 30.0 30.0 30.0 30.0 30.0 30.0
43.3 30.0 30.0 29.936204311860706 29.858252923963263 30.0 30.0 30.0 30.0 30.0 30.0 30.0
43.4 30.0 30.0 29.93756166692748 29.861003249728512 30.0 30.0 30.0 30.0 30.0 30.0 30.0
43.5 30.0 30.0 29.938890142099194 29.863700708338506 30.0 30.0 30.0 30.0 30.0 30.0 30.0
43.6 30.0 30.0 29.94019035184179 29.86634630440475 30.0 30.0 30.0 30.0 30.0 30.0 30.0
43.7 30.0 30.0 29.941462897547318 29.868941023721977 30.0 30.0 30.0 30.0 30.0 30.0 30.0
43.8 30.0 30.0 29.94270836781231 29.87148583361402 30.0 30.0 30.0 30.0 30.0 30.0 30.0
43.9 30.0 30.0 29.943927338709926 29.873981683273644 30.0 30.0 30.0 30.0 30.0 30.0 30.0
44.0 30.0 30.0 29.945120374056547 29.876429504095952 30.0 30.0 30.0 30.0 30.0 30.0 30.0
44.1 30.0 30.0 29.946288025672406 29.87883021000621 30.0 30.0 30.0 30.0 30.0 30.0 30.0
44.2 30.0 30.0 29.947430833636844 29.881184697781823 30.0 30.0 30.0 30.0 30.0 30.0 30.0
44.3 30.0 30.0 29.94854932653821 29.883493847367703 30.0 30.0 30.0 30.0 30.0 30.0 30.0
44.4 30.0 30.0 29.949644021718285 29.885758522187235 30.0 30.0 30.0 30.0 30.0 30.0 30.0
44.5 30.0 30.0 29.950715425511536 29.887979569446664 30.0 30.0 30.0 30.0 30.0 30.0 30.0
44.6 30.0 30.0 29.951764033479375 29.890157820434183 30.0 30.0 30.0 30.0 30.0 30.0 30.0
44.7 30.0 30.0 29.95279033063936 29.892294090814154 30.0 30.0 30.0 30.0 30.0 30.0 30.0
44.8 30.0 30.0 29.953794791689575 29.894389180915113 30.0 30.0 30.0 30.0 30.0 30.0 30.0
44.9 30.0 30.0 29.954777881228075 29.896443876013745 30.0 30.0 30.0 30.0 30.0 30.0 30.0
45.0 30.0 30.0 29.955740053967855 29.89845894661248 30.0 30.0 30.0 30.0 30.0 30.0 30.0
45.1 30.0 30.0 29.956681754947223 29.900435148713076 30.0 30.0 30.0 30.0 30.0 30.0 30.0
45.2 30.0 30.0 29.957603419735573 29.902373224084847 30.0 30.0 30.0 30.0 30.0 30.0 30.0
45.3 30.0 30.0 29.95850547463484 29.90427390052777 30.0 30.0 30.0 30.0 30.0 30.0 30.0
45.4 30.0 30.0 29.959388336876692 29.906137892131536 30.0 30.0 30.0 30.0 30.0 30.0 30.0
45.5 30.0 30.0 29.96025241481544 29.90796589952934 30.0 30.0 30.0 30.0 30.0 30.0 30.0
45.6 30.0 30.0 29.96109810811721 29.909758610146824 30.0 30.0 30.0 30.0 30.0 30.0 30.0
45.7 30.0 30.0 29.96192580794455 29.911516698447535 30.0 30.0 30.0 30.0 30.0 30.0 30.0
45.8 30.0 30.0 29.962735897137254 29.913240826173197 30.0 30.0 30.0 30.0 30.0 30.0 30.0
45.9 30.0 30.0 29.963528750389628 29.9149316425795 30.0 30.0 30.0 30.0 30.0 30.0 30.0
46.0 30.0 30.0 29.96430473442387 29.91658978466779 30.0 30.0 30.0 30.0 30.0 30.0 30.0
46.1 30.0 30.0 29.965064208159582 29.918215877412944 30.0 30.0 30.0 30.0 30.0 30.0 30.0
46.2 30.0 30.0 29.965807522879608 29.919810533986677 30.0 30.0 30.0 30.0 30.0 30.0 30.0
46.3 30.0 30.0 29.966535022392783 29.92137435597675 30.0 30.0 30.0 30.0 30.0 30.0 30.0
46.4 30.0 30.0 29.967247043192888 29.922907933602403 30.0 30.0 30.0 30.0 30.0 30.0 30.0
46.5 30.0 30.0 29.967943914614345 29.924411845925686 30.0 30.0 30.0 30.0 30.0 30.0 30.0
46.6 30.0 30.0 29.9686259589843 29.92588666105928 30.0 30.0 30.0 30.0 30.0 30.0 30.0
46.7 30.0 30.0 29.96929349177183 29.927332936370266 30.0 30.0 30.0 30.0 30.0 30.0 30.0
46.8 30.0 30.0 29.969946821734126 29.928751218679594 30.0 30.0 30.0 30.0 30.0 30.0 30.0
46.9 30.0 30.0 29.970586251058933 29.93014204445955 30.0 30.0 30.0 30.0 30.0 30.0 30.0
47.0 30.0 30.0 29.971212075504447 29.931505940025925 30.0 30.0 30.0 30.0 30.0 30.0 30.0
47.1 30.0 30.0 29.97182458453622 29.932843421727302 30.0 30.0 30.0 30.0 30.0 30.0 30.0
47.2 30.0 30.0 29.972424061460984 29.93415499613118 30.0 30.0 30.0 30.0 30.0 30.0 30.0
47.3 30.0 30.0 29.973010783557548 29.93544116020664 30.0 30.0 30.0 30.0 30.0 30.0 30.0
47.4 30.0 30.0 29.9735850222053 29.93670240150288 30.0 30.0 30.0 30.0 30.0 30.0 30.0
47.5 30.0 30.0 29.974147043009484 29.93793919832563 30.0 30.0 30.0 30.0 30.0 30.0 30.0
47.6 30.0 30.0 29.974697105924207 29.939152019909397 30.0 30.0 30.0 30.0 30.0 30.0 30.0
47.7 30.0 30.0 29.975235465372673 29.940341326587195 30.0 30.0 30.0 30.0 30.0 30.0 30.0
47.8 30.0 30.0 29.97576237036476 29.941507569956933 30.0 30.0 30.0 30.0 30.0 30.0 30.0
47.9 30.0 30.0 29.97627806461234 29.942651193044476 30.0 30.0 30.0 30.0 30.0 30.0 30.0
48.0 30.0 30.0 29.976782786641827 29.94377263046424 30.0 30.0 30.0 30.0 30.0 30.0 30.0
48.1 30.0 30.0 29.97727676990473 29.9448723085764 30.0 30.0 30.0 30.0 30.0 30.0 30.0
48.2 30.0 30.0 29.977760242885473 29.945950645641467 30.0 30.0 30.0 30.0 30.0 30.0 30.0
48.3 30.0 30.0 29.978233429207034 29.947008051971928 30.0 30.0 30.0 30.0 30.0 30.0 30.0
48.4 30.0 30.0 29.978696547734568 29.948044930081103 30.0 30.0 30.0 30.0 30.0 30.0 30.0
48.5 30.0 30.0 29.979149812676432 29.949061674829448 30.0 30.0 30.0 30.0 30.0 30.0 30.0
48.6 30.0 30.0 29.979593433683345 29.950058673567643 30.0 30.0 30.0 30.0 30.0 30.0 30.0
48.7 30.0 30.0 29.98002761594544 29.95103630627766 30.0 30.0 30.0 30.0 30.0 30.0 30.0
48.8 30.0 30.0 29.980452560286977 29.95199494571098 30.0 30.0 30.0 30.0 30.0 30.0 30.0
48.9 30.0 30.0 29.98086846325964 29.95293495752402 30.0 30.0 30.0 30.0 30.0 30.0 30.0
49.0 30.0 30.0 29.981275517232874 29.953856700411748 30.0 30.0 30.0 30.0 30.0 30.0 30.0
49.1 30.0 30.0 29.981673910483206 29.954760526237937 30.0 30.0 30.0 30.0 30.0 30.0 30.0
49.2 30.0 30.0 29.98206382728143 29.955646780163626 30.0 30.0 30.0 30.0 30.0 30.0 30.0
49.3 30.0 30.0 29.982445447977533 29.956515800773293 30.0 30.0 30.0 30.0 30.0 30.0 30.0
49.4 30.0 30.0 29.98281894908441 29.95736792019797 30.0 30.0 30.0 30.0 30.0 30.0 30.0
49.5 30.0 30.0 29.98318450335923 29.958203464237148 30.0 30.0 30.0 30.0 30.0 30.0 30.0
49.6 30.0 30.0 29.98354227988353 29.959022752477296 30.0 30.0 30.0 30.0 30.0 30.0 30.0
49.7 30.0 30.0 29.983892444141333 29.959826098409312 30.0 30.0 30.0 30.0 30.0 30.0 30.0
49.8 30.0 30.0 29.984235158095743 29.960613809542725 30.0 30.0 30.0 30.0 30.0 30.0 30.0
49.9 30.0 30.0 29.98457058026394 29.961386187518542 30.0 30.0 30.0 30.0 30.0 30.0 30.0
50.0 30.0 30.0 29.984898865790246 29.96214352821998 30.0 30.0 30.0 30.0 30.0 30.0 30.0
50.1 30.0 30.0 29.98522016651809 29.96288612188053 30.0 30.0 30.0 30.0 30.0 30.0 30.0
50.2 30.0 30.0 29.985534631060258 29.963614253190496 30.0 30.0 30.0 30.0 30.0 30.0 30.0
50.3 30.0 30.0 29.9858424048675 29.96432820140171 30.0 30.0 30.0 30.0 30.0 30.0 30.0
50.4 30.0 30.0 29.98614363029586 29.965028240430133 30.0 30.0 30.0 30.0 30.0 30.0 30.0
50.5 30.0 30.0 29.986438446672576 29.965714638955934 30.0 30.0 30.0 30.0 30.0 30.0 30.0
50.6 30.0 30.0 29.986726990360406 29.96638766052304 30.0 30.0 30.0 30.0 30.0 30.0 30.0
50.7 30.0 30.0 29.987009394820838 29.967047563635486 30.0 30.0 30.0 30.0 30.0 30.0 30.0
50.8 30.0 30.0 29.98728579067569 29.967694601852962 30.0 30.0 30.0 30.0 30.0 30.0 30.0
50.9 30.0 30.0 29.987556305767693 29.968329023883904 30.0 30.0 30.0 30.0 30.0 30.0 30.0
51.0 30.0 30.0 29.98782106521943 29.96895107367733 30.0 30.0 30.0 30.0 30.0 30.0 30.0
51.1 30.0 30.0 29.98808019149135 29.96956099051254 30.0 30.0 30.0 30.0 30.0 30.0 30.0
51.2 30.0 30.0 29.988333804438323 29.970159009087894 30.0 30.0 30.0 30.0 30.0 30.0 30.0
51.3 30.0 30.0 29.988582021365126 29.97074535960679 30.0 30.0 30.0 30.0 30.0 30.0 30.0
51.4 30.0 30.0 29.98882495708077 29.97132026786319 30.0 30.0 30.0 30.0 30.0 30.0 30.0
51.5 30.0 30.0 29.989062723951378 29.971883955324813 30.0 30.0 30.0 30.0 30.0 30.0 30.0
51.6 30.0 30.0 29.98929543195238 29.97243663921499 30.0 30.0 30.0 30.0 30.0 30.0 30.0
51.7 30.0 30.0 29.989523188719378 29.97297853259317 30.0 30.0 30.0 30.0 30.0 30.0 30.0
51.8 30.0 30.0 29.98974609959769 29.973509844433735 30.0 30.0 30.0 30.0 30.0 30.0 30.0
51.9 30.0 30.0 29.989964267691306 29.974030779703142 30.0 30.0 30.0 30.0 30.0 30.0 30.0
52.0 30.0 30.0 29.990177793910608 29.974541539436185 30.0 30.0 30.0 30.0 30.0 30.0 30.0
52.1 30.0 30.0 29.99038677701888 29.97504232081042 30.0 30.0 30.0 30.0 30.0 30.0 30.0
52.2 30.0 30.0 29.990591313678088 29.97553331721918 30.0 30.0 30.0 30.0 30.0 30.0 30.0
52.3 30.0 30.0 29.990791498493486 29.97601471834359 30.0 30.0 30.0 30.0 30.0 30.0 30.0
52.4 30.0 30.0 29.99098742405744 29.97648671022271 30.0 30.0 30.0 30.0 30.0 30.0 30.0
52.5 30.0 30.0 29.991179180992386 29.976949475322684 30.0 30.0 30.0 30.0 30.0 30.0 30.0
52.6 30.0 30.0 29.991366857992542 29.9774031926049 30.0 30.0 30.0 30.0 30.0 30.0 30.0
52.7 30.0 30.0 29.991550541865013 29.977848037591993 30.0 30.0 30.0 30.0 30.0 30.0 30.0
52.8 30.0 30.0 29.991730317570052 29.97828418243352 30.0 30.0 30.0 30.0 30.0 30.0 30.0
52.9 30.0 30.0 29.99190626826006 29.978711795970156 30.0 30.0 30.0 30.0 30.0 30.0 30.0
53.0 30.0 30.0 29.99207847531835 29.979131043796112 30.0 30.0 30.0 30.0 30.0 30.0 30.0
53.1 30.0 30.0 29.992247018396643 29.979542088321224 30.0 30.0 30.0 30.0 30.0 30.0 30.0
53.2 30.0 30.0 29.992411975452075 29.979945088831215 30.0 30.0 30.0 30.0 30.0 30.0 30.0
53.3 30.0 30.0 29.992573422782836 29.9803402015477 30.0 30.0 30.0 30.0 30.0 30.0 30.0
53.4 30.0 30.0 29.992731435064055 29.980727579685468 30.0 30.0 30.0 30.0 30.0 30.0 30.0
53.5 30.0 30.0 29.992886085381855 29.98110737351061 30.0 30.0 30.0 30.0 30.0 30.0 30.0
53.6 30.0 30.0 29.993037445267316 29.9814797303964 30.0 30.0 30.0 30.0 30.0 30.0 30.0
53.7 30.0 30.0 29.99318558472976 29.981844794877933 30.0 30.0 30.0 30.0 30.0 30.0 30.0
53.8 30.0 30.0 29.99333057228868 29.982202708706915 30.0 30.0 30.0 30.0 30.0 30.0 30.0
53.9 30.0 30.0 29.99347247500596 29.98255361090396 30.0 30.0 30.0 30.0 30.0 30.0 30.0
54.0 30.0 30.0 29.99361135851644 29.982897637811277 30.0 30.0 30.0 30.0 30.0 30.0 30.0
54.1 30.0 30.0 29.993747287058607 29.9832349231431 30.0 30.0 30.0 30.0 30.0 30.0 30.0
54.2 30.0 30.0 29.993880323504182 29.983565598036186 30.0 30.0 30.0 30.0 30.0 30.0 30.0
54.3 30.0 30.0 29.994010529387065 29.98388979109906 30.0 30.0 30.0 30.0 30.0 30.0 30.0
54.4 30.0 30.0 29.994137964932058 29.984207628459714 30.0 30.0 30.0 30.0 30.0 30.0 30.0
54.5 30.0 30.0 29.994262689082447 29.98451923381371 30.0 30.0 30.0 30.0 30.0 30.0 30.0
54.6 30.0 30.0 29.99438475952748 29.984824728469782 30.0 30.0 30.0 30.0 30.0 30.0 30.0
54.7 30.0 30.0 29.99450423272898 29.985124231395822 30.0 30.0 30.0 30.0 30.0 30.0 30.0
54.8 30.0 30.0 29.99462116394755 29.98541785926358 30.0 30.0 30.0 30.0 30.0 30.0 30.0
54.9 30.0 30.0 29.99473560726784 29.985705726492775 30.0 30.0 30.0 30.0 30.0 30.0 30.0
55.0 30.0 30.0 29.994847615623804 29.985987945293328 30.0 30.0 30.0 30.0 30.0 30.0 30.0
55.1 30.0 30.0 29.99495724082325 29.986264625708312 30.0 30.0 30.0 30.0 30.0 30.0 30.0
55.2 30.0 30.0 29.995064533571675 29.986535875655008 30.0 30.0 30.0 30.0 30.0 30.0 30.0
55.3 30.0 30.0 29.995169543495653 29.986801800965853 30.0 30.0 30.0 30.0 30.0 30.0 30.0
55.4 30.0 30.0 29.995272319165977 29.987062505427925 30.0 30.0 30.0 30.0 30.0 30.0 30.0
55.5 30.0 30.0 29.995372908119904 29.987318090822352 30.0 30.0 30.0 30.0 30.0 30.0 30.0
55.6 30.0 30.0 29.99547135688331 29.98756865696266 30.0 30.0 30.0 30.0 30.0 30.0 30.0
55.7 30.0 30.0 29.99556771099218 29.987814301732193 30.0 30.0 30.0 30.0 30.0 30.0 30.0
55.8 30.0 30.0 29.99566201501359 29.988055121121374 30.0 30.0 30.0 30.0 30.0 30.0 30.0
55.9 30.0 30.0 29.99575431256652 29.98829120926358 30.0 30.0 30.0 30.0 30.0 30.0 30.0
56.0 30.0 30.0 29.995844646341677 29.98852265847125 30.0 30.0 30.0 30.0 30.0 30.0 30.0
56.1 30.0 30.0 29.995933058121643 29.98874955927018 30.0 30.0 30.0 30.0 30.0 30.0 30.0
56.2 30.0 30.0 29.996019588799914 29.988972000434217 30.0 30.0 30.0 30.0 30.0 30.0 30.0
56.3 30.0 30.0 29.996104278399958 29.98919006901849 30.0 30.0 30.0 30.0 30.0 30.0 30.0
56.4 30.0 30.0 29.996187166093616 29.989403850392566 30.0 30.0 30.0 30.0 30.0 30.0 30.0
56.5 30.0 30.0 29.996268290219287 29.98961342827274 30.0 30.0 30.0 30.0 30.0 30.0 30.0
56.6 30.0 30.0 29.99634768829972 29.989818884753486 30.0 30.0 30.0 30.0 30.0 30.0 30.0
56.7 30.0 30.0 29.996425397059344 29.99002030033898 30.0 30.0 30.0 30.0 30.0 30.0 30.0
56.8 30.0 30.0 29.9965014524411 29.990217753973557 30.0 30.0 30.0 30.0 30.0 30.0 30.0
56.9 30.0 30.0 29.99657588962318 29.990411323071264 30.0 30.0 30.0 30.0 30.0 30.0 30.0
57.0 30.0 30.0 29.996648743035472 29.990601083545513 30.0 30.0 30.0 30.0 30.0 30.0 30.0
57.1 30.0 30.0 29.99672004637514 29.990787109837953 30.0 30.0 30.0 30.0 30.0 30.0 30.0
57.2 30.0 30.0 29.996789832622493 29.990969474946578 30.0 30.0 30.0 30.0 30.0 30.0 30.0
57.3 30.0 30.0 29.996858134056083 29.991148250453506 30.0 30.0 30.0 30.0 30.0 30.0 30.0
57.4 30.0 30.0 29.99692498226769 29.991323506552362 30.0 30.0 30.0 30.0 30.0 30.0 30.0
57.5 30.0 30.0 29.996990408176842 29.991495312074655 30.0 30.0 30.0 30.0 30.0 30.0 30.0
57.6 30.0 30.0 29.99705444204543 29.991663734515946 30.0 30.0 30.0 30.0 30.0 30.0 30.0
57.7 30.0 30.0 29.997117113491246 29.991828840062045 30.0 30.0 30.0 30.0 30.0 30.0 30.0
57.8 30.0 30.0 29.997178451502112 29.991990693613605 30.0 30.0 30.0 30.0 30.0 30.0 30.0
57.9 30.0 30.0 29.997238484448843 29.992149358811268 30.0 30.0 30.0 30.0 30.0 30.0 30.0
58.0 30.0 30.0 29.99729724009889 29.992304898059515 30.0 30.0 30.0 30.0 30.0 30.0 30.0
58.1 30.0 30.0 29.997354745628733 29.992457372550774 30.0 30.0 30.0 30.0 30.0 30.0 30.0
58.2 30.0 30.0 29.997411027636637 29.992606842288698 30.0 30.0 30.0 30.0 30.0 30.0 30.0
58.3 30.0 30.0 29.997466112155056 29.992753366110797 30.0 30.0 30.0 30.0 30.0 30.0 30.0
58.4 30.0 30.0 29.997520024662414 29.99289700171136 30.0 30.0 30.0 30.0 30.0 30.0 30.0
58.5 30.0 30.0 29.997572790095123 29.99303780566291 30.0 30.0 30.0 30.0 30.0 30.0 30.0
58.6 30.0 30.0 29.997624432859087 29.99317583343828 30.0 30.0 30.0 30.0 30.0 30.0 30.0
58.7 30.0 30.0 29.99767497684083 29.993311139431626 30.0 30.0 30.0 30.0 30.0 30.0 30.0
58.8 30.0 30.0 29.997724445418715 29.993443776979085 30.0 30.0 30.0 30.0 30.0 30.0 30.0
58.9 30.0 30.0 29.997772861473603 29.99357379837956 30.0 30.0 30.0 30.0 30.0 30.0 30.0
59.0 30.0 30.0 29.997820247399666 29.99370125491418 30.0 30.0 30.0 30.0 30.0 30.0 30.0
59.1 30.0 30.0 29.997866625114572 29.99382619686625 30.0 30.0 30.0 30.0 30.0 30.0 30.0
59.2 30.0 30.0 29.997912016069623 29.993948673540714 30.0 30.0 30.0 30.0 30.0 30.0 30.0
59.3 30.0 30.0 29.99795644125963 29.99406873328253 30.0 30.0 30.0 30.0 30.0 30.0 30.0
59.4 30.0 30.0 29.99799992123279 29.994186423495528 30.0 30.0 30.0 30.0 30.0 30.0 30.0
59.5 30.0 30.0 29.998042476100157 29.994301790660305 30.0 30.0 30.0 30.0 30.0 30.0 30.0
59.6 30.0 30.0 29.998084125544842 29.994414880352444 30.0 30.0 30.0 30.0 30.0 30.0 30.0
59.7 30.0 30.0 29.998124888831107 29.994525737259817 30.0 30.0 30.0 30.0 30.0 30.0 30.0
59.8 30.0 30.0 29.99816478481345 29.994634405199406 30.0 30.0 30.0 30.0 30.0 30.0 30.0
59.9 30.0 30.0 29.99820383194504 29.994740927134814 30.0 30.0 30.0 30.0 30.0 30.0 30.0
60.0 30.0 30.0 29.9982420482866 29.994845345191827 30.0 30.0 30.0 30.0 30.0 30.0 30.0
60.1 30.0 30.0 29.998279451514545 29.994947700675514 30.0 30.0 30.0 30.0 30.0 30.0 30.0
60.2 30.0 30.0 29.99831605892911 29.99504803408561 30.0 30.0 30.0 30.0 30.0 30.0 30.0
60.3 30.0 30.0 29.998351887462576 29.99514638513204 30.0 30.0 30.0 30.0 30.0 30.0 30.0
60.4 30.0 30.0 29.998386953686797 29.995242792750517 30.0 30.0 30.0 30.0 30.0 30.0 30.0
60.5 30.0 30.0 29.99842127382117 29.99533729511709 30.0 30.0 30.0 30.0 30.0 30.0 30.0
60.6 30.0 30.0 29.998454863739855 29.995429929663384 30.0 30.0 30.0 30.0 30.0 30.0 30.0
60.7 30.0 30.0 29.998487738979442 29.995520733090352 30.0 30.0 30.0 30.0 30.0 30.0 30.0
60.8 30.0 30.0 29.99851991474581 29.99560974138299 30.0 30.0 30.0 30.0 30.0 30.0 30.0
60.9 30.0 30.0 29.998551405921393 29.99569698982388 30.0 30.0 30.0 30.0 30.0 30.0 30.0
61.0 30.0 30.0 29.99858222707203 29.995782513006738 30.0 30.0 30.0 30.0 30.0 30.0 30.0
61.1 30.0 30.0 29.99861239245348 29.99586634485014 30.0 30.0 30.0 30.0 30.0 30.0 30.0
61.2 30.0 30.0 29.998641916018258 29.995948518610064 30.0 30.0 30.0 30.0 30.0 30.0 30.0
61.3 30.0 30.0 29.998670811422137 29.99602906689318 30.0 30.0 30.0 30.0 30.0 30.0 30.0
61.4 30.0 30.0 29.99869909203014 29.996108021669244 30.0 30.0 30.0 30.0 30.0 30.0 30.0
61.5 30.0 30.0 29.998726770923124 29.996185414283218 30.0 30.0 30.0 30.0 30.0 30.0 30.0
61.6 30.0 30.0 29.998753860903488 29.99626127546789 30.0 30.0 30.0 30.0 30.0 30.0 30.0
61.7 30.0 30.0 29.99878037450126 29.996335635355322 30.0 30.0 30.0 30.0 30.0 30.0 30.0
61.8 30.0 30.0 29.998806323979906 29.996408523488626 30.0 30.0 30.0 30.0 30.0 30.0 30.0
61.9 30.0 30.0 29.998831721342057 29.99647996883331 30.0 30.0 30.0 30.0 30.0 30.0 30.0
62.0 30.0 30.0 29.998856578334802 29.996549999788826 30.0 30.0 30.0 30.0 30.0 30.0 30.0
62.1 30.0 30.0 29.998880906455312 29.99661864419905 30.0 30.0 30.0 30.0 30.0 30.0 30.0
62.2 30.0 30.0 29.998904716956265 29.996685929363185 30.0 30.0 30.0 30.0 30.0 30.0 30.0
62.3 30.0 30.0 29.998928020850766 29.9967518820468 30.0 30.0 30.0 30.0 30.0 30.0 30.0
62.4 30.0 30.0 29.998950828917785 29.996816528491518 30.0 30.0 30.0 30.0 30.0 30.0 30.0
62.5 30.0 30.0 29.99897315170678 29.996879894425675 30.0 30.0 30.0 30.0 30.0 30.0 30.0
62.6 30.0 30.0 29.998994999542838 29.996942005074047 30.0 30.0 30.0 30.0 30.0 30.0 30.0
62.7 30.0 30.0 29.999016382531316 29.997002885167724 30.0 30.0 30.0 30.0 30.0 30.0 30.0
62.8 30.0 30.0 29.99903731056258 29.997062558953647 30.0 30.0 30.0 30.0 30.0 30.0 30.0
62.9 30.0 30.0 29.999057793316563 29.997121050203962 30.0 30.0 30.0 30.0 30.0 30.0 30.0
63.0 30.0 30.0 29.99907784026729 29.997178382225403 30.0 30.0 30.0 30.0 30.0 30.0 30.0
63.1 30.0 30.0 29.999097460687157 29.997234577868287 30.0 30.0 30.0 30.0 30.0 30.0 30.0
63.2 30.0 30.0 29.99911666365128 29.997289659535387 30.0 30.0 30.0 30.0 30.0 30.0 30.0
63.3 30.0 30.0 29.999135458041646 29.99734364919047 30.0 30.0 30.0 30.0 30.0 30.0 30.0
63.4 30.0 30.0 29.99915385255138 29.997396568367016 30.0 30.0 30.0 30.0 30.0 30.0 30.0
63.5 30.0 30.0 29.999171855688612 29.997448438176495 30.0 30.0 30.0 30.0 30.0 30.0 30.0
63.6 30.0 30.0 29.999189475780348 29.99749927931672 30.0 30.0 30.0 30.0 30.0 30.0 30.0
63.7 30.0 30.0 29.999206720976527 29.997549112079653 30.0 30.0 30.0 30.0 30.0 30.0 30.0
63.8 30.0 30.0 29.999223599253614 29.99759795635953 30.0 30.0 30.0 30.0 30.0 30.0 30.0
63.9 30.0 30.0 29.999240118418463 29.99764583166052 30.0 30.0 30.0 30.0 30.0 30.0 30.0
64.0 30.0 30.0 29.99925628611169 29.997692757104325 30.0 30.0 30.0 30.0 30.0 30.0 30.0
64.1 30.0 30.0 29.999272109811486 29.99773875143737 30.0 30.0 30.0 30.0 30.0 30.0 30.0
64.2 30.0 30.0 29.99928759683675 29.99778383303885 30.0 30.0 30.0 30.0 30.0 30.0 30.0
64.3 30.0 30.0 29.999302754350833 29.997828019926853 30.0 30.0 30.0 30.0 30.0 30.0 30.0
64.4 30.0 30.0 29.99931758936467 29.997871329766063 30.0 30.0 30.0 30.0 30.0 30.0 30.0
64.5 30.0 30.0 29.99933210873992 29.997913779874793 30.0 30.0 30.0 30.0 30.0 30.0 30.0
64.6 30.0 30.0 29.99934631919223 29.997955387231176 30.0 30.0 30.0 30.0 30.0 30.0 30.0
64.7 30.0 30.0 29.999360227294545 29.997996168480054 30.0 30.0 30.0 30.0 30.0 30.0 30.0
64.8 30.0 30.0 29.99937383947979 29.998036139939575 30.0 30.0 30.0 30.0 30.0 30.0 30.0
64.9 30.0 30.0 29.99938716204409 29.998075317607466 30.0 30.0 30.0 30.0 30.0 30.0 30.0
65.0 30.0 30.0 29.999400201149566 29.998113717167335 30.0 30.0 30.0 30.0 30.0 30.0 30.0
65.1 30.0 30.0 29.99941296282723 29.998151353994725 30.0 30.0 30.0 30.0 30.0 30.0 30.0
65.2 30.0 30.0 29.999425452979793 29.998188243163014 30.0 30.0 30.0 30.0 30.0 30.0 30.0
65.3 30.0 30.0 29.99943767738449 29.99822439944944 30.0 30.0 30.0 30.0 30.0 30.0 30.0
65.4 30.0 30.0 29.99944964169547 29.99825983734107 30.0 30.0 30.0 30.0 30.0 30.0 30.0
65.5 30.0 30.0 29.999461351446627 29.99829457104029 30.0 30.0 30.0 30.0 30.0 30.0 30.0
65.6 30.0 30.0 29.99947281205419 29.998328614469983 30.0 30.0 30.0 30.0 30.0 30.0 30.0
65.7 30.0 30.0 29.999484028818966 29.99836198127989 30.0 30.0 30.0 30.0 30.0 30.0 30.0
65.8 30.0 30.0 29.999495006929237 29.99839468485084 30.0 30.0 30.0 30.0 30.0 30.0 30.0
65.9 30.0 30.0 29.999505751462692 29.99842673830103 30.0 30.0 30.0 30.0 30.0 30.0 30.0
66.0 30.0 30.0 29.99951626738904 29.998458154490322 30.0 30.0 30.0 30.0 30.0 30.0 30.0
66.1 30.0 30.0 29.999526559572242 29.998488946025923 30.0 30.0 30.0 30.0 30.0 30.0 30.0
66.2 30.0 30.0 29.999536632772827 29.99851912526689 30.0 30.0 30.0 30.0 30.0 30.0 30.0
66.3 30.0 30.0 29.999546491650015 29.998548704329192 30.0 30.0 30.0 30.0 30.0 30.0 30.0
66.4 30.0 30.0 29.99955614076386 29.99857769509038 30.0 30.0 30.0 30.0 30.0 30.0 30.0
66.5 30.0 30.0 29.999565584577372 29.998606109194327 30.0 30.0 30.0 30.0 30.0 30.0 30.0
66.6 30.0 30.0 29.999574827458733 29.99863395805566 30.0 30.0 30.0 30.0 30.0 30.0 30.0
66.7 30.0 30.0 29.999583873683058 29.998661252864384 30.0 30.0 30.0 30.0 30.0 30.0 30.0
66.8 30.0 30.0 29.9995927274345 29.998688004590253 30.0 30.0 30.0 30.0 30.0 30.0 30.0
66.9 30.0 30.0 29.999601392808206 29.998714223987065 30.0 30.0 30.0 30.0 30.0 30.0 30.0
67.0 30.0 30.0 29.99960987381224 29.99873992159661 30.0 30.0 30.0 30.0 30.0 30.0 30.0
67.1 30.0 30.0 29.999618174369434 29.998765107753275 30.0 30.0 30.0 30.0 30.0 30.0 30.0
67.2 30.0 30.0 29.999626298319008 29.99878979258803 30.0 30.0 30.0 30.0 30.0 30.0 30.0
67.3 30.0 30.0 29.99963424941863 29.998813986031916 30.0 30.0 30.0 30.0 30.0 30.0 30.0
67.4 30.0 30.0 29.999642031345854 29.998837697820765 30.0 30.0 30.0 30.0 30.0 30.0 30.0
67.5 30.0 30.0 29.999649647700245 29.99886093749798 30.0 30.0 30.0 30.0 30.0 30.0 30.0
67.6 30.0 30.0 29.99965710200445 29.998883714419602 30.0 30.0 30.0 30.0 30.0 30.0 30.0
67.7 30.0 30.0 29.999664397706514 29.99890603775659 30.0 30.0 30.0 30.0 30.0 30.0 30.0
67.8 30.0 30.0 29.999671538180863 29.998927916499646 30.0 30.0 30.0 30.0 30.0 30.0 30.0
67.9 30.0 30.0 29.999678526730218 29.998949359462028 30.0 30.0 30.0 30.0 30.0 30.0 30.0
68.0 30.0 30.0 29.99968536658706 29.998970375283186 30.0 30.0 30.0 30.0 30.0 30.0 30.0
68.1 30.0 30.0 29.999692060914974 29.99899097243232 30.0 30.0 30.0 30.0 30.0 30.0 30.0
68.2 30.0 30.0 29.999698612810406 29.999011159211395 30.0 30.0 30.0 30.0 30.0 30.0 30.0
68.3 30.0 30.0 29.999705025303815 29.99903094375883 30.0 30.0 30.0 30.0 30.0 30.0 30.0
68.4 30.0 30.0 29.99971130136121 29.999050334052434 30.0 30.0 30.0 30.0 30.0 30.0 30.0
68.5 30.0 30.0 29.999717443885434 29.999069337912672 30.0 30.0 30.0 30.0 30.0 30.0 30.0
68.6 30.0 30.0 29.99972345571769 29.999087963005564 30.0 30.0 30.0 30.0 30.0 30.0 30.0
68.7 30.0 30.0 29.99972933963861 29.99910621684609 30.0 30.0 30.0 30.0 30.0 30.0 30.0
68.8 30.0 30.0 29.99973509836971 29.999124106800675 30.0 30.0 30.0 30.0 30.0 30.0 30.0
68.9 30.0 30.0 29.999740734574655 29.99914164009037 30.0 30.0 30.0 30.0 30.0 30.0 30.0
69.0 30.0 30.0 29.999746250860305 29.9991588237939 30.0 30.0 30.0 30.0 30.0 30.0 30.0
69.1 30.0 30.0 29.999751649778176 29.99917566484997 30.0 30.0 30.0 30.0 30.0 30.0 30.0
69.2 30.0 30.0 29.999756933825417 29.99919217006046 30.0 30.0 30.0 30.0 30.0 30.0 30.0
69.3 30.0 30.0 29.99976210544615 29.999208346092622 30.0 30.0 30.0 30.0 30.0 30.0 30.0
69.4 30.0 30.0 29.999767167032438 29.99922419948236 30.0 30.0 30.0 30.0 30.0 30.0 30.0
69.5 30.0 30.0 29.99977212092536 29.999239736636465 30.0 30.0 30.0 30.0 30.0 30.0 30.0
69.6 30.0 30.0 29.999776969416267 29.999254963834986 30.0 30.0 30.0 30.0 30.0 30.0 30.0
69.7 30.0 30.0 29.99978171474783 29.999269887233787 30.0 30.0 30.0 30.0 30.0 30.0 30.0
69.8 30.0 30.0 29.99978635911494 29.99928451286738 30.0 30.0 30.0 30.0 30.0 30.0 30.0
69.9 30.0 30.0 29.99979090466564 29.999298846651023 30.0 30.0 30.0 30.0 30.0 30.0 30.0
70.0 30.0 30.0 29.999795353502513 29.999312894382765 30.0 30.0 30.0 30.0 30.0 30.0 30.0
70.1 30.0 30.0 29.999799707683337 29.999326661746213 30.0 30.0 30.0 30.0 30.0 30.0 30.0
70.2 30.0 30.0 29.99980396922197 29.999340154312794 30.0 30.0 30.0 30.0 30.0 30.0 30.0
70.3 30.0 30.0 29.99980814008959 29.999353377543386 30.0 30.0 30.0 30.0 30.0 30.0 30.0
70.4 30.0 30.0 29.999812222215297 29.999366336791265 30.0 30.0 30.0 30.0 30.0 30.0 30.0
70.5 30.0 30.0 29.999816217487357 29.99937903730344 30.0 30.0 30.0 30.0 30.0 30.0 30.0
70.6 30.0 30.0 29.99982012775359 29.99939148422364 30.0 30.0 30.0 30.0 30.0 30.0 30.0
70.7 30.0 30.0 29.999823954822634 29.999403682593435 30.0 30.0 30.0 30.0 30.0 30.0 30.0
70.8 30.0 30.0 29.999827700464714 29.999415637354737 30.0 30.0 30.0 30.0 30.0 30.0 30.0
70.9 30.0 30.0 29.999831366412323 29.999427353351894 30.0 30.0 30.0 30.0 30.0 30.0 30.0
71.0 30.0 30.0 29.99983495436099 29.99943883533325 30.0 30.0 30.0 30.0 30.0 30.0 30.0
71.1 30.0 30.0 29.999838465970342 29.999450087952965 30.0 30.0 30.0 30.0 30.0 30.0 30.0
71.2 30.0 30.0 29.999841902864613 29.999461115773446 30.0 30.0 30.0 30.0 30.0 30.0 30.0
71.3 30.0 30.0 29.999845266633475 29.99947192326663 30.0 30.0 30.0 30.0 30.0 30.0 30.0
71.4 30.0 30.0 29.99984855883275 29.99948251481592 30.0 30.0 30.0 30.0 30.0 30.0 30.0
71.5 30.0 30.0 29.99985178098526 29.999492894717775 30.0 30.0 30.0 30.0 30.0 30.0 30.0
71.6 30.0 30.0 29.999854934581315 29.999503067183973 30.0 30.0 30.0 30.0 30.0 30.0 30.0
71.7 30.0 30.0 29.99985802107959 29.999513036342517 30.0 30.0 30.0 30.0 30.0 30.0 30.0
71.8 30.0 30.0 29.999861041907707 29.999522806239824 30.0 30.0 30.0 30.0 30.0 30.0 30.0
71.9 30.0 30.0 29.999863998462896 29.999532380842133 30.0 30.0 30.0 30.0 30.0 30.0 30.0
72.0 30.0 30.0 29.999866892112593 29.999541764037083 30.0 30.0 30.0 30.0 30.0 30.0 30.0
72.1 30.0 30.0 29.999869724195303 29.99955095963527 30.0 30.0 30.0 30.0 30.0 30.0 30.0
72.2 30.0 30.0 29.999872496020895 29.999559971371866 30.0 30.0 30.0 30.0 30.0 30.0 30.0
72.3 30.0 30.0 29.99987520887156 29.999568802907937 30.0 30.0 30.0 30.0 30.0 30.0 30.0
72.4 30.0 30.0 29.99987786400192 29.99957745783216 30.0 30.0 30.0 30.0 30.0 30.0 30.0
72.5 30.0 30.0 29.999880462640174 29.999585939661763 30.0 30.0 30.0 30.0 30.0 30.0 30.0
72.6 30.0 30.0 29.999883005988217 29.999594251844623 30.0 30.0 30.0 30.0 30.0 30.0 30.0
72.7 30.0 30.0 29.999885495222482 29.999602397759997 30.0 30.0 30.0 30.0 30.0 30.0 30.0
72.8 30.0 30.0 29.99988793149436 29.99961038072018 30.0 30.0 30.0 30.0 30.0 30.0 30.0
72.9 30.0 30.0 29.99989031593065 29.999618203971988 30.0 30.0 30.0 30.0 30.0 30.0 30.0
73.0 30.0 30.0 29.99989264963426 29.999625870697503 30.0 30.0 30.0 30.0 30.0 30.0 30.0
73.1 30.0 30.0 29.999894933684587 29.99963338401606 30.0 30.0 30.0 30.0 30.0 30.0 30.0
73.2 30.0 30.0 29.999897169138098 29.99964074698476 30.0 30.0 30.0 30.0 30.0 30.0 30.0
73.3 30.0 30.0 29.999899357028806 29.999647962600378 30.0 30.0 30.0 30.0 30.0 30.0 30.0
73.4 30.0 30.0 29.99990149836858 29.999655033800103 30.0 30.0 30.0 30.0 30.0 30.0 30.0
73.5 30.0 30.0 29.999903594147987 29.99966196346268 30.0 30.0 30.0 30.0 30.0 30.0 30.0
73.6 30.0 30.0 29.999905645336323 29.999668754410028 30.0 30.0 30.0 30.0 30.0 30.0 30.0
73.7 30.0 30.0 29.999907652882364 29.999675409407825 30.0 30.0 30.0 30.0 30.0 30.0 30.0
73.8 30.0 30.0 29.99990961771466 29.999681931166915 30.0 30.0 30.0 30.0 30.0 30.0 30.0
73.9 30.0 30.0 29.999911540742033 29.999688322344387 30.0 30.0 30.0 30.0 30.0 30.0 30.0
74.0 30.0 30.0 29.99991342285395 29.99969458554454 30.0 30.0 30.0 30.0 30.0 30.0 30.0
74.1 30.0 30.0 29.999915264920908 29.99970072332005 30.0 30.0 30.0 30.0 30.0 30.0 30.0
74.2 30.0 30.0 29.99991706779494 29.999706738172787 30.0 30.0 30.0 30.0 30.0 30.0 30.0
74.3 30.0 30.0 29.999918832309962 29.999712632554935 30.0 30.0 30.0 30.0 30.0 30.0 30.0
74.4 30.0 30.0 29.99992055928211 29.999718408870002 30.0 30.0 30.0 30.0 30.0 30.0 30.0
74.5 30.0 30.0 29.99992224951019 29.99972406947379 30.0 30.0 30.0 30.0 30.0 30.0 30.0
74.6 30.0 30.0 29.999923903775976 29.999729616675307 30.0 30.0 30.0 30.0 30.0 30.0 30.0
74.7 30.0 30.0 29.99992552284461 29.999735052737726 30.0 30.0 30.0 30.0 30.0 30.0 30.0
74.8 30.0 30.0 29.999927107464966 29.99974037987909 30.0 30.0 30.0 30.0 30.0 30.0 30.0
74.9 30.0 30.0 29.99992865836997 29.999745600273506 30.0 30.0 30.0 30.0 30.0 30.0 30.0
75.0 30.0 30.0 29.99993017627696 29.999750716051825 30.0 30.0 30.0 30.0 30.0 30.0 30.0
75.1 30.0 30.0 29.99993166188808 29.999755729302557 30.0 30.0 30.0 30.0 30.0 30.0 30.0
75.2 30.0 30.0 29.999933115890485 29.999760642072633 30.0 30.0 30.0 30.0 30.0 30.0 30.0
75.3 30.0 30.0 29.999934538956627 29.999765456368564 30.0 30.0 30.0 30.0 30.0 30.0 30.0
75.4 30.0 30.0 29.999935931744815 29.999770174156513 30.0 30.0 30.0 30.0 30.0 30.0 30.0
75.5 30.0 30.0 29.999937294899148 29.999774797363973 30.0 30.0 30.0 30.0 30.0 30.0 30.0
75.6 30.0 30.0 29.99993862905028 29.999779327879754 30.0 30.0 30.0 30.0 30.0 30.0 30.0
75.7 30.0 30.0 29.99993993481521 29.999783767555463 30.0 30.0 30.0 30.0 30.0 30.0 30.0
75.8 30.0 30.0 29.999941212797882 29.999788118205664 30.0 30.0 30.0 30.0 30.0 30.0 30.0
75.9 30.0 30.0 29.99994246358937 29.99979238160889 30.0 30.0 30.0 30.0 30.0 30.0 30.0
76.0 30.0 30.0 29.99994368776837 29.999796559508113 30.0 30.0 30.0 30.0 30.0 30.0 30.0
76.1 30.0 30.0 29.999944885900987 29.99980065361195 30.0 30.0 30.0 30.0 30.0 30.0 30.0
76.2 30.0 30.0 29.999946058541436 29.99980466559477 30.0 30.0 30.0 30.0 30.0 30.0 30.0
76.3 30.0 30.0 29.999947206232026 29.999808597097832 30.0 30.0 30.0 30.0 30.0 30.0 30.0
76.4 30.0 30.0 29.999948329503653 29.999812449729458 30.0 30.0 30.0 30.0 30.0 30.0 30.0
76.5 30.0 30.0 29.999949428875883 29.99981622506621 30.0 30.0 30.0 30.0 30.0 30.0 30.0
76.6 30.0 30.0 29.999950504857267 29.999819924653018 30.0 30.0 30.0 30.0 30.0 30.0 30.0
76.7 30.0 30.0 29.999951557945412 29.999823550004447 30.0 30.0 30.0 30.0 30.0 30.0 30.0
76.8 30.0 30.0 29.99995258862738 29.999827102604506 30.0 30.0 30.0 30.0 30.0 30.0 30.0
76.9 30.0 30.0 29.999953597379978 29.999830583907794 30.0 30.0 30.0 30.0 30.0 30.0 30.0
77.0 30.0 30.0 29.999954584669762 29.99983399534014 30.0 30.0 30.0 30.0 30.0 30.0 30.0
77.1 30.0 30.0 29.99995555095341 29.99983733829868 30.0 30.0 30.0 30.0 30.0 30.0 30.0
77.2 30.0 30.0 29.999956496677832 29.999840614152863 30.0 30.0 30.0 30.0 30.0 30.0 30.0
77.3 30.0 30.0 29.99995742228046 29.99984382424489 30.0 30.0 30.0 30.0 30.0 30.0 30.0
77.4 30.0 30.0 29.99995832818943 29.99984696989025 30.0 30.0 30.0 30.0 30.0 30.0 30.0
77.5 30.0 30.0 29.999959214823694 29.99985005237815 30.0 30.0 30.0 30.0 30.0 30.0 30.0
77.6 30.0 30.0 29.99996008259339 29.999853072972083 30.0 30.0 30.0 30.0 30.0 30.0 30.0
77.7 30.0 30.0 29.999960931899956 29.999856032910326 30.0 30.0 30.0 30.0 30.0 30.0 30.0
77.8 30.0 30.0 29.999961763136124 29.999858933406788 30.0 30.0 30.0 30.0 30.0 30.0 30.0
77.9 30.0 30.0 29.99996257668639 29.999861775650814 30.0 30.0 30.0 30.0 30.0 30.0 30.0
78.0 30.0 30.0 29.999963372927134 29.999864560808145 30.0 30.0 30.0 30.0 30.0 30.0 30.0
78.1 30.0 30.0 29.999964152226607 29.999867290021406 30.0 30.0 30.0 30.0 30.0 30.0 30.0
78.2 30.0 30.0 29.999964914945213 29.999869964410443 30.0 30.0 30.0 30.0 30.0 30.0 30.0
78.3 30.0 30.0 29.999965661435727 29.9998725850727 30.0 30.0 30.0 30.0 30.0 30.0 30.0
78.4 30.0 30.0 29.999966392043465 29.999875153083625 30.0 30.0 30.0 30.0 30.0 30.0 30.0
78.5 30.0 30.0 29.99996710710639 29.99987766949733 30.0 30.0 30.0 30.0 30.0 30.0 30.0
78.6 30.0 30.0 29.99996780695521 29.999880135347038 30.0 30.0 30.0 30.0 30.0 30.0 30.0
78.7 30.0 30.0 29.99996849191357 29.99988255164526 30.0 30.0 30.0 30.0 30.0 30.0 30.0
78.8 30.0 30.0 29.999969162298342 29.99988491938416 30.0 30.0 30.0 30.0 30.0 30.0 30.0
78.9 30.0 30.0 29.999969818419622 29.999887239536328 30.0 30.0 30.0 30.0 30.0 30.0 30.0
79.0 30.0 30.0 29.999970460580933 29.99988951305481 30.0 30.0 30.0 30.0 30.0 30.0 30.0
79.1 30.0 30.0 29.999971089079217 29.99989174087382 30.0 30.0 30.0 30.0 30.0 30.0 30.0
79.2 30.0 30.0 29.99997170420522 29.999893923908765 30.0 30.0 30.0 30.0 30.0 30.0 30.0
79.3 30.0 30.0 29.9999723062434 29.999896063056813 30.0 30.0 30.0 30.0 30.0 30.0 30.0
79.4 30.0 30.0 29.999972895472215 29.999898159197315 30.0 30.0 30.0 30.0 30.0 30.0 30.0
79.5 30.0 30.0 29.999973472164328 29.99990021319174 30.0 30.0 30.0 30.0 30.0 30.0 30.0
79.6 30.0 30.0 29.999974036586387 29.999902225884906 30.0 30.0 30.0 30.0 30.0 30.0 30.0
79.7 30.0 30.0 29.99997458899944 29.999904198104407 30.0 30.0 30.0 30.0 30.0 30.0 30.0
79.8 30.0 30.0 29.999975129659013 29.999906130661433 30.0 30.0 30.0 30.0 30.0 30.0 30.0
79.9 30.0 30.0 29.99997565881522 29.99990802435083 30.0 30.0 30.0 30.0 30.0 30.0 30.0
80.0 30.0 30.0 29.999976176712757 29.99990987995177 30.0 30.0 30.0 30.0 30.0 30.0 30.0
80.1 30.0 30.0 29.999976683591182 29.999911698227727 30.0 30.0 30.0 30.0 30.0 30.0 30.0
80.2 30.0 30.0 29.999977179685033 29.999913479926935 30.0 30.0 30.0 30.0 30.0 30.0 30.0
80.3 30.0 30.0 29.999977665223618 29.99991522578291 30.0 30.0 30.0 30.0 30.0 30.0 30.0
80.4 30.0 30.0 29.9999781404316 29.99991693651413 30.0 30.0 30.0 30.0 30.0 30.0 30.0
80.5 30.0 30.0 29.999978605528806 29.999918612825063 30.0 30.0 30.0 30.0 30.0 30.0 30.0
80.6 30.0 30.0 29.999979060730325 29.999920255405918 30.0 30.0 30.0 30.0 30.0 30.0 30.0
80.7 30.0 30.0 29.999979506246692 29.9999218649332 30.0 30.0 30.0 30.0 30.0 30.0 30.0
80.8 30.0 30.0 29.999979942283996 29.999923442069782 30.0 30.0 30.0 30.0 30.0 30.0 30.0
80.9 30.0 30.0 29.99998036904387 29.999924987465462 30.0 30.0 30.0 30.0 30.0 30.0 30.0
81.0 30.0 30.0 29.9999807867238 29.999926501756832 30.0 30.0 30.0 30.0 30.0 30.0 30.0
81.1 30.0 30.0 29.9999811955169 29.99992798556804 30.0 30.0 30.0 30.0 30.0 30.0 30.0
81.2 30.0 30.0 29.999981595612326 29.999929439510403 30.0 30.0 30.0 30.0 30.0 30.0 30.0
81.3 30.0 30.0 29.999981987195074 29.999930864183433 30.0 30.0 30.0 30.0 30.0 30.0 30.0
81.4 30.0 30.0 29.999982370446272 29.999932260174337 30.0 30.0 30.0 30.0 30.0 30.0 30.0
81.5 30.0 30.0 29.999982745543175 29.99993362805869 30.0 30.0 30.0 30.0 30.0 30.0 30.0
81.6 30.0 30.0 29.999983112659258 29.9999349684006 30.0 30.0 30.0 30.0 30.0 30.0 30.0
81.7 30.0 30.0 29.99998347196443 29.999936281752767 30.0 30.0 30.0 30.0 30.0 30.0 30.0
81.8 30.0 30.0 29.999983823624717 29.999937568657153 30.0 30.0 30.0 30.0 30.0 30.0 30.0
81.9 30.0 30.0 29.999984167802957 29.99993882964426 30.0 30.0 30.0 30.0 30.0 30.0 30.0
82.0 30.0 30.0 29.99998450465822 29.999940065234707 30.0 30.0 30.0 30.0 30.0 30.0 30.0
82.1 30.0 30.0 29.99998483434637 29.99994127593823 30.0 30.0 30.0 30.0 30.0 30.0 30.0
82.2 30.0 30.0 29.999985157019903 29.999942462254587 30.0 30.0 30.0 30.0 30.0 30.0 30.0
82.3 30.0 30.0 29.999985472828005 29.999943624673417 30.0 30.0 30.0 30.0 30.0 30.0 30.0
82.4 30.0 30.0 29.99998578191678 29.999944763674527 30.0 30.0 30.0 30.0 30.0 30.0 30.0
82.5 30.0 30.0 29.99998608442923 29.99994587972821 30.0 30.0 30.0 30.0 30.0 30.0 30.0
82.6 30.0 30.0 29.999986380505167 29.999946973295554 30.0 30.0 30.0 30.0 30.0 30.0 30.0
82.7 30.0 30.0 29.999986670281693 29.99994804482787 30.0 30.0 30.0 30.0 30.0 30.0 30.0
82.8 30.0 30.0 29.999986953892716 29.999949094767974 30.0 30.0 30.0 30.0 30.0 30.0 30.0
82.9 30.0 30.0 29.999987231469436 29.999950123549556 30.0 30.0 30.0 30.0 30.0 30.0 30.0
83.0 30.0 30.0 29.99998750314034 29.999951131597527 30.0 30.0 30.0 30.0 30.0 30.0 30.0
83.1 30.0 30.0 29.99998776903102 29.999952119328643 30.0 30.0 30.0 30.0 30.0 30.0 30.0
83.2 30.0 30.0 29.999988029264447 29.999953087151095 30.0 30.0 30.0 30.0 30.0 30.0 30.0
83.3 30.0 30.0 29.999988283960988 29.99995403546493 30.0 30.0 30.0 30.0 30.0 30.0 30.0
83.4 30.0 30.0 29.999988533238394 29.999954964662138 30.0 30.0 30.0 30.0 30.0 30.0 30.0
83.5 30.0 30.0 29.99998877721209 29.999955875126822 30.0 30.0 30.0 30.0 30.0 30.0 30.0
83.6 30.0 30.0 29.999989015994796 29.999956767235577 30.0 30.0 30.0 30.0 30.0 30.0 30.0
83.7 30.0 30.0 29.999989249697006 29.999957641357256 30.0 30.0 30.0 30.0 30.0 30.0 30.0
83.8 30.0 30.0 29.999989478426894 29.999958497853417 30.0 30.0 30.0 30.0 30.0 30.0 30.0
83.9 30.0 30.0 29.99998970229011 29.99995933707859 30.0 30.0 30.0 30.0 30.0 30.0 30.0
84.0 30.0 30.0 29.999989921390288 29.9999601593797 30.0 30.0 30.0 30.0 30.0 30.0 30.0
84.1 30.0 30.0 29.99999013582882 29.999960965097056 30.0 30.0 30.0 30.0 30.0 30.0 30.0
84.2 30.0 30.0 29.999990345704784 29.999961754564257 30.0 30.0 30.0 30.0 30.0 30.0 30.0
84.3 30.0 30.0 29.999990551115324 29.999962528107876 30.0 30.0 30.0 30.0 30.0 30.0 30.0
84.4 30.0 30.0 29.99999075215545 29.999963286048196 30.0 30.0 30.0 30.0 30.0 30.0 30.0
84.5 30.0 30.0 29.999990948918146 29.999964028699 30.0 30.0 30.0 30.0 30.0 30.0 30.0
84.6 30.0 30.0 29.999991141494363 29.999964756367934 30.0 30.0 30.0 30.0 30.0 30.0 30.0
84.7 30.0 30.0 29.999991329973206 29.99996546935619 30.0 30.0 30.0 30.0 30.0 30.0 30.0
84.8 30.0 30.0 29.999991514441856 29.999966167959066 30.0 30.0 30.0 30.0 30.0 30.0 30.0
84.9 30.0 30.0 29.99999169498565 29.999966852465885 30.0 30.0 30.0 30.0 30.0 30.0 30.0
85.0 30.0 30.0 29.999991871688085 29.999967523160368 30.0 30.0 30.0 30.0 30.0 30.0 30.0
85.1 30.0 30.0 29.999992044630922 29.99996818032033 30.0 30.0 30.0 30.0 30.0 30.0 30.0
85.2 30.0 30.0 29.999992213894078 29.99996882421817 30.0 30.0 30.0 30.0 30.0 30.0 30.0
85.3 30.0 30.0 29.999992379555927 29.999969455120556 30.0 30.0 30.0 30.0 30.0 30.0 30.0
85.4 30.0 30.0 29.999992541692997 29.99997007328918 30.0 30.0 30.0 30.0 30.0 30.0 30.0
85.5 30.0 30.0 29.999992700380375 29.999970678980123 30.0 30.0 30.0 30.0 30.0 30.0 30.0
85.6 30.0 30.0 29.9999928556914 29.999971272444647 30.0 30.0 30.0 30.0 30.0 30.0 30.0
85.7 30.0 30.0 29.99999300769796 29.999971853928773 30.0 30.0 30.0 30.0 30.0 30.0 30.0
85.8 30.0 30.0 29.999993156470296 29.9999724236738 30.0 30.0 30.0 30.0 30.0 30.0 30.0
85.9 30.0 30.0 29.9999933020773 29.99997298191576 30.0 30.0 30.0 30.0 30.0 30.0 30.0
86.0 30.0 30.0 29.999993444586316 29.999973528886436 30.0 30.0 30.0 30.0 30.0 30.0 30.0
86.1 30.0 30.0 29.99999358406323 29.999974064812612 30.0 30.0 30.0 30.0 30.0 30.0 30.0
86.2 30.0 30.0 29.999993720572483 29.999974589916828 30.0 30.0 30.0 30.0 30.0 30.0 30.0
86.3 30.0 30.0 29.99999385417735 29.999975104416723 30.0 30.0 30.0 30.0 30.0 30.0 30.0
86.4 30.0 30.0 29.999993984939564 29.9999756085261 30.0 30.0 30.0 30.0 30.0 30.0 30.0
86.5 30.0 30.0 29.999994112919598 29.999976102454085 30.0 30.0 30.0 30.0 30.0 30.0 30.0
86.6 30.0 30.0 29.999994238176658 29.99997658640569 30.0 30.0 30.0 30.0 30.0 30.0 30.0
86.7 30.0 30.0 29.99999436076861 29.99997706058196 30.0 30.0 30.0 30.0 30.0 30.0 30.0
86.8 30.0 30.0 29.999994480752246 29.999977525179567 30.0 30.0 30.0 30.0 30.0 30.0 30.0
86.9 30.0 30.0 29.99999459818301 29.999977980391648 30.0 30.0 30.0 30.0 30.0 30.0 30.0
87.0 30.0 30.0 29.999994713115274 29.99997842640718 30.0 30.0 30.0 30.0 30.0 30.0 30.0
87.1 30.0 30.0 29.999994825602162 29.999978863411474 30.0 30.0 30.0 30.0 30.0 30.0 30.0
87.2 30.0 30.0 29.99999493569572 29.999979291586072 30.0 30.0 30.0 30.0 30.0 30.0 30.0
87.3 30.0 30.0 29.999995043446848 29.999979711108857 30.0 30.0 30.0 30.0 30.0 30.0 30.0
87.4 30.0 30.0 29.999995148905466 29.999980122154092 30.0 30.0 30.0 30.0 30.0 30.0 30.0
87.5 30.0 30.0 29.999995252120247 29.999980524892866 30.0 30.0 30.0 30.0 30.0 30.0 30.0
87.6 30.0 30.0 29.999995353138985 29.999980919492266 30.0 30.0 30.0 30.0 30.0 30.0 30.0
87.7 30.0 30.0 29.999995452008413 29.999981306116474 30.0 30.0 30.0 30.0 30.0 30.0 30.0
87.8 30.0 30.0 29.999995548774198 29.999981684926226 30.0 30.0 30.0 30.0 30.0 30.0 30.0
87.9 30.0 30.0 29.99999564348114 29.999982056078995 30.0 30.0 30.0 30.0 30.0 30.0 30.0
88.0 30.0 30.0 29.999995736173066 29.999982419729154 30.0 30.0 30.0 30.0 30.0 30.0 30.0
88.1 30.0 30.0 29.999995826892743 29.999982776027988 30.0 30.0 30.0 30.0 30.0 30.0 30.0
88.2 30.0 30.0 29.99999591568226 29.99998312512353 30.0 30.0 30.0 30.0 30.0 30.0 30.0
88.3 30.0 30.0 29.99999600258264 29.99998346716125 30.0 30.0 30.0 30.0 30.0 30.0 30.0
88.4 30.0 30.0 29.999996087634038 29.99998380228335 30.0 30.0 30.0 30.0 30.0 30.0 30.0
88.5 30.0 30.0 29.999996170875832 29.999984130629223 30.0 30.0 30.0 30.0 30.0 30.0 30.0
88.6 30.0 30.0 29.999996252346527 29.999984452335525 30.0 30.0 30.0 30.0 30.0 30.0 30.0
88.7 30.0 30.0 29.999996332083864 29.99998476753611 30.0 30.0 30.0 30.0 30.0 30.0 30.0
88.8 30.0 30.0 29.999996410124602 29.999985076362268 30.0 30.0 30.0 30.0 30.0 30.0 30.0
88.9 30.0 30.0 29.999996486504937 29.9999853789425 30.0 30.0 30.0 30.0 30.0 30.0 30.0
89.0 30.0 30.0 29.999996561260176 29.999985675402833 30.0 30.0 30.0 30.0 30.0 30.0 30.0
89.1 30.0 30.0 29.999996634424864 29.999985965866657 30.0 30.0 30.0 30.0 30.0 30.0 30.0
89.2 30.0 30.0 29.999996706032867 29.999986250455017 30.0 30.0 30.0 30.0 30.0 30.0 30.0
89.3 30.0 30.0 29.99999677611727 29.999986529286385 30.0 30.0 30.0 30.0 30.0 30.0 30.0
89.4 30.0 30.0 29.999996844710488 29.999986802476897 30.0 30.0 30.0 30.0 30.0 30.0 30.0
89.5 30.0 30.0 29.999996911844356 29.99998707014031 30.0 30.0 30.0 30.0 30.0 30.0 30.0
89.6 30.0 30.0 29.999996977549834 29.999987332388272 30.0 30.0 30.0 30.0 30.0 30.0 30.0
89.7 30.0 30.0 29.999997041857302 29.999987589330026 30.0 30.0 30.0 30.0 30.0 30.0 30.0
89.8 30.0 30.0 29.999997104796464 29.999987841072677 30.0 30.0 30.0 30.0 30.0 30.0 30.0
89.9 30.0 30.0 29.99999716639654 29.999988087720997 30.0 30.0 30.0 30.0 30.0 30.0 30.0
90.0 30.0 30.0 29.999997226685977 29.999988329377995 30.0 30.0 30.0 30.0 30.0 30.0 30.0
90.1 30.0 30.0 29.999997285692636 29.999988566144346 30.0 30.0 30.0 30.0 30.0 30.0 30.0
90.2 30.0 30.0 29.999997343443905 29.99998879811861 30.0 30.0 30.0 30.0 30.0 30.0 30.0
90.3 30.0 30.0 29.99999739996639 29.999989025397813 30.0 30.0 30.0 30.0 30.0 30.0 30.0
90.4 30.0 30.0 29.999997455286213 29.999989248076634 30.0 30.0 30.0 30.0 30.0 30.0 30.0
90.5 30.0 30.0 29.99999750942901 29.999989466247815 30.0 30.0 30.0 30.0 30.0 30.0 30.0
90.6 30.0 30.0 29.99999756241985 29.999989680002457 30.0 30.0 30.0 30.0 30.0 30.0 30.0
90.7 30.0 30.0 29.999997614283302 29.99998988942957 30.0 30.0 30.0 30.0 30.0 30.0 30.0
90.8 30.0 30.0 29.999997665043264 29.999990094616805 30.0 30.0 30.0 30.0 30.0 30.0 30.0
90.9 30.0 30.0 29.999997714723154 29.999990295649738 30.0 30.0 30.0 30.0 30.0 30.0 30.0
91.0 30.0 30.0 29.999997763346098 29.999990492612014 30.0 30.0 30.0 30.0 30.0 30.0 30.0
91.1 30.0 30.0 29.99999781093444 29.999990685586187 30.0 30.0 30.0 30.0 30.0 30.0 30.0
91.2 30.0 30.0 29.99999785751034 29.99999087465244 30.0 30.0 30.0 30.0 30.0 30.0 30.0
91.3 30.0 30.0 29.99999790309518 29.99999105989005 30.0 30.0 30.0 30.0 30.0 30.0 30.0
91.4 30.0 30.0 29.999997947710156 29.999991241376126 30.0 30.0 30.0 30.0 30.0 30.0 30.0
91.5 30.0 30.0 29.999997991375963 29.999991419186465 30.0 30.0 30.0 30.0 30.0 30.0 30.0
91.6 30.0 30.0 29.999998034112732 29.99999159339542 30.0 30.0 30.0 30.0 30.0 30.0 30.0
91.7 30.0 30.0 29.999998075940198 29.99999176407573 30.0 30.0 30.0 30.0 30.0 30.0 30.0
91.8 30.0 30.0 29.999998116877716 29.999991931298663 30.0 30.0 30.0 30.0 30.0 30.0 30.0
91.9 30.0 30.0 29.999998156944056 29.99999209513421 30.0 30.0 30.0 30.0 30.0 30.0 30.0
92.0 30.0 30.0 29.999998196157982 29.999992255650465 30.0 30.0 30.0 30.0 30.0 30.0 30.0
92.1 30.0 30.0 29.999998234537692 29.999992412914644 30.0 30.0 30.0 30.0 30.0 30.0 30.0
92.2 30.0 30.0 29.99999827210079 29.99999256699273 30.0 30.0 30.0 30.0 30.0 30.0 30.0
92.3 30.0 30.0 29.999998308864694 29.99999271794891 30.0 30.0 30.0 30.0 30.0 30.0 30.0
92.4 30.0 30.0 29.99999834484624 29.99999286584642 30.0 30.0 30.0 30.0 30.0 30.0 30.0
92.5 30.0 30.0 29.999998380062262 29.9999930107468 30.0 30.0 30.0 30.0 30.0 30.0 30.0
92.6 30.0 30.0 29.999998414529017 29.999993152710815 30.0 30.0 30.0 30.0 30.0 30.0 30.0
92.7 30.0 30.0 29.999998448262367 29.999993291797786 30.0 30.0 30.0 30.0 30.0 30.0 30.0
92.8 30.0 30.0 29.99999848127799 29.999993428065984 30.0 30.0 30.0 30.0 30.0 30.0 30.0
92.9 30.0 30.0 29.99999851359118 29.999993561572246 30.0 30.0 30.0 30.0 30.0 30.0 30.0
93.0 30.0 30.0 29.999998545216826 29.999993692372534 30.0 30.0 30.0 30.0 30.0 30.0 30.0
93.1 30.0 30.0 29.999998576169638 29.999993820521354 30.0 30.0 30.0 30.0 30.0 30.0 30.0
93.2 30.0 30.0 29.99999860646394 29.999993946072454 30.0 30.0 30.0 30.0 30.0 30.0 30.0
93.3 30.0 30.0 29.99999863611366 29.99999406907834 30.0 30.0 30.0 30.0 30.0 30.0 30.0
93.4 30.0 30.0 29.99999866513254 29.999994189590602 30.0 30.0 30.0 30.0 30.0 30.0 30.0
93.5 30.0 30.0 29.999998693533932 29.99999430765954 30.0 30.0 30.0 30.0 30.0 30.0 30.0
93.6 30.0 30.0 29.999998721330993 29.999994423334563 30.0 30.0 30.0 30.0 30.0 30.0 30.0
93.7 30.0 30.0 29.999998748536687 29.999994536664143 30.0 30.0 30.0 30.0 30.0 30.0 30.0
93.8 30.0 30.0 29.999998775163597 29.999994647695644 30.0 30.0 30.0 30.0 30.0 30.0 30.0
93.9 30.0 30.0 29.99999880122391 29.999994756475747 30.0 30.0 30.0 30.0 30.0 30.0 30.0
94.0 30.0 30.0 29.99999882672982 29.999994863049828 30.0 30.0 30.0 30.0 30.0 30.0 30.0
94.1 30.0 30.0 29.999998851692933 29.99999496746271 30.0 30.0 30.0 30.0 30.0 30.0 30.0
94.2 30.0 30.0 29.999998876125055 29.9999950697576 30.0 30.0 30.0 30.0 30.0 30.0 30.0
94.3 30.0 30.0 29.99999890003722 29.999995169978032 30.0 30.0 30.0 30.0 30.0 30.0 30.0
94.4 30.0 30.0 29.999998923440646 29.999995268165595 30.0 30.0 30.0 30.0 30.0 30.0 30.0
94.5 30.0 30.0 29.999998946346174 29.999995364361425 30.0 30.0 30.0 30.0 30.0 30.0 30.0
94.6 30.0 30.0 29.99999896876425 29.999995458605994 30.0 30.0 30.0 30.0 30.0 30.0 30.0
94.7 30.0 30.0 29.99999899070552 29.99999555093849 30.0 30.0 30.0 30.0 30.0 30.0 30.0
94.8 30.0 30.0 29.99999901217985 29.999995641397863 30.0 30.0 30.0 30.0 30.0 30.0 30.0
94.9 30.0 30.0 29.999999033197305 29.999995730021872 30.0 30.0 30.0 30.0 30.0 30.0 30.0
95.0 30.0 30.0 29.99999905376756 29.99999581684786 30.0 30.0 30.0 30.0 30.0 30.0 30.0
95.1 30.0 30.0 29.999999073900096 29.999995901912083 30.0 30.0 30.0 30.0 30.0 30.0 30.0
95.2 30.0 30.0 29.999999093604394 29.99999598525025 30.0 30.0 30.0 30.0 30.0 30.0 30.0
95.3 30.0 30.0 29.99999911288936 29.999996066897314 30.0 30.0 30.0 30.0 30.0 30.0 30.0
95.4 30.0 30.0 29.999999131764085 29.99999614688736 30.0 30.0 30.0 30.0 30.0 30.0 30.0
95.5 30.0 30.0 29.999999150237276 29.999996225254073 30.0 30.0 30.0 30.0 30.0 30.0 30.0
95.6 30.0 30.0 29.999999168317256 29.999996302030624 30.0 30.0 30.0 30.0 30.0 30.0 30.0
95.7 30.0 30.0 29.99999918601254 29.999996377248706 30.0 30.0 30.0 30.0 30.0 30.0 30.0
95.8 30.0 30.0 29.99999920333145 29.999996450939996 30.0 30.0 30.0 30.0 30.0 30.0 30.0
95.9 30.0 30.0 29.999999220281914 29.999996523135426 30.0 30.0 30.0 30.0 30.0 30.0 30.0
96.0 30.0 30.0 29.999999236871677 29.999996593865433 30.0 30.0 30.0 30.0 30.0 30.0 30.0
96.1 30.0 30.0 29.99999925310848 29.99999666315951 30.0 30.0 30.0 30.0 30.0 30.0 30.0
96.2 30.0 30.0 29.99999926899987 29.9999967310468 30.0 30.0 30.0 30.0 30.0 30.0 30.0
96.3 30.0 30.0 29.999999284553002 29.99999679755607 30.0 30.0 30.0 30.0 30.0 30.0 30.0
96.4 30.0 30.0 29.999999299775233 29.99999686271481 30.0 30.0 30.0 30.0 30.0 30.0 30.0
96.5 30.0 30.0 29.999999314673726 29.999996926550498 30.0 30.0 30.0 30.0 30.0 30.0 30.0
96.6 30.0 30.0 29.999999329255054 29.999996989090242 30.0 30.0 30.0 30.0 30.0 30.0 30.0
96.7 30.0 30.0 29.999999343526188 29.999997050359937 30.0 30.0 30.0 30.0 30.0 30.0 30.0
96.8 30.0 30.0 29.999999357493703 29.999997110385372 30.0 30.0 30.0 30.0 30.0 30.0 30.0
96.9 30.0 30.0 29.999999371163987 29.999997169191857 30.0 30.0 30.0 30.0 30.0 30.0 30.0
97.0 30.0 30.0 29.99999938454343 29.999997226804158 30.0 30.0 30.0 30.0 30.0 30.0 30.0
97.1 30.0 30.0 29.99999939763822 29.999997283246266 30.0 30.0 30.0 30.0 30.0 30.0 30.0
97.2 30.0 30.0 29.999999410454354 29.99999733854202 30.0 30.0 30.0 30.0 30.0 30.0 30.0
97.3 30.0 30.0 29.999999422997835 29.999997392714526 30.0 30.0 30.0 30.0 30.0 30.0 30.0
97.4 30.0 30.0 29.999999435274464 29.9999974457867 30.0 30.0 30.0 30.0 30.0 30.0 30.0
97.5 30.0 30.0 29.999999447289856 29.999997497780903 30.0 30.0 30.0 30.0 30.0 30.0 30.0
97.6 30.0 30.0 29.999999459049622 29.999997548718788 30.0 30.0 30.0 30.0 30.0 30.0 30.0
97.7 30.0 30.0 29.99999947055918 29.999997598621793 30.0 30.0 30.0 30.0 30.0 30.0 30.0
97.8 30.0 30.0 29.999999481823952 29.999997647510828 30.0 30.0 30.0 30.0 30.0 30.0 30.0
97.9 30.0 30.0 29.99999949284896 29.999997695406808 30.0 30.0 30.0 30.0 30.0 30.0 30.0
98.0 30.0 30.0 29.99999950363944 29.999997742329544 30.0 30.0 30.0 30.0 30.0 30.0 30.0
98.1 30.0 30.0 29.99999951420022 29.999997788298842 30.0 30.0 30.0 30.0 30.0 30.0 30.0
98.2 30.0 30.0 29.99999952453634 29.999997833333985 30.0 30.0 30.0 30.0 30.0 30.0 30.0
98.3 30.0 30.0 29.999999534652627 29.999997877453826 30.0 30.0 30.0 30.0 30.0 30.0 30.0
98.4 30.0 30.0 29.999999544553543 29.999997920677277 30.0 30.0 30.0 30.0 30.0 30.0 30.0
98.5 30.0 30.0 29.999999554243917 29.999997963022153 30.0 30.0 30.0 30.0 30.0 30.0 30.0
98.6 30.0 30.0 29.99999956372801 29.999998004506597 30.0 30.0 30.0 30.0 30.0 30.0 30.0
98.7 30.0 30.0 29.99999957301047 29.99999804514768 30.0 30.0 30.0 30.0 30.0 30.0 30.0
98.8 30.0 30.0 29.999999582095356 29.999998084962808 30.0 30.0 30.0 30.0 30.0 30.0 30.0
98.9 30.0 30.0 29.999999590986924 29.999998123968727 30.0 30.0 30.0 30.0 30.0 30.0 30.0
99.0 30.0 30.0 29.99999959968924 29.99999816218175 30.0 30.0 30.0 30.0 30.0 30.0 30.0
99.1 30.0 30.0 29.99999960820656 29.999998199617654 30.0 30.0 30.0 30.0 30.0 30.0 30.0
99.2 30.0 30.0 29.999999616542564 29.99999823629276 30.0 30.0 30.0 30.0 30.0 30.0 30.0
99.3 30.0 30.0 29.99999962470131 29.999998272222147 30.0 30.0 30.0 30.0 30.0 30.0 30.0
99.4 30.0 30.0 29.99999963268648 29.999998307421016 30.0 30.0 30.0 30.0 30.0 30.0 30.0
99.5 30.0 30.0 29.99999964050175 29.99999834190426 30.0 30.0 30.0 30.0 30.0 30.0 30.0
99.6 30.0 30.0 29.9999996481506 29.999998375686573 30.0 30.0 30.0 30.0 30.0 30.0 30.0
99.7 30.0 30.0 29.99999965563671 29.99999840878173 30.0 30.0 30.0 30.0 30.0 30.0 30.0
99.8 30.0 30.0 29.99999966296356 29.99999844120385 30.0 30.0 30.0 30.0 30.0 30.0 30.0
99.9 30.0 30.0 29.999999670134635 29.99999847296651 30.0 30.0 30.0 30.0 30.0 30.0 30.0
