0.0 30.0 30.0 30.0 30.0 30.0 30.0 30.0 30.0 30.0 30.0 30.0
0.1 30.0 30.0 30.0 30.0 30.0 30.0 30.0 30.0 30.0 30.0 30.0
0.2 30.0 30.0 30.0 30.0 30.0 30.0 30.0 30.0 30.0 30.0 30.0
0.3 30.0 30.0 30.0 30.0 30.0 30.0 30.0 30.0 30.0 30.0 30.0
0.4 30.0 30.0 30.0 30.0 30.0 30.0 30.0 30.0 30.0 30.0 30.0
0.5 30.0 30.0 30.0 30.0 30.0 30.0 30.0 30.0 30.0 30.0 30.0
0.6 30.0 30.0 30.0 30.0 30.0 30.0 30.0 30.0 30.0 30.0 30.0
0.7 30.0 30.0 30.0 30.0 30.0 30.0 30.0 30.0 30.0 30.0 30.0
0.8 30.0 30.0 30.0 30.0 30.0 30.0 30.0 30.0 30.0 30.0 30.0
0.9 30.0 30.0 30.0 30.0 30.0 30.0 30.0 30.0 30.0 30.0 30.0
1.0 30.0 30.0 30.0 30.0 30.0 30.0 30.0 30.0 30.0 30.0 30.0
1.1 30.0 30.0 30.0 30.0 30.0 30.0 30.0 30.0 30.0 30.0 30.0
1.2 30.0 30.0 30.0 30.0 30.0 30.0 30.0 30.0 30.0 30.0 30.0
1.3 30.0 30.0 30.0 30.0 30.0 30.0 30.0 30.0 30.0 30.0 30.0
1.4 30.0 30.0 30.0 30.0 30.0 30.0 30.0 30.0 30.0 30.0 30.0
1.5 30.0 30.0 30.0 30.0 30.0 30.0 30.0 30.0 30.0 30.0 30.0
1.6 30.0 30.0 30.0 30.0 30.0 30.0 30.0 30.0 30.0 30.0 30.0
1.7 30.0 30.0 30.0 30.0 30.0 30.0 30.0 30.0 30.0 30.0 30.0
1.8 30.0 30.0 30.0 30.0 30.0 30.0 30.0 30.0 30.0 30.0 30.0
1.9 30.0 30.0 30.0 30.0 30.0 30.0 30.0 30.0 30.0 30.0 30.0
2.0 30.0 30.0 30.0 30.0 30.0 30.0 30.0 30.0 30.0 30.0 30.0
2.1 30.0 30.0 30.0 30.0 30.0 30.0 30.0 30.0 30.0 30.0 30.0
2.2 30.0 30.0 30.0 30.0 30.0 30.0 30.0 30.0 30.0 30.0 30.0
2.3 30.0 30.0 30.0 30.0 30.0 30.0 30.0 30.0 30.0 30.0 30.0
2.4 30.0 30.0 30.0 30.0 30.0 30.0 30.0 30.0 30.0 30.0 30.0
2.5 30.0 30.0 30.0 30.0 30.0 30.0 30.0 30.0 30.0 30.0 30.0
2.6 30.0 30.0 30.0 30.0 30.0 30.0 30.0 30.0 30.0 30.0 30.0
2.7 30.0 30.0 30.0 30.0 30.0 30.0 30.0 30.0 30.0 30.0 30.0
2.8 30.0 30.0 30.0 30.0 30.0 30.0 30.0 30.0 30.0 30.0 30.0
2.9 30.0 30.0 30.0 30.0 30.0 30.0 30.0 30.0 30.0 30.0 30.0
3.0 30.0 30.0 30.0 30.0 30.0 30.0 30.0 30.0 30.0 30.0 30.0
3.1 30.0 30.0 30.0 30.0 30.0 30.0 30.0 30.0 30.0 30.0 30.0
3.2 30.0 30.0 30.0 30.0 30.0 30.0 30.0 30.0 30.0 30.0 30.0
3.3 30.0 30.0 30.0 30.0 30.0 30.0 30.0 30.0 30.0 30.0 30.0
3.4 30.0 30.0 30.0 30.0 30.0 30.0 30.0 30.0 30.0 30.0 30.0
3.5 30.0 30.0 30.0 30.0 30.0 30.0 30.0 30.0 30.0 30.0 30.0
3.6 30.0 30.0 30.0 30.0 30.0 30.0 30.0 30.0 30.0 30.0 30.0
3.7 30.0 30.0 30.0 30.0 30.0 30.0 30.0 30.0 30.0 30.0 30.0
3.8 30.0 30.0 30.0 30.0 30.0 30.0 30.0 30.0 30.0 30.0 30.0
3.9 30.0 30.0 30.0 30.0 30.0 30.0 30.0 30.0 30.0 30.0 30.0
4.0 30.0 30.0 30.0 30.0 30.0 30.0 30.0 30.0 30.0 30.0 30.0
4.1 30.0 30.0 30.0 30.0 30.0 30.0 30.0 30.0 30.0 30.0 30.0
4.2 30.0 30.0 30.0 30.0 30.0 30.0 30.0 30.0 30.0 30.0 30.0
4.3 30.0 30.0 30.0 30.0 30.0 30.0 30.0 30.0 30.0 30.0 30.0
4.4 30.0 30.0 30.0 30.0 30.0 30.0 30.0 30.0 30.0 30.0 30.0
4.5 30.0 30.0 30.0 30.0 30.0 30.0 30.0 30.0 30.0 30.0 30.0
4.6 30.0 30.0 30.0 30.0 30.0 30.0 30.0 30.0 30.0 30.0 30.0
4.7 30.0 30.0 30.0 30.0 30.0 30.0 30.0 30.0 30.0 30.0 30.0
4.8 30.0 30.0 30.0 30.0 30.0 30.0 30.0 30.0 30.0 30.0 30.0
4.9 30.0 30.0 30.0 30.0 30.0 30.0 30.0 30.0 30.0 30.0 30.0
5.0 30.0 30.0 30.0 30.0 30.0 30.0 30.0 30.0 30.0 30.0 30.0
5.1 30.0 30.0 30.0 30.0 30.0 30.0 30.0 30.0 30.0 30.0 30.0
5.2 30.0 30.0 30.0 30.0 30.0 30.0 30.0 30.0 30.0 30.0 30.0
5.3 30.0 30.0 30.0 30.0 30.0 30.0 30.0 30.0 30.0 30.0 30.0
5.4 30.0 30.0 30.0 30.0 30.0 30.0 30.0 30.0 30.0 30.0 30.0
5.5 30.0 30.0 30.0 30.0 30.0 30.0 30.0 30.0 30.0 30.0 30.0
5.6 30.0 30.0 30.0 30.0 30.0 30.0 30.0 30.0 30.0 30.0 30.0
5.7 30.0 30.0 30.0 30.0 30.0 30.0 30.0 30.0 30.0 30.0 30.0
5.8 30.0 30.0 30.0 30.0 30.0 30.0 30.0 30.0 30.0 30.0 30.0
5.9 30.0 30.0 30.0 30.0 30.0 30.0 30.0 30.0 30.0 30.0 30.0
6.0 30.0 30.0 30.0 30.0 30.0 30.0 30.0 30.0 30.0 30.0 30.0
6.1 30.0 30.0 30.0 30.0 30.0 30.0 30.0 30.0 30.0 30.0 30.0
6.2 30.0 30.0 30.0 30.0 30.0 30.0 30.0 30.0 30.0 30.0 30.0
6.3 30.0 30.0 30.0 30.0 30.0 30.0 30.0 30.0 30.0 30.0 30.0
6.4 30.0 30.0 30.0 30.0 30.0 30.0 30.0 30.0 30.0 30.0 30.0
6.5 30.0 30.0 30.0 30.0 30.0 30.0 30.0 30.0 30.0 30.0 30.0
6.6 30.0 30.0 30.0 30.0 30.0 30.0 30.0 30.0 30.0 30.0 30.0
6.7 30.0 30.0 30.0 30.0 30.0 30.0 30.0 30.0 30.0 30.0 30.0
6.8 30.0 29.2 30.0 30.0 30.0 30.0 30.0 30.0 30.0 30.0 30.0
6.9 30.0 28.4 30.0 30.0 30.0 30.0 30.0 30.0 30.0 30.0 30.0
7.0 30.0 28.137111111110272 30.0 30.0 30.0 30.0 30.0 30.0 30.0 30.0 30.0
7.1 30.0 27.879383838383006 30.0 30.0 30.0 30.0 30.0 30.0 30.0 30.0 30.0
7.2 30.0 27.624397842056105 30.0 30.0 30.0 30.0 30.0 30.0 30.0 30.0 30.0
7.3 30.0 27.37520698200938 30.0 30.0 30.0 30.0 30.0 30.0 30.0 30.0 30.0
7.4 30.0 27.130090702939576 30.0 30.0 30.0 30.0 30.0 30.0 30.0 30.0 30.0
7.5 30.0 26.886600221475845 30.0 30.0 30.0 30.0 30.0 30.0 30.0 30.0 30.0
7.6 30.0 26.648772309348484 30.0 30.0 30.0 30.0 30.0 30.0 30.0 30.0 30.0
7.7 30.0 26.41647527889853 30.0 30.0 30.0 30.0 30.0 30.0 30.0 30.0 30.0
7.8 30.0 26.184570516993784 30.0 30.0 30.0 30.0 30.0 30.0 30.0 30.0 30.0
7.9 30.0 25.957795028493923 30.0 30.0 30.0 30.0 30.0 30.0 30.0 30.0 30.0
8.0 30.0 25.736418956386913 30.0 30.0 30.0 30.0 30.0 30.0 30.0 30.0 30.0
8.1 30.0 25.518370175899083 30.0 30.0 30.0 30.0 30.0 30.0 30.0 30.0 30.0
8.2 30.0 25.302312366730817 30.0 30.0 30.0 30.0 30.0 30.0 30.0 30.0 30.0
8.3 30.0 25.410060845591094 30.0 30.0 30.0 30.0 30.0 30.0 30.0 30.0 30.0
8.4 30.0 25.539571556674264 30.0 30.0 30.0 30.0 30.0 30.0 30.0 30.0 30.0
8.5 30.0 25.68816338730884 30.0 30.0 30.0 30.0 30.0 30.0 30.0 30.0 30.0
8.6 30.0 25.858921401896726 30.0 30.0 30.0 30.0 30.0 30.0 30.0 30.0 30.0
8.7 30.0 25.058921401896725 30.0 30.0 30.0 30.0 30.0 30.0 30.0 30.0 30.0
8.8 30.0 24.258921401896725 30.0 30.0 30.0 30.0 30.0 30.0 30.0 30.0 30.0
8.9 30.0 23.458921401896724 30.0 30.0 30.0 30.0 30.0 30.0 30.0 30.0 30.0
9.0 30.0 22.658921401896723 30.0 30.0 30.0 30.0 30.0 30.0 30.0 30.0 30.0
9.1 30.0 22.154056537031742 30.0 30.0 30.0 30.0 30.0 30.0 30.0 30.0 30.0
9.2 30.0 22.005568522517375 30.0 30.0 30.0 30.0 30.0 30.0 30.0 30.0 30.0
9.3 30.0 21.86109369758444 30.0 30.0 30.0 30.0 30.0 30.0 30.0 30.0 30.0
9.4 30.0 21.720523597649706 30.0 30.0 30.0 30.0 30.0 30.0 30.0 30.0 30.0
9.5 30.0 21.58330137542744 30.0 30.0 30.0 30.0 30.0 30.0 30.0 30.0 30.0
9.6 30.0 21.4465430038878 30.0 30.0 30.0 30.0 30.0 30.0 30.0 30.0 30.0
9.7 30.0 21.313583476002016 30.0 30.0 30.0 30.0 30.0 30.0 30.0 30.0 30.0
9.8 30.0 21.184317268335306 30.0 30.0 30.0 30.0 30.0 30.0 30.0 30.0 30.0
9.9 30.0 21.058641788659322 30.0 30.0 30.0 30.0 30.0 30.0 30.0 30.0 30.0
10.0 30.0 20.936457294529895 30.0 30.0 30.0 30.0 30.0 30.0 30.0 30.0 30.0
10.1 30.0 20.817666814126238 30.0 30.0 30.0 30.0 30.0 30.0 30.0 30.0 30.0
10.2 30.0 21.06495384706723 30.0 30.0 30.0 30.0 30.0 30.0 30.0 30.0 30.0
10.3 30.0 21.333149573537607 30.0 30.0 30.0 30.0 30.0 30.0 30.0 30.0 30.0
10.4 30.0 21.621087434427448 30.0 30.0 30.0 30.0 30.0 30.0 30.0 30.0 30.0
10.5 30.0 21.924841828091544 30.0 30.0 30.0 30.0 30.0 30.0 30.0 30.0 30.0
10.6 30.0 21.124841828091544 30.0 30.0 30.0 30.0 30.0 30.0 30.0 30.0 30.0
10.7 30.0 20.324841828091543 30.0 30.0 30.0 30.0 30.0 30.0 30.0 30.0 30.0
10.8 30.0 19.524841828091542 30.0 30.0 30.0 30.0 30.0 30.0 30.0 30.0 30.0
10.9 30.0 18.72484182809154 30.0 30.0 30.0 30.0 30.0 30.0 30.0 30.0 30.0
11.0 30.0 18.266091828091287 30.0 30.0 30.0 30.0 30.0 30.0 30.0 30.0 30.0
11.1 30.0 18.21590145846343 30.0 30.0 30.0 30.0 30.0 30.0 30.0 30.0 30.0
11.2 30.0 18.167279537886426 30.0 30.0 30.0 30.0 30.0 30.0 30.0 30.0 30.0
11.3 30.0 18.120177052327474 30.0 30.0 30.0 30.0 30.0 30.0 30.0 30.0 30.0
11.4 30.0 18.07454651944219 30.0 30.0 30.0 30.0 30.0 30.0 30.0 30.0 30.0
11.5 30.0 18.0303419407096 30.0 30.0 30.0 30.0 30.0 30.0 30.0 30.0 30.0
11.6 30.0 17.987518755062407 30.0 30.0 30.0 30.0 30.0 30.0 30.0 30.0 30.0
11.7 30.0 17.946033793966688 30.0 30.0 30.0 30.0 30.0 30.0 30.0 30.0 30.0
11.8 30.0 17.905845237905208 30.0 30.0 30.0 30.0 30.0 30.0 30.0 30.0 30.0
11.9 30.0 17.86691257422063 30.0 30.0 30.0 30.0 30.0 30.0 30.0 30.0 30.0
12.0 30.0 17.829196556276226 30.0 30.0 30.0 30.0 30.0 30.0 30.0 30.0 30.0
12.1 30.0 18.20078416389262 30.0 30.0 30.0 30.0 30.0 30.0 30.0 30.0 30.0
12.2 30.0 18.586191184262816 30.0 30.0 30.0 30.0 30.0 30.0 30.0 30.0 30.0
12.3 30.0 18.984185390800302 30.0 30.0 30.0 30.0 30.0 30.0 30.0 30.0 30.0
12.4 30.0 19.398645073694393 30.0 30.0 30.0 30.0 30.0 30.0 30.0 30.0 30.0
12.5 30.0 18.598645073694392 30.0 30.0 30.0 30.0 30.0 30.0 30.0 30.0 30.0
12.6 30.0 17.79864507369439 30.0 30.0 30.0 30.0 30.0 30.0 30.0 30.0 30.0
12.7 30.0 16.99864507369439 30.0 30.0 30.0 30.0 30.0 30.0 30.0 30.0 30.0
12.8 30.0 16.19864507369439 30.0 30.0 30.0 30.0 30.0 30.0 30.0 30.0 30.0
12.9 30.0 15.775196797832088 30.0 30.0 30.0 30.0 30.0 30.0 30.0 30.0 30.0
13.0 30.0 15.80570725307927 29.53311366998781 30.0 30.0 30.0 30.0 30.0 30.0 30.0 30.0
13.1 30.0 15.835165623662695 29.247293935917988 30.0 30.0 30.0 30.0 30.0 30.0 30.0 30.0
13.2 30.0 15.86360818836399 28.967893516979473 30.0 30.0 30.0 30.0 30.0 30.0 30.0 30.0
13.3 30.0 15.89106997497207 28.692427226261486 30.0 30.0 30.0 30.0 30.0 30.0 30.0 30.0
13.4 30.0 15.917584803421251 28.419547597245177 30.0 30.0 30.0 30.0 30.0 30.0 30.0 30.0
13.5 30.0 15.94318532744118 28.15292135161652 30.0 30.0 30.0 30.0 30.0 30.0 30.0 30.0
13.6 30.0 15.967903074770751 27.889957608066997 30.0 30.0 30.0 30.0 30.0 30.0 30.0 30.0
13.7 30.0 15.991768485985551 27.629675395929826 30.0 30.0 30.0 30.0 30.0 30.0 30.0 30.0
13.8 30.0 16.014317253586505 27.375483030091996 30.0 30.0 30.0 30.0 30.0 30.0 30.0 30.0
13.9 30.0 16.035840011800257 27.12564724152437 30.0 30.0 30.0 30.0 30.0 30.0 30.0 30.0
14.0 30.0 16.491978678073625 26.877755333025576 30.0 30.0 30.0 30.0 30.0 30.0 30.0 30.0
14.1 30.0 16.96088327948827 26.84838316257243 30.0 30.0 30.0 30.0 30.0 30.0 30.0 30.0
14.2 30.0 17.43698381885959 26.84027793989096 30.0 30.0 30.0 30.0 30.0 30.0 30.0 30.0
14.3 30.0 17.924047330180866 26.85411089816458 30.0 30.0 30.0 30.0 30.0 30.0 30.0 30.0
14.4 30.0 17.124047330180865 26.891839212116754 30.0 30.0 30.0 30.0 30.0 30.0 30.0 30.0
14.5 30.0 16.324047330180864 26.263267783545317 30.0 30.0 30.0 30.0 30.0 30.0 30.0 30.0
14.6 30.0 15.524047330180863 25.63795188393711 30.0 30.0 30.0 30.0 30.0 30.0 30.0 30.0
14.7 30.0 14.724047330180863 25.01356164003471 30.0 30.0 30.0 30.0 30.0 30.0 30.0 30.0
14.8 30.0 14.32849177462508 24.39356164003469 30.0 30.0 30.0 30.0 30.0 30.0 30.0 30.0
14.9 30.0 14.414313790723286 23.964843691316656 30.0 30.0 30.0 30.0 30.0 30.0 30.0 30.0
15.0 30.0 14.494516869625993 23.757734926285867 30.0 30.0 30.0 30.0 30.0 30.0 30.0 30.0
15.1 30.0 14.571855552853588 23.557233320224032 30.0 30.0 30.0 30.0 30.0 30.0 30.0 30.0
15.2 30.0 14.646432140251648 23.36253379537089 30.0 30.0 30.0 30.0 30.0 30.0 30.0 30.0
15.3 30.0 14.718345278099742 23.172765656250306 30.0 30.0 30.0 30.0 30.0 30.0 30.0 30.0
15.4 30.0 14.787690089596163 22.984345027384922 30.0 30.0 30.0 30.0 30.0 30.0 30.0 30.0
15.5 30.0 14.854558300681958 22.80149112394145 30.0 30.0 30.0 30.0 30.0 30.0 30.0 30.0
15.6 30.0 14.919038361371827 22.62403572858055 30.0 30.0 30.0 30.0 30.0 30.0 30.0 30.0
15.7 30.0 14.981215562751368 22.45181582661235 30.0 30.0 30.0 30.0 30.0 30.0 30.0 30.0
15.8 30.0 15.041172149795905 22.28155650735788 30.0 30.0 30.0 30.0 30.0 30.0 30.0 30.0
15.9 30.0 15.552815449810057 22.11503851301299 30.0 30.0 30.0 30.0 30.0 30.0 30.0 30.0
16.0 30.0 16.07329441982275 22.196124236982204 30.0 30.0 30.0 30.0 30.0 30.0 30.0 30.0
16.1 30.0 16.594851272495323 22.299896264898553 30.0 30.0 30.0 30.0 30.0 30.0 30.0 30.0
16.2 30.0 17.12615119039889 22.42690141742881 30.0 30.0 30.0 30.0 30.0 30.0 30.0 30.0
16.3 30.0 16.32615119039889 22.57562245220351 30.0 30.0 30.0 30.0 30.0 30.0 30.0 30.0
16.4 30.0 15.526151190398888 21.970217046798133 30.0 30.0 30.0 30.0 30.0 30.0 30.0 30.0
16.5 30.0 14.726151190398888 21.370217046798142 30.0 30.0 30.0 30.0 30.0 30.0 30.0 30.0
16.6 30.0 13.926151190398887 20.77593133251237 30.0 30.0 30.0 30.0 30.0 30.0 30.0 30.0
16.7 30.0 13.546151190398762 20.1823332944406 30.0 30.0 30.0 30.0 30.0 30.0 30.0 30.0
16.8 30.0 13.663473324443364 19.804098000322906 30.0 30.0 30.0 30.0 30.0 30.0 30.0 30.0
16.9 30.0 13.774455793908494 19.680568670713427 30.0 30.0 30.0 30.0 30.0 30.0 30.0 30.0
17.0 30.0 13.881327801541536 19.56235070318708 30.0 30.0 30.0 30.0 30.0 30.0 30.0 30.0
17.1 30.0 13.984241586669697 19.4486977981317 30.0 30.0 30.0 30.0 30.0 30.0 30.0 30.0
17.2 30.0 14.08334375012642 19.33943539035867 30.0 30.0 30.0 30.0 30.0 30.0 30.0 30.0
17.3 30.0 14.178775463084778 19.234395541491942 30.0 30.0 30.0 30.0 30.0 30.0 30.0 30.0
17.4 30.0 14.270672668155749 19.131399013715523 30.0 30.0 30.0 30.0 30.0 30.0 30.0 30.0
17.5 30.0 14.359166273039012 19.03144526040172 30.0 30.0 30.0 30.0 30.0 30.0 30.0 30.0
17.6 30.0 14.442797253536298 18.935448663300257 30.0 30.0 30.0 30.0 30.0 30.0 30.0 30.0
17.7 30.0 14.521983065910042 18.8436872242768 30.0 30.0 30.0 30.0 30.0 30.0 30.0 30.0
17.8 30.0 15.0647693849847 18.75591875349984 30.0 30.0 30.0 30.0 30.0 30.0 30.0 30.0
17.9 30.0 15.609268048089213 18.940131007282538 30.0 30.0 30.0 30.0 30.0 30.0 30.0 30.0
18.0 30.0 16.15931684488331 19.148597098942425 30.0 30.0 30.0 30.0 30.0 30.0 30.0 30.0
18.1 30.0 16.71600628338721 19.374254941029744 30.0 30.0 30.0 30.0 30.0 30.0 30.0 30.0
18.2 30.0 15.916006283387208 19.623535532571907 30.0 30.0 30.0 30.0 30.0 30.0 30.0 30.0
18.3 30.0 15.116006283387208 19.041717350753743 30.0 30.0 30.0 30.0 30.0 30.0 30.0 30.0
18.4 30.0 14.316006283387207 18.46469561285214 30.0 30.0 30.0 30.0 30.0 30.0 30.0 30.0
18.5 30.0 13.516006283387206 17.889695612852194 30.0 30.0 30.0 30.0 30.0 30.0 30.0 30.0
18.6 30.0 13.139236810949471 17.321953677368366 30.0 30.0 30.0 30.0 30.0 30.0 30.0 30.0
18.7 30.0 13.27465077975922 16.992565663644978 30.0 30.0 30.0 30.0 30.0 30.0 30.0 30.0
18.8 30.0 13.40485651899935 16.94252400613108 30.0 30.0 30.0 30.0 30.0 30.0 30.0 30.0
18.9 30.0 13.530054345191703 16.89560866228307 30.0 30.0 30.0 30.0 30.0 30.0 30.0 30.0
19.0 30.0 13.648568838140509 16.851660626863307 30.0 30.0 30.0 30.0 30.0 30.0 30.0 30.0
19.1 30.0 13.760103325616905 16.81107059256002 30.0 30.0 30.0 30.0 30.0 30.0 30.0 30.0
19.2 30.0 13.867506906149673 16.772943579650555 30.0 30.0 30.0 30.0 30.0 30.0 30.0 30.0
19.3 30.0 13.970932576292359 16.736957719502385 30.0 30.0 30.0 30.0 30.0 30.0 30.0 30.0
19.4 30.0 14.0705276660593 16.70336476114299 29.770847199342047 30.0 30.0 30.0 30.0 30.0 30.0 30.0
19.5 30.0 14.166434048797944 16.672040742174783 29.475879929645387 30.0 30.0 30.0 30.0 30.0 30.0 30.0
19.6 30.0 14.258788343286978 16.642867469280823 29.18391646080111 30.0 30.0 30.0 30.0 30.0 30.0 30.0
19.7 30.0 14.816017747337979 16.615732265291427 28.89860092929243 30.0 30.0 30.0 30.0 30.0 30.0 30.0
19.8 30.0 15.37767169579741 16.88261842119343 28.61577933341472 30.0 30.0 30.0 30.0 30.0 30.0 30.0
19.9 30.0 15.94120025801133 17.165924745150605 28.475494458459373 30.0 30.0 30.0 30.0 30.0 30.0 30.0
20.0 30.0 16.507120240810533 17.471805977245012 28.356380304899165 30.0 30.0 30.0 30.0 30.0 30.0 30.0
20.1 30.0 15.707120240810532 17.797528108505013 28.257245450373087 30.0 30.0 30.0 30.0 30.0 30.0 30.0
20.2 30.0 14.907120240810531 17.22978617302112 28.18120046199745 30.0 30.0 30.0 30.0 30.0 30.0 30.0
20.3 30.0 14.10712024081053 16.42978617302112 27.381200461997448 29.2 29.2 29.2 29.2 29.2 29.2 29.2
20.4 30.0 13.30712024081053 15.62978617302112 26.581200461997447 28.4 28.4 28.4 28.4 28.4 28.4 28.4
20.5 30.0 12.50712024081053 14.82978617302112 25.781200461997447 27.599999999999998 27.599999999999998 27.599999999999998 27.599999999999998 27.599999999999998 27.599999999999998 27.599999999999998
20.6 30.0 11.707120240810529 14.029786173021119 24.981200461997446 26.799999999999997 26.799999999999997 26.799999999999997 26.799999999999997 26.799999999999997 26.799999999999997 26.799999999999997
20.7 30.0 11.707120240810529 14.029786173021119 24.981200461997446 26.799999999999997 26.799999999999997 26.799999999999997 26.799999999999997 26.799999999999997 26.799999999999997 26.799999999999997
20.8 30.0 11.707120240810529 14.029786173021119 24.93186052708002 26.799999999999997 26.799999999999997 26.799999999999997 26.799999999999997 26.799999999999997 26.799999999999997 26.799999999999997
20.9 30.0 11.707120240810529 14.029786173021119 24.662605181405574 26.799999999999997 26.799999999999997 26.799999999999997 26.799999999999997 26.799999999999997 26.799999999999997 26.799999999999997
21.0 30.0 11.707120240810529 14.029786173021119 24.396784706195994 26.799999999999997 26.799999999999997 26.799999999999997 26.799999999999997 26.799999999999997 26.799999999999997 26.799999999999997
21.1 30.0 11.707120240810529 14.029786173021119 24.13760974286668 26.799999999999997 26.799999999999997 26.799999999999997 26.799999999999997 26.799999999999997 26.799999999999997 26.799999999999997
21.2 30.0 11.707120240810529 14.029786173021119 23.88196323448269 26.799999999999997 26.799999999999997 26.799999999999997 26.799999999999997 26.799999999999997 26.799999999999997 26.799999999999997
21.3 30.0 11.707120240810529 14.029786173021119 23.62934330982989 26.799999999999997 26.799999999999997 26.799999999999997 26.799999999999997 26.799999999999997 26.799999999999997 26.799999999999997
21.4 30.0 11.707120240810529 13.974658480484148 23.383200819142512 26.799999999999997 26.799999999999997 26.799999999999997 26.799999999999997 26.799999999999997 26.799999999999997 26.799999999999997
21.5 30.0 11.707120240810529 13.890675582718554 23.11576628512556 26.799999999999997 26.799999999999997 26.799999999999997 26.799999999999997 26.799999999999997 26.799999999999997 26.799999999999997
21.6 30.0 11.707120240810529 13.809803162647896 22.835429443956613 26.799999999999997 26.799999999999997 26.799999999999997 26.799999999999997 26.799999999999997 26.799999999999997 26.799999999999997
21.7 30.0 11.707120240810529 13.7319260173947 22.561733195995874 26.799999999999997 26.799999999999997 26.799999999999997 26.799999999999997 26.799999999999997 26.799999999999997 26.799999999999997
21.8 30.0 11.707120240810529 13.656933210854625 22.29167953513344 26.799999999999997 26.799999999999997 26.799999999999997 26.799999999999997 26.799999999999997 26.799999999999997 26.799999999999997
21.9 30.0 11.707120240810529 13.584130143193558 22.0238518584994 26.799999999999997 26.799999999999997 26.799999999999997 26.799999999999997 26.799999999999997 26.799999999999997 26.799999999999997
22.0 30.0 11.707120240810529 13.511937454640394 21.762730128533576 26.799999999999997 26.799999999999997 26.799999999999997 26.799999999999997 26.799999999999997 26.799999999999997 26.799999999999997
22.1 30.0 11.707120240810529 13.442521407954672 21.505976085138904 26.799999999999997 26.799999999999997 26.799999999999997 26.799999999999997 26.799999999999997 26.799999999999997 26.799999999999997
22.2 30.0 11.707120240810529 13.375775209218396 21.251139656690164 26.799999999999997 26.799999999999997 26.799999999999997 26.799999999999997 26.799999999999997 26.799999999999997 26.799999999999997
22.3 30.0 11.707120240810529 13.311596171971962 21.002714555933196 26.799999999999997 26.799999999999997 26.799999999999997 26.799999999999997 26.799999999999997 26.799999999999997 26.799999999999997
22.4 30.0 11.707120240810529 13.249885559235114 20.759421172391093 26.799999999999997 26.799999999999997 26.799999999999997 26.799999999999997 26.799999999999997 26.799999999999997 26.799999999999997
22.5 30.0 11.707120240810529 13.190548431603482 20.516652446192595 26.799999999999997 26.799999999999997 26.799999999999997 26.799999999999997 26.799999999999997 26.799999999999997 26.799999999999997
22.6 30.0 11.707120240810529 13.133493501188457 20.280209644572658 26.799999999999997 26.799999999999997 26.799999999999997 26.799999999999997 26.799999999999997 26.799999999999997 26.799999999999997
22.7 30.0 11.707120240810529 13.078632991174073 20.04993550085755 26.799999999999997 26.799999999999997 26.799999999999997 26.799999999999997 26.799999999999997 26.799999999999997 26.799999999999997
22.8 30.0 11.707120240810529 13.025882500775571 19.82054917235593 26.799999999999997 26.799999999999997 26.799999999999997 26.799999999999997 26.799999999999997 26.799999999999997 26.799999999999997
22.9 30.0 11.707120240810529 12.975160875392431 19.595882274768968 26.799999999999997 26.799999999999997 26.799999999999997 26.799999999999997 26.799999999999997 26.799999999999997 26.799999999999997
23.0 30.0 11.707120240810529 12.926390081754674 19.377286174607 26.799999999999997 26.799999999999997 26.799999999999997 26.799999999999997 26.799999999999997 26.799999999999997 26.799999999999997
23.1 30.0 11.707120240810529 12.879495087872195 19.16353033774492 26.799999999999997 26.799999999999997 26.799999999999997 26.799999999999997 26.799999999999997 26.799999999999997 26.799999999999997
23.2 30.0 11.707120240810529 12.834403747600643 18.950368060411797 26.799999999999997 26.799999999999997 26.799999999999997 26.799999999999997 26.799999999999997 26.799999999999997 26.799999999999997
23.3 30.0 11.707120240810529 12.790688557233095 18.74317334049795 26.799999999999997 26.799999999999997 26.799999999999997 26.799999999999997 26.799999999999997 26.799999999999997 26.799999999999997
23.4 30.0 11.707120240810529 12.74734582457624 18.541881934850096 26.799999999999997 26.799999999999997 26.799999999999997 26.799999999999997 26.799999999999997 26.799999999999997 26.799999999999997
23.5 30.0 11.707120240810529 12.705736801225628 18.344919585935315 26.799999999999997 26.799999999999997 26.799999999999997 26.799999999999997 26.799999999999997 26.799999999999997 26.799999999999997
23.6 30.0 11.707120240810529 12.665792138809064 18.14919089421761 26.799999999999997 26.799999999999997 26.799999999999997 26.799999999999997 26.799999999999997 26.799999999999997 26.799999999999997
23.7 30.0 12.307120240810528 12.627445262889175 17.959110622603305 27.4 27.4 27.4 27.4 27.4 27.4 27.4
23.8 30.0 12.907120240810528 12.956651030421693 17.774520982024683 28.0 28.0 28.0 28.0 28.0 28.0 28.0
23.9 30.0 13.507120240810528 13.305019855467835 17.783173094268637 28.6 28.6 28.6 28.6 28.6 28.6 28.6
24.0 30.0 14.107120240810527 13.678985801018847 17.817415218079162 29.200000000000003 29.200000000000003 29.200000000000003 29.200000000000003 29.200000000000003 29.200000000000003 29.200000000000003
24.1 30.0 14.707120240810527 14.069180418818851 17.87754057785346 29.800000000000004 29.800000000000004 29.800000000000004 29.800000000000004 29.800000000000004 29.800000000000004 29.800000000000004
24.2 30.0 15.307120240810526 14.47903326324679 17.96582021358995 30.0 30.0 30.0 30.0 30.0 30.0 30.0
24.3 30.0 15.907120240810526 14.898147806760116 18.077062234470525 30.0 30.0 30.0 30.0 30.0 30.0 30.0
24.4 30.0 16.507120240810526 15.336452104252762 18.213473089330893 30.0 30.0 30.0 30.0 30.0 30.0 30.0
24.5 30.0 17.107120240810527 15.787410324162105 18.374376479144683 30.0 30.0 30.0 30.0 30.0 30.0 30.0
24.6 30.0 17.70712024081053 16.248724318605447 18.556402647149135 30.0 30.0 30.0 30.0 30.0 30.0 30.0
24.7 30.0 18.30712024081053 16.720908190705952 18.759615128497185 30.0 30.0 30.0 30.0 30.0 30.0 30.0
24.8 30.0 18.90712024081053 17.200434121654343 18.984008174079552 30.0 30.0 30.0 30.0 30.0 30.0 30.0
24.9 30.0 19.507120240810533 17.694602004101576 19.23175436567127 30.0 30.0 30.0 30.0 30.0 30.0 30.0
25.0 30.0 20.107120240810534 18.192090706523985 19.49454775313973 30.0 30.0 30.0 30.0 30.0 30.0 30.0
25.1 30.0 20.707120240810536 18.696031890420077 19.77814464745384 30.0 30.0 30.0 30.0 30.0 30.0 30.0
25.2 30.0 21.307120240810537 19.21118060983086 20.07878694835811 30.0 30.0 30.0 30.0 30.0 30.0 30.0
25.3 30.0 21.90712024081054 19.72891766488355 20.392843943151085 30.0 30.0 30.0 30.0 30.0 30.0 30.0
25.4 30.0 22.50712024081054 20.253386383507987 20.728894315808176 30.0 30.0 30.0 30.0 30.0 30.0 30.0
25.5 30.0 23.10712024081054 20.783696500597024 21.07434524309665 30.0 30.0 30.0 30.0 30.0 30.0 30.0
25.6 30.0 23.707120240810543 21.31535559058636 21.434542581561317 30.0 30.0 30.0 30.0 30.0 30.0 30.0
25.7 30.0 24.307120240810544 21.85545097708496 21.80895077798793 30.0 30.0 30.0 30.0 30.0 30.0 30.0
25.8 30.0 24.907120240810546 22.400275675175727 22.19663810839737 30.0 30.0 30.0 30.0 30.0 30.0 30.0
25.9 30.0 25.507120240810547 22.94274843324002 22.59446816055547 30.0 30.0 30.0 30.0 30.0 30.0 30.0
26.0 30.0 26.10712024081055 23.49202082745363 23.003350199989235 30.0 30.0 30.0 30.0 30.0 30.0 30.0
26.1 30.0 26.70712024081055 24.04777579812145 23.422759643397185 30.0 30.0 30.0 30.0 30.0 30.0 30.0
26.2 30.0 27.30712024081055 24.601937415208983 23.85326441524874 30.0 30.0 30.0 30.0 30.0 30.0 30.0
26.3 30.0 27.907120240810553 25.15828779694567 24.291270842682216 30.0 30.0 30.0 30.0 30.0 30.0 30.0
26.4 30.0 28.507120240810554 25.719967431396185 24.739166247764928 30.0 30.0 30.0 30.0 30.0 30.0 30.0
26.5 30.0 29.107120240810556 26.28411678973488 25.192182614477836 30.0 30.0 30.0 30.0 30.0 30.0 30.0
26.6 30.0 29.707120240810557 26.847977415366316 25.65771906751632 30.0 30.0 30.0 30.0 30.0 30.0 30.0
26.7 30.0 30.0 27.41430208925009 26.126332776645455 30.0 30.0 30.0 30.0 30.0 30.0 30.0
26.8 30.0 30.0 27.719353202903694 26.60225493625885 30.0 30.0 30.0 30.0 30.0 30.0 30.0
26.9 30.0 30.0 27.77118608465583 26.86943717186043 30.0 30.0 30.0 30.0 30.0 30.0 30.0
27.0 30.0 30.0 27.8218409463682 26.93139221586903 30.0 30.0 30.0 30.0 30.0 30.0 30.0
27.1 30.0 30.0 27.871344561223495 26.992153007234563 30.0 30.0 30.0 30.0 30.0 30.0 30.0
27.2 30.0 30.0 27.919723093922993 27.051741715584935 30.0 30.0 30.0 30.0 30.0 30.0 30.0
27.3 30.0 30.0 27.967002114515644 27.11018012233192 30.0 30.0 30.0 30.0 30.0 30.0 30.0
27.4 30.0 30.0 28.0129131316483 27.167489626804795 30.0 30.0 30.0 30.0 30.0 30.0 30.0
27.5 30.0 30.0 28.0570706176117 27.223212844809268 30.0 30.0 30.0 30.0 30.0 30.0 30.0
27.6 30.0 30.0 28.100246826109245 27.27728943075288 30.0 30.0 30.0 30.0 30.0 30.0 30.0
27.7 30.0 30.0 28.142463563306773 27.330337719224968 30.0 30.0 30.0 30.0 30.0 30.0 30.0
27.8 30.0 30.0 28.183742150788806 27.38237662027031 30.0 30.0 30.0 30.0 30.0 30.0 30.0
27.9 30.0 30.0 28.22410343632679 27.433424713279184 30.0 30.0 30.0 30.0 30.0 30.0 30.0
28.0 30.0 30.0 28.263567804408396 27.4835002522991 30.0 30.0 30.0 30.0 30.0 30.0 30.0
28.1 30.0 30.0 28.3021551865327 27.532621171275586 30.0 30.0 30.0 30.0 30.0 30.0 30.0
28.2 30.0 30.0 28.339885071276388 27.580805089221233 30.0 30.0 30.0 30.0 30.0 30.0 30.0
28.3 30.0 30.0 28.376776514136893 27.628069315314125 30.0 30.0 30.0 30.0 30.0 30.0 30.0
28.4 30.0 30.0 28.41284814715606 27.674430853926403 30.0 30.0 30.0 30.0 30.0 30.0 30.0
28.5 30.0 30.0 28.448118188330408 27.719906409583192 30.0 30.0 30.0 30.0 30.0 30.0 30.0
28.6 30.0 30.0 28.48260445081196 27.76451239185248 30.0 30.0 30.0 30.0 30.0 30.0 30.0
28.7 30.0 30.0 28.51632435190507 27.808264920166334 30.0 30.0 30.0 30.0 30.0 30.0 30.0
28.8 30.0 30.0 28.549294921862767 27.851179828575304 30.0 30.0 30.0 30.0 30.0 30.0 30.0
28.9 30.0 30.0 28.581532812488025 27.893272670434538 30.0 30.0 30.0 30.0 30.0 30.0 30.0
29.0 30.0 30.0 28.613054305543884 27.934558723023976 30.0 30.0 30.0 30.0 30.0 30.0 30.0
29.1 30.0 30.0 28.643875320976278 27.975052992102945 30.0 30.0 30.0 30.0 30.0 30.0 30.0
29.2 30.0 30.0 28.67401142495457 28.014441989367537 30.0 30.0 30.0 30.0 30.0 30.0 30.0
29.3 30.0 30.0 28.703477837733345 28.052538279919283 30.0 30.0 30.0 30.0 30.0 30.0 30.0
29.4 30.0 30.0 28.73228944133924 28.0899219244764 30.0 30.0 30.0 30.0 30.0 30.0 30.0
29.5 30.0 30.0 28.76046078708722 28.126605783211346 30.0 30.0 30.0 30.0 30.0 30.0 30.0
29.6 30.0 30.0 28.788006102929685 28.162602496657005 30.0 30.0 30.0 30.0 30.0 30.0 30.0
29.7 30.0 30.0 28.814614533237044 28.197924489118318 30.0 30.0 30.0 30.0 30.0 30.0 30.0
29.8 30.0 30.0 28.840383782514547 28.23264892552079 30.0 30.0 30.0 30.0 30.0 30.0 30.0
29.9 30.0 30.0 28.865592830720797 28.266769543987007 30.0 30.0 30.0 30.0 30.0 30.0 30.0
30.0 30.0 30.0 28.89025385613991 28.300243966701608 30.0 30.0 30.0 30.0 30.0 30.0 30.0
30.1 30.0 30.0 28.914378772310805 28.33308411791331 30.0 30.0 30.0 30.0 30.0 30.0 30.0
30.2 30.0 30.0 28.937979233782315 28.365301709836647 30.0 30.0 30.0 30.0 30.0 30.0 30.0
30.3 30.0 30.0 28.961066641743553 28.396908246212664 30.0 30.0 30.0 30.0 30.0 30.0 30.0
30.4 30.0 30.0 28.98365214953169 28.4279150258157 30.0 30.0 30.0 30.0 30.0 30.0 30.0
30.5 30.0 30.0 29.00574666802013 28.458333145906618 30.0 30.0 30.0 30.0 30.0 30.0 30.0
30.6 30.0 30.0 29.02736087088922 28.488173505633316 30.0 30.0 30.0 30.0 30.0 30.0 30.0
30.7 30.0 30.0 29.048505199782888 28.51744680937874 30.0 30.0 30.0 30.0 30.0 30.0 30.0
30.8 30.0 30.0 29.069189869352783 28.546163570058265 30.0 30.0 30.0 30.0 30.0 30.0 30.0
30.9 30.0 30.0 29.089424872192975 28.57433411236513 30.0 30.0 30.0 30.0 30.0 30.0 30.0
31.0 30.0 30.0 29.109219983666993 28.601968575966875 30.0 30.0 30.0 30.0 30.0 30.0 30.0
31.1 30.0 30.0 29.12858476663078 28.6290769186505 30.0 30.0 30.0 30.0 30.0 30.0 30.0
31.2 30.0 30.0 29.147528576051837 28.655668919421096 30.0 30.0 30.0 30.0 30.0 30.0 30.0
31.3 30.0 30.0 29.166060563529015 28.68175418154965 30.0 30.0 30.0 30.0 30.0 30.0 30.0
31.4 30.0 30.0 29.18418968171315 28.707342135575427 30.0 30.0 30.0 30.0 30.0 30.0 30.0
31.5 30.0 30.0 29.20192468863241 28.732442042259137 30.0 30.0 30.0 30.0 30.0 30.0 30.0
31.6 30.0 30.0 29.219274151923017 28.757062995491694 30.0 30.0 30.0 30.0 30.0 30.0 30.0
31.7 30.0 30.0 29.236246452968153 28.781213925156006 30.0 30.0 30.0 30.0 30.0 30.0 30.0
31.8 30.0 30.0 29.25284979094707 28.804796999944706 30.0 30.0 30.0 30.0 30.0 30.0 30.0
31.9 30.0 30.0 29.26909218679607 28.82753119468914 30.0 30.0 30.0 30.0 30.0 30.0 30.0
32.0 30.0 30.0 29.284981487083108 28.849841786921136 30.0 30.0 30.0 30.0 30.0 30.0 30.0
32.1 30.0 30.0 29.30052536779865 28.871736450192774 30.0 30.0 30.0 30.0 30.0 30.0 30.0
32.2 30.0 30.0 29.3157313380639 28.893222724613775 30.0 30.0 30.0 30.0 30.0 30.0 30.0
32.3 30.0 30.0 29.330606743758135 28.914308019026826 30.0 30.0 30.0 30.0 30.0 30.0 30.0
32.4 30.0 30.0 29.345158771067787 28.93499961315125 30.0 30.0 30.0 30.0 30.0 30.0 30.0
32.5 30.0 30.0 29.359394449957655 28.955304659696054 30.0 30.0 30.0 30.0 30.0 30.0 30.0
32.6 30.0 30.0 29.373320657567284 28.975230186441678 30.0 30.0 30.0 30.0 30.0 30.0 30.0
32.7 30.0 30.0 29.386944121533176 28.99478309829108 30.0 30.0 30.0 30.0 30.0 30.0 30.0
32.8 30.0 30.0 29.400271423238962 29.013970179291388 30.0 30.0 30.0 30.0 30.0 30.0 30.0
32.9 30.0 30.0 29.41330900099467 29.032798094625214 30.0 30.0 30.0 30.0 30.0 30.0 30.0
33.0 30.0 30.0 29.426063153147002 29.051273392572423 30.0 30.0 30.0 30.0 30.0 30.0 30.0
33.1 30.0 30.0 29.43854004112209 29.069402506443197 30.0 30.0 30.0 30.0 30.0 30.0 30.0
33.2 30.0 30.0 29.450745692402005 29.087191756481978 30.0 30.0 30.0 30.0 30.0 30.0 30.0
33.3 30.0 30.0 29.462686003436744 29.104647351742827 30.0 30.0 30.0 30.0 30.0 30.0 30.0
33.4 30.0 30.0 29.474366742492503 29.121775391937256 30.0 30.0 30.0 30.0 30.0 30.0 30.0
33.5 30.0 30.0 29.485793552438313 29.138581869253862 30.0 30.0 30.0 30.0 30.0 30.0 30.0
33.6 30.0 30.0 29.496971953472233 29.155072670150222 30.0 30.0 30.0 30.0 30.0 30.0 30.0
33.7 30.0 30.0 29.507907345788063 29.171253577118534 30.0 30.0 30.0 30.0 30.0 30.0 30.0
33.8 30.0 30.0 29.51860501218399 29.187130270423705 30.0 30.0 30.0 30.0 30.0 30.0 30.0
33.9 30.0 30.0 29.529070120614737 29.202708329815316 30.0 30.0 30.0 30.0 30.0 30.0 30.0
34.0 30.0 30.0 29.539307726688303 29.21799323621327 30.0 30.0 30.0 30.0 30.0 30.0 30.0
34.1 30.0 30.0 29.549322776108166 29.23299037336812 30.0 30.0 30.0 30.0 30.0 30.0 30.0
34.2 30.0 30.0 29.55912010706238 29.247705029495403 30.0 30.0 30.0 30.0 30.0 30.0 30.0
34.3 30.0 30.0 29.56870445256107 29.262142398884848 30.0 30.0 30.0 30.0 30.0 30.0 30.0
34.4 30.0 30.0 29.578080442722747 29.276307583485544 30.0 30.0 30.0 30.0 30.0 30.0 30.0
34.5 30.0 30.0 29.587252607011333 29.29020559446508 30.0 30.0 30.0 30.0 30.0 30.0 30.0
34.6 30.0 30.0 29.596225376424126 29.30384135374627 30.0 30.0 30.0 30.0 30.0 30.0 30.0
34.7 30.0 30.0 29.60489663700187 29.31721969551884 30.0 30.0 30.0 30.0 30.0 30.0 30.0
34.8 30.0 30.0 29.613303091533748 29.330366194633736 30.0 30.0 30.0 30.0 30.0 30.0 30.0
34.9 30.0 30.0 29.621530685330928 29.343278710168 30.0 30.0 30.0 30.0 30.0 30.0 30.0
35.0 30.0 30.0 29.629583223940905 29.355945513334525 30.0 30.0 30.0 30.0 30.0 30.0 30.0
35.1 30.0 30.0 29.63746443194216 29.3683712011427 30.0 30.0 30.0 30.0 30.0 30.0 30.0
35.2 30.0 30.0 29.645177954666757 29.380560286508917 30.0 30.0 30.0 30.0 30.0 30.0 30.0
35.3 30.0 30.0 29.652727359886608 29.392517199747356 30.0 30.0 30.0 30.0 30.0 30.0 30.0
35.4 30.0 30.0 29.660116139463526 29.40424629003585 30.0 30.0 30.0 30.0 30.0 30.0 30.0
35.5 30.0 30.0 29.667347710964336 29.415751826856955 30.0 30.0 30.0 30.0 30.0 30.0 30.0
35.6 30.0 30.0 29.67442541924167 29.427038001414356 30.0 30.0 30.0 30.0 30.0 30.0 30.0
35.7 30.0 30.0 29.68135253798117 29.43810892802504 30.0 30.0 30.0 30.0 30.0 30.0 30.0
35.8 30.0 30.0 29.688132271215594 29.448968645488492 30.0 30.0 30.0 30.0 30.0 30.0 30.0
35.9 30.0 30.0 29.69476775480672 29.459621118432022 30.0 30.0 30.0 30.0 30.0 30.0 30.0
36.0 30.0 30.0 29.701262057895896 29.470070238633102 30.0 30.0 30.0 30.0 30.0 30.0 30.0
36.1 30.0 30.0 29.707618184323618 29.480319826319217 30.0 30.0 30.0 30.0 30.0 30.0 30.0
36.2 30.0 30.0 29.713839074018832 29.49037363144596 30.0 30.0 30.0 30.0 30.0 30.0 30.0
36.3 30.0 30.0 29.71992760435883 29.50023533495239 30.0 30.0 30.0 30.0 30.0 30.0 30.0
36.4 30.0 30.0 29.7258865915001 29.50990854999557 30.0 30.0 30.0 30.0 30.0 30.0 30.0
36.5 30.0 30.0 29.73171879168095 29.519396823163678 30.0 30.0 30.0 30.0 30.0 30.0 30.0
36.6 30.0 30.0 29.73742690249624 29.528703635668275 30.0 30.0 30.0 30.0 30.0 30.0 30.0
36.7 30.0 30.0 29.743013564145222 29.537832404515964 30.0 30.0 30.0 30.0 30.0 30.0 30.0
36.8 30.0 30.0 29.74848136065281 29.54678648366029 30.0 30.0 30.0 30.0 30.0 30.0 30.0
36.9 30.0 30.0 29.75383282106446 29.5555691651336 30.0 30.0 30.0 30.0 30.0 30.0 30.0
37.0 30.0 30.0 29.75907042061625 29.564183680158933 30.0 30.0 30.0 30.0 30.0 30.0 30.0
37.1 30.0 30.0 29.76419658187978 29.572633200243096 30.0 30.0 30.0 30.0 30.0 30.0 30.0
37.2 30.0 30.0 29.769213675882387 29.580920838251508 30.0 30.0 30.0 30.0 30.0 30.0 30.0
37.3 30.0 30.0 29.77412402320406 29.589049649462932 30.0 30.0 30.0 30.0 30.0 30.0 30.0
37.4 30.0 30.0 29.778929895050734 29.597022632607406 30.0 30.0 30.0 30.0 30.0 30.0 30.0
37.5 30.0 30.0 29.783633514304967 29.604739694057713 30.0 30.0 30.0 30.0 30.0 30.0 30.0
37.6 30.0 30.0 29.78823705655384 29.612248794752396 30.0 30.0 30.0 30.0 30.0 30.0 30.0
37.7 30.0 30.0 29.792742651095228 29.619617291029243 30.0 30.0 30.0 30.0 30.0 30.0 30.0
37.8 30.0 30.0 29.79715238192303 29.62684776673343 30.0 30.0 30.0 30.0 30.0 30.0 30.0
37.9 30.0 30.0 29.801468288690582 29.633942759410417 30.0 30.0 30.0 30.0 30.0 30.0 30.0
38.0 30.0 30.0 29.805692367654572 29.64090476110577 30.0 30.0 30.0 30.0 30.0 30.0 30.0
38.1 30.0 30.0 29.809826572598105 29.64773621915295 30.0 30.0 30.0 30.0 30.0 30.0 30.0
38.2 30.0 30.0 29.813872815734268 29.654439536947788 30.0 30.0 30.0 30.0 30.0 30.0 30.0
38.3 30.0 30.0 29.817832968590977 29.66101707471001 30.0 30.0 30.0 30.0 30.0 30.0 30.0
38.4 30.0 30.0 29.821708862876246 29.667471150233027 30.0 30.0 30.0 30.0 30.0 30.0 30.0
38.5 30.0 30.0 29.82550229132565 29.673804039620265 30.0 30.0 30.0 30.0 30.0 30.0 30.0
38.6 30.0 30.0 29.82921500853153 29.68001797801027 30.0 30.0 30.0 30.0 30.0 30.0 30.0
38.7 30.0 30.0 29.83284873175428 29.686115160289763 30.0 30.0 30.0 30.0 30.0 30.0 30.0
38.8 30.0 30.0 29.83640514171698 29.692097741794143 30.0 30.0 30.0 30.0 30.0 30.0 30.0
38.9 30.0 30.0 29.839885883382546 29.697967838997197 30.0 30.0 30.0 30.0 30.0 30.0 30.0
39.0 30.0 30.0 29.843292566714794 29.703727530188967 30.0 30.0 30.0 30.0 30.0 30.0 30.0
39.1 30.0 30.0 29.84662676742297 29.709378856142543 30.0 30.0 30.0 30.0 30.0 30.0 30.0
39.2 30.0 30.0 29.849890027690602 29.71492382076982 30.0 30.0 30.0 30.0 30.0 30.0 30.0
39.3 30.0 30.0 29.853083856888688 29.720364391766033 30.0 30.0 30.0 30.0 30.0 30.0 30.0
39.4 30.0 30.0 29.856209732274056 29.725702501243745 30.0 30.0 30.0 30.0 30.0 30.0 30.0
39.5 30.0 30.0 29.859269099672467 29.730940046356242 30.0 30.0 30.0 30.0 30.0 30.0 30.0
39.6 30.0 30.0 29.86226337414757 29.736078889910605 30.0 30.0 30.0 30.0 30.0 30.0 30.0
39.7 30.0 30.0 29.86519394065506 29.741120860970543 30.0 30.0 30.0 30.0 30.0 30.0 30.0
39.8 30.0 30.0 29.868062154683688 29.74606775544841 30.0 30.0 30.0 30.0 30.0 30.0 30.0
39.9 30.0 30.0 29.870869342881928 29.75092133668867 30.0 30.0 30.0 30.0 30.0 30.0 30.0
40.0 30.0 30.0 29.8736168036717 29.755683336040267 30.0 30.0 30.0 30.0 30.0 30.0 30.0
40.1 30.0 30.0 29.876305807848926 29.76035545342012 30.0 30.0 30.0 30.0 30.0 30.0 30.0
40.2 30.0 30.0 29.87893759917132 29.764939357866652 30.0 30.0 30.0 30.0 30.0 30.0 30.0
40.3 30.0 30.0 29.881513394933677 29.769436688084372 30.0 30.0 30.0 30.0 30.0 30.0 30.0
40.4 30.0 30.0 29.884034386530814 29.773849052979223 30.0 30.0 30.0 30.0 30.0 30.0 30.0
40.5 30.0 30.0 29.88650174000885 29.77817803218444 30.0 30.0 30.0 30.0 30.0 30.0 30.0
40.6 30.0 30.0 29.888916596604453 29.782425176578272 30.0 30.0 30.0 30.0 30.0 30.0 30.0
40.7 30.0 30.0 29.891280073272416 29.786592008792443 30.0 30.0 30.0 30.0 30.0 30.0 30.0
40.8 30.0 30.0 29.89359326320283 29.790680023711474 30.0 30.0 30.0 30.0 30.0 30.0 30.0
40.9 30.0 30.0 29.895857236326133 29.794690688965062 30.0 30.0 30.0 30.0 30.0 30.0 30.0
41.0 30.0 30.0 29.89807303980859 29.798625445410234 30.0 30.0 30.0 30.0 30.0 30.0 30.0
41.1 30.0 30.0 29.90024169853608 29.802485707607016 30.0 30.0 30.0 30.0 30.0 30.0 30.0
41.2 30.0 30.0 29.90236421558847 29.806272864284672 30.0 30.0 30.0 30.0 30.0 30.0 30.0
41.3 30.0 30.0 29.904441572703657 29.80998827880042 30.0 30.0 30.0 30.0 30.0 30.0 30.0
41.4 30.0 30.0 29.906474730731254 29.813633289591195 30.0 30.0 30.0 30.0 30.0 30.0 30.0
41.5 30.0 30.0 29.90846463007736 29.817209210615946 30.0 30.0 30.0 30.0 30.0 30.0 30.0
41.6 30.0 30.0 29.91041219113959 29.82071733179184 30.0 30.0 30.0 30.0 30.0 30.0 30.0
41.7 30.0 30.0 29.91231831473238 29.824158919422704 30.0 30.0 30.0 30.0 30.0 30.0 30.0
41.8 30.0 30.0 29.91418388250404 29.827535216619346 30.0 30.0 30.0 30.0 30.0 30.0 30.0
41.9 30.0 30.0 29.916009757344334 29.830847443713797 30.0 30.0 30.0 30.0 30.0 30.0 30.0
42.0 30.0 30.0 29.91779678378382 29.834096798665314 30.0 30.0 30.0 30.0 30.0 30.0 30.0
42.1 30.0 30.0 29.919545788384163 29.837284457460676 30.0 30.0 30.0 30.0 30.0 30.0 30.0
42.2 30.0 30.0 29.921257580120667 29.84041157450609 30.0 30.0 30.0 30.0 30.0 30.0 30.0
42.3 30.0 30.0 29.922932950756365 29.843479283013906 30.0 30.0 30.0 30.0 30.0 30.0 30.0
42.4 30.0 30.0 29.924572675208324 29.846488695381268 30.0 30.0 30.0 30.0 30.0 30.0 30.0
42.5 30.0 30.0 29.92617751190601 29.849440903563213 30.0 30.0 30.0 30.0 30.0 30.0 30.0
42.6 30.0 30.0 29.927748203142038 29.852336979438917 30.0 30.0 30.0 30.0 30.0 30.0 30.0
42.7 30.0 30.0 29.92928547541565 29.85517797517157 30.0 30.0 30.0 30.0 30.0 30.0 30.0
42.8 30.0 30.0 29.930790039768546 29.857964923562307 30.0 30.0 30.0 30.0 30.0 30.0 30.0
42.9 30.0 30.0 29.932262592113847 29.860698838397735 30.0 30.0 30.0 30.0 30.0 30.0 30.0
43.0 30.0 30.0 29.93370381355821 29.863380714791223 30.0 30.0 30.0 30.0 30.0 30.0 30.0
43.1 30.0 30.0 29.935114370716548 29.86601152951905 30.0 30.0 30.0 30.0 30.0 30.0 30.0
43.2 30.0 30.0 29.936494916020497 29.868592241349955 30.0 30.0 30.0 30.0 30.0 30.0 30.0
43.3 30.0 30.0 29.93784608802009 29.871123791369406 30.0 30.0 30.0 30.0 30.0 30.0 30.0
43.4 30.0 30.0 29.939168511679263 29.87360710329784 30.0 30.0 30.0 30.0 30.0 30.0 30.0
43.5 30.0 30.0 29.94046279866484 29.87604308380353 30.0 30.0 30.0 30.0 30.0 30.0 30.0
43.6 30.0 30.0 29.94172954762945 29.878432622810443 30.0 30.0 30.0 30.0 30.0 30.0 30.0
43.7 30.0 30.0 29.942969344488354 29.880776593800082 30.0 30.0 30.0 30.0 30.0 30.0 30.0
43.8 30.0 30.0 29.944182762690737 29.883075854107908 30.0 30.0 30.0 30.0 30.0 30.0 30.0
43.9 30.0 30.0 29.945370363484514 29.88533124521582 30.0 30.0 30.0 30.0 30.0 30.0 30.0
44.0 30.0 30.0 29.946532696176334 29.88754359303795 30.0 30.0 30.0 30.0 30.0 30.0 30.0
44.1 30.0 30.0 29.94767029838535 29.889713708202585 30.0 30.0 30.0 30.0 30.0 30.0 30.0
44.2 30.0 30.0 29.948783696292075 29.89184238632842 30.0 30.0 30.0 30.0 30.0 30.0 30.0
44.3 30.0 30.0 29.949873404881632 29.893930408296757 30.0 30.0 30.0 30.0 30.0 30.0 30.0
44.4 30.0 30.0 29.950939928182056 29.895978540517948 30.0 30.0 30.0 30.0 30.0 30.0 30.0
44.5 30.0 30.0 29.95198375949736 29.897987535194105 30.0 30.0 30.0 30.0 30.0 30.0 30.0
44.6 30.0 30.0 29.95300538163572 29.89995813057639 30.0 30.0 30.0 30.0 30.0 30.0 30.0
44.7 30.0 30.0 29.954005267132843 29.901891051218463 30.0 30.0 30.0 30.0 30.0 30.0 30.0
44.8 30.0 30.0 29.954983878470465 29.90378700822501 30.0 30.0 30.0 30.0 30.0 30.0 30.0
44.9 30.0 30.0 29.955941668290258 29.90564669949601 30.0 30.0 30.0 30.0 30.0 30.0 30.0
45.0 30.0 30.0 29.956879079603226 29.90747080996683 30.0 30.0 30.0 30.0 30.0 30.0 30.0
45.1 30.0 30.0 29.957796545994615 29.9092600118438 30.0 30.0 30.0 30.0 30.0 30.0 30.0
45.2 30.0 30.0 29.958694491824495 29.911014964835957 30.0 30.0 30.0 30.0 30.0 30.0 30.0
45.3 30.0 30.0 29.959573332423968 29.912736316382624 30.0 30.0 30.0 30.0 30.0 30.0 30.0
45.4 30.0 30.0 29.96043347428725 29.91442470187675 30.0 30.0 30.0 30.0 30.0 30.0 30.0
45.5 30.0 30.0 29.961275315259826 29.91608074488424 30.0 30.0 30.0 30.0 30.0 30.0 30.0
45.6 30.0 30.0 29.962099244722406 29.917705057359992 30.0 30.0 30.0 30.0 30.0 30.0 30.0
45.7 30.0 30.0 29.96290564377088 29.919298239859508 30.0 30.0 30.0 30.0 30.0 30.0 30.0
45.8 30.0 30.0 29.9636948853928 29.920860881746798 30.0 30.0 30.0 30.0 30.0 30.0 30.0
45.9 30.0 30.0 29.964467334639792 29.92239356139902 30.0 30.0 30.0 30.0 30.0 30.0 30.0
46.0 30.0 30.0 29.965223348796403 29.923896846407043 30.0 30.0 30.0 30.0 30.0 30.0 30.0
46.1 30.0 30.0 29.96596327754545 29.92537129377261 30.0 30.0 30.0 30.0 30.0 30.0 30.0
46.2 30.0 30.0 29.96668746312958 29.926817450102178 30.0 30.0 30.0 30.0 30.0 30.0 30.0
46.3 30.0 30.0 29.96739624050981 29.928235851796686 30.0 30.0 30.0 30.0 30.0 30.0 30.0
46.4 30.0 30.0 29.968089937520265 29.92962702523878 30.0 30.0 30.0 30.0 30.0 30.0 30.0
46.5 30.0 30.0 29.968768875019844 29.930991486976374 30.0 30.0 30.0 30.0 30.0 30.0 30.0
46.6 30.0 30.0 29.96943336704071 29.932329743902482 30.0 30.0 30.0 30.0 30.0 30.0 30.0
46.7 30.0 30.0 29.97008372093345 29.93364229343253 30.0 30.0 30.0 30.0 30.0 30.0 30.0
46.8 30.0 30.0 29.970720237509365 29.934929623677892 30.0 30.0 30.0 30.0 30.0 30.0 30.0
46.9 30.0 30.0 29.971343211179338 29.93619221361709 30.0 30.0 30.0 30.0 30.0 30.0 30.0
47.0 30.0 30.0 29.971952930090456 29.937430533262813 30.0 30.0 30.0 30.0 30.0 30.0 30.0
47.1 30.0 30.0 29.97254967625873 29.93864504382746 30.0 30.0 30.0 30.0 30.0 30.0 30.0
47.2 30.0 30.0 29.97313372570004 29.939836197884024 30.0 30.0 30.0 30.0 30.0 30.0 30.0
47.3 30.0 30.0 29.973705348557527 29.9410044395254 30.0 30.0 30.0 30.0 30.0 30.0 30.0
47.4 30.0 30.0 29.97426480922653 29.942150204520278 30.0 30.0 30.0 30.0 30.0 30.0 30.0
47.5 30.0 30.0 29.97481236647706 29.943273920466204 30.0 30.0 30.0 30.0 30.0 30.0 30.0
47.6 30.0 30.0 29.9753482735733 29.944376006940242 30.0 30.0 30.0 30.0 30.0 30.0 30.0
47.7 30.0 30.0 29.975872778390872 29.94545687564656 30.0 30.0 30.0 30.0 30.0 30.0 30.0
47.8 30.0 30.0 29.976386123531487 29.946516930561305 30.0 30.0 30.0 30.0 30.0 30.0 30.0
47.9 30.0 30.0 29.97688854643509 29.94755656807557 30.0 30.0 30.0 30.0 30.0 30.0 30.0
48.0 30.0 30.0 29.977380279489676 29.94857617713495 30.0 30.0 30.0 30.0 30.0 30.0 30.0
48.1 30.0 30.0 29.97786155013887 29.949576139376926 30.0 30.0 30.0 30.0 30.0 30.0 30.0
48.2 30.0 30.0 29.97833258098701 29.950556829265825 30.0 30.0 30.0 30.0 30.0 30.0 30.0
48.3 30.0 30.0 29.978793589902207 29.951518614225396 30.0 30.0 30.0 30.0 30.0 30.0 30.0
48.4 30.0 30.0 29.979244790117036 29.952461854768803 30.0 30.0 30.0 30.0 30.0 30.0 30.0
48.5 30.0 30.0 29.979686390327345 29.95338690462616 30.0 30.0 30.0 30.0 30.0 30.0 30.0
48.6 30.0 30.0 29.980118594788422 29.954294110870503 30.0 30.0 30.0 30.0 30.0 30.0 30.0
48.7 30.0 30.0 29.980541603409915 29.955183814040268 30.0 30.0 30.0 30.0 30.0 30.0 30.0
48.8 30.0 30.0 29.980955611848028 29.956056348260763 30.0 30.0 30.0 30.0 30.0 30.0 30.0
48.9 30.0 30.0 29.981360811595902 29.95691204136289 30.0 30.0 30.0 30.0 30.0 30.0 30.0
49.0 30.0 30.0 29.98175739007263 29.95775121499913 30.0 30.0 30.0 30.0 30.0 30.0 30.0
49.1 30.0 30.0 29.982145530709364 29.95857418475904 30.0 30.0 30.0 30.0 30.0 30.0 30.0
49.2 30.0 30.0 29.982525413034736 29.95938126028052 30.0 30.0 30.0 30.0 30.0 30.0 30.0
49.3 30.0 30.0 29.982897212757425 29.96017274536116 30.0 30.0 30.0 30.0 30.0 30.0 30.0
49.4 30.0 30.0 29.98326110184768 29.96094893806623 30.0 30.0 30.0 30.0 30.0 30.0 30.0
49.5 30.0 30.0 29.983617248616884 29.961710130834785 30.0 30.0 30.0 30.0 30.0 30.0 30.0
49.6 30.0 30.0 29.983965817795237 29.96245661058468 30.0 30.0 30.0 30.0 30.0 30.0 30.0
49.7 30.0 30.0 29.984306970608085 29.963188658814722 30.0 30.0 30.0 30.0 30.0 30.0 30.0
49.8 30.0 30.0 29.984640864850437 29.96390655170553 30.0 30.0 30.0 30.0 30.0 30.0 30.0
49.9 30.0 30.0 29.984967654960013 29.964610560218517 30.0 30.0 30.0 30.0 30.0 30.0 30.0
50.0 30.0 30.0 29.98528749208854 29.965300950192873 30.0 30.0 30.0 30.0 30.0 30.0 30.0
50.1 30.0 30.0 29.985600524171712 29.965977982440805 30.0 30.0 30.0 30.0 30.0 30.0 30.0
50.2 30.0 30.0 29.985906895997807 29.966641912840988 30.0 30.0 30.0 30.0 30.0 30.0 30.0
50.3 30.0 30.0 29.986206749274412 29.96729299243083 30.0 30.0 30.0 30.0 30.0 30.0 30.0
50.4 30.0 30.0 29.986500222694154 29.967931467496232 30.0 30.0 30.0 30.0 30.0 30.0 30.0
50.5 30.0 30.0 29.98678745199853 29.968557579660693 30.0 30.0 30.0 30.0 30.0 30.0 30.0
50.6 30.0 30.0 29.98706857004111 29.96917156597136 30.0 30.0 30.0 30.0 30.0 30.0 30.0
50.7 30.0 30.0 29.987343706848772 29.96977365898505 30.0 30.0 30.0 30.0 30.0 30.0 30.0
50.8 30.0 30.0 29.987612989681793 29.970364086851976 30.0 30.0 30.0 30.0 30.0 30.0 30.0
50.9 30.0 30.0 29.987876543092852 29.970943073397702 30.0 30.0 30.0 30.0 30.0 30.0 30.0
51.0 30.0 30.0 29.988134488984528 29.971510838204114 30.0 30.0 30.0 30.0 30.0 30.0 30.0
51.1 30.0 30.0 29.98838694666569 29.97206759668865 30.0 30.0 30.0 30.0 30.0 30.0 30.0
51.2 30.0 30.0 29.98863403290684 29.972613560181884 30.0 30.0 30.0 30.0 30.0 30.0 30.0
51.3 30.0 30.0 29.988875861993932 29.973148936004208 30.0 30.0 30.0 30.0 30.0 30.0 30.0
51.4 30.0 30.0 29.989112545781264 29.973673927540634 30.0 30.0 30.0 30.0 30.0 30.0 30.0
51.5 30.0 30.0 29.989344193743356 29.97418873431456 30.0 30.0 30.0 30.0 30.0 30.0 30.0
51.6 30.0 30.0 29.989570913025464 29.974693552059772 30.0 30.0 30.0 30.0 30.0 30.0 30.0
51.7 30.0 30.0 29.989792808492993 29.975188572791815 30.0 30.0 30.0 30.0 30.0 30.0 30.0
51.8 30.0 30.0 29.9900099827804 29.975673984876853 30.0 30.0 30.0 30.0 30.0 30.0 30.0
51.9 30.0 30.0 29.99022253633827 29.97614997310104 30.0 30.0 30.0 30.0 30.0 30.0 30.0
52.0 30.0 30.0 29.990430567479986 29.976616718736814 30.0 30.0 30.0 30.0 30.0 30.0 30.0
52.1 30.0 30.0 29.990634172427182 29.97707439960892 30.0 30.0 30.0 30.0 30.0 30.0 30.0
52.2 30.0 30.0 29.990833445354262 29.97752319015925 30.0 30.0 30.0 30.0 30.0 30.0 30.0
52.3 30.0 30.0 29.991028478431836 29.97796326151024 30.0 30.0 30.0 30.0 30.0 30.0 30.0
52.4 30.0 30.0 29.991219361869497 29.978394781527093 30.0 30.0 30.0 30.0 30.0 30.0 30.0
52.5 30.0 30.0 29.9914061839574 29.978817914878864 30.0 30.0 30.0 30.0 30.0 30.0 30.0
52.6 30.0 30.0 29.991589031107228 29.979232823098666 30.0 30.0 30.0 30.0 30.0 30.0 30.0
52.7 30.0 30.0 29.99176798789221 29.979639664642317 30.0 30.0 30.0 30.0 30.0 30.0 30.0
52.8 30.0 30.0 29.991943137086043 29.980038594946382 30.0 30.0 30.0 30.0 30.0 30.0 30.0
52.9 30.0 30.0 29.99211455970119 29.980429766485 30.0 30.0 30.0 30.0 30.0 30.0 30.0
53.0 30.0 30.0 29.992282335026722 29.980813328824937 30.0 30.0 30.0 30.0 30.0 30.0 30.0
53.1 30.0 30.0 29.992446540664403 29.98118942868129 30.0 30.0 30.0 30.0 30.0 30.0 30.0
53.2 30.0 30.0 29.992607252565172 29.981558209970157 30.0 30.0 30.0 30.0 30.0 30.0 30.0
53.3 30.0 30.0 29.99276454506377 29.981919813862163 30.0 30.0 30.0 30.0 30.0 30.0 30.0
53.4 30.0 30.0 29.992918490913485 29.98227437883341 30.0 30.0 30.0 30.0 30.0 30.0 30.0
53.5 30.0 30.0 29.99306916131962 29.98262204071672 30.0 30.0 30.0 30.0 30.0 30.0 30.0
53.6 30.0 30.0 29.99321662597241 29.982962932751402 30.0 30.0 30.0 30.0 30.0 30.0 30.0
53.7 30.0 30.0 29.993360953079403 29.983297185631724 30.0 30.0 30.0 30.0 30.0 30.0 30.0
53.8 30.0 30.0 29.99350220939683 29.9836249275553 30.0 30.0 30.0 30.0 30.0 30.0 30.0
53.9 30.0 30.0 29.993640460260767 29.983946284269894 30.0 30.0 30.0 30.0 30.0 30.0 30.0
54.0 30.0 30.0 29.99377576961691 29.984261379120063 30.0 30.0 30.0 30.0 30.0 30.0 30.0
54.1 30.0 30.0 29.993908200050587 29.9845703330919 30.0 30.0 30.0 30.0 30.0 30.0 30.0
54.2 30.0 30.0 29.9940378128155 29.98487326485796 30.0 30.0 30.0 30.0 30.0 30.0 30.0
54.3 30.0 30.0 29.994164667861952 29.98517029082097 30.0 30.0 30.0 30.0 30.0 30.0 30.0
54.4 30.0 30.0 29.994288823864935 29.985461525156268 30.0 30.0 30.0 30.0 30.0 30.0 30.0
54.5 30.0 30.0 29.99441033825081 29.985747079854498 30.0 30.0 30.0 30.0 30.0 30.0 30.0
54.6 30.0 30.0 29.994529267224223 29.986027064762432 30.0 30.0 30.0 30.0 30.0 30.0 30.0
54.7 30.0 30.0 29.994645665793932 29.986301587623696 30.0 30.0 30.0 30.0 30.0 30.0 30.0
54.8 30.0 30.0 29.994759587798345 29.986570754118343 30.0 30.0 30.0 30.0 30.0 30.0 30.0
54.9 30.0 30.0 29.994871085930292 29.986834667902254 30.0 30.0 30.0 30.0 30.0 30.0 30.0
55.0 30.0 30.0 29.99498021176161 29.98709343064498 30.0 30.0 30.0 30.0 30.0 30.0 30.0
55.1 30.0 30.0 29.995087015766643 29.98734714206789 30.0 30.0 30.0 30.0 30.0 30.0 30.0
55.2 30.0 30.0 29.995191547346046 29.98759589998035 30.0 30.0 30.0 30.0 30.0 30.0 30.0
55.3 30.0 30.0 29.99529385484933 29.987839800316614 30.0 30.0 30.0 30.0 30.0 30.0 30.0
55.4 30.0 30.0 29.99539398559721 29.988078937171 30.0 30.0 30.0 30.0 30.0 30.0 30.0
55.5 30.0 30.0 29.99549198590368 29.988313402832613 30.0 30.0 30.0 30.0 30.0 30.0 30.0
55.6 30.0 30.0 29.99558790109718 29.988543287820114 30.0 30.0 30.0 30.0 30.0 30.0 30.0
55.7 30.0 30.0 29.99568177554189 29.98876868091458 30.0 30.0 30.0 30.0 30.0 30.0 30.0
55.8 30.0 30.0 29.99577365265806 29.98898966919288 30.0 30.0 30.0 30.0 30.0 30.0 30.0
55.9 30.0 30.0 29.99586357494192 29.98920633806023 30.0 30.0 30.0 30.0 30.0 30.0 30.0
56.0 30.0 30.0 29.995951583985732 29.989418771281173 30.0 30.0 30.0 30.0 30.0 30.0 30.0
56.1 30.0 30.0 29.99603772049664 29.98962705101159 30.0 30.0 30.0 30.0 30.0 30.0 30.0
56.2 30.0 30.0 29.996122024315834 29.98983125782836 30.0 30.0 30.0 30.0 30.0 30.0 30.0
56.3 30.0 30.0 29.996204534436735 29.990031470760307 30.0 30.0 30.0 30.0 30.0 30.0 30.0
56.4 30.0 30.0 29.996285289023195 29.99022776731666 30.0 30.0 30.0 30.0 30.0 30.0 30.0
56.5 30.0 30.0 29.996364325427 29.990420223516743 30.0 30.0 30.0 30.0 30.0 30.0 30.0
56.6 30.0 30.0 29.996441680205187 29.99060891391779 30.0 30.0 30.0 30.0 30.0 30.0 30.0
56.7 30.0 30.0 29.996517389136997 29.9907939116429 30.0 30.0 30.0 30.0 30.0 30.0 30.0
56.8 30.0 30.0 29.996591487240487 29.990975288408222 30.0 30.0 30.0 30.0 30.0 30.0 30.0
56.9 30.0 30.0 29.99666400878861 29.99115311454986 30.0 30.0 30.0 30.0 30.0 30.0 30.0
57.0 30.0 30.0 29.996734987324984 29.991327459050268 30.0 30.0 30.0 30.0 30.0 30.0 30.0
57.1 30.0 30.0 29.99680445567975 29.991498389563464 30.0 30.0 30.0 30.0 30.0 30.0 30.0
57.2 30.0 30.0 29.996872445984394 29.99166597244101 30.0 30.0 30.0 30.0 30.0 30.0 30.0
57.3 30.0 30.0 29.99693898968682 29.991830272756218 30.0 30.0 30.0 30.0 30.0 30.0 30.0
57.4 30.0 30.0 29.997004117565787 29.991991354329024 30.0 30.0 30.0 30.0 30.0 30.0 30.0
57.5 30.0 30.0 29.9970678597452 29.992149279749498 30.0 30.0 30.0 30.0 30.0 30.0 30.0
57.6 30.0 30.0 29.99713024570808 29.992304110401236 30.0 30.0 30.0 30.0 30.0 30.0 30.0
57.7 30.0 30.0 29.99719130431008 29.99245590648488 30.0 30.0 30.0 30.0 30.0 30.0 30.0
57.8 30.0 30.0 29.997251063792845 29.992604727040163 30.0 30.0 30.0 30.0 30.0 30.0 30.0
57.9 30.0 30.0 29.997309551797276 29.99275062996812 30.0 30.0 30.0 30.0 30.0 30.0 30.0
58.0 30.0 30.0 29.9973667953761 29.992893672053057 30.0 30.0 30.0 30.0 30.0 30.0 30.0
58.1 30.0 30.0 29.99742282100635 29.993033908983758 30.0 30.0 30.0 30.0 30.0 30.0 30.0
58.2 30.0 30.0 29.99747765460195 29.993171395373974 30.0 30.0 30.0 30.0 30.0 30.0 30.0
58.3 30.0 30.0 29.997531321525326 29.9933061847839 30.0 30.0 30.0 30.0 30.0 30.0 30.0
58.4 30.0 30.0 29.99758384659929 29.993438329739334 30.0 30.0 30.0 30.0 30.0 30.0 30.0
58.5 30.0 30.0 29.99763525411848 29.993567881752014 30.0 30.0 30.0 30.0 30.0 30.0 30.0
58.6 30.0 30.0 29.99768556786067 29.99369489133872 30.0 30.0 30.0 30.0 30.0 30.0 30.0
58.7 30.0 30.0 29.9977348110977 29.993819408040416 30.0 30.0 30.0 30.0 30.0 30.0 30.0
58.8 30.0 30.0 29.99778300660622 29.993941480441016 30.0 30.0 30.0 30.0 30.0 30.0 30.0
58.9 30.0 30.0 29.997830176678423 29.994061156185243 30.0 30.0 30.0 30.0 30.0 30.0 30.0
59.0 30.0 30.0 29.997876343132027 29.994178481997306 30.0 30.0 30.0 30.0 30.0 30.0 30.0
59.1 30.0 30.0 29.997921527320713 29.99429350369768 30.0 30.0 30.0 30.0 30.0 30.0 30.0
59.2 30.0 30.0 29.9979657501437 29.99440626622119 30.0 30.0 30.0 30.0 30.0 30.0 30.0
59.3 30.0 30.0 29.99800903205552 29.994516813633346 30.0 30.0 30.0 30.0 30.0 30.0 30.0
59.4 30.0 30.0 29.998051393075606 29.994625189147346 30.0 30.0 30.0 30.0 30.0 30.0 30.0
59.5 30.0 30.0 29.998092852797377 29.994731435140388 30.0 30.0 30.0 30.0 30.0 30.0 30.0
59.6 30.0 30.0 29.998133430397427 29.994835593169384 30.0 30.0 30.0 30.0 30.0 30.0 30.0
59.7 30.0 30.0 29.99817314464425 29.994937703987066 30.0 30.0 30.0 30.0 30.0 30.0 30.0
59.8 30.0 30.0 29.99821201390712 29.995037807557086 30.0 30.0 30.0 30.0 30.0 30.0 30.0
59.9 30.0 30.0 29.99825005616443 29.995135943069332 30.0 30.0 30.0 30.0 30.0 30.0 30.0
60.0 30.0 30.0 29.99828728901199 29.995232148954802 30.0 30.0 30.0 30.0 30.0 30.0 30.0
60.1 30.0 30.0 29.998323729671284 29.995326462899893 30.0 30.0 30.0 30.0 30.0 30.0 30.0
60.2 30.0 30.0 29.998359394997472 29.995418921860825 30.0 30.0 30.0 30.0 30.0 30.0 30.0
60.3 30.0 30.0 29.99839430148685 29.99550956207797 30.0 30.0 30.0 30.0 30.0 30.0 30.0
60.4 30.0 30.0 29.998428465284984 29.995598419088978 30.0 30.0 30.0 30.0 30.0 30.0 30.0
60.5 30.0 30.0 29.99846190219386 29.99568552774265 30.0 30.0 30.0 30.0 30.0 30.0 30.0
60.6 30.0 30.0 29.998494627679147 29.995770922212394 30.0 30.0 30.0 30.0 30.0 30.0 30.0
60.7 30.0 30.0 29.998526656877445 29.995854636008584 30.0 30.0 30.0 30.0 30.0 30.0 30.0
60.8 30.0 30.0 29.998558004603456 29.99593670199169 30.0 30.0 30.0 30.0 30.0 30.0 30.0
60.9 30.0 30.0 29.998588685356562 29.996017152384727 30.0 30.0 30.0 30.0 30.0 30.0 30.0
61.0 30.0 30.0 29.99861871332768 29.996096018785533 30.0 30.0 30.0 30.0 30.0 30.0 30.0
61.1 30.0 30.0 29.998648102405863 29.996173332178543 30.0 30.0 30.0 30.0 30.0 30.0 30.0
61.2 30.0 30.0 29.998676866184475 29.99624912294703 30.0 30.0 30.0 30.0 30.0 30.0 30.0
61.3 30.0 30.0 29.99870501796778 29.99632342088421 30.0 30.0 30.0 30.0 30.0 30.0 30.0
61.4 30.0 30.0 29.998732570776934 29.99639625520483 30.0 30.0 30.0 30.0 30.0 30.0 30.0
61.5 30.0 30.0 29.998759537356182 29.996467654556078 30.0 30.0 30.0 30.0 30.0 30.0 30.0
61.6 30.0 30.0 29.99878593017838 29.99653764702914 30.0 30.0 30.0 30.0 30.0 30.0 30.0
61.7 30.0 30.0 29.998811761451165 29.99660626016893 30.0 30.0 30.0 30.0 30.0 30.0 30.0
61.8 30.0 30.0 29.998837043122396 29.996673520985432 30.0 30.0 30.0 30.0 30.0 30.0 30.0
61.9 30.0 30.0 29.998861786885758 29.99673945596354 30.0 30.0 30.0 30.0 30.0 30.0 30.0
62.0 30.0 30.0 29.99888600418608 29.996804091073432 30.0 30.0 30.0 30.0 30.0 30.0 30.0
62.1 30.0 30.0 29.998909706224662 29.99686745178033 30.0 30.0 30.0 30.0 30.0 30.0 30.0
62.2 30.0 30.0 29.998932903964587 29.996929563054127 30.0 30.0 30.0 30.0 30.0 30.0 30.0
62.3 30.0 30.0 29.998955608135574 29.996990449379393 30.0 30.0 30.0 30.0 30.0 30.0 30.0
62.4 30.0 30.0 29.998977829239095 29.997050134764077 30.0 30.0 30.0 30.0 30.0 30.0 30.0
62.5 30.0 30.0 29.998999577553114 29.99710864274929 30.0 30.0 30.0 30.0 30.0 30.0 30.0
62.6 30.0 30.0 29.99902086313713 29.997165996417774 30.0 30.0 30.0 30.0 30.0 30.0 30.0
62.7 30.0 30.0 29.999041695836322 29.997222218403458 30.0 30.0 30.0 30.0 30.0 30.0 30.0
62.8 30.0 30.0 29.999062085286596 29.997277330899287 30.0 30.0 30.0 30.0 30.0 30.0 30.0
62.9 30.0 30.0 29.99908204091883 29.997331355666226 30.0 30.0 30.0 30.0 30.0 30.0 30.0
63.0 30.0 30.0 29.999101571963138 29.99738431404162 30.0 30.0 30.0 30.0 30.0 30.0 30.0
63.1 30.0 30.0 29.999120687453317 29.997436226947123 30.0 30.0 30.0 30.0 30.0 30.0 30.0
63.2 30.0 30.0 29.999139396230916 29.997487114897005 30.0 30.0 30.0 30.0 30.0 30.0 30.0
63.3 30.0 30.0 29.999157706949386 29.997536998005646 30.0 30.0 30.0 30.0 30.0 30.0 30.0
63.4 30.0 30.0 29.99917562807816 29.99758589599551 30.0 30.0 30.0 30.0 30.0 30.0 30.0
63.5 30.0 30.0 29.99919316790631 29.997633828205025 30.0 30.0 30.0 30.0 30.0 30.0 30.0
63.6 30.0 30.0 29.999210334546625 29.997680813595235 30.0 30.0 30.0 30.0 30.0 30.0 30.0
63.7 30.0 30.0 29.99922713593929 29.997726870757834 30.0 30.0 30.0 30.0 30.0 30.0 30.0
63.8 30.0 30.0 29.999243579855445 29.997772017921942 30.0 30.0 30.0 30.0 30.0 30.0 30.0
63.9 30.0 30.0 29.999259673901086 29.99781627296087 30.0 30.0 30.0 30.0 30.0 30.0 30.0
64.0 30.0 30.0 29.999275425520228 29.99785965339974 30.0 30.0 30.0 30.0 30.0 30.0 30.0
64.1 30.0 30.0 29.99929084199851 29.99790217642165 30.0 30.0 30.0 30.0 30.0 30.0 30.0
64.2 30.0 30.0 29.999305930466655 29.997943858874198 30.0 30.0 30.0 30.0 30.0 30.0 30.0
64.3 30.0 30.0 29.999320697903485 29.997984717276644 30.0 30.0 30.0 30.0 30.0 30.0 30.0
64.4 30.0 30.0 29.999335151139604 29.998024767825385 30.0 30.0 30.0 30.0 30.0 30.0 30.0
64.5 30.0 30.0 29.999349296860082 29.998064026400915 30.0 30.0 30.0 30.0 30.0 30.0 30.0
64.6 30.0 30.0 29.999363141607766 29.99810250857362 30.0 30.0 30.0 30.0 30.0 30.0 30.0
64.7 30.0 30.0 29.999376691786374 29.99814022960967 30.0 30.0 30.0 30.0 30.0 30.0 30.0
64.8 30.0 30.0 29.999389953663286 29.99817720447743 30.0 30.0 30.0 30.0 30.0 30.0 30.0
64.9 30.0 30.0 29.999402933372565 29.998213447852542 30.0 30.0 30.0 30.0 30.0 30.0 30.0
65.0 30.0 30.0 29.999415636917842 29.998248974124095 30.0 30.0 30.0 30.0 30.0 30.0 30.0
65.1 30.0 30.0 29.999428070174933 29.99828379739998 30.0 30.0 30.0 30.0 30.0 30.0 30.0
65.2 30.0 30.0 29.999440238894657 29.998317931512453 30.0 30.0 30.0 30.0 30.0 30.0 30.0
65.3 30.0 30.0 29.999452148705426 29.998351390023316 30.0 30.0 30.0 30.0 30.0 30.0 30.0
65.4 30.0 30.0 29.999463805115973 29.998384186229277 30.0 30.0 30.0 30.0 30.0 30.0 30.0
65.5 30.0 30.0 29.999475213517766 29.998416333167093 30.0 30.0 30.0 30.0 30.0 30.0 30.0
65.6 30.0 30.0 29.999486379187616 29.99844784361846 30.0 30.0 30.0 30.0 30.0 30.0 30.0
65.7 30.0 30.0 29.999497307289996 29.998478730115362 30.0 30.0 30.0 30.0 30.0 30.0 30.0
65.8 30.0 30.0 29.999508002879573 29.998509004944317 30.0 30.0 30.0 30.0 30.0 30.0 30.0
65.9 30.0 30.0 29.999518470903418 29.998538680151732 30.0 30.0 30.0 30.0 30.0 30.0 30.0
66.0 30.0 30.0 29.99952871620333 29.998567767548213 30.0 30.0 30.0 30.0 30.0 30.0 30.0
66.1 30.0 30.0 29.999538743518166 29.998596278713148 30.0 30.0 30.0 30.0 30.0 30.0 30.0
66.2 30.0 30.0 29.99954855748586 29.998624224999364 30.0 30.0 30.0 30.0 30.0 30.0 30.0
66.3 30.0 30.0 29.999558162645762 29.99865161753744 30.0 30.0 30.0 30.0 30.0 30.0 30.0
66.4 30.0 30.0 29.99956756344056 29.998678467240044 30.0 30.0 30.0 30.0 30.0 30.0 30.0
66.5 30.0 30.0 29.999576764218414 29.998704784806158 30.0 30.0 30.0 30.0 30.0 30.0 30.0
66.6 30.0 30.0 29.99958576923508 29.9987305807251 30.0 30.0 30.0 30.0 30.0 30.0 30.0
66.7 30.0 30.0 29.999594582655657 29.998755865280966 30.0 30.0 30.0 30.0 30.0 30.0 30.0
66.8 30.0 30.0 29.999603208556614 29.998780648556185 30.0 30.0 30.0 30.0 30.0 30.0 30.0
66.9 30.0 30.0 29.999611650927736 29.998804940435672 30.0 30.0 30.0 30.0 30.0 30.0 30.0
67.0 30.0 30.0 29.999619913673943 29.99882875061062 30.0 30.0 30.0 30.0 30.0 30.0 30.0
67.1 30.0 30.0 29.999628000617047 29.998852088582424 30.0 30.0 30.0 30.0 30.0 30.0 30.0
67.2 30.0 30.0 29.999635915497496 29.99887496366605 30.0 30.0 30.0 30.0 30.0 30.0 30.0
67.3 30.0 30.0 29.999643661976293 29.99889738499385 30.0 30.0 30.0 30.0 30.0 30.0 30.0
67.4 30.0 30.0 29.99965124363636 29.998919361519338 30.0 30.0 30.0 30.0 30.0 30.0 30.0
67.5 30.0 30.0 29.999658663984484 29.998940902020223 30.0 30.0 30.0 30.0 30.0 30.0 30.0
67.6 30.0 30.0 29.999665926452938 29.998962015102013 30.0 30.0 30.0 30.0 30.0 30.0 30.0
67.7 30.0 30.0 29.999673034400757 29.998982709201663 30.0 30.0 30.0 30.0 30.0 30.0 30.0
67.8 30.0 30.0 29.999679991115666 29.999002992590288 30.0 30.0 30.0 30.0 30.0 30.0 30.0
67.9 30.0 30.0 29.999686799815347 29.999022873377015 30.0 30.0 30.0 30.0 30.0 30.0 30.0
68.0 30.0 30.0 29.999693463649066 29.999042359511648 30.0 30.0 30.0 30.0 30.0 30.0 30.0
68.1 30.0 30.0 29.999699985699046 29.99906145878792 30.0 30.0 30.0 30.0 30.0 30.0 30.0
68.2 30.0 30.0 29.999706368981997 29.999080178846686 30.0 30.0 30.0 30.0 30.0 30.0 30.0
68.3 30.0 30.0 29.99971261645049 29.9990985271787 30.0 30.0 30.0 30.0 30.0 30.0 30.0
68.4 30.0 30.0 29.99971873099411 29.999116511127763 30.0 30.0 30.0 30.0 30.0 30.0 30.0
68.5 30.0 30.0 29.999724715441094 29.999134137893297 30.0 30.0 30.0 30.0 30.0 30.0 30.0
68.6 30.0 30.0 29.9997305725594 29.999151414533404 30.0 30.0 30.0 30.0 30.0 30.0 30.0
68.7 30.0 30.0 29.999736305058157 29.99916834796754 30.0 30.0 30.0 30.0 30.0 30.0 30.0
68.8 30.0 30.0 29.999741915588842 29.999184944979124 30.0 30.0 30.0 30.0 30.0 30.0 30.0
68.9 30.0 30.0 29.999747406746504 29.99920121221845 30.0 30.0 30.0 30.0 30.0 30.0 30.0
69.0 30.0 30.0 29.999752781071063 29.999217156204868 30.0 30.0 30.0 30.0 30.0 30.0 30.0
69.1 30.0 30.0 29.999758041048235 29.999232783329894 30.0 30.0 30.0 30.0 30.0 30.0 30.0
69.2 30.0 30.0 29.99976318911102 29.999248099859145 30.0 30.0 30.0 30.0 30.0 30.0 30.0
69.3 30.0 30.0 29.999768227640555 29.99926311193527 30.0 30.0 30.0 30.0 30.0 30.0 30.0
69.4 30.0 30.0 29.999773158967365 29.99927782557988 30.0 30.0 30.0 30.0 30.0 30.0 30.0
69.5 30.0 30.0 29.999777985372354 29.999292246696385 30.0 30.0 30.0 30.0 30.0 30.0 30.0
69.6 30.0 30.0 29.999782709087842 29.9993063810721 30.0 30.0 30.0 30.0 30.0 30.0 30.0
69.7 30.0 30.0 29.999787332298748 29.999320234380335 30.0 30.0 30.0 30.0 30.0 30.0 30.0
69.8 30.0 30.0 29.99979185714345 29.999333812182975 30.0 30.0 30.0 30.0 30.0 30.0 30.0
69.9 30.0 30.0 29.999796285714844 29.999347119932217 30.0 30.0 30.0 30.0 30.0 30.0 30.0
70.0 30.0 30.0 29.999800620061333 29.999360162973144 30.0 30.0 30.0 30.0 30.0 30.0 30.0
70.1 30.0 30.0 29.99980486218767 29.999372946545655 30.0 30.0 30.0 30.0 30.0 30.0 30.0
70.2 30.0 30.0 29.99980901405604 29.999385475786422 30.0 30.0 30.0 30.0 30.0 30.0 30.0
70.3 30.0 30.0 29.999813077586744 29.999397755731145 30.0 30.0 30.0 30.0 30.0 30.0 30.0
70.4 30.0 30.0 29.999817054659328 29.999409791316083 30.0 30.0 30.0 30.0 30.0 30.0 30.0
70.5 30.0 30.0 29.9998209471134 29.999421587380493 30.0 30.0 30.0 30.0 30.0 30.0 30.0
70.6 30.0 30.0 29.99982475674927 29.99943314866844 30.0 30.0 30.0 30.0 30.0 30.0 30.0
70.7 30.0 30.0 29.999828485329036 29.999444479830352 30.0 30.0 30.0 30.0 30.0 30.0 30.0
70.8 30.0 30.0 29.999832134577353 29.999455585425007 30.0 30.0 30.0 30.0 30.0 30.0 30.0
70.9 30.0 30.0 29.999835706182107 29.999466469921583 30.0 30.0 30.0 30.0 30.0 30.0 30.0
71.0 30.0 30.0 29.99983920179529 29.999477137701046 30.0 30.0 30.0 30.0 30.0 30.0 30.0
71.1 30.0 30.0 29.999842623033672 29.999487593058074 30.0 30.0 30.0 30.0 30.0 30.0 30.0
71.2 30.0 30.0 29.999845971479775 29.99949784020264 30.0 30.0 30.0 30.0 30.0 30.0 30.0
71.3 30.0 30.0 29.999849248682352 29.999507883261813 30.0 30.0 30.0 30.0 30.0 30.0 30.0
71.4 30.0 30.0 29.999852456157164 29.99951772628131 30.0 30.0 30.0 30.0 30.0 30.0 30.0
71.5 30.0 30.0 29.99985559538785 29.99952737322691 30.0 30.0 30.0 30.0 30.0 30.0 30.0
71.6 30.0 30.0 29.999858667826402 29.999536827986457 30.0 30.0 30.0 30.0 30.0 30.0 30.0
71.7 30.0 30.0 29.999861674893957 29.999546094370825 30.0 30.0 30.0 30.0 30.0 30.0 30.0
71.8 30.0 30.0 29.99986461798137 29.999555176115898 30.0 30.0 30.0 30.0 30.0 30.0 30.0
71.9 30.0 30.0 29.999867498449877 29.99956407688399 30.0 30.0 30.0 30.0 30.0 30.0 30.0
72.0 30.0 30.0 29.999870317631792 29.999572800264858 30.0 30.0 30.0 30.0 30.0 30.0 30.0
72.1 30.0 30.0 29.999873076831083 29.999581349777593 30.0 30.0 30.0 30.0 30.0 30.0 30.0
72.2 30.0 30.0 29.999875777324036 29.999589728871833 30.0 30.0 30.0 30.0 30.0 30.0 30.0
72.3 30.0 30.0 29.999878420359664 29.999597940929114 30.0 30.0 30.0 30.0 30.0 30.0 30.0
72.4 30.0 30.0 29.999881007160557 29.999605989264193 30.0 30.0 30.0 30.0 30.0 30.0 30.0
72.5 30.0 30.0 29.999883538923086 29.999613877126524 30.0 30.0 30.0 30.0 30.0 30.0 30.0
72.6 30.0 30.0 29.999886016818373 29.99962160770119 30.0 30.0 30.0 30.0 30.0 30.0 30.0
72.7 30.0 30.0 29.99988844199248 29.999629184110535 30.0 30.0 30.0 30.0 30.0 30.0 30.0
72.8 30.0 30.0 29.999890815567078 29.999636609415283 30.0 30.0 30.0 30.0 30.0 30.0 30.0
72.9 30.0 30.0 29.999893138640147 29.999643886615544 30.0 30.0 30.0 30.0 30.0 30.0 30.0
73.0 30.0 30.0 29.999895412286143 29.99965101865223 30.0 30.0 30.0 30.0 30.0 30.0 30.0
73.1 30.0 30.0 29.9998976375567 29.999658008408268 30.0 30.0 30.0 30.0 30.0 30.0 30.0
73.2 30.0 30.0 29.999899815480994 29.99966485870952 30.0 30.0 30.0 30.0 30.0 30.0 30.0
73.3 30.0 30.0 29.999901947066533 29.999671572325866 30.0 30.0 30.0 30.0 30.0 30.0 30.0
73.4 30.0 30.0 29.99990403329915 29.999678151972773 30.0 30.0 30.0 30.0 30.0 30.0 30.0
73.5 30.0 30.0 29.99990607514388 29.999684600311777 30.0 30.0 30.0 30.0 30.0 30.0 30.0
73.6 30.0 30.0 29.999908073545043 29.999690919951966 30.0 30.0 30.0 30.0 30.0 30.0 30.0
73.7 30.0 30.0 29.999910029427042 29.9996971134506 30.0 30.0 30.0 30.0 30.0 30.0 30.0
73.8 30.0 30.0 29.99991194369453 29.99970318331471 30.0 30.0 30.0 30.0 30.0 30.0 30.0
73.9 30.0 30.0 29.999913817232912 29.999709132001453 30.0 30.0 30.0 30.0 30.0 30.0 30.0
74.0 30.0 30.0 29.999915650908818 29.99971496191953 30.0 30.0 30.0 30.0 30.0 30.0 30.0
74.1 30.0 30.0 29.9999174455703 29.999720675430172 30.0 30.0 30.0 30.0 30.0 30.0 30.0
74.2 30.0 30.0 29.999919202047522 29.999726274847475 30.0 30.0 30.0 30.0 30.0 30.0 30.0
74.3 30.0 30.0 29.999920921152928 29.999731762440188 30.0 30.0 30.0 30.0 30.0 30.0 30.0
74.4 30.0 30.0 29.99992260368155 29.999737140431964 30.0 30.0 30.0 30.0 30.0 30.0 30.0
74.5 30.0 30.0 29.99992425041169 29.99974241100237 30.0 30.0 30.0 30.0 30.0 30.0 30.0
74.6 30.0 30.0 29.999925862105094 29.999747576288 30.0 30.0 30.0 30.0 30.0 30.0 30.0
74.7 30.0 30.0 29.999927439507164 29.999752638383097 30.0 30.0 30.0 30.0 30.0 30.0 30.0
74.8 30.0 30.0 29.999928983347424 29.999757599340587 30.0 30.0 30.0 30.0 30.0 30.0 30.0
74.9 30.0 30.0 29.999930494340028 29.999762461172455 30.0 30.0 30.0 30.0 30.0 30.0 30.0
75.0 30.0 30.0 29.99993197318383 29.999767225851112 30.0 30.0 30.0 30.0 30.0 30.0 30.0
75.1 30.0 30.0 29.99993342056289 29.99977189530974 30.0 30.0 30.0 30.0 30.0 30.0 30.0
75.2 30.0 30.0 29.999934837146654 29.99977647144334 30.0 30.0 30.0 30.0 30.0 30.0 30.0
75.3 30.0 30.0 29.999936223590343 29.99978095610931 30.0 30.0 30.0 30.0 30.0 30.0 30.0
75.4 30.0 30.0 29.99993758053525 29.99978535112839 30.0 30.0 30.0 30.0 30.0 30.0 30.0
75.5 30.0 30.0 29.99993890860892 29.999789658285202 30.0 30.0 30.0 30.0 30.0 30.0 30.0
75.6 30.0 30.0 29.999940208425755 29.999793879328788 30.0 30.0 30.0 30.0 30.0 30.0 30.0
75.7 30.0 30.0 29.99994148058689 29.99979801597392 30.0 30.0 30.0 30.0 30.0 30.0 30.0
75.8 30.0 30.0 29.999942725680782 29.999802069901037 30.0 30.0 30.0 30.0 30.0 30.0 30.0
75.9 30.0 30.0 29.99994394428332 29.999806042757495 30.0 30.0 30.0 30.0 30.0 30.0 30.0
76.0 30.0 30.0 29.999945136958097 29.999809936157988 30.0 30.0 30.0 30.0 30.0 30.0 30.0
76.1 30.0 30.0 29.99994630425691 29.99981375168491 30.0 30.0 30.0 30.0 30.0 30.0 30.0
76.2 30.0 30.0 29.99994744671955 29.999817490889775 30.0 30.0 30.0 30.0 30.0 30.0 30.0
76.3 30.0 30.0 29.999948564874494 29.999821155292892 30.0 30.0 30.0 30.0 30.0 30.0 30.0
76.4 30.0 30.0 29.999949659238894 29.999824746384668 30.0 30.0 30.0 30.0 30.0 30.0 30.0
76.5 30.0 30.0 29.999950730318876 29.999828265625958 30.0 30.0 30.0 30.0 30.0 30.0 30.0
76.6 30.0 30.0 29.99995177860992 29.999831714448373 30.0 30.0 30.0 30.0 30.0 30.0 30.0
76.7 30.0 30.0 29.99995280459696 29.999835094255364 30.0 30.0 30.0 30.0 30.0 30.0 30.0
76.8 30.0 30.0 29.999953808754483 29.999838406422658 30.0 30.0 30.0 30.0 30.0 30.0 30.0
76.9 30.0 30.0 29.99995479154691 29.99984165229839 30.0 30.0 30.0 30.0 30.0 30.0 30.0
77.0 30.0 30.0 29.999955753428893 29.999844833204115 30.0 30.0 30.0 30.0 30.0 30.0 30.0
77.1 30.0 30.0 29.99995669484531 29.9998479504351 30.0 30.0 30.0 30.0 30.0 30.0 30.0
77.2 30.0 30.0 29.99995761623156 29.999851005261043 30.0 30.0 30.0 30.0 30.0 30.0 30.0
77.3 30.0 30.0 29.99995851801384 29.999853998926245 30.0 30.0 30.0 30.0 30.0 30.0 30.0
77.4 30.0 30.0 29.99995940060927 29.999856932650392 30.0 30.0 30.0 30.0 30.0 30.0 30.0
77.5 30.0 30.0 29.999960264426054 29.99985980762894 30.0 30.0 30.0 30.0 30.0 30.0 30.0
77.6 30.0 30.0 29.999961109863786 29.999862625033558 30.0 30.0 30.0 30.0 30.0 30.0 30.0
77.7 30.0 30.0 29.999961937313454 29.999865386012917 30.0 30.0 30.0 30.0 30.0 30.0 30.0
77.8 30.0 30.0 29.99996274715782 29.999868091692502 30.0 30.0 30.0 30.0 30.0 30.0 30.0
77.9 30.0 30.0 29.99996353977152 29.99987074317563 30.0 30.0 30.0 30.0 30.0 30.0 30.0
78.0 30.0 30.0 29.99996431552106 29.99987334154375 30.0 30.0 30.0 30.0 30.0 30.0 30.0
78.1 30.0 30.0 29.9999650747653 29.999875887856717 30.0 30.0 30.0 30.0 30.0 30.0 30.0
78.2 30.0 30.0 29.99996581785537 29.99987838315347 30.0 30.0 30.0 30.0 30.0 30.0 30.0
78.3 30.0 30.0 29.99996654513503 29.999880828452046 30.0 30.0 30.0 30.0 30.0 30.0 30.0
78.4 30.0 30.0 29.999967256940707 29.999883224750572 30.0 30.0 30.0 30.0 30.0 30.0 30.0
78.5 30.0 30.0 29.999967953601555 29.99988557302717 30.0 30.0 30.0 30.0 30.0 30.0 30.0
78.6 30.0 30.0 29.999968635439863 29.9998878742404 30.0 30.0 30.0 30.0 30.0 30.0 30.0
78.7 30.0 30.0 29.999969302770957 29.999890129330065 30.0 30.0 30.0 30.0 30.0 30.0 30.0
78.8 30.0 30.0 29.999969955903484 29.999892339217137 30.0 30.0 30.0 30.0 30.0 30.0 30.0
78.9 30.0 30.0 29.99997059513961 29.999894504804168 30.0 30.0 30.0 30.0 30.0 30.0 30.0
79.0 30.0 30.0 29.99997122077492 29.999896626975943 30.0 30.0 30.0 30.0 30.0 30.0 30.0
79.1 30.0 30.0 29.999971833098904 29.99989870659938 30.0 30.0 30.0 30.0 30.0 30.0 30.0
79.2 30.0 30.0 29.999972432394667 29.999900744524606 30.0 30.0 30.0 30.0 30.0 30.0 30.0
79.3 30.0 30.0 29.999973018939507 29.999902741584428 30.0 30.0 30.0 30.0 30.0 30.0 30.0
79.4 30.0 30.0 29.99997359300463 29.999904698595387 30.0 30.0 30.0 30.0 30.0 30.0 30.0
79.5 30.0 30.0 29.999974154855625 29.999906616357507 30.0 30.0 30.0 30.0 30.0 30.0 30.0
79.6 30.0 30.0 29.99997470475228 29.999908495655077 30.0 30.0 30.0 30.0 30.0 30.0 30.0
79.7 30.0 30.0 29.99997524294906 29.9999103372566 30.0 30.0 30.0 30.0 30.0 30.0 30.0
79.8 30.0 30.0 29.999975769694817 29.999912141915633 30.0 30.0 30.0 30.0 30.0 30.0 30.0
79.9 30.0 30.0 29.99997628523318 29.999913910370395 30.0 30.0 30.0 30.0 30.0 30.0 30.0
80.0 30.0 30.0 29.999976789802652 29.99991564334455 30.0 30.0 30.0 30.0 30.0 30.0 30.0
80.1 30.0 30.0 29.9999772836366 29.99991734154735 30.0 30.0 30.0 30.0 30.0 30.0 30.0
80.2 30.0 30.0 29.999977766963468 29.99991900567386 30.0 30.0 30.0 30.0 30.0 30.0 30.0
80.3 30.0 30.0 29.999978240006758 29.9999206364055 30.0 30.0 30.0 30.0 30.0 30.0 30.0
80.4 30.0 30.0 29.999978702985324 29.999922234409834 30.0 30.0 30.0 30.0 30.0 30.0 30.0
80.5 30.0 30.0 29.99997915611329 29.999923800341367 30.0 30.0 30.0 30.0 30.0 30.0 30.0
80.6 30.0 30.0 29.999979599600227 29.99992533484151 30.0 30.0 30.0 30.0 30.0 30.0 30.0
80.7 30.0 30.0 29.99998003365125 29.999926838538894 30.0 30.0 30.0 30.0 30.0 30.0 30.0
80.8 30.0 30.0 29.999980458467228 29.999928312049448 30.0 30.0 30.0 30.0 30.0 30.0 30.0
80.9 30.0 30.0 29.99998087424457 29.99992975597725 30.0 30.0 30.0 30.0 30.0 30.0 30.0
81.0 30.0 30.0 29.99998128117553 29.999931170914046 30.0 30.0 30.0 30.0 30.0 30.0 30.0
81.1 30.0 30.0 29.999981679448386 29.999932557439724 30.0 30.0 30.0 30.0 30.0 30.0 30.0
81.2 30.0 30.0 29.999982069247366 29.9999339161228 30.0 30.0 30.0 30.0 30.0 30.0 30.0
81.3 30.0 30.0 29.99998245075272 29.999935247520387 30.0 30.0 30.0 30.0 30.0 30.0 30.0
81.4 30.0 30.0 29.999982824140933 29.999936552178525 30.0 30.0 30.0 30.0 30.0 30.0 30.0
81.5 30.0 30.0 29.999983189584707 29.99993783063226 30.0 30.0 30.0 30.0 30.0 30.0 30.0
81.6 30.0 30.0 29.99998354725308 29.99993908340622 30.0 30.0 30.0 30.0 30.0 30.0 30.0
81.7 30.0 30.0 29.999983897311495 29.999940311014296 30.0 30.0 30.0 30.0 30.0 30.0 30.0
81.8 30.0 30.0 29.999984239921922 29.999941513960213 30.0 30.0 30.0 30.0 30.0 30.0 30.0
81.9 30.0 30.0 29.99998457524275 29.999942692737786 30.0 30.0 30.0 30.0 30.0 30.0 30.0
82.0 30.0 30.0 29.999984903429073 29.99994384783086 30.0 30.0 30.0 30.0 30.0 30.0 30.0
82.1 30.0 30.0 29.999985224632706 29.99994497971372 30.0 30.0 30.0 30.0 30.0 30.0 30.0
82.2 30.0 30.0 29.99998553900226 29.999946088851 30.0 30.0 30.0 30.0 30.0 30.0 30.0
82.3 30.0 30.0 29.99998584668306 29.99994717569833 30.0 30.0 30.0 30.0 30.0 30.0 30.0
82.4 30.0 30.0 29.99998614781743 29.99994824070209 30.0 30.0 30.0 30.0 30.0 30.0 30.0
82.5 30.0 30.0 29.999986442544703 29.999949284299706 30.0 30.0 30.0 30.0 30.0 30.0 30.0
82.6 30.0 30.0 29.999986731001204 29.99995030691996 30.0 30.0 30.0 30.0 30.0 30.0 30.0
82.7 30.0 30.0 29.999987013320357 29.99995130898317 30.0 30.0 30.0 30.0 30.0 30.0 30.0
82.8 30.0 30.0 29.999987289632685 29.99995229090119 30.0 30.0 30.0 30.0 30.0 30.0 30.0
82.9 30.0 30.0 29.999987560066 29.999953253077578 30.0 30.0 30.0 30.0 30.0 30.0 30.0
83.0 30.0 30.0 29.999987824745407 29.999954195907858 30.0 30.0 30.0 30.0 30.0 30.0 30.0
83.1 30.0 30.0 29.999988083793397 29.999955119779624 30.0 30.0 30.0 30.0 30.0 30.0 30.0
83.2 30.0 30.0 29.999988337329754 29.99995602507299 30.0 30.0 30.0 30.0 30.0 30.0 30.0
83.3 30.0 30.0 29.99998858547164 29.999956912160318 30.0 30.0 30.0 30.0 30.0 30.0 30.0
83.4 30.0 30.0 29.999988828333915 29.99995778140632 30.0 30.0 30.0 30.0 30.0 30.0 30.0
83.5 30.0 30.0 29.999989066028906 29.99995863316874 30.0 30.0 30.0 30.0 30.0 30.0 30.0
83.6 30.0 30.0 29.99998929866662 29.999959467797918 30.0 30.0 30.0 30.0 30.0 30.0 30.0
83.7 30.0 30.0 29.999989526354554 29.999960285637542 30.0 30.0 30.0 30.0 30.0 30.0 30.0
83.8 30.0 30.0 29.999989749198075 29.999961087024182 30.0 30.0 30.0 30.0 30.0 30.0 30.0
83.9 30.0 30.0 29.999989967300227 29.999961872287702 30.0 30.0 30.0 30.0 30.0 30.0 30.0
84.0 30.0 30.0 29.999990180761923 29.999962641751402 30.0 30.0 30.0 30.0 30.0 30.0 30.0
84.1 30.0 30.0 29.999990389681855 29.999963395732166 30.0 30.0 30.0 30.0 30.0 30.0 30.0
84.2 30.0 30.0 29.999990594156678 29.99996413454047 30.0 30.0 30.0 30.0 30.0 30.0 30.0
84.3 30.0 30.0 29.999990794281022 29.999964858480556 30.0 30.0 30.0 30.0 30.0 30.0 30.0
84.4 30.0 30.0 29.99999099014738 29.999965567850808 30.0 30.0 30.0 30.0 30.0 30.0 30.0
84.5 30.0 30.0 29.99999118184642 29.999966262943392 30.0 30.0 30.0 30.0 30.0 30.0 30.0
84.6 30.0 30.0 29.99999136946666 29.99996694404485 30.0 30.0 30.0 30.0 30.0 30.0 30.0
84.7 30.0 30.0 29.999991553094993 29.99996761143571 30.0 30.0 30.0 30.0 30.0 30.0 30.0
84.8 30.0 30.0 29.999991732816373 29.99996826539124 30.0 30.0 30.0 30.0 30.0 30.0 30.0
84.9 30.0 30.0 29.999991908713906 29.999968906180907 30.0 30.0 30.0 30.0 30.0 30.0 30.0
85.0 30.0 30.0 29.999992080868964 29.99996953406898 30.0 30.0 30.0 30.0 30.0 30.0 30.0
85.1 30.0 30.0 29.99999224936108 29.999970149314475 30.0 30.0 30.0 30.0 30.0 30.0 30.0
85.2 30.0 30.0 29.99999241426834 29.999970752170903 30.0 30.0 30.0 30.0 30.0 30.0 30.0
85.3 30.0 30.0 29.999992575666884 29.99997134288724 30.0 30.0 30.0 30.0 30.0 30.0 30.0
85.4 30.0 30.0 29.999992733631405 29.999971921706972 30.0 30.0 30.0 30.0 30.0 30.0 30.0
85.5 30.0 30.0 29.99999288823496 29.999972488868963 30.0 30.0 30.0 30.0 30.0 30.0 30.0
85.6 30.0 30.0 29.99999303954914 29.999973044607206 30.0 30.0 30.0 30.0 30.0 30.0 30.0
85.7 30.0 30.0 29.999993187643806 29.999973589151253 30.0 30.0 30.0 30.0 30.0 30.0 30.0
85.8 30.0 30.0 29.999993332587557 29.99997412272561 30.0 30.0 30.0 30.0 30.0 30.0 30.0
85.9 30.0 30.0 29.999993474447447 29.999974645550704 30.0 30.0 30.0 30.0 30.0 30.0 30.0
86.0 30.0 30.0 29.99999361328897 29.99997515784244 30.0 30.0 30.0 30.0 30.0 30.0 30.0
86.1 30.0 30.0 29.99999374917648 29.999975659812232 30.0 30.0 30.0 30.0 30.0 30.0 30.0
86.2 30.0 30.0 29.99999388217276 29.99997615166757 30.0 30.0 30.0 30.0 30.0 30.0 30.0
86.3 30.0 30.0 29.999994012339254 29.99997663361162 30.0 30.0 30.0 30.0 30.0 30.0 30.0
86.4 30.0 30.0 29.999994139736337 29.99997710584322 30.0 30.0 30.0 30.0 30.0 30.0 30.0
86.5 30.0 30.0 29.99999426442284 29.999977568557732 30.0 30.0 30.0 30.0 30.0 30.0 30.0
86.6 30.0 30.0 29.999994386456418 29.99997802194631 30.0 30.0 30.0 30.0 30.0 30.0 30.0
86.7 30.0 30.0 29.999994505893486 29.99997846619638 30.0 30.0 30.0 30.0 30.0 30.0 30.0
86.8 30.0 30.0 29.99999462278939 29.999978901491392 30.0 30.0 30.0 30.0 30.0 30.0 30.0
86.9 30.0 30.0 29.999994737198115 29.99997932801153 30.0 30.0 30.0 30.0 30.0 30.0 30.0
87.0 30.0 30.0 29.999994849172587 29.99997974593301 30.0 30.0 30.0 30.0 30.0 30.0 30.0
87.1 30.0 30.0 29.999994958764667 29.9999801554286 30.0 30.0 30.0 30.0 30.0 30.0 30.0
87.2 30.0 30.0 29.999995066024955 29.99998055666781 30.0 30.0 30.0 30.0 30.0 30.0 30.0
87.3 30.0 30.0 29.99999517100319 29.999980949816447 30.0 30.0 30.0 30.0 30.0 30.0 30.0
87.4 30.0 30.0 29.99999527374784 29.999981335037326 30.0 30.0 30.0 30.0 30.0 30.0 30.0
87.5 30.0 30.0 29.99999537430641 29.99998171248973 30.0 30.0 30.0 30.0 30.0 30.0 30.0
87.6 30.0 30.0 29.999995472725445 29.99998208232979 30.0 30.0 30.0 30.0 30.0 30.0 30.0
87.7 30.0 30.0 29.999995569050416 29.99998244471063 30.0 30.0 30.0 30.0 30.0 30.0 30.0
87.8 30.0 30.0 29.999995663325926 29.999982799782213 30.0 30.0 30.0 30.0 30.0 30.0 30.0
87.9 30.0 30.0 29.999995755595616 29.999983147691506 30.0 30.0 30.0 30.0 30.0 30.0 30.0
88.0 30.0 30.0 29.999995845902053 29.99998348858268 30.0 30.0 30.0 30.0 30.0 30.0 30.0
88.1 30.0 30.0 29.999995934287135 29.999983822596647 30.0 30.0 30.0 30.0 30.0 30.0 30.0
88.2 30.0 30.0 29.99999602079169 29.999984149871942 30.0 30.0 30.0 30.0 30.0 30.0 30.0
88.3 30.0 30.0 29.999996105455683 29.999984470544042 30.0 30.0 30.0 30.0 30.0 30.0 30.0
88.4 30.0 30.0 29.999996188318296 29.99998478474572 30.0 30.0 30.0 30.0 30.0 30.0 30.0
88.5 30.0 30.0 29.999996269417938 29.99998509260718 30.0 30.0 30.0 30.0 30.0 30.0 30.0
88.6 30.0 30.0 29.999996348792056 29.999985394255997 30.0 30.0 30.0 30.0 30.0 30.0 30.0
88.7 30.0 30.0 29.999996426477317 29.99998568981725 30.0 30.0 30.0 30.0 30.0 30.0 30.0
88.8 30.0 30.0 29.99999650250972 29.999985979413253 30.0 30.0 30.0 30.0 30.0 30.0 30.0
88.9 30.0 30.0 29.999996576924385 29.99998626316428 30.0 30.0 30.0 30.0 30.0 30.0 30.0
89.0 30.0 30.0 29.99999664975575 29.99998654118776 30.0 30.0 30.0 30.0 30.0 30.0 30.0
89.1 30.0 30.0 29.999996721037594 29.999986813598948 30.0 30.0 30.0 30.0 30.0 30.0 30.0
89.2 30.0 30.0 29.999996790802705 29.999987080511023 30.0 30.0 30.0 30.0 30.0 30.0 30.0
89.3 30.0 30.0 29.999996859083506 29.999987342034473 30.0 30.0 30.0 30.0 30.0 30.0 30.0
89.4 30.0 30.0 29.99999692591153 29.999987598277826 30.0 30.0 30.0 30.0 30.0 30.0 30.0
89.5 30.0 30.0 29.999996991317648 29.99998784934748 30.0 30.0 30.0 30.0 30.0 30.0 30.0
89.6 30.0 30.0 29.999997055332145 29.999988095347454 30.0 30.0 30.0 30.0 30.0 30.0 30.0
89.7 30.0 30.0 29.99999711798462 29.999988336379865 30.0 30.0 30.0 30.0 30.0 30.0 30.0
89.8 30.0 30.0 29.999997179304106 29.999988572544652 30.0 30.0 30.0 30.0 30.0 30.0 30.0
89.9 30.0 30.0 29.999997239318954 29.99998880393994 30.0 30.0 30.0 30.0 30.0 30.0 30.0
90.0 30.0 30.0 29.99999729805683 29.999989030661872 30.0 30.0 30.0 30.0 30.0 30.0 30.0
90.1 30.0 30.0 29.999997355545023 29.999989252804312 30.0 30.0 30.0 30.0 30.0 30.0 30.0
90.2 30.0 30.0 29.999997411809947 29.999989470459667 30.0 30.0 30.0 30.0 30.0 30.0 30.0
90.3 30.0 30.0 29.99999746687782 29.999989683718184 30.0 30.0 30.0 30.0 30.0 30.0 30.0
90.4 30.0 30.0 29.99999752077399 29.99998989266864 30.0 30.0 30.0 30.0 30.0 30.0 30.0
90.5 30.0 30.0 29.999997573523522 29.999990097397646 30.0 30.0 30.0 30.0 30.0 30.0 30.0
90.6 30.0 30.0 29.999997625150698 29.999990297990337 30.0 30.0 30.0 30.0 30.0 30.0 30.0
90.7 30.0 30.0 29.999997675679417 29.99999049452998 30.0 30.0 30.0 30.0 30.0 30.0 30.0
90.8 30.0 30.0 29.999997725133095 29.999990687098276 30.0 30.0 30.0 30.0 30.0 30.0 30.0
90.9 30.0 30.0 29.999997773534567 29.999990875775293 30.0 30.0 30.0 30.0 30.0 30.0 30.0
91.0 30.0 30.0 29.999997820906177 29.999991060639385 30.0 30.0 30.0 30.0 30.0 30.0 30.0
91.1 30.0 30.0 29.999997867269897 29.99999124176736 30.0 30.0 30.0 30.0 30.0 30.0 30.0
91.2 30.0 30.0 29.999997912647103 29.999991419234647 30.0 30.0 30.0 30.0 30.0 30.0 30.0
91.3 30.0 30.0 29.999997957058888 29.999991593114792 30.0 30.0 30.0 30.0 30.0 30.0 30.0
91.4 30.0 30.0 29.99999800052567 29.99999176348042 30.0 30.0 30.0 30.0 30.0 30.0 30.0
91.5 30.0 30.0 29.99999804306777 29.99999193040197 30.0 30.0 30.0 30.0 30.0 30.0 30.0
91.6 30.0 30.0 29.999998084704632 29.99999209394923 30.0 30.0 30.0 30.0 30.0 30.0 30.0
91.7 30.0 30.0 29.99999812545561 29.999992254190065 30.0 30.0 30.0 30.0 30.0 30.0 30.0
91.8 30.0 30.0 29.999998165339466 29.999992411191265 30.0 30.0 30.0 30.0 30.0 30.0 30.0
91.9 30.0 30.0 29.999998204374783 29.999992565017923 30.0 30.0 30.0 30.0 30.0 30.0 30.0
92.0 30.0 30.0 29.99999824257956 29.999992715734198 30.0 30.0 30.0 30.0 30.0 30.0 30.0
92.1 30.0 30.0 29.999998279971404 29.999992863402834 30.0 30.0 30.0 30.0 30.0 30.0 30.0
92.2 30.0 30.0 29.99999831656773 29.999993008085106 30.0 30.0 30.0 30.0 30.0 30.0 30.0
92.3 30.0 30.0 29.999998352385372 29.999993149841448 30.0 30.0 30.0 30.0 30.0 30.0 30.0
92.4 30.0 30.0 29.999998387440975 29.99999328873079 30.0 30.0 30.0 30.0 30.0 30.0 30.0
92.5 30.0 30.0 29.999998421750792 29.999993424810928 30.0 30.0 30.0 30.0 30.0 30.0 30.0
92.6 30.0 30.0 29.999998455330495 29.999993558138776 30.0 30.0 30.0 30.0 30.0 30.0 30.0
92.7 30.0 30.0 29.999998488195764 29.999993688769447 30.0 30.0 30.0 30.0 30.0 30.0 30.0
92.8 30.0 30.0 29.99999852036188 29.99999381675746 30.0 30.0 30.0 30.0 30.0 30.0 30.0
92.9 30.0 30.0 29.999998551843557 29.999993942156454 30.0 30.0 30.0 30.0 30.0 30.0 30.0
93.0 30.0 30.0 29.999998582655305 29.99999406501846 30.0 30.0 30.0 30.0 30.0 30.0 30.0
93.1 30.0 30.0 29.99999861281163 29.999994185394367 30.0 30.0 30.0 30.0 30.0 30.0 30.0
93.2 30.0 30.0 29.999998642326283 29.99999430333488 30.0 30.0 30.0 30.0 30.0 30.0 30.0
93.3 30.0 30.0 29.999998671212996 29.999994418888758 30.0 30.0 30.0 30.0 30.0 30.0 30.0
93.4 30.0 30.0 29.999998699485122 29.999994532104346 30.0 30.0 30.0 30.0 30.0 30.0 30.0
93.5 30.0 30.0 29.999998727155628 29.999994643028735 30.0 30.0 30.0 30.0 30.0 30.0 30.0
93.6 30.0 30.0 29.999998754237478 29.999994751708115 30.0 30.0 30.0 30.0 30.0 30.0 30.0
93.7 30.0 30.0 29.999998780743056 29.99999485818812 30.0 30.0 30.0 30.0 30.0 30.0 30.0
93.8 30.0 30.0 29.999998806684747 29.99999496251273 30.0 30.0 30.0 30.0 30.0 30.0 30.0
93.9 30.0 30.0 29.999998832074358 29.999995064725972 30.0 30.0 30.0 30.0 30.0 30.0 30.0
94.0 30.0 30.0 29.99999885692388 29.999995164869816 30.0 30.0 30.0 30.0 30.0 30.0 30.0
94.1 30.0 30.0 29.999998881244736 29.999995262986427 30.0 30.0 30.0 30.0 30.0 30.0 30.0
94.2 30.0 30.0 29.999998905047953 29.99999535911691 30.0 30.0 30.0 30.0 30.0 30.0 30.0
94.3 30.0 30.0 29.99999892834476 29.999995453300908 30.0 30.0 30.0 30.0 30.0 30.0 30.0
94.4 30.0 30.0 29.999998951145983 29.999995545578024 30.0 30.0 30.0 30.0 30.0 30.0 30.0
94.5 30.0 30.0 29.99999897346208 29.999995635986785 30.0 30.0 30.0 30.0 30.0 30.0 30.0
94.6 30.0 30.0 29.999998995303304 29.999995724564837 30.0 30.0 30.0 30.0 30.0 30.0 30.0
94.7 30.0 30.0 29.999999016679915 29.999995811349077 30.0 30.0 30.0 30.0 30.0 30.0 30.0
94.8 30.0 30.0 29.999999037601583 29.99999589637603 30.0 30.0 30.0 30.0 30.0 30.0 30.0
94.9 30.0 30.0 29.999999058078178 29.999995979680786 30.0 30.0 30.0 30.0 30.0 30.0 30.0
95.0 30.0 30.0 29.99999907811899 29.9999960612986 30.0 30.0 30.0 30.0 30.0 30.0 30.0
95.1 30.0 30.0 29.9999990977335 29.99999614126309 30.0 30.0 30.0 30.0 30.0 30.0 30.0
95.2 30.0 30.0 29.999999116930613 29.999996219608054 30.0 30.0 30.0 30.0 30.0 30.0 30.0
95.3 30.0 30.0 29.99999913571942 29.999996296365637 30.0 30.0 30.0 30.0 30.0 30.0 30.0
95.4 30.0 30.0 29.999999154108433 29.999996371568564 30.0 30.0 30.0 30.0 30.0 30.0 30.0
95.5 30.0 30.0 29.999999172106172 29.999996445247902 30.0 30.0 30.0 30.0 30.0 30.0 30.0
95.6 30.0 30.0 29.999999189720956 29.99999651743455 30.0 30.0 30.0 30.0 30.0 30.0 30.0
95.7 30.0 30.0 29.99999920696091 29.999996588158666 30.0 30.0 30.0 30.0 30.0 30.0 30.0
95.8 30.0 30.0 29.99999922383417 29.999996657449675 30.0 30.0 30.0 30.0 30.0 30.0 30.0
95.9 30.0 30.0 29.99999924034827 29.99999672533681 30.0 30.0 30.0 30.0 30.0 30.0 30.0
96.0 30.0 30.0 29.999999256511153 29.99999679184807 30.0 30.0 30.0 30.0 30.0 30.0 30.0
96.1 30.0 30.0 29.999999272329973 29.999996857011766 30.0 30.0 30.0 30.0 30.0 30.0 30.0
96.2 30.0 30.0 29.999999287812283 29.99999692085462 30.0 30.0 30.0 30.0 30.0 30.0 30.0
96.3 30.0 30.0 29.99999930296524 29.99999698340367 30.0 30.0 30.0 30.0 30.0 30.0 30.0
96.4 30.0 30.0 29.999999317795808 29.99999704468487 30.0 30.0 30.0 30.0 30.0 30.0 30.0
96.5 30.0 30.0 29.99999933231076 29.999997104724027 30.0 30.0 30.0 30.0 30.0 30.0 30.0
96.6 30.0 30.0 29.999999346516876 29.9999971635462 30.0 30.0 30.0 30.0 30.0 30.0 30.0
96.7 30.0 30.0 29.999999360420727 29.999997221175892 30.0 30.0 30.0 30.0 30.0 30.0 30.0
96.8 30.0 30.0 29.999999374028704 29.999997277637434 30.0 30.0 30.0 30.0 30.0 30.0 30.0
96.9 30.0 30.0 29.999999387347188 29.99999733295423 30.0 30.0 30.0 30.0 30.0 30.0 30.0
97.0 30.0 30.0 29.99999940038238 29.999997387149502 30.0 30.0 30.0 30.0 30.0 30.0 30.0
97.1 30.0 30.0 29.999999413140266 29.99999744024593 30.0 30.0 30.0 30.0 30.0 30.0 30.0
97.2 30.0 30.0 29.99999942562666 29.999997492265845 30.0 30.0 30.0 30.0 30.0 30.0 30.0
97.3 30.0 30.0 29.999999437847368 29.999997543230844 30.0 30.0 30.0 30.0 30.0 30.0 30.0
97.4 30.0 30.0 29.999999449807994 29.999997593162526 30.0 30.0 30.0 30.0 30.0 30.0 30.0
97.5 30.0 30.0 29.99999946151416 29.999997642081567 30.0 30.0 30.0 30.0 30.0 30.0 30.0
97.6 30.0 30.0 29.99999947297128 29.999997690008446 30.0 30.0 30.0 30.0 30.0 30.0 30.0
97.7 30.0 30.0 29.999999484184574 29.999997736963284 30.0 30.0 30.0 30.0 30.0 30.0 30.0
97.8 30.0 30.0 29.999999495159464 29.99999778296569 30.0 30.0 30.0 30.0 30.0 30.0 30.0
97.9 30.0 30.0 29.999999505900792 29.99999782803502 30.0 30.0 30.0 30.0 30.0 30.0 30.0
98.0 30.0 30.0 29.99999951641358 29.999997872190175 30.0 30.0 30.0 30.0 30.0 30.0 30.0
98.1 30.0 30.0 29.999999526702677 29.999997915449626 30.0 30.0 30.0 30.0 30.0 30.0 30.0
98.2 30.0 30.0 29.99999953677291 29.9999979578315 30.0 30.0 30.0 30.0 30.0 30.0 30.0
98.3 30.0 30.0 29.99999954662874 29.99999799935374 30.0 30.0 30.0 30.0 30.0 30.0 30.0
98.4 30.0 30.0 29.999999556274993 29.999998040033194 30.0 30.0 30.0 30.0 30.0 30.0 30.0
98.5 30.0 30.0 29.999999565715935 29.999998079887604 30.0 30.0 30.0 30.0 30.0 30.0 30.0
98.6 30.0 30.0 29.999999574956014 29.99999811893329 30.0 30.0 30.0 30.0 30.0 30.0 30.0
98.7 30.0 30.0 29.99999958399949 29.999998157186525 30.0 30.0 30.0 30.0 30.0 30.0 30.0
98.8 30.0 30.0 29.999999592850614 29.999998194663437 30.0 30.0 30.0 30.0 30.0 30.0 30.0
98.9 30.0 30.0 29.999999601513455 29.999998231379948 30.0 30.0 30.0 30.0 30.0 30.0 30.0
99.0 30.0 30.0 29.999999609991878 29.999998267351454 30.0 30.0 30.0 30.0 30.0 30.0 30.0
99.1 30.0 30.0 29.999999618289955 29.999998302592793 30.0 30.0 30.0 30.0 30.0 30.0 30.0
99.2 30.0 30.0 29.999999626411356 29.999998337118992 30.0 30.0 30.0 30.0 30.0 30.0 30.0
99.3 30.0 30.0 29.999999634360144 29.999998370944144 30.0 30.0 30.0 30.0 30.0 30.0 30.0
99.4 30.0 30.0 29.99999964213981 29.999998404082888 30.0 30.0 30.0 30.0 30.0 30.0 30.0
99.5 30.0 30.0 29.999999649753825 29.99999843654898 30.0 30.0 30.0 30.0 30.0 30.0 30.0
99.6 30.0 30.0 29.999999657205876 29.999998468355805 30.0 30.0 30.0 30.0 30.0 30.0 30.0
99.7 30.0 30.0 29.999999664499445 29.999998499516913 30.0 30.0 30.0 30.0 30.0 30.0 30.0
99.8 30.0 30.0 29.999999671637816 29.99999853004548 30.0 30.0 30.0 30.0 30.0 30.0 30.0
99.9 30.0 30.0 29.999999678624285 29.99999855995417 30.0 30.0 30.0 30.0 30.0 30.0 30.0
