0.0 30.0 30.0 30.0 30.0 30.0 30.0 30.0 30.0 30.0 30.0 30.0
0.1 30.0 30.0 30.0 30.0 30.0 30.0 30.0 30.0 30.0 30.0 30.0
0.2 30.0 30.0 30.0 30.0 30.0 30.0 30.0 30.0 30.0 30.0 30.0
0.3 30.0 30.0 30.0 30.0 30.0 30.0 30.0 30.0 30.0 30.0 30.0
0.4 30.0 30.0 30.0 30.0 30.0 30.0 30.0 30.0 30.0 30.0 30.0
0.5 30.0 30.0 30.0 30.0 30.0 30.0 30.0 30.0 30.0 30.0 30.0
0.6 30.0 30.0 30.0 30.0 30.0 30.0 30.0 30.0 30.0 30.0 30.0
0.7 30.0 30.0 30.0 30.0 30.0 30.0 30.0 30.0 30.0 30.0 30.0
0.8 30.0 30.0 30.0 30.0 30.0 30.0 30.0 30.0 30.0 30.0 30.0
0.9 30.0 30.0 30.0 30.0 30.0 30.0 30.0 30.0 30.0 30.0 30.0
1.0 30.0 30.0 30.0 30.0 30.0 30.0 30.0 30.0 30.0 30.0 30.0
1.1 30.0 30.0 30.0 30.0 30.0 30.0 30.0 30.0 30.0 30.0 30.0
1.2 30.0 30.0 30.0 30.0 30.0 30.0 30.0 30.0 30.0 30.0 30.0
1.3 30.0 30.0 30.0 30.0 30.0 30.0 30.0 30.0 30.0 30.0 30.0
1.4 30.0 30.0 30.0 30.0 30.0 30.0 30.0 30.0 30.0 30.0 30.0
1.5 30.0 30.0 30.0 30.0 30.0 30.0 30.0 30.0 30.0 30.0 30.0
1.6 30.0 30.0 30.0 30.0 30.0 30.0 30.0 30.0 30.0 30.0 30.0
1.7 30.0 30.0 30.0 30.0 30.0 30.0 30.0 30.0 30.0 30.0 30.0
1.8 30.0 30.0 30.0 30.0 30.0 30.0 30.0 30.0 30.0 30.0 30.0
1.9 30.0 30.0 30.0 30.0 30.0 30.0 30.0 30.0 30.0 30.0 30.0
2.0 30.0 30.0 30.0 30.0 30.0 30.0 30.0 30.0 30.0 30.0 30.0
2.1 30.0 30.0 30.0 30.0 30.0 30.0 30.0 30.0 30.0 30.0 30.0
2.2 30.0 30.0 30.0 30.0 30.0 30.0 30.0 30.0 30.0 30.0 30.0
2.3 30.0 30.0 30.0 30.0 30.0 30.0 30.0 30.0 30.0 30.0 30.0
2.4 30.0 30.0 30.0 30.0 30.0 30.0 30.0 30.0 30.0 30.0 30.0
2.5 30.0 30.0 30.0 30.0 30.0 30.0 30.0 30.0 30.0 30.0 30.0
2.6 30.0 30.0 30.0 30.0 30.0 30.0 30.0 30.0 30.0 30.0 30.0
2.7 30.0 30.0 30.0 30.0 30.0 30.0 30.0 30.0 30.0 30.0 30.0
2.8 30.0 30.0 30.0 30.0 30.0 30.0 30.0 30.0 30.0 30.0 30.0
2.9 30.0 30.0 30.0 30.0 30.0 30.0 30.0 30.0 30.0 30.0 30.0
3.0 30.0 30.0 30.0 30.0 30.0 30.0 30.0 30.0 30.0 30.0 30.0
3.1 30.0 30.0 30.0 30.0 30.0 30.0 30.0 30.0 30.0 30.0 30.0
3.2 30.0 30.0 30.0 30.0 30.0 30.0 30.0 30.0 30.0 30.0 30.0
3.3 30.0 30.0 30.0 30.0 30.0 30.0 30.0 30.0 30.0 30.0 30.0
3.4 30.0 30.0 30.0 30.0 30.0 30.0 30.0 30.0 30.0 30.0 30.0
3.5 30.0 30.0 30.0 30.0 30.0 30.0 30.0 30.0 30.0 30.0 30.0
3.6 30.0 30.0 30.0 30.0 30.0 30.0 30.0 30.0 30.0 30.0 30.0
3.7 30.0 30.0 30.0 30.0 30.0 30.0 30.0 30.0 30.0 30.0 30.0
3.8 30.0 30.0 30.0 30.0 30.0 30.0 30.0 30.0 30.0 30.0 30.0
3.9 30.0 30.0 30.0 30.0 30.0 30.0 30.0 30.0 30.0 30.0 30.0
4.0 30.0 30.0 30.0 30.0 30.0 30.0 30.0 30.0 30.0 30.0 30.0
4.1 30.0 30.0 30.0 30.0 30.0 30.0 30.0 30.0 30.0 30.0 30.0
4.2 30.0 30.0 30.0 30.0 30.0 30.0 30.0 30.0 30.0 30.0 30.0
4.3 30.0 30.0 30.0 30.0 30.0 30.0 30.0 30.0 30.0 30.0 30.0
4.4 30.0 30.0 30.0 30.0 30.0 30.0 30.0 30.0 30.0 30.0 30.0
4.5 30.0 30.0 30.0 30.0 30.0 30.0 30.0 30.0 30.0 30.0 30.0
4.6 30.0 30.0 30.0 30.0 30.0 30.0 30.0 30.0 30.0 30.0 30.0
4.7 30.0 30.0 30.0 30.0 30.0 30.0 30.0 30.0 30.0 30.0 30.0
4.8 30.0 30.0 30.0 30.0 30.0 30.0 30.0 30.0 30.0 30.0 30.0
4.9 30.0 30.0 30.0 30.0 30.0 30.0 30.0 30.0 30.0 30.0 30.0
5.0 30.0 30.0 30.0 30.0 30.0 30.0 30.0 30.0 30.0 30.0 30.0
5.1 30.0 30.0 30.0 30.0 30.0 30.0 30.0 30.0 30.0 30.0 30.0
5.2 30.0 30.0 30.0 30.0 30.0 30.0 30.0 30.0 30.0 30.0 30.0
5.3 30.0 30.0 30.0 30.0 30.0 30.0 30.0 30.0 30.0 30.0 30.0
5.4 30.0 30.0 30.0 30.0 30.0 30.0 30.0 30.0 30.0 30.0 30.0
5.5 30.0 30.0 30.0 30.0 30.0 30.0 30.0 30.0 30.0 30.0 30.0
5.6 30.0 30.0 30.0 30.0 30.0 30.0 30.0 30.0 30.0 30.0 30.0
5.7 30.0 30.0 30.0 30.0 30.0 30.0 30.0 30.0 30.0 30.0 30.0
5.8 30.0 30.0 30.0 30.0 30.0 30.0 30.0 30.0 30.0 30.0 30.0
5.9 30.0 30.0 30.0 30.0 30.0 30.0 30.0 30.0 30.0 30.0 30.0
6.0 30.0 30.0 30.0 30.0 30.0 30.0 30.0 30.0 30.0 30.0 30.0
6.1 30.0 30.0 30.0 30.0 30.0 30.0 30.0 30.0 30.0 30.0 30.0
6.2 30.0 30.0 30.0 30.0 30.0 30.0 30.0 30.0 30.0 30.0 30.0
6.3 30.0 30.0 30.0 30.0 30.0 30.0 30.0 30.0 30.0 30.0 30.0
6.4 30.0 30.0 30.0 30.0 30.0 30.0 30.0 30.0 30.0 30.0 30.0
6.5 30.0 30.0 30.0 30.0 30.0 30.0 30.0 30.0 30.0 30.0 30.0
6.6 30.0 30.0 30.0 30.0 30.0 30.0 30.0 30.0 30.0 30.0 30.0
6.7 30.0 30.0 30.0 30.0 30.0 30.0 30.0 30.0 30.0 30.0 30.0
6.8 30.0 30.0 30.0 30.0 30.0 30.0 30.0 30.0 30.0 30.0 30.0
6.9 30.0 30.0 30.0 30.0 30.0 30.0 30.0 30.0 30.0 30.0 30.0
7.0 30.0 30.0 30.0 30.0 30.0 30.0 30.0 30.0 30.0 30.0 30.0
7.1 30.0 30.0 30.0 30.0 30.0 30.0 30.0 30.0 30.0 30.0 30.0
7.2 30.0 30.0 30.0 30.0 30.0 30.0 30.0 30.0 30.0 30.0 30.0
7.3 30.0 30.0 30.0 30.0 30.0 30.0 30.0 30.0 30.0 30.0 30.0
7.4 30.0 30.0 30.0 30.0 30.0 30.0 30.0 30.0 30.0 30.0 30.0
7.5 30.0 30.0 30.0 30.0 30.0 30.0 30.0 30.0 30.0 30.0 30.0
7.6 30.0 30.0 30.0 30.0 30.0 30.0 30.0 30.0 30.0 30.0 30.0
7.7 30.0 30.0 30.0 30.0 30.0 30.0 30.0 30.0 30.0 30.0 30.0
7.8 30.0 30.0 30.0 30.0 30.0 30.0 30.0 30.0 30.0 30.0 30.0
7.9 30.0 30.0 30.0 30.0 30.0 30.0 30.0 30.0 30.0 30.0 30.0
8.0 30.0 30.0 30.0 30.0 30.0 30.0 30.0 30.0 30.0 30.0 30.0
8.1 30.0 30.0 30.0 30.0 30.0 30.0 30.0 30.0 30.0 30.0 30.0
8.2 30.0 30.0 30.0 30.0 30.0 30.0 30.0 30.0 30.0 30.0 30.0
8.3 30.0 30.0 30.0 30.0 30.0 30.0 30.0 30.0 30.0 30.0 30.0
8.4 30.0 30.0 30.0 30.0 30.0 30.0 30.0 30.0 30.0 30.0 30.0
8.5 30.0 30.0 30.0 30.0 30.0 30.0 30.0 30.0 30.0 30.0 30.0
8.6 30.0 30.0 30.0 30.0 30.0 30.0 30.0 30.0 30.0 30.0 30.0
8.7 30.0 30.0 30.0 30.0 30.0 30.0 30.0 30.0 30.0 30.0 30.0
8.8 30.0 30.0 30.0 30.0 30.0 30.0 30.0 30.0 30.0 30.0 30.0
8.9 30.0 30.0 30.0 30.0 30.0 30.0 30.0 30.0 30.0 30.0 30.0
9.0 30.0 30.0 30.0 30.0 30.0 30.0 30.0 30.0 30.0 30.0 30.0
9.1 30.0 30.0 30.0 30.0 30.0 30.0 30.0 30.0 30.0 30.0 30.0
9.2 30.0 30.0 30.0 30.0 30.0 30.0 30.0 30.0 30.0 30.0 30.0
9.3 30.0 30.0 30.0 30.0 30.0 30.0 30.0 30.0 30.0 30.0 30.0
9.4 30.0 30.0 30.0 30.0 30.0 30.0 30.0 30.0 30.0 30.0 30.0
9.5 30.0 30.0 30.0 30.0 30.0 30.0 30.0 30.0 30.0 30.0 30.0
9.6 30.0 30.0 30.0 30.0 30.0 30.0 30.0 30.0 30.0 30.0 30.0
9.7 30.0 30.0 30.0 30.0 30.0 30.0 30.0 30.0 30.0 30.0 30.0
9.8 30.0 30.0 30.0 30.0 30.0 30.0 30.0 30.0 30.0 30.0 30.0
9.9 30.0 30.0 30.0 30.0 30.0 30.0 30.0 30.0 30.0 30.0 30.0
10.0 30.0 30.0 30.0 30.0 30.0 30.0 30.0 30.0 30.0 30.0 30.0
10.1 30.0 30.0 30.0 30.0 30.0 30.0 30.0 30.0 30.0 30.0 30.0
10.2 30.0 30.0 30.0 30.0 30.0 30.0 30.0 30.0 30.0 30.0 30.0
10.3 30.0 30.0 30.0 30.0 30.0 30.0 30.0 30.0 30.0 30.0 30.0
10.4 30.0 30.0 30.0 30.0 30.0 30.0 30.0 30.0 30.0 30.0 30.0
10.5 30.0 30.0 30.0 30.0 30.0 30.0 30.0 30.0 30.0 30.0 30.0
10.6 30.0 30.0 30.0 30.0 30.0 30.0 30.0 30.0 30.0 30.0 30.0
10.7 30.0 30.0 30.0 30.0 30.0 30.0 30.0 30.0 30.0 30.0 30.0
10.8 30.0 30.0 30.0 30.0 30.0 30.0 30.0 30.0 30.0 30.0 30.0
10.9 30.0 30.0 30.0 30.0 30.0 30.0 30.0 30.0 30.0 30.0 30.0
11.0 30.0 30.0 30.0 30.0 30.0 30.0 30.0 30.0 30.0 30.0 30.0
11.1 30.0 30.0 30.0 30.0 30.0 30.0 30.0 30.0 30.0 30.0 30.0
11.2 30.0 30.0 30.0 30.0 30.0 30.0 30.0 30.0 30.0 30.0 30.0
11.3 30.0 30.0 30.0 30.0 30.0 30.0 30.0 30.0 30.0 30.0 30.0
11.4 30.0 30.0 30.0 30.0 30.0 30.0 30.0 30.0 30.0 30.0 30.0
11.5 30.0 30.0 30.0 30.0 30.0 30.0 30.0 30.0 30.0 30.0 30.0
11.6 30.0 30.0 30.0 30.0 30.0 30.0 30.0 30.0 30.0 30.0 30.0
11.7 30.0 30.0 30.0 30.0 30.0 30.0 30.0 30.0 30.0 30.0 30.0
11.8 30.0 30.0 30.0 30.0 30.0 30.0 30.0 30.0 30.0 30.0 30.0
11.9 30.0 30.0 30.0 30.0 30.0 30.0 30.0 30.0 30.0 30.0 30.0
12.0 30.0 30.0 30.0 30.0 30.0 30.0 30.0 30.0 30.0 30.0 30.0
12.1 30.0 30.0 30.0 30.0 30.0 30.0 30.0 30.0 30.0 30.0 30.0
12.2 30.0 30.0 30.0 30.0 30.0 30.0 30.0 30.0 30.0 30.0 30.0
12.3 30.0 30.0 30.0 30.0 30.0 30.0 30.0 30.0 30.0 30.0 30.0
12.4 30.0 30.0 30.0 30.0 30.0 30.0 30.0 30.0 30.0 30.0 30.0
12.5 30.0 30.0 30.0 30.0 30.0 30.0 30.0 30.0 30.0 30.0 30.0
12.6 30.0 30.0 30.0 30.0 30.0 30.0 30.0 30.0 30.0 30.0 30.0
12.7 30.0 30.0 30.0 30.0 30.0 30.0 30.0 30.0 30.0 30.0 30.0
12.8 30.0 30.0 30.0 30.0 30.0 30.0 30.0 30.0 30.0 30.0 30.0
12.9 30.0 30.0 30.0 30.0 30.0 30.0 30.0 30.0 30.0 30.0 30.0
13.0 30.0 30.0 30.0 30.0 30.0 30.0 30.0 30.0 30.0 30.0 30.0
13.1 30.0 30.0 30.0 30.0 30.0 30.0 30.0 30.0 30.0 30.0 30.0
13.2 30.0 30.0 30.0 30.0 30.0 30.0 30.0 30.0 30.0 30.0 30.0
13.3 30.0 30.0 30.0 30.0 30.0 30.0 30.0 30.0 30.0 30.0 30.0
13.4 30.0 30.0 30.0 30.0 30.0 30.0 30.0 30.0 30.0 30.0 30.0
13.5 30.0 30.0 30.0 30.0 30.0 30.0 30.0 30.0 30.0 30.0 30.0
13.6 30.0 30.0 30.0 30.0 30.0 30.0 30.0 30.0 30.0 30.0 30.0
13.7 30.0 30.0 30.0 30.0 30.0 30.0 30.0 30.0 30.0 30.0 30.0
13.8 30.0 30.0 30.0 30.0 30.0 30.0 30.0 30.0 30.0 30.0 30.0
13.9 30.0 30.0 30.0 30.0 30.0 30.0 30.0 30.0 30.0 30.0 30.0
14.0 30.0 30.0 30.0 30.0 30.0 30.0 30.0 30.0 30.0 30.0 30.0
14.1 30.0 30.0 30.0 30.0 30.0 30.0 30.0 30.0 30.0 30.0 30.0
14.2 30.0 30.0 30.0 30.0 30.0 30.0 30.0 30.0 30.0 30.0 30.0
14.3 30.0 30.0 30.0 30.0 30.0 30.0 30.0 30.0 30.0 30.0 30.0
14.4 30.0 30.0 30.0 30.0 30.0 30.0 30.0 30.0 30.0 30.0 30.0
14.5 30.0 30.0 30.0 30.0 30.0 30.0 30.0 30.0 30.0 30.0 30.0
14.6 30.0 30.0 30.0 30.0 30.0 30.0 30.0 30.0 30.0 30.0 30.0
14.7 30.0 30.0 30.0 30.0 30.0 30.0 30.0 30.0 30.0 30.0 30.0
14.8 30.0 30.0 30.0 30.0 30.0 30.0 30.0 30.0 30.0 30.0 30.0
14.9 30.0 30.0 30.0 30.0 30.0 30.0 30.0 30.0 30.0 30.0 30.0
15.0 30.0 30.0 30.0 30.0 30.0 30.0 30.0 30.0 30.0 30.0 30.0
15.1 30.0 30.0 30.0 30.0 30.0 30.0 30.0 30.0 30.0 30.0 30.0
15.2 30.0 30.0 30.0 30.0 30.0 30.0 30.0 30.0 30.0 30.0 30.0
15.3 30.0 30.0 30.0 30.0 30.0 30.0 30.0 30.0 30.0 30.0 30.0
15.4 30.0 30.0 30.0 30.0 30.0 30.0 30.0 30.0 30.0 30.0 30.0
15.5 30.0 30.0 30.0 30.0 30.0 30.0 30.0 30.0 30.0 30.0 30.0
15.6 30.0 30.0 30.0 30.0 30.0 30.0 30.0 30.0 30.0 30.0 30.0
15.7 30.0 30.0 30.0 30.0 30.0 30.0 30.0 30.0 30.0 30.0 30.0
15.8 30.0 30.0 30.0 30.0 30.0 30.0 30.0 30.0 30.0 30.0 30.0
15.9 30.0 30.0 30.0 30.0 30.0 30.0 30.0 30.0 30.0 30.0 30.0
16.0 30.0 30.0 30.0 30.0 30.0 30.0 30.0 30.0 30.0 30.0 30.0
16.1 30.0 30.0 30.0 30.0 30.0 30.0 30.0 30.0 30.0 30.0 30.0
16.2 30.0 30.0 30.0 30.0 30.0 30.0 30.0 30.0 30.0 30.0 30.0
16.3 30.0 30.0 30.0 30.0 30.0 30.0 30.0 30.0 30.0 30.0 30.0
16.4 30.0 30.0 30.0 30.0 30.0 30.0 30.0 30.0 30.0 30.0 30.0
16.5 30.0 29.879749954398918 30.0 30.0 30.0 30.0 30.0 30.0 30.0 30.0 30.0
16.6 30.0 29.704512348530205 30.0 30.0 30.0 30.0 30.0 30.0 30.0 30.0 30.0
16.7 30.0 29.531546750238213 30.0 30.0 30.0 30.0 30.0 30.0 30.0 30.0 30.0
16.8 30.0 29.360069266071527 30.0 30.0 30.0 30.0 30.0 30.0 30.0 30.0 30.0
16.9 30.0 29.19231955329971 30.0 30.0 30.0 30.0 30.0 30.0 30.0 30.0 30.0
17.0 30.0 29.028216573414266 30.0 30.0 30.0 30.0 30.0 30.0 30.0 30.0 30.0
17.1 30.0 28.867681049613253 30.0 30.0 30.0 30.0 30.0 30.0 30.0 30.0 30.0
17.2 30.0 28.70864954913697 30.0 30.0 30.0 30.0 30.0 30.0 30.0 30.0 30.0
17.3 30.0 28.55164805867994 30.0 30.0 30.0 30.0 30.0 30.0 30.0 30.0 30.0
17.4 30.0 28.398135490233056 30.0 30.0 30.0 30.0 30.0 30.0 30.0 30.0 30.0
17.5 30.0 28.248034312196054 30.0 30.0 30.0 30.0 30.0 30.0 30.0 30.0 30.0
17.6 30.0 28.101268715893223 30.0 30.0 30.0 30.0 30.0 30.0 30.0 30.0 30.0
17.7 30.0 27.95680468131518 30.0 30.0 30.0 30.0 30.0 30.0 30.0 30.0 30.0
17.8 30.0 28.190804083891546 30.0 30.0 30.0 30.0 30.0 30.0 30.0 30.0 30.0
17.9 30.0 28.441834325519153 30.0 30.0 30.0 30.0 30.0 30.0 30.0 30.0 30.0
18.0 30.0 28.709508339555082 30.0 30.0 30.0 30.0 30.0 30.0 30.0 30.0 30.0
18.1 30.0 27.90950833955508 30.0 30.0 30.0 30.0 30.0 30.0 30.0 30.0 30.0
18.2 30.0 27.10950833955508 30.0 30.0 30.0 30.0 30.0 30.0 30.0 30.0 30.0
18.3 30.0 26.30950833955508 30.0 30.0 30.0 30.0 30.0 30.0 30.0 30.0 30.0
18.4 30.0 25.50950833955508 30.0 30.0 30.0 30.0 30.0 30.0 30.0 30.0 30.0
18.5 30.0 25.04530434808966 30.0 30.0 30.0 30.0 30.0 30.0 30.0 30.0 30.0
18.6 30.0 24.94565752245594 30.0 30.0 30.0 30.0 30.0 30.0 30.0 30.0 30.0
18.7 30.0 24.848441107203524 30.0 30.0 30.0 30.0 30.0 30.0 30.0 30.0 30.0
18.8 30.0 24.75243571963129 30.0 30.0 30.0 30.0 30.0 30.0 30.0 30.0 30.0
18.9 30.0 24.657619439068167 30.0 30.0 30.0 30.0 30.0 30.0 30.0 30.0 30.0
19.0 30.0 24.5651735655192 30.0 30.0 30.0 30.0 30.0 30.0 30.0 30.0 30.0
19.1 30.0 24.47503883880891 30.0 30.0 30.0 30.0 30.0 30.0 30.0 30.0 30.0
19.2 30.0 24.387157480266392 30.0 30.0 30.0 30.0 30.0 30.0 30.0 30.0 30.0
19.3 30.0 24.3014731556875 30.0 30.0 30.0 30.0 30.0 30.0 30.0 30.0 30.0
19.4 30.0 24.21793093922302 30.0 30.0 30.0 30.0 30.0 30.0 30.0 30.0 30.0
19.5 30.0 24.1364772781702 30.0 30.0 30.0 30.0 30.0 30.0 30.0 30.0 30.0
19.6 30.0 24.462059958643636 30.0 30.0 30.0 30.0 30.0 30.0 30.0 30.0 30.0
19.7 30.0 24.808290423934615 30.0 30.0 30.0 30.0 30.0 30.0 30.0 30.0 30.0
19.8 30.0 25.16222404759999 30.0 30.0 30.0 30.0 30.0 30.0 30.0 30.0 30.0
19.9 30.0 24.36222404759999 30.0 30.0 30.0 30.0 30.0 30.0 30.0 30.0 30.0
20.0 30.0 23.56222404759999 30.0 30.0 30.0 30.0 30.0 30.0 30.0 30.0 30.0
20.1 30.0 22.76222404759999 30.0 30.0 30.0 30.0 30.0 30.0 30.0 30.0 30.0
20.2 30.0 21.96222404759999 30.0 30.0 30.0 30.0 30.0 30.0 30.0 30.0 30.0
20.3 30.0 21.162224047599988 29.2 29.2 29.2 29.2 29.2 29.2 29.2 29.2 29.2
20.4 30.0 20.362224047599987 28.4 28.4 28.4 28.4 28.4 28.4 28.4 28.4 28.4
20.5 30.0 19.562224047599987 27.599999999999998 27.599999999999998 27.599999999999998 27.599999999999998 27.599999999999998 27.599999999999998 27.599999999999998 27.599999999999998 27.599999999999998
20.6 30.0 18.762224047599986 26.799999999999997 26.799999999999997 26.799999999999997 26.799999999999997 26.799999999999997 26.799999999999997 26.799999999999997 26.799999999999997 26.799999999999997
20.7 30.0 17.962224047599985 25.999999999999996 25.999999999999996 25.999999999999996 25.999999999999996 25.999999999999996 25.999999999999996 25.999999999999996 25.999999999999996 25.999999999999996
20.8 30.0 17.162224047599985 25.199999999999996 25.199999999999996 25.199999999999996 25.199999999999996 25.199999999999996 25.199999999999996 25.199999999999996 25.199999999999996 25.199999999999996
20.9 30.0 16.362224047599984 24.399999999999995 24.399999999999995 24.399999999999995 24.399999999999995 24.399999999999995 24.399999999999995 24.399999999999995 24.399999999999995 24.399999999999995
21.0 30.0 15.562224047599983 23.599999999999994 23.599999999999994 23.599999999999994 23.599999999999994 23.599999999999994 23.599999999999994 23.599999999999994 23.599999999999994 23.599999999999994
21.1 30.0 14.762224047599982 22.799999999999994 22.799999999999994 22.799999999999994 22.799999999999994 22.799999999999994 22.799999999999994 22.799999999999994 22.799999999999994 22.799999999999994
21.2 30.0 13.962224047599982 21.999999999999993 21.999999999999993 21.999999999999993 21.999999999999993 21.999999999999993 21.999999999999993 21.999999999999993 21.999999999999993 21.999999999999993
21.3 30.0 13.962224047599982 21.999999999999993 21.999999999999993 21.999999999999993 21.999999999999993 21.999999999999993 21.999999999999993 21.999999999999993 21.999999999999993 21.999999999999993
21.4 30.0 13.962224047599982 21.999999999999993 21.999999999999993 21.999999999999993 21.999999999999993 21.999999999999993 21.999999999999993 21.999999999999993 21.999999999999993 21.999999999999993
21.5 30.0 13.962224047599982 21.999999999999993 21.999999999999993 21.999999999999993 21.999999999999993 21.999999999999993 21.999999999999993 21.999999999999993 21.999999999999993 21.999999999999993
21.6 30.0 13.962224047599982 21.999999999999993 21.999999999999993 21.999999999999993 21.999999999999993 21.999999999999993 21.999999999999993 21.999999999999993 21.999999999999993 21.999999999999993
21.7 30.0 13.962224047599982 21.999999999999993 21.999999999999993 21.999999999999993 21.999999999999993 21.999999999999993 21.999999999999993 21.999999999999993 21.999999999999993 21.999999999999993
21.8 30.0 13.962224047599982 21.999999999999993 21.999999999999993 21.999999999999993 21.999999999999993 21.999999999999993 21.999999999999993 21.999999999999993 21.999999999999993 21.999999999999993
21.9 30.0 13.962224047599982 21.999999999999993 21.999999999999993 21.999999999999993 21.999999999999993 21.999999999999993 21.999999999999993 21.999999999999993 21.999999999999993 21.999999999999993
22.0 30.0 13.962224047599982 21.999999999999993 21.999999999999993 21.999999999999993 21.999999999999993 21.999999999999993 21.999999999999993 21.999999999999993 21.999999999999993 21.999999999999993
22.1 30.0 13.962224047599982 21.999999999999993 21.999999999999993 21.999999999999993 21.999999999999993 21.999999999999993 21.999999999999993 21.999999999999993 21.999999999999993 21.999999999999993
22.2 30.0 13.962224047599982 21.999999999999993 21.999999999999993 21.999999999999993 21.999999999999993 21.999999999999993 21.999999999999993 21.999999999999993 21.999999999999993 21.999999999999993
22.3 30.0 13.962224047599982 21.999999999999993 21.999999999999993 21.999999999999993 21.999999999999993 21.999999999999993 21.999999999999993 21.999999999999993 21.999999999999993 21.999999999999993
22.4 30.0 13.962224047599982 21.999999999999993 21.999999999999993 21.999999999999993 21.999999999999993 21.999999999999993 21.999999999999993 21.999999999999993 21.999999999999993 21.999999999999993
22.5 30.0 13.962224047599982 21.999999999999993 21.999999999999993 21.999999999999993 21.999999999999993 21.999999999999993 21.999999999999993 21.999999999999993 21.999999999999993 21.999999999999993
22.6 30.0 13.962224047599982 21.999999999999993 21.999999999999993 21.999999999999993 21.999999999999993 21.999999999999993 21.999999999999993 21.999999999999993 21.999999999999993 21.999999999999993
22.7 30.0 13.962224047599982 21.999999999999993 21.999999999999993 21.999999999999993 21.999999999999993 21.999999999999993 21.999999999999993 21.999999999999993 21.999999999999993 21.999999999999993
22.8 30.0 13.962224047599982 21.999999999999993 21.999999999999993 21.999999999999993 21.999999999999993 21.999999999999993 21.999999999999993 21.999999999999993 21.999999999999993 21.999999999999993
22.9 30.0 13.962224047599982 21.999999999999993 21.999999999999993 21.999999999999993 21.999999999999993 21.999999999999993 21.999999999999993 21.999999999999993 21.999999999999993 21.999999999999993
23.0 30.0 13.962224047599982 21.999999999999993 21.999999999999993 21.999999999999993 21.999999999999993 21.999999999999993 21.999999999999993 21.999999999999993 21.999999999999993 21.999999999999993
23.1 30.0 13.962224047599982 21.999999999999993 21.999999999999993 21.999999999999993 21.999999999999993 21.999999999999993 21.999999999999993 21.999999999999993 21.999999999999993 21.999999999999993
23.2 30.0 13.962224047599982 21.999999999999993 21.999999999999993 21.999999999999993 21.999999999999993 21.999999999999993 21.999999999999993 21.999999999999993 21.999999999999993 21.999999999999993
23.3 30.0 13.962224047599982 21.999999999999993 21.999999999999993 21.999999999999993 21.999999999999993 21.999999999999993 21.999999999999993 21.999999999999993 21.999999999999993 21.999999999999993
23.4 30.0 13.962224047599982 21.999999999999993 21.999999999999993 21.999999999999993 21.999999999999993 21.999999999999993 21.999999999999993 21.999999999999993 21.999999999999993 21.999999999999993
23.5 30.0 13.962224047599982 21.999999999999993 21.999999999999993 21.999999999999993 21.999999999999993 21.999999999999993 21.999999999999993 21.999999999999993 21.999999999999993 21.999999999999993
23.6 30.0 13.962224047599982 21.999999999999993 21.999999999999993 21.999999999999993 21.999999999999993 21.999999999999993 21.999999999999993 21.999999999999993 21.999999999999993 21.999999999999993
23.7 30.0 13.962224047599982 21.999999999999993 21.999999999999993 21.999999999999993 21.999999999999993 21.999999999999993 21.999999999999993 21.999999999999993 21.999999999999993 21.999999999999993
23.8 30.0 13.962224047599982 21.999999999999993 21.999999999999993 21.999999999999993 21.999999999999993 21.999999999999993 21.999999999999993 21.999999999999993 21.999999999999993 21.999999999999993
23.9 30.0 13.962224047599982 21.999999999999993 21.999999999999993 21.999999999999993 21.999999999999993 21.999999999999993 21.999999999999993 21.999999999999993 21.999999999999993 21.999999999999993
24.0 30.0 13.962224047599982 21.999999999999993 21.999999999999993 21.999999999999993 21.999999999999993 21.999999999999993 21.999999999999993 21.999999999999993 21.999999999999993 21.999999999999993
24.1 30.0 13.962224047599982 21.999999999999993 21.999999999999993 21.999999999999993 21.999999999999993 21.999999999999993 21.999999999999993 21.999999999999993 21.999999999999993 21.999999999999993
24.2 30.0 13.962224047599982 21.999999999999993 21.999999999999993 21.999999999999993 21.999999999999993 21.999999999999993 21.999999999999993 21.999999999999993 21.999999999999993 21.999999999999993
24.3 30.0 13.962224047599982 21.999999999999993 21.999999999999993 21.999999999999993 21.999999999999993 21.999999999999993 21.999999999999993 21.999999999999993 21.999999999999993 21.999999999999993
24.4 30.0 13.962224047599982 21.999999999999993 21.999999999999993 21.999999999999993 21.999999999999993 21.999999999999993 21.999999999999993 21.999999999999993 21.999999999999993 21.999999999999993
24.5 30.0 13.962224047599982 21.999999999999993 21.999999999999993 21.999999999999993 21.999999999999993 21.999999999999993 21.999999999999993 21.999999999999993 21.999999999999993 21.999999999999993
24.6 30.0 13.962224047599982 21.999999999999993 21.999999999999993 21.999999999999993 21.999999999999993 21.999999999999993 21.999999999999993 21.999999999999993 21.999999999999993 21.999999999999993
24.7 30.0 13.962224047599982 21.999999999999993 21.999999999999993 21.999999999999993 21.999999999999993 21.999999999999993 21.999999999999993 21.999999999999993 21.999999999999993 21.999999999999993
24.8 30.0 13.962224047599982 21.999999999999993 21.999999999999993 21.999999999999993 21.999999999999993 21.999999999999993 21.999999999999993 21.999999999999993 21.999999999999993 21.999999999999993
24.9 30.0 13.962224047599982 21.999999999999993 21.999999999999993 21.999999999999993 21.999999999999993 21.999999999999993 21.999999999999993 21.999999999999993 21.999999999999993 21.999999999999993
25.0 30.0 13.962224047599982 21.999999999999993 21.999999999999993 21.999999999999993 21.999999999999993 21.999999999999993 21.999999999999993 21.999999999999993 21.999999999999993 21.999999999999993
25.1 30.0 13.962224047599982 21.999999999999993 21.999999999999993 21.999999999999993 21.999999999999993 21.999999999999993 21.999999999999993 21.999999999999993 21.999999999999993 21.999999999999993
25.2 30.0 13.962224047599982 21.999999999999993 21.999999999999993 21.999999999999993 21.999999999999993 21.999999999999993 21.999999999999993 21.999999999999993 21.999999999999993 21.999999999999993
25.3 30.0 13.962224047599982 21.999999999999993 21.999999999999993 21.999999999999993 21.999999999999993 21.999999999999993 21.999999999999993 21.999999999999993 21.999999999999993 21.999999999999993
25.4 30.0 13.962224047599982 21.999999999999993 21.999999999999993 21.999999999999993 21.999999999999993 21.999999999999993 21.999999999999993 21.999999999999993 21.999999999999993 21.999999999999993
25.5 30.0 13.962224047599982 21.999999999999993 21.999999999999993 21.999999999999993 21.999999999999993 21.999999999999993 21.999999999999993 21.999999999999993 21.999999999999993 21.999999999999993
25.6 30.0 13.962224047599982 21.999999999999993 21.999999999999993 21.999999999999993 21.999999999999993 21.999999999999993 21.999999999999993 21.999999999999993 21.999999999999993 21.999999999999993
25.7 30.0 13.962224047599982 21.999999999999993 21.999999999999993 21.999999999999993 21.999999999999993 21.999999999999993 21.999999999999993 21.999999999999993 21.999999999999993 21.999999999999993
25.8 30.0 13.962224047599982 21.999999999999993 21.999999999999993 21.999999999999993 21.999999999999993 21.999999999999993 21.999999999999993 21.999999999999993 21.999999999999993 21.999999999999993
25.9 30.0 13.962224047599982 21.999999999999993 21.999999999999993 21.999999999999993 21.999999999999993 21.999999999999993 21.999999999999993 21.999999999999993 21.999999999999993 21.999999999999993
26.0 30.0 13.962224047599982 21.999999999999993 21.999999999999993 21.999999999999993 21.999999999999993 21.999999999999993 21.999999999999993 21.999999999999993 21.999999999999993 21.999999999999993
26.1 30.0 13.962224047599982 21.999999999999993 21.999999999999993 21.999999999999993 21.999999999999993 21.999999999999993 21.999999999999993 21.999999999999993 21.999999999999993 21.999999999999993
26.2 30.0 13.962224047599982 21.999999999999993 21.999999999999993 21.999999999999993 21.999999999999993 21.999999999999993 21.999999999999993 21.999999999999993 21.999999999999993 21.999999999999993
26.3 30.0 13.962224047599982 21.999999999999993 21.999999999999993 21.999999999999993 21.999999999999993 21.999999999999993 21.999999999999993 21.999999999999993 21.999999999999993 21.999999999999993
26.4 30.0 13.962224047599982 21.999999999999993 21.999999999999993 21.999999999999993 21.999999999999993 21.999999999999993 21.999999999999993 21.999999999999993 21.999999999999993 21.999999999999993
26.5 30.0 13.962224047599982 21.999999999999993 21.999999999999993 21.999999999999993 21.999999999999993 21.999999999999993 21.999999999999993 21.999999999999993 21.999999999999993 21.999999999999993
26.6 30.0 13.962224047599982 21.921376222513523 21.999999999999993 21.999999999999993 21.999999999999993 21.999999999999993 21.999999999999993 21.999999999999993 21.999999999999993 21.999999999999993
26.7 30.0 13.962224047599982 21.706264001569938 21.999999999999993 21.999999999999993 21.999999999999993 21.999999999999993 21.999999999999993 21.999999999999993 21.999999999999993 21.999999999999993
26.8 30.0 13.962224047599982 21.494103558447765 21.999999999999993 21.999999999999993 21.999999999999993 21.999999999999993 21.999999999999993 21.999999999999993 21.999999999999993 21.999999999999993
26.9 30.0 13.962224047599982 21.284884683146437 21.999999999999993 21.999999999999993 21.999999999999993 21.999999999999993 21.999999999999993 21.999999999999993 21.999999999999993 21.999999999999993
27.0 30.0 13.962224047599982 21.08147744327017 21.999999999999993 21.999999999999993 21.999999999999993 21.999999999999993 21.999999999999993 21.999999999999993 21.999999999999993 21.999999999999993
27.1 30.0 13.962224047599982 20.883720404501506 21.999999999999993 21.999999999999993 21.999999999999993 21.999999999999993 21.999999999999993 21.999999999999993 21.999999999999993 21.999999999999993
27.2 30.0 13.962224047599982 20.68835537729014 21.999999999999993 21.999999999999993 21.999999999999993 21.999999999999993 21.999999999999993 21.999999999999993 21.999999999999993 21.999999999999993
27.3 30.0 13.962224047599982 20.49618019644179 21.999999999999993 21.999999999999993 21.999999999999993 21.999999999999993 21.999999999999993 21.999999999999993 21.999999999999993 21.999999999999993
27.4 30.0 13.962224047599982 20.309495735046315 21.999999999999993 21.999999999999993 21.999999999999993 21.999999999999993 21.999999999999993 21.999999999999993 21.999999999999993 21.999999999999993
27.5 30.0 13.962224047599982 20.128145115405008 21.999999999999993 21.999999999999993 21.999999999999993 21.999999999999993 21.999999999999993 21.999999999999993 21.999999999999993 21.999999999999993
27.6 30.0 13.962224047599982 19.950563469746204 21.999999999999993 21.999999999999993 21.999999999999993 21.999999999999993 21.999999999999993 21.999999999999993 21.999999999999993 21.999999999999993
27.7 30.0 13.962224047599982 19.774435839683058 21.999999999999993 21.999999999999993 21.999999999999993 21.999999999999993 21.999999999999993 21.999999999999993 21.999999999999993 21.999999999999993
27.8 30.0 13.962224047599982 19.60348843403361 21.999999999999993 21.999999999999993 21.999999999999993 21.999999999999993 21.999999999999993 21.999999999999993 21.999999999999993 21.999999999999993
27.9 30.0 13.962224047599982 19.437568893256216 21.999999999999993 21.999999999999993 21.999999999999993 21.999999999999993 21.999999999999993 21.999999999999993 21.999999999999993 21.999999999999993
28.0 30.0 13.962224047599982 19.276529338972274 21.999999999999993 21.999999999999993 21.999999999999993 21.999999999999993 21.999999999999993 21.999999999999993 21.999999999999993 21.999999999999993
28.1 30.0 13.962224047599982 19.11780885556622 21.999999999999993 21.999999999999993 21.999999999999993 21.999999999999993 21.999999999999993 21.999999999999993 21.999999999999993 21.999999999999993
28.2 30.0 13.962224047599982 18.961579012900554 21.999999999999993 21.999999999999993 21.999999999999993 21.999999999999993 21.999999999999993 21.999999999999993 21.999999999999993 21.999999999999993
28.3 30.0 13.962224047599982 18.810083407891383 21.999999999999993 21.999999999999993 21.999999999999993 21.999999999999993 21.999999999999993 21.999999999999993 21.999999999999993 21.999999999999993
28.4 30.0 13.962224047599982 18.66317857879159 21.999999999999993 21.999999999999993 21.999999999999993 21.999999999999993 21.999999999999993 21.999999999999993 21.999999999999993 21.999999999999993
28.5 30.0 13.962224047599982 18.520725411179765 21.999999999999993 21.999999999999993 21.999999999999993 21.999999999999993 21.999999999999993 21.999999999999993 21.999999999999993 21.999999999999993
