0.0 30.0 30.0 30.0 30.0 30.0 30.0 30.0 30.0 30.0 30.0 30.0
0.1 30.0 30.0 30.0 30.0 30.0 30.0 30.0 30.0 30.0 30.0 30.0
0.2 30.0 30.0 30.0 30.0 30.0 30.0 30.0 30.0 30.0 30.0 30.0
0.3 30.0 30.0 30.0 30.0 30.0 30.0 30.0 30.0 30.0 30.0 30.0
0.4 30.0 30.0 30.0 30.0 30.0 30.0 30.0 30.0 30.0 30.0 30.0
0.5 30.0 30.0 30.0 30.0 30.0 30.0 30.0 30.0 30.0 30.0 30.0
0.6 30.0 30.0 30.0 30.0 30.0 30.0 30.0 30.0 30.0 30.0 30.0
0.7 30.0 30.0 30.0 30.0 30.0 30.0 30.0 30.0 30.0 30.0 30.0
0.8 30.0 30.0 30.0 30.0 30.0 30.0 30.0 30.0 30.0 30.0 30.0
0.9 30.0 30.0 30.0 30.0 30.0 30.0 30.0 30.0 30.0 30.0 30.0
1.0 30.0 30.0 30.0 30.0 30.0 30.0 30.0 30.0 30.0 30.0 30.0
1.1 30.0 30.0 30.0 30.0 30.0 30.0 30.0 30.0 30.0 30.0 30.0
1.2 30.0 30.0 30.0 30.0 30.0 30.0 30.0 30.0 30.0 30.0 30.0
1.3 30.0 30.0 30.0 30.0 30.0 30.0 30.0 30.0 30.0 30.0 30.0
1.4 30.0 30.0 30.0 30.0 30.0 30.0 30.0 30.0 30.0 30.0 30.0
1.5 30.0 30.0 30.0 30.0 30.0 30.0 30.0 30.0 30.0 30.0 30.0
1.6 30.0 30.0 30.0 30.0 30.0 30.0 30.0 30.0 30.0 30.0 30.0
1.7 30.0 30.0 30.0 30.0 30.0 30.0 30.0 30.0 30.0 30.0 30.0
1.8 30.0 30.0 30.0 30.0 30.0 30.0 30.0 30.0 30.0 30.0 30.0
1.9 30.0 30.0 30.0 30.0 30.0 30.0 30.0 30.0 30.0 30.0 30.0
2.0 30.0 30.0 30.0 30.0 30.0 30.0 30.0 30.0 30.0 30.0 30.0
2.1 30.0 30.0 30.0 30.0 30.0 30.0 30.0 30.0 30.0 30.0 30.0
2.2 30.0 30.0 30.0 30.0 30.0 30.0 30.0 30.0 30.0 30.0 30.0
2.3 30.0 30.0 30.0 30.0 30.0 30.0 30.0 30.0 30.0 30.0 30.0
2.4 30.0 30.0 30.0 30.0 30.0 30.0 30.0 30.0 30.0 30.0 30.0
2.5 30.0 30.0 30.0 30.0 30.0 30.0 30.0 30.0 30.0 30.0 30.0
2.6 30.0 30.0 30.0 30.0 30.0 30.0 30.0 30.0 30.0 30.0 30.0
2.7 30.0 30.0 30.0 30.0 30.0 30.0 30.0 30.0 30.0 30.0 30.0
2.8 30.0 30.0 30.0 30.0 30.0 30.0 30.0 30.0 30.0 30.0 30.0
2.9 30.0 30.0 30.0 30.0 30.0 30.0 30.0 30.0 30.0 30.0 30.0
3.0 30.0 30.0 30.0 30.0 30.0 30.0 30.0 30.0 30.0 30.0 30.0
3.1 30.0 30.0 30.0 30.0 30.0 30.0 30.0 30.0 30.0 30.0 30.0
3.2 30.0 30.0 30.0 30.0 30.0 30.0 30.0 30.0 30.0 30.0 30.0
3.3 30.0 30.0 30.0 30.0 30.0 30.0 30.0 30.0 30.0 30.0 30.0
3.4 30.0 30.0 30.0 30.0 30.0 30.0 30.0 30.0 30.0 30.0 30.0
3.5 30.0 30.0 30.0 30.0 30.0 30.0 30.0 30.0 30.0 30.0 30.0
3.6 30.0 30.0 30.0 30.0 30.0 30.0 30.0 30.0 30.0 30.0 30.0
3.7 30.0 30.0 30.0 30.0 30.0 30.0 30.0 30.0 30.0 30.0 30.0
3.8 30.0 30.0 30.0 30.0 30.0 30.0 30.0 30.0 30.0 30.0 30.0
3.9 30.0 30.0 30.0 30.0 30.0 30.0 30.0 30.0 30.0 30.0 30.0
4.0 30.0 30.0 30.0 30.0 30.0 30.0 30.0 30.0 30.0 30.0 30.0
4.1 30.0 30.0 30.0 30.0 30.0 30.0 30.0 30.0 30.0 30.0 30.0
4.2 30.0 30.0 30.0 30.0 30.0 30.0 30.0 30.0 30.0 30.0 30.0
4.3 30.0 30.0 30.0 30.0 30.0 30.0 30.0 30.0 30.0 30.0 30.0
4.4 30.0 30.0 30.0 30.0 30.0 30.0 30.0 30.0 30.0 30.0 30.0
4.5 30.0 30.0 30.0 30.0 30.0 30.0 30.0 30.0 30.0 30.0 30.0
4.6 30.0 30.0 30.0 30.0 30.0 30.0 30.0 30.0 30.0 30.0 30.0
4.7 30.0 30.0 30.0 30.0 30.0 30.0 30.0 30.0 30.0 30.0 30.0
4.8 30.0 30.0 30.0 30.0 30.0 30.0 30.0 30.0 30.0 30.0 30.0
4.9 30.0 30.0 30.0 30.0 30.0 30.0 30.0 30.0 30.0 30.0 30.0
5.0 30.0 30.0 30.0 30.0 30.0 30.0 30.0 30.0 30.0 30.0 30.0
5.1 30.0 30.0 30.0 30.0 30.0 30.0 30.0 30.0 30.0 30.0 30.0
5.2 30.0 30.0 30.0 30.0 30.0 30.0 30.0 30.0 30.0 30.0 30.0
5.3 30.0 30.0 30.0 30.0 30.0 30.0 30.0 30.0 30.0 30.0 30.0
5.4 30.0 30.0 30.0 30.0 30.0 30.0 30.0 30.0 30.0 30.0 30.0
5.5 30.0 30.0 30.0 30.0 30.0 30.0 30.0 30.0 30.0 30.0 30.0
5.6 30.0 30.0 30.0 30.0 30.0 30.0 30.0 30.0 30.0 30.0 30.0
5.7 30.0 30.0 30.0 30.0 30.0 30.0 30.0 30.0 30.0 30.0 30.0
5.8 30.0 30.0 30.0 30.0 30.0 30.0 30.0 30.0 30.0 30.0 30.0
5.9 30.0 30.0 30.0 30.0 30.0 30.0 30.0 30.0 30.0 30.0 30.0
6.0 30.0 30.0 30.0 30.0 30.0 30.0 30.0 30.0 30.0 30.0 30.0
6.1 30.0 30.0 30.0 30.0 30.0 30.0 30.0 30.0 30.0 30.0 30.0
6.2 30.0 30.0 30.0 30.0 30.0 30.0 30.0 30.0 30.0 30.0 30.0
6.3 30.0 30.0 30.0 30.0 30.0 30.0 30.0 30.0 30.0 30.0 30.0
6.4 30.0 30.0 30.0 30.0 30.0 30.0 30.0 30.0 30.0 30.0 30.0
6.5 30.0 30.0 30.0 30.0 30.0 30.0 30.0 30.0 30.0 30.0 30.0
6.6 30.0 30.0 30.0 30.0 30.0 30.0 30.0 30.0 30.0 30.0 30.0
6.7 30.0 30.0 30.0 30.0 30.0 30.0 30.0 30.0 30.0 30.0 30.0
6.8 30.0 30.0 30.0 30.0 30.0 30.0 30.0 30.0 30.0 30.0 30.0
6.9 30.0 30.0 30.0 30.0 30.0 30.0 30.0 30.0 30.0 30.0 30.0
7.0 30.0 30.0 30.0 30.0 30.0 30.0 30.0 30.0 30.0 30.0 30.0
7.1 30.0 30.0 30.0 30.0 30.0 30.0 30.0 30.0 30.0 30.0 30.0
7.2 30.0 30.0 30.0 30.0 30.0 30.0 30.0 30.0 30.0 30.0 30.0
7.3 30.0 30.0 30.0 30.0 30.0 30.0 30.0 30.0 30.0 30.0 30.0
7.4 30.0 30.0 30.0 30.0 30.0 30.0 30.0 30.0 30.0 30.0 30.0
7.5 30.0 30.0 30.0 30.0 30.0 30.0 30.0 30.0 30.0 30.0 30.0
7.6 30.0 30.0 30.0 30.0 30.0 30.0 30.0 30.0 30.0 30.0 30.0
7.7 30.0 30.0 30.0 30.0 30.0 30.0 30.0 30.0 30.0 30.0 30.0
7.8 30.0 30.0 30.0 30.0 30.0 30.0 30.0 30.0 30.0 30.0 30.0
7.9 30.0 30.0 30.0 30.0 30.0 30.0 30.0 30.0 30.0 30.0 30.0
8.0 30.0 30.0 30.0 30.0 30.0 30.0 30.0 30.0 30.0 30.0 30.0
8.1 30.0 30.0 30.0 30.0 30.0 30.0 30.0 30.0 30.0 30.0 30.0
8.2 30.0 30.0 30.0 30.0 30.0 30.0 30.0 30.0 30.0 30.0 30.0
8.3 30.0 30.0 30.0 30.0 30.0 30.0 30.0 30.0 30.0 30.0 30.0
8.4 30.0 30.0 30.0 30.0 30.0 30.0 30.0 30.0 30.0 30.0 30.0
8.5 30.0 30.0 30.0 30.0 30.0 30.0 30.0 30.0 30.0 30.0 30.0
8.6 30.0 30.0 30.0 30.0 30.0 30.0 30.0 30.0 30.0 30.0 30.0
8.7 30.0 30.0 30.0 30.0 30.0 30.0 30.0 30.0 30.0 30.0 30.0
8.8 30.0 30.0 30.0 30.0 30.0 30.0 30.0 30.0 30.0 30.0 30.0
8.9 30.0 30.0 30.0 30.0 30.0 30.0 30.0 30.0 30.0 30.0 30.0
9.0 30.0 30.0 30.0 30.0 30.0 30.0 30.0 30.0 30.0 30.0 30.0
9.1 30.0 30.0 30.0 30.0 30.0 30.0 30.0 30.0 30.0 30.0 30.0
9.2 30.0 30.0 30.0 30.0 30.0 30.0 30.0 30.0 30.0 30.0 30.0
9.3 30.0 30.0 30.0 30.0 30.0 30.0 30.0 30.0 30.0 30.0 30.0
9.4 30.0 30.0 30.0 30.0 30.0 30.0 30.0 30.0 30.0 30.0 30.0
9.5 30.0 30.0 30.0 30.0 30.0 30.0 30.0 30.0 30.0 30.0 30.0
9.6 30.0 30.0 30.0 30.0 30.0 30.0 30.0 30.0 30.0 30.0 30.0
9.7 30.0 30.0 30.0 30.0 30.0 30.0 30.0 30.0 30.0 30.0 30.0
9.8 30.0 30.0 30.0 30.0 30.0 30.0 30.0 30.0 30.0 30.0 30.0
9.9 30.0 30.0 30.0 30.0 30.0 30.0 30.0 30.0 30.0 30.0 30.0
10.0 30.0 30.0 30.0 30.0 30.0 30.0 30.0 30.0 30.0 30.0 30.0
10.1 30.0 30.0 30.0 30.0 30.0 30.0 30.0 30.0 30.0 30.0 30.0
10.2 30.0 30.0 30.0 30.0 30.0 30.0 30.0 30.0 30.0 30.0 30.0
10.3 30.0 30.0 30.0 30.0 30.0 30.0 30.0 30.0 30.0 30.0 30.0
10.4 30.0 30.0 30.0 30.0 30.0 30.0 30.0 30.0 30.0 30.0 30.0
10.5 30.0 30.0 30.0 30.0 30.0 30.0 30.0 30.0 30.0 30.0 30.0
10.6 30.0 30.0 30.0 30.0 30.0 30.0 30.0 30.0 30.0 30.0 30.0
10.7 30.0 30.0 30.0 30.0 30.0 30.0 30.0 30.0 30.0 30.0 30.0
10.8 30.0 30.0 30.0 30.0 30.0 30.0 30.0 30.0 30.0 30.0 30.0
10.9 30.0 30.0 30.0 30.0 30.0 30.0 30.0 30.0 30.0 30.0 30.0
11.0 30.0 30.0 30.0 30.0 30.0 30.0 30.0 30.0 30.0 30.0 30.0
11.1 30.0 30.0 30.0 30.0 30.0 30.0 30.0 30.0 30.0 30.0 30.0
11.2 30.0 30.0 30.0 30.0 30.0 30.0 30.0 30.0 30.0 30.0 30.0
11.3 30.0 30.0 30.0 30.0 30.0 30.0 30.0 30.0 30.0 30.0 30.0
11.4 30.0 30.0 30.0 30.0 30.0 30.0 30.0 30.0 30.0 30.0 30.0
11.5 30.0 30.0 30.0 30.0 30.0 30.0 30.0 30.0 30.0 30.0 30.0
11.6 30.0 30.0 30.0 30.0 30.0 30.0 30.0 30.0 30.0 30.0 30.0
11.7 30.0 30.0 30.0 30.0 30.0 30.0 30.0 30.0 30.0 30.0 30.0
11.8 30.0 30.0 30.0 30.0 30.0 30.0 30.0 30.0 30.0 30.0 30.0
11.9 30.0 30.0 30.0 30.0 30.0 30.0 30.0 30.0 30.0 30.0 30.0
12.0 30.0 30.0 30.0 30.0 30.0 30.0 30.0 30.0 30.0 30.0 30.0
12.1 30.0 30.0 30.0 30.0 30.0 30.0 30.0 30.0 30.0 30.0 30.0
12.2 30.0 30.0 30.0 30.0 30.0 30.0 30.0 30.0 30.0 30.0 30.0
12.3 30.0 30.0 30.0 30.0 30.0 30.0 30.0 30.0 30.0 30.0 30.0
12.4 30.0 30.0 30.0 30.0 30.0 30.0 30.0 30.0 30.0 30.0 30.0
12.5 30.0 30.0 30.0 30.0 30.0 30.0 30.0 30.0 30.0 30.0 30.0
12.6 30.0 30.0 30.0 30.0 30.0 30.0 30.0 30.0 30.0 30.0 30.0
12.7 30.0 30.0 30.0 30.0 30.0 30.0 30.0 30.0 30.0 30.0 30.0
12.8 30.0 30.0 30.0 30.0 30.0 30.0 30.0 30.0 30.0 30.0 30.0
12.9 30.0 30.0 30.0 30.0 30.0 30.0 30.0 30.0 30.0 30.0 30.0
13.0 30.0 30.0 30.0 30.0 30.0 30.0 30.0 30.0 30.0 30.0 30.0
13.1 30.0 30.0 30.0 30.0 30.0 30.0 30.0 30.0 30.0 30.0 30.0
13.2 30.0 30.0 30.0 30.0 30.0 30.0 30.0 30.0 30.0 30.0 30.0
13.3 30.0 30.0 30.0 30.0 30.0 30.0 30.0 30.0 30.0 30.0 30.0
13.4 30.0 30.0 30.0 30.0 30.0 30.0 30.0 30.0 30.0 30.0 30.0
13.5 30.0 30.0 30.0 30.0 30.0 30.0 30.0 30.0 30.0 30.0 30.0
13.6 30.0 30.0 30.0 30.0 30.0 30.0 30.0 30.0 30.0 30.0 30.0
13.7 30.0 30.0 30.0 30.0 30.0 30.0 30.0 30.0 30.0 30.0 30.0
13.8 30.0 30.0 30.0 30.0 30.0 30.0 30.0 30.0 30.0 30.0 30.0
13.9 30.0 30.0 30.0 30.0 30.0 30.0 30.0 30.0 30.0 30.0 30.0
14.0 30.0 30.0 30.0 30.0 30.0 30.0 30.0 30.0 30.0 30.0 30.0
14.1 30.0 30.0 30.0 30.0 30.0 30.0 30.0 30.0 30.0 30.0 30.0
14.2 30.0 30.0 30.0 30.0 30.0 30.0 30.0 30.0 30.0 30.0 30.0
14.3 30.0 30.0 30.0 30.0 30.0 30.0 30.0 30.0 30.0 30.0 30.0
14.4 30.0 30.0 30.0 30.0 30.0 30.0 30.0 30.0 30.0 30.0 30.0
14.5 30.0 30.0 30.0 30.0 30.0 30.0 30.0 30.0 30.0 30.0 30.0
14.6 30.0 30.0 30.0 30.0 30.0 30.0 30.0 30.0 30.0 30.0 30.0
14.7 30.0 30.0 30.0 30.0 30.0 30.0 30.0 30.0 30.0 30.0 30.0
14.8 30.0 30.0 30.0 30.0 30.0 30.0 30.0 30.0 30.0 30.0 30.0
14.9 30.0 30.0 30.0 30.0 30.0 30.0 30.0 30.0 30.0 30.0 30.0
15.0 30.0 30.0 30.0 30.0 30.0 30.0 30.0 30.0 30.0 30.0 30.0
15.1 30.0 30.0 30.0 30.0 30.0 30.0 30.0 30.0 30.0 30.0 30.0
15.2 30.0 29.858212121644023 30.0 30.0 30.0 30.0 30.0 30.0 30.0 30.0 30.0
15.3 30.0 29.61595933516426 30.0 30.0 30.0 30.0 30.0 30.0 30.0 30.0 30.0
15.4 30.0 29.37405349075327 30.0 30.0 30.0 30.0 30.0 30.0 30.0 30.0 30.0
15.5 30.0 29.137059526978142 30.0 30.0 30.0 30.0 30.0 30.0 30.0 30.0 30.0
15.6 30.0 28.905217605893707 30.0 30.0 30.0 30.0 30.0 30.0 30.0 30.0 30.0
15.7 30.0 28.67571385382917 30.0 30.0 30.0 30.0 30.0 30.0 30.0 30.0 30.0
15.8 30.0 28.448972016123918 30.0 30.0 30.0 30.0 30.0 30.0 30.0 30.0 30.0
15.9 30.0 28.227268885923323 30.0 30.0 30.0 30.0 30.0 30.0 30.0 30.0 30.0
16.0 30.0 28.010492491949414 30.0 30.0 30.0 30.0 30.0 30.0 30.0 30.0 30.0
16.1 30.0 27.79395456370159 30.0 30.0 30.0 30.0 30.0 30.0 30.0 30.0 30.0
16.2 30.0 27.58209948627867 30.0 30.0 30.0 30.0 30.0 30.0 30.0 30.0 30.0
16.3 30.0 27.702332024251817 30.0 30.0 30.0 30.0 30.0 30.0 30.0 30.0 30.0
16.4 30.0 26.902332024251816 30.0 30.0 30.0 30.0 30.0 30.0 30.0 30.0 30.0
16.5 30.0 26.102332024251815 30.0 30.0 30.0 30.0 30.0 30.0 30.0 30.0 30.0
16.6 30.0 25.302332024251815 30.0 30.0 30.0 30.0 30.0 30.0 30.0 30.0 30.0
16.7 30.0 24.502332024251814 30.0 30.0 30.0 30.0 30.0 30.0 30.0 30.0 30.0
16.8 30.0 24.059240127929375 30.0 30.0 30.0 30.0 30.0 30.0 30.0 30.0 30.0
16.9 30.0 23.879970902106752 30.0 30.0 30.0 30.0 30.0 30.0 30.0 30.0 30.0
17.0 30.0 23.70377934546089 30.0 30.0 30.0 30.0 30.0 30.0 30.0 30.0 30.0
17.1 30.0 23.532105521036765 30.0 30.0 30.0 30.0 30.0 30.0 30.0 30.0 30.0
17.2 30.0 23.364833589546613 30.0 30.0 30.0 30.0 30.0 30.0 30.0 30.0 30.0
17.3 30.0 23.20185068194073 30.0 30.0 30.0 30.0 30.0 30.0 30.0 30.0 30.0
17.4 30.0 23.038916476491266 30.0 30.0 30.0 30.0 30.0 30.0 30.0 30.0 30.0
17.5 30.0 22.880221311134157 30.0 30.0 30.0 30.0 30.0 30.0 30.0 30.0 30.0
17.6 30.0 22.725702334339033 30.0 30.0 30.0 30.0 30.0 30.0 30.0 30.0 30.0
17.7 30.0 22.57524964640698 30.0 30.0 30.0 30.0 30.0 30.0 30.0 30.0 30.0
17.8 30.0 22.42875623973626 30.0 30.0 30.0 30.0 30.0 30.0 30.0 30.0 30.0
17.9 30.0 22.63371003305468 30.0 30.0 30.0 30.0 30.0 30.0 30.0 30.0 30.0
18.0 30.0 21.83371003305468 30.0 30.0 30.0 30.0 30.0 30.0 30.0 30.0 30.0
18.1 30.0 21.03371003305468 30.0 30.0 30.0 30.0 30.0 30.0 30.0 30.0 30.0
18.2 30.0 20.233710033054678 30.0 30.0 30.0 30.0 30.0 30.0 30.0 30.0 30.0
18.3 30.0 19.433710033054677 30.0 30.0 30.0 30.0 30.0 30.0 30.0 30.0 30.0
18.4 30.0 18.95208351833382 30.0 30.0 30.0 30.0 30.0 30.0 30.0 30.0 30.0
18.5 30.0 18.848828539861238 30.0 30.0 30.0 30.0 30.0 30.0 30.0 30.0 30.0
18.6 30.0 18.748702500130214 30.0 30.0 30.0 30.0 30.0 30.0 30.0 30.0 30.0
18.7 30.0 18.65161058281535 30.0 30.0 30.0 30.0 30.0 30.0 30.0 30.0 30.0
18.8 30.0 18.55746084481304 30.0 30.0 30.0 30.0 30.0 30.0 30.0 30.0 30.0
18.9 30.0 18.466164129174416 30.0 30.0 30.0 30.0 30.0 30.0 30.0 30.0 30.0
19.0 30.0 18.37693504257257 30.0 30.0 30.0 30.0 30.0 30.0 30.0 30.0 30.0
19.1 30.0 18.288426735890198 30.0 30.0 30.0 30.0 30.0 30.0 30.0 30.0 30.0
19.2 30.0 18.202684313791735 30.0 30.0 30.0 30.0 30.0 30.0 30.0 30.0 30.0
19.3 30.0 18.119621342383823 30.0 30.0 30.0 30.0 30.0 30.0 30.0 30.0 30.0
19.4 30.0 18.03915408883239 30.0 30.0 30.0 30.0 30.0 30.0 30.0 30.0 30.0
19.5 30.0 18.34072235035271 30.0 30.0 30.0 30.0 30.0 30.0 30.0 30.0 30.0
19.6 30.0 17.54072235035271 30.0 30.0 30.0 30.0 30.0 30.0 30.0 30.0 30.0
19.7 30.0 16.74072235035271 30.0 30.0 30.0 30.0 30.0 30.0 30.0 30.0 30.0
19.8 30.0 15.940722350352708 30.0 30.0 30.0 30.0 30.0 30.0 30.0 30.0 30.0
19.9 30.0 15.140722350352707 30.0 30.0 30.0 30.0 30.0 30.0 30.0 30.0 30.0
20.0 30.0 14.589493874063482 30.0 30.0 30.0 30.0 30.0 30.0 30.0 30.0 30.0
20.1 30.0 14.571327602295584 30.0 30.0 30.0 30.0 30.0 30.0 30.0 30.0 30.0
20.2 30.0 14.55381012594806 30.0 30.0 30.0 30.0 30.0 30.0 30.0 30.0 30.0
20.3 30.0 13.753810125948059 29.2 29.2 29.2 29.2 29.2 29.2 29.2 29.2 29.2
20.4 30.0 12.953810125948058 28.4 28.4 28.4 28.4 28.4 28.4 28.4 28.4 28.4
20.5 30.0 12.153810125948057 27.599999999999998 27.599999999999998 27.599999999999998 27.599999999999998 27.599999999999998 27.599999999999998 27.599999999999998 27.599999999999998 27.599999999999998
20.6 30.0 11.353810125948057 26.799999999999997 26.799999999999997 26.799999999999997 26.799999999999997 26.799999999999997 26.799999999999997 26.799999999999997 26.799999999999997 26.799999999999997
20.7 30.0 10.553810125948056 25.999999999999996 25.999999999999996 25.999999999999996 25.999999999999996 25.999999999999996 25.999999999999996 25.999999999999996 25.999999999999996 25.999999999999996
20.8 30.0 9.753810125948055 25.199999999999996 25.199999999999996 25.199999999999996 25.199999999999996 25.199999999999996 25.199999999999996 25.199999999999996 25.199999999999996 25.199999999999996
20.9 30.0 8.953810125948054 24.399999999999995 24.399999999999995 24.399999999999995 24.399999999999995 24.399999999999995 24.399999999999995 24.399999999999995 24.399999999999995 24.399999999999995
21.0 30.0 8.153810125948054 23.599999999999994 23.599999999999994 23.599999999999994 23.599999999999994 23.599999999999994 23.599999999999994 23.599999999999994 23.599999999999994 23.599999999999994
21.1 30.0 7.353810125948054 22.799999999999994 22.799999999999994 22.799999999999994 22.799999999999994 22.799999999999994 22.799999999999994 22.799999999999994 22.799999999999994 22.799999999999994
21.2 30.0 6.553810125948054 21.999999999999993 21.999999999999993 21.999999999999993 21.999999999999993 21.999999999999993 21.999999999999993 21.999999999999993 21.999999999999993 21.999999999999993
21.3 30.0 5.753810125948054 21.199999999999992 21.199999999999992 21.199999999999992 21.199999999999992 21.199999999999992 21.199999999999992 21.199999999999992 21.199999999999992 21.199999999999992
21.4 30.0 4.9538101259480545 20.39999999999999 20.39999999999999 20.39999999999999 20.39999999999999 20.39999999999999 20.39999999999999 20.39999999999999 20.39999999999999 20.39999999999999
21.5 30.0 4.153810125948055 19.59999999999999 19.59999999999999 19.59999999999999 19.59999999999999 19.59999999999999 19.59999999999999 19.59999999999999 19.59999999999999 19.59999999999999
21.6 30.0 3.353810125948055 18.79999999999999 18.79999999999999 18.79999999999999 18.79999999999999 18.79999999999999 18.79999999999999 18.79999999999999 18.79999999999999 18.79999999999999
21.7 30.0 2.553810125948055 17.99999999999999 17.99999999999999 17.99999999999999 17.99999999999999 17.99999999999999 17.99999999999999 17.99999999999999 17.99999999999999 17.99999999999999
21.8 30.0 1.753810125948055 17.19999999999999 17.19999999999999 17.19999999999999 17.19999999999999 17.19999999999999 17.19999999999999 17.19999999999999 17.19999999999999 17.19999999999999
21.9 30.0 0.9538101259480549 16.399999999999988 16.399999999999988 16.399999999999988 16.399999999999988 16.399999999999988 16.399999999999988 16.399999999999988 16.399999999999988 16.399999999999988
22.0 30.0 0.9538101259480549 16.399999999999988 16.399999999999988 16.399999999999988 16.399999999999988 16.399999999999988 16.399999999999988 16.399999999999988 16.399999999999988 16.399999999999988
22.1 30.0 0.9538101259480549 16.399999999999988 16.399999999999988 16.399999999999988 16.399999999999988 16.399999999999988 16.399999999999988 16.399999999999988 16.399999999999988 16.399999999999988
22.2 30.0 0.9538101259480549 16.399999999999988 16.399999999999988 16.399999999999988 16.399999999999988 16.399999999999988 16.399999999999988 16.399999999999988 16.399999999999988 16.399999999999988
22.3 30.0 0.9538101259480549 16.399999999999988 16.399999999999988 16.399999999999988 16.399999999999988 16.399999999999988 16.399999999999988 16.399999999999988 16.399999999999988 16.399999999999988
22.4 30.0 0.9538101259480549 16.399999999999988 16.399999999999988 16.399999999999988 16.399999999999988 16.399999999999988 16.399999999999988 16.399999999999988 16.399999999999988 16.399999999999988
22.5 30.0 0.9538101259480549 16.399999999999988 16.399999999999988 16.399999999999988 16.399999999999988 16.399999999999988 16.399999999999988 16.399999999999988 16.399999999999988 16.399999999999988
22.6 30.0 0.9538101259480549 16.399999999999988 16.399999999999988 16.399999999999988 16.399999999999988 16.399999999999988 16.399999999999988 16.399999999999988 16.399999999999988 16.399999999999988
22.7 30.0 0.9538101259480549 16.399999999999988 16.399999999999988 16.399999999999988 16.399999999999988 16.399999999999988 16.399999999999988 16.399999999999988 16.399999999999988 16.399999999999988
22.8 30.0 0.9538101259480549 16.399999999999988 16.399999999999988 16.399999999999988 16.399999999999988 16.399999999999988 16.399999999999988 16.399999999999988 16.399999999999988 16.399999999999988
22.9 30.0 0.9538101259480549 16.399999999999988 16.399999999999988 16.399999999999988 16.399999999999988 16.399999999999988 16.399999999999988 16.399999999999988 16.399999999999988 16.399999999999988
23.0 30.0 0.9538101259480549 16.399999999999988 16.399999999999988 16.399999999999988 16.399999999999988 16.399999999999988 16.399999999999988 16.399999999999988 16.399999999999988 16.399999999999988
23.1 30.0 0.9538101259480549 16.399999999999988 16.399999999999988 16.399999999999988 16.399999999999988 16.399999999999988 16.399999999999988 16.399999999999988 16.399999999999988 16.399999999999988
23.2 30.0 0.9538101259480549 16.399999999999988 16.399999999999988 16.399999999999988 16.399999999999988 16.399999999999988 16.399999999999988 16.399999999999988 16.399999999999988 16.399999999999988
23.3 30.0 0.9538101259480549 16.399999999999988 16.399999999999988 16.399999999999988 16.399999999999988 16.399999999999988 16.399999999999988 16.399999999999988 16.399999999999988 16.399999999999988
23.4 30.0 0.9538101259480549 16.399999999999988 16.399999999999988 16.399999999999988 16.399999999999988 16.399999999999988 16.399999999999988 16.399999999999988 16.399999999999988 16.399999999999988
23.5 30.0 0.9538101259480549 16.399999999999988 16.399999999999988 16.399999999999988 16.399999999999988 16.399999999999988 16.399999999999988 16.399999999999988 16.399999999999988 16.399999999999988
23.6 30.0 0.9538101259480549 16.399999999999988 16.399999999999988 16.399999999999988 16.399999999999988 16.399999999999988 16.399999999999988 16.399999999999988 16.399999999999988 16.399999999999988
23.7 30.0 0.9538101259480549 16.399999999999988 16.399999999999988 16.399999999999988 16.399999999999988 16.399999999999988 16.399999999999988 16.399999999999988 16.399999999999988 16.399999999999988
23.8 30.0 0.9538101259480549 16.399999999999988 16.399999999999988 16.399999999999988 16.399999999999988 16.399999999999988 16.399999999999988 16.399999999999988 16.399999999999988 16.399999999999988
23.9 30.0 0.9538101259480549 16.399999999999988 16.399999999999988 16.399999999999988 16.399999999999988 16.399999999999988 16.399999999999988 16.399999999999988 16.399999999999988 16.399999999999988
24.0 30.0 0.9538101259480549 16.399999999999988 16.399999999999988 16.399999999999988 16.399999999999988 16.399999999999988 16.399999999999988 16.399999999999988 16.399999999999988 16.399999999999988
24.1 30.0 0.9538101259480549 16.399999999999988 16.399999999999988 16.399999999999988 16.399999999999988 16.399999999999988 16.399999999999988 16.399999999999988 16.399999999999988 16.399999999999988
24.2 30.0 0.9538101259480549 16.399999999999988 16.399999999999988 16.399999999999988 16.399999999999988 16.399999999999988 16.399999999999988 16.399999999999988 16.399999999999988 16.399999999999988
24.3 30.0 0.9538101259480549 16.399999999999988 16.399999999999988 16.399999999999988 16.399999999999988 16.399999999999988 16.399999999999988 16.399999999999988 16.399999999999988 16.399999999999988
24.4 30.0 0.9538101259480549 16.399999999999988 16.399999999999988 16.399999999999988 16.399999999999988 16.399999999999988 16.399999999999988 16.399999999999988 16.399999999999988 16.399999999999988
24.5 30.0 0.9538101259480549 16.399999999999988 16.399999999999988 16.399999999999988 16.399999999999988 16.399999999999988 16.399999999999988 16.399999999999988 16.399999999999988 16.399999999999988
24.6 30.0 0.9538101259480549 16.399999999999988 16.399999999999988 16.399999999999988 16.399999999999988 16.399999999999988 16.399999999999988 16.399999999999988 16.399999999999988 16.399999999999988
24.7 30.0 0.9538101259480549 16.399999999999988 16.399999999999988 16.399999999999988 16.399999999999988 16.399999999999988 16.399999999999988 16.399999999999988 16.399999999999988 16.399999999999988
24.8 30.0 0.9538101259480549 16.181167354240028 16.399999999999988 16.399999999999988 16.399999999999988 16.399999999999988 16.399999999999988 16.399999999999988 16.399999999999988 16.399999999999988
24.9 30.0 0.9538101259480549 15.662333220652062 16.399999999999988 16.399999999999988 16.399999999999988 16.399999999999988 16.399999999999988 16.399999999999988 16.399999999999988 16.399999999999988
25.0 30.0 0.9538101259480549 15.15354072515017 16.399999999999988 16.399999999999988 16.399999999999988 16.399999999999988 16.399999999999988 16.399999999999988 16.399999999999988 16.399999999999988
25.1 30.0 0.9538101259480549 14.64640748946436 16.399999999999988 16.399999999999988 16.399999999999988 16.399999999999988 16.399999999999988 16.399999999999988 16.399999999999988 16.399999999999988
25.2 30.0 0.9538101259480549 14.148400457092107 16.399999999999988 16.399999999999988 16.399999999999988 16.399999999999988 16.399999999999988 16.399999999999988 16.399999999999988 16.399999999999988
25.3 30.0 0.9538101259480549 13.65971192630895 16.399999999999988 16.399999999999988 16.399999999999988 16.399999999999988 16.399999999999988 16.399999999999988 16.399999999999988 16.399999999999988
25.4 30.0 0.9538101259480549 13.173320008076244 16.399999999999988 16.399999999999988 16.399999999999988 16.399999999999988 16.399999999999988 16.399999999999988 16.399999999999988 16.399999999999988
25.5 30.0 0.9538101259480549 12.699472413114119 16.399999999999988 16.399999999999988 16.399999999999988 16.399999999999988 16.399999999999988 16.399999999999988 16.399999999999988 16.399999999999988
25.6 30.0 0.9538101259480549 12.229645921627446 16.399999999999988 16.399999999999988 16.399999999999988 16.399999999999988 16.399999999999988 16.399999999999988 16.399999999999988 16.399999999999988
25.7 30.0 0.9538101259480549 11.769388010208514 16.399999999999988 16.399999999999988 16.399999999999988 16.399999999999988 16.399999999999988 16.399999999999988 16.399999999999988 16.399999999999988
25.8 30.0 0.9538101259480549 11.31873893169771 16.399999999999988 16.399999999999988 16.399999999999988 16.399999999999988 16.399999999999988 16.399999999999988 16.399999999999988 16.399999999999988
25.9 30.0 0.9538101259480549 10.87325241543447 16.399999999999988 16.399999999999988 16.399999999999988 16.399999999999988 16.399999999999988 16.399999999999988 16.399999999999988 16.399999999999988
26.0 30.0 0.9538101259480549 10.441972315891515 16.399999999999988 16.399999999999988 16.399999999999988 16.399999999999988 16.399999999999988 16.399999999999988 16.399999999999988 16.399999999999988
26.1 30.0 0.9538101259480549 10.012600048889048 16.399999999999988 16.399999999999988 16.399999999999988 16.399999999999988 16.399999999999988 16.399999999999988 16.399999999999988 16.399999999999988
26.2 30.0 0.9538101259480549 9.600836870573495 16.399999999999988 16.399999999999988 16.399999999999988 16.399999999999988 16.399999999999988 16.399999999999988 16.399999999999988 16.399999999999988
26.3 30.0 0.9538101259480549 9.189113543237719 16.399999999999988 16.399999999999988 16.399999999999988 16.399999999999988 16.399999999999988 16.399999999999988 16.399999999999988 16.399999999999988
26.4 30.0 0.9538101259480549 8.79680404953505 16.399999999999988 16.399999999999988 16.399999999999988 16.399999999999988 16.399999999999988 16.399999999999988 16.399999999999988 16.399999999999988
26.5 30.0 0.9538101259480549 8.404654353355719 16.399999999999988 16.399999999999988 16.399999999999988 16.399999999999988 16.399999999999988 16.399999999999988 16.399999999999988 16.399999999999988
26.6 30.0 0.9538101259480549 8.032112141985218 16.399999999999988 16.399999999999988 16.399999999999988 16.399999999999988 16.399999999999988 16.399999999999988 16.399999999999988 16.399999999999988
26.7 30.0 0.9538101259480549 7.661260043350817 16.399999999999988 16.399999999999988 16.399999999999988 16.399999999999988 16.399999999999988 16.399999999999988 16.399999999999988 16.399999999999988
26.8 30.0 0.9538101259480549 7.30823636348749 16.399999999999988 16.399999999999988 16.399999999999988 16.399999999999988 16.399999999999988 16.399999999999988 16.399999999999988 16.399999999999988
26.9 30.0 0.9538101259480549 6.961225814929024 16.399999999999988 16.399999999999988 16.399999999999988 16.399999999999988 16.399999999999988 16.399999999999988 16.399999999999988 16.399999999999988
27.0 30.0 0.9538101259480549 6.627480498874452 16.399999999999988 16.399999999999988 16.399999999999988 16.399999999999988 16.399999999999988 16.399999999999988 16.399999999999988 16.399999999999988
27.1 30.0 0.9538101259480549 6.307116388636143 16.399999999999988 16.399999999999988 16.399999999999988 16.399999999999988 16.399999999999988 16.399999999999988 16.399999999999988 16.399999999999988
27.2 30.0 0.9538101259480549 5.992216020242814 16.399999999999988 16.399999999999988 16.399999999999988 16.399999999999988 16.399999999999988 16.399999999999988 16.399999999999988 16.399999999999988
27.3 30.0 0.9538101259480549 5.695839202931209 16.399999999999988 16.399999999999988 16.399999999999988 16.399999999999988 16.399999999999988 16.399999999999988 16.399999999999988 16.399999999999988
27.4 30.0 0.9538101259480549 5.405452335802956 16.399999999999988 16.399999999999988 16.399999999999988 16.399999999999988 16.399999999999988 16.399999999999988 16.399999999999988 16.399999999999988
27.5 30.0 0.9538101259480549 5.127224697686962 16.399999999999988 16.399999999999988 16.399999999999988 16.399999999999988 16.399999999999988 16.399999999999988 16.399999999999988 16.399999999999988
27.6 30.0 0.9538101259480549 4.866386286953379 16.399999999999988 16.399999999999988 16.399999999999988 16.399999999999988 16.399999999999988 16.399999999999988 16.399999999999988 16.399999999999988
27.7 30.0 0.9538101259480549 4.60997362868322 16.399999999999988 16.399999999999988 16.399999999999988 16.399999999999988 16.399999999999988 16.399999999999988 16.399999999999988 16.399999999999988
27.8 30.0 0.9538101259480549 4.366229395167394 16.399999999999988 16.399999999999988 16.399999999999988 16.399999999999988 16.399999999999988 16.399999999999988 16.399999999999988 16.399999999999988
27.9 30.0 0.9538101259480549 4.13873477721935 16.399999999999988 16.399999999999988 16.399999999999988 16.399999999999988 16.399999999999988 16.399999999999988 16.399999999999988 16.399999999999988
28.0 30.0 0.9538101259480549 3.921149786215523 16.399999999999988 16.399999999999988 16.399999999999988 16.399999999999988 16.399999999999988 16.399999999999988 16.399999999999988 16.399999999999988
28.1 30.0 0.9538101259480549 3.7091969533392732 16.399999999999988 16.399999999999988 16.399999999999988 16.399999999999988 16.399999999999988 16.399999999999988 16.399999999999988 16.399999999999988
28.2 30.0 0.9538101259480549 3.5123836085254503 16.399999999999988 16.399999999999988 16.399999999999988 16.399999999999988 16.399999999999988 16.399999999999988 16.399999999999988 16.399999999999988
28.3 30.0 0.9538101259480549 3.3296283597698038 16.399999999999988 16.399999999999988 16.399999999999988 16.399999999999988 16.399999999999988 16.399999999999988 16.399999999999988 16.399999999999988
28.4 30.0 0.9538101259480549 3.156844523304217 16.399999999999988 16.399999999999988 16.399999999999988 16.399999999999988 16.399999999999988 16.399999999999988 16.399999999999988 16.399999999999988
28.5 30.0 0.9538101259480549 2.9873803388921063 16.399999999999988 16.399999999999988 16.399999999999988 16.399999999999988 16.399999999999988 16.399999999999988 16.399999999999988 16.399999999999988
28.6 30.0 0.9538101259480549 2.830951860973396 16.399999999999988 16.399999999999988 16.399999999999988 16.399999999999988 16.399999999999988 16.399999999999988 16.399999999999988 16.399999999999988
28.7 30.0 0.9538101259480549 2.686556342894452 16.399999999999988 16.399999999999988 16.399999999999988 16.399999999999988 16.399999999999988 16.399999999999988 16.399999999999988 16.399999999999988
28.8 30.0 0.9538101259480549 2.5532681723599344 16.399999999999988 16.399999999999988 16.399999999999988 16.399999999999988 16.399999999999988 16.399999999999988 16.399999999999988 16.399999999999988
28.9 30.0 0.9538101259480549 2.4302329380205414 16.399999999999988 16.399999999999988 16.399999999999988 16.399999999999988 16.399999999999988 16.399999999999988 16.399999999999988 16.399999999999988
29.0 30.0 0.9538101259480549 2.3097171151826856 16.399999999999988 16.399999999999988 16.399999999999988 16.399999999999988 16.399999999999988 16.399999999999988 16.399999999999988 16.399999999999988
29.1 30.0 0.9538101259480549 2.1967248660798924 16.399999999999988 16.399999999999988 16.399999999999988 16.399999999999988 16.399999999999988 16.399999999999988 16.399999999999988 16.399999999999988
29.2 30.0 0.9538101259480549 2.0931486377355073 16.399999999999988 16.399999999999988 16.399999999999988 16.399999999999988 16.399999999999988 16.399999999999988 16.399999999999988 16.399999999999988
29.3 30.0 0.9538101259480549 1.9982037617530914 16.399999999999988 16.399999999999988 16.399999999999988 16.399999999999988 16.399999999999988 16.399999999999988 16.399999999999988 16.399999999999988
29.4 30.0 0.9538101259480549 1.9111709587691785 16.399999999999988 16.399999999999988 16.399999999999988 16.399999999999988 16.399999999999988 16.399999999999988 16.399999999999988 16.399999999999988
29.5 30.0 0.9538101259480549 1.8313908893673532 16.399999999999988 16.399999999999988 16.399999999999988 16.399999999999988 16.399999999999988 16.399999999999988 16.399999999999988 16.399999999999988
29.6 30.0 0.9538101259480549 1.7582591590825676 16.399999999999988 16.399999999999988 16.399999999999988 16.399999999999988 16.399999999999988 16.399999999999988 16.399999999999988 16.399999999999988
29.7 30.0 0.9538101259480549 1.691221739654658 16.399999999999988 16.399999999999988 16.399999999999988 16.399999999999988 16.399999999999988 16.399999999999988 16.399999999999988 16.399999999999988
29.8 30.0 0.9538101259480549 1.629770771845583 16.399999999999988 16.399999999999988 16.399999999999988 16.399999999999988 16.399999999999988 16.399999999999988 16.399999999999988 16.399999999999988
29.9 30.0 0.9538101259480549 1.5710262378407207 16.399999999999988 16.399999999999988 16.399999999999988 16.399999999999988 16.399999999999988 16.399999999999988 16.399999999999988 16.399999999999988
30.0 30.0 0.9538101259480549 1.5149156822142535 16.399999999999988 16.399999999999988 16.399999999999988 16.399999999999988 16.399999999999988 16.399999999999988 16.399999999999988 16.399999999999988
30.1 30.0 0.9538101259480549 1.4639060861900046 16.399999999999988 16.399999999999988 16.399999999999988 16.399999999999988 16.399999999999988 16.399999999999988 16.399999999999988 16.399999999999988
30.2 30.0 0.9538101259480549 1.4175337261678096 16.399999999999988 16.399999999999988 16.399999999999988 16.399999999999988 16.399999999999988 16.399999999999988 16.399999999999988 16.399999999999988
30.3 30.0 0.9538101259480549 1.3753770352388046 16.399999999999988 16.399999999999988 16.399999999999988 16.399999999999988 16.399999999999988 16.399999999999988 16.399999999999988 16.399999999999988
30.4 30.0 0.9538101259480549 1.3370527707578912 16.399999999999988 16.399999999999988 16.399999999999988 16.399999999999988 16.399999999999988 16.399999999999988 16.399999999999988 16.399999999999988
30.5 30.0 0.9538101259480549 1.3022125303204715 16.399999999999988 16.399999999999988 16.399999999999988 16.399999999999988 16.399999999999988 16.399999999999988 16.399999999999988 16.399999999999988
30.6 30.0 0.9538101259480549 1.2705395844682341 16.399999999999988 16.399999999999988 16.399999999999988 16.399999999999988 16.399999999999988 16.399999999999988 16.399999999999988 16.399999999999988
30.7 30.0 0.9538101259480549 1.241745997329799 16.399999999999988 16.399999999999988 16.399999999999988 16.399999999999988 16.399999999999988 16.399999999999988 16.399999999999988 16.399999999999988
30.8 30.0 0.9538101259480549 1.215570009022206 16.399999999999988 16.399999999999988 16.399999999999988 16.399999999999988 16.399999999999988 16.399999999999988 16.399999999999988 16.399999999999988
30.9 30.0 0.9538101259480549 1.191773656015491 16.399999999999988 16.399999999999988 16.399999999999988 16.399999999999988 16.399999999999988 16.399999999999988 16.399999999999988 16.399999999999988
31.0 30.0 0.9538101259480549 1.170140607827606 16.399999999999988 16.399999999999988 16.399999999999988 16.399999999999988 16.399999999999988 16.399999999999988 16.399999999999988 16.399999999999988
31.1 30.0 0.9538101259480549 1.1504742003839237 16.399999999999988 16.399999999999988 16.399999999999988 16.399999999999988 16.399999999999988 16.399999999999988 16.399999999999988 16.399999999999988
31.2 30.0 0.9538101259480549 1.1325956481623192 16.399999999999988 16.399999999999988 16.399999999999988 16.399999999999988 16.399999999999988 16.399999999999988 16.399999999999988 16.399999999999988
31.3 30.0 0.9538101259480549 1.1163424188699138 16.399999999999988 16.399999999999988 16.399999999999988 16.399999999999988 16.399999999999988 16.399999999999988 16.399999999999988 16.399999999999988
31.4 30.0 0.9538101259480549 1.1015667558771565 16.399999999999988 16.399999999999988 16.399999999999988 16.399999999999988 16.399999999999988 16.399999999999988 16.399999999999988 16.399999999999988
31.5 30.0 0.9538101259480549 1.0881343349743489 16.399999999999988 16.399999999999988 16.399999999999988 16.399999999999988 16.399999999999988 16.399999999999988 16.399999999999988 16.399999999999988
31.6 30.0 0.9538101259480549 1.075923043244787 16.399999999999988 16.399999999999988 16.399999999999988 16.399999999999988 16.399999999999988 16.399999999999988 16.399999999999988 16.399999999999988
31.7 30.0 0.9538101259480549 1.064821868945035 16.399999999999988 16.399999999999988 16.399999999999988 16.399999999999988 16.399999999999988 16.399999999999988 16.399999999999988 16.399999999999988
31.8 30.0 0.9538101259480549 1.0547298923089343 16.399999999999988 16.399999999999988 16.399999999999988 16.399999999999988 16.399999999999988 16.399999999999988 16.399999999999988 16.399999999999988
31.9 30.0 0.9538101259480549 1.0455553680944103 16.399999999999988 16.399999999999988 16.399999999999988 16.399999999999988 16.399999999999988 16.399999999999988 16.399999999999988 16.399999999999988
32.0 30.0 0.9538101259480549 1.0372148915354888 16.264518041890152 16.399999999999988 16.399999999999988 16.399999999999988 16.399999999999988 16.399999999999988 16.399999999999988 16.399999999999988
32.1 30.0 0.9538101259480549 1.0296326401184754 15.74827233206176 16.399999999999988 16.399999999999988 16.399999999999988 16.399999999999988 16.399999999999988 16.399999999999988 16.399999999999988
32.2 30.0 0.9538101259480549 1.0227396842846015 15.240471575394226 16.399999999999988 16.399999999999988 16.399999999999988 16.399999999999988 16.399999999999988 16.399999999999988 16.399999999999988
32.3 30.0 0.9538101259480549 1.0164733607993366 14.73389467283895 16.399999999999988 16.399999999999988 16.399999999999988 16.399999999999988 16.399999999999988 16.399999999999988 16.399999999999988
32.4 30.0 0.9538101259480549 1.0107767030854218 14.23797641496169 16.399999999999988 16.399999999999988 16.399999999999988 16.399999999999988 16.399999999999988 16.399999999999988 16.399999999999988
32.5 30.0 0.9538101259480549 1.0055979233454242 13.747869142014016 16.399999999999988 16.399999999999988 16.399999999999988 16.399999999999988 16.399999999999988 16.399999999999988 16.399999999999988
32.6 30.0 0.9538101259480549 1.0008899417638712 13.263269878306588 16.399999999999988 16.399999999999988 16.399999999999988 16.399999999999988 16.399999999999988 16.399999999999988 16.399999999999988
32.7 30.0 0.9538101259480549 0.996609958507726 12.791117156713913 16.399999999999988 16.399999999999988 16.399999999999988 16.399999999999988 16.399999999999988 16.399999999999988 16.399999999999988
32.8 30.0 1.553810125948055 0.9927190646387662 12.319165669455435 16.99999999999999 16.99999999999999 16.99999999999999 16.99999999999999 16.99999999999999 16.99999999999999 16.99999999999999
32.9 30.0 2.153810125948055 1.0982727974850042 11.860366843237507 17.59999999999999 17.59999999999999 17.59999999999999 17.59999999999999 17.59999999999999 17.59999999999999 17.59999999999999
33.0 30.0 2.753810125948055 1.299122566067688 11.416344330199697 18.199999999999992 18.199999999999992 18.199999999999992 18.199999999999992 18.199999999999992 18.199999999999992 18.199999999999992
33.1 30.0 3.3538101259480553 1.5726223556880767 10.99460399692369 18.799999999999994 18.799999999999994 18.799999999999994 18.799999999999994 18.799999999999994 18.799999999999994 18.799999999999994
33.2 30.0 3.9538101259480554 1.8861536507315388 10.5968439164187 19.399999999999995 19.399999999999995 19.399999999999995 19.399999999999995 19.399999999999995 19.399999999999995 19.399999999999995
33.3 30.0 4.553810125948055 2.2584583569998173 10.237109307168925 19.999999999999996 19.999999999999996 19.999999999999996 19.999999999999996 19.999999999999996 19.999999999999996 19.999999999999996
33.4 30.0 5.153810125948055 2.6731278599149446 9.90828923727662 20.599999999999998 20.599999999999998 20.599999999999998 20.599999999999998 20.599999999999998 20.599999999999998 20.599999999999998
33.5 30.0 5.753810125948054 3.12193496699034 9.629530395839506 21.2 21.2 21.2 21.2 21.2 21.2 21.2
33.6 30.0 6.353810125948054 3.5836314182700897 9.385166409563954 21.8 21.8 21.8 21.8 21.8 21.8 21.8
33.7 30.0 6.953810125948054 4.0760679042306505 9.193127637221702 22.400000000000002 22.400000000000002 22.400000000000002 22.400000000000002 22.400000000000002 22.400000000000002 22.400000000000002
33.8 30.0 7.553810125948053 4.584838060741667 9.046877833177895 23.000000000000004 23.000000000000004 23.000000000000004 23.000000000000004 23.000000000000004 23.000000000000004 23.000000000000004
33.9 30.0 8.153810125948054 5.105959568892377 8.955535500326308 23.600000000000005 23.600000000000005 23.600000000000005 23.600000000000005 23.600000000000005 23.600000000000005 23.600000000000005
34.0 30.0 8.753810125948053 5.641000810899127 8.910868413574422 24.200000000000006 24.200000000000006 24.200000000000006 24.200000000000006 24.200000000000006 24.200000000000006 24.200000000000006
34.1 30.0 9.353810125948053 6.1770484176669385 8.909981778348893 24.800000000000008 24.800000000000008 24.800000000000008 24.800000000000008 24.800000000000008 24.800000000000008 24.800000000000008
34.2 30.0 9.953810125948053 6.730021940809354 8.958524630096242 25.40000000000001 25.40000000000001 25.40000000000001 25.40000000000001 25.40000000000001 25.40000000000001 25.40000000000001
34.3 30.0 10.553810125948052 7.290420697139892 9.05244529264461 26.00000000000001 26.00000000000001 26.00000000000001 26.00000000000001 26.00000000000001 26.00000000000001 26.00000000000001
34.4 30.0 11.153810125948052 7.849220673705968 9.186330347515051 26.600000000000012 26.600000000000012 26.600000000000012 26.600000000000012 26.600000000000012 26.600000000000012 26.600000000000012
34.5 30.0 11.753810125948052 8.411989112632725 9.362144162528645 27.200000000000014 27.200000000000014 27.200000000000014 27.200000000000014 27.200000000000014 27.200000000000014 27.200000000000014
34.6 30.0 12.353810125948051 8.987400637710314 9.577703686960941 27.800000000000015 27.800000000000015 27.800000000000015 27.800000000000015 27.800000000000015 27.800000000000015 27.800000000000015
34.7 30.0 12.953810125948051 9.56455395267142 9.821954102973535 28.400000000000016 28.400000000000016 28.400000000000016 28.400000000000016 28.400000000000016 28.400000000000016 28.400000000000016
34.8 30.0 13.55381012594805 10.136304513878207 10.098830753622316 29.000000000000018 29.000000000000018 29.000000000000018 29.000000000000018 29.000000000000018 29.000000000000018 29.000000000000018
34.9 30.0 14.15381012594805 10.713748039886717 10.410317870743352 29.60000000000002 29.60000000000002 29.60000000000002 29.60000000000002 29.60000000000002 29.60000000000002 29.60000000000002
35.0 30.0 14.75381012594805 11.300419880391798 10.738426589053601 30.0 30.0 30.0 30.0 30.0 30.0 30.0
35.1 30.0 15.35381012594805 11.88405322920458 11.09882428897938 30.0 30.0 30.0 30.0 30.0 30.0 30.0
35.2 30.0 15.95381012594805 12.465633780944042 11.476210602922123 30.0 30.0 30.0 30.0 30.0 30.0 30.0
35.3 30.0 16.55381012594805 13.051116187254037 11.876093298060345 30.0 30.0 30.0 30.0 30.0 30.0 30.0
35.4 30.0 17.153810125948052 13.643908330861015 12.289384572981787 30.0 30.0 30.0 30.0 30.0 30.0 30.0
35.5 30.0 17.753810125948053 14.231453216825276 12.724708828439788 30.0 30.0 30.0 30.0 30.0 30.0 30.0
35.6 30.0 18.353810125948055 14.818764424619676 13.169720313875832 30.0 30.0 30.0 30.0 30.0 30.0 30.0
35.7 30.0 18.953810125948056 15.408981020368252 13.632030638097829 30.0 30.0 30.0 30.0 30.0 30.0 30.0
35.8 30.0 19.553810125948058 16.005302960740273 14.099061383509515 30.0 30.0 30.0 30.0 30.0 30.0 30.0
35.9 30.0 20.15381012594806 16.59538020377888 14.582725669992714 30.0 30.0 30.0 30.0 30.0 30.0 30.0
36.0 30.0 20.75381012594806 17.186246650370414 15.076089934084118 30.0 30.0 30.0 30.0 30.0 30.0 30.0
36.1 30.0 21.353810125948062 17.7794128011581 15.57393967078779 30.0 30.0 30.0 30.0 30.0 30.0 30.0
36.2 30.0 21.953810125948063 18.377169283993574 16.08285418503053 30.0 30.0 30.0 30.0 30.0 30.0 30.0
36.3 30.0 22.553810125948065 18.969692971384692 16.59768610907541 30.0 30.0 30.0 30.0 30.0 30.0 30.0
36.4 30.0 23.153810125948066 19.562876333417726 17.119606588018137 30.0 30.0 30.0 30.0 30.0 30.0 30.0
36.5 30.0 23.753810125948068 20.15796368939248 17.648661488566855 30.0 30.0 30.0 30.0 30.0 30.0 30.0
36.6 30.0 24.35381012594807 20.756525305464017 18.17832906461733 30.0 30.0 30.0 30.0 30.0 30.0 30.0
36.7 30.0 24.95381012594807 21.350818906602044 18.716629294254247 30.0 30.0 30.0 30.0 30.0 30.0 30.0
36.8 30.0 25.553810125948072 21.945575188728835 19.261503389935076 30.0 30.0 30.0 30.0 30.0 30.0 30.0
36.9 30.0 26.153810125948073 22.541960971583844 19.80542428178271 30.0 30.0 30.0 30.0 30.0 30.0 30.0
37.0 30.0 26.753810125948075 23.141057268434135 20.353295410831002 30.0 30.0 30.0 30.0 30.0 30.0 30.0
37.1 30.0 27.353810125948076 23.7365830559989 20.90910548745823 30.0 30.0 30.0 30.0 30.0 30.0 30.0
37.2 30.0 27.953810125948078 24.332444409496347 21.46573833957911 30.0 30.0 30.0 30.0 30.0 30.0 30.0
37.3 30.0 28.55381012594808 24.92973517308056 22.022857025829392 30.0 30.0 30.0 30.0 30.0 30.0 30.0
37.4 30.0 29.15381012594808 25.529195784759 22.584238057461715 30.0 30.0 30.0 30.0 30.0 30.0 30.0
37.5 30.0 29.753810125948082 26.125605991482264 23.150770601917806 30.0 30.0 30.0 30.0 30.0 30.0 30.0
37.6 30.0 30.0 26.722266648899282 23.715857452880616 30.0 30.0 30.0 30.0 30.0 30.0 30.0
37.7 30.0 30.0 27.01033080450445 24.28350643861516 30.0 30.0 30.0 30.0 30.0 30.0 30.0
37.8 30.0 30.0 27.079857995097345 24.589329976136693 30.0 30.0 30.0 30.0 30.0 30.0 30.0
37.9 30.0 30.0 27.147768274281177 24.708953108849755 30.0 30.0 30.0 30.0 30.0 30.0 30.0
38.0 30.0 30.0 27.213778807268408 24.825316554450968 30.0 30.0 30.0 30.0 30.0 30.0 30.0
38.1 30.0 30.0 27.277102016194142 24.937038228808596 30.0 30.0 30.0 30.0 30.0 30.0 30.0
38.2 30.0 30.0 27.33898606128059 25.046624884683286 30.0 30.0 30.0 30.0 30.0 30.0 30.0
38.3 30.0 30.0 27.39946365079692 25.15385460930611 30.0 30.0 30.0 30.0 30.0 30.0 30.0
38.4 30.0 30.0 27.458566749642486 25.25877770894131 30.0 30.0 30.0 30.0 30.0 30.0 30.0
38.5 30.0 30.0 27.51632659624153 25.361443426049853 30.0 30.0 30.0 30.0 30.0 30.0 30.0
38.6 30.0 30.0 27.57277371905421 25.461899961526914 30.0 30.0 30.0 30.0 30.0 30.0 30.0
38.7 30.0 30.0 27.627937952712106 25.560194496481923 30.0 30.0 30.0 30.0 30.0 30.0 30.0
38.8 30.0 30.0 27.681848453786845 25.655030994198924 30.0 30.0 30.0 30.0 30.0 30.0 30.0
38.9 30.0 30.0 27.73453371620082 25.74693038696387 30.0 30.0 30.0 30.0 30.0 30.0 30.0
39.0 30.0 30.0 27.786021586287127 25.836904250090406 30.0 30.0 30.0 30.0 30.0 30.0 30.0
39.1 30.0 30.0 27.836339277507825 25.924992462450714 30.0 30.0 30.0 30.0 30.0 30.0 30.0
39.2 30.0 30.0 27.885513384837143 26.011234089035543 30.0 30.0 30.0 30.0 30.0 30.0 30.0
39.3 30.0 30.0 27.933569898818153 26.09566739724971 30.0 30.0 30.0 30.0 30.0 30.0 30.0
39.4 30.0 30.0 27.980534219299543 26.17832987289077 30.0 30.0 30.0 30.0 30.0 30.0 30.0
39.5 30.0 30.0 28.02584380955288 26.259258235814013 30.0 30.0 30.0 30.0 30.0 30.0 30.0
39.6 30.0 30.0 28.06971394711842 26.338614318002186 30.0 30.0 30.0 30.0 30.0 30.0 30.0
39.7 30.0 30.0 28.112609192737967 26.416008274418708 30.0 30.0 30.0 30.0 30.0 30.0 30.0
39.8 30.0 30.0 28.15455121067708 26.490378844535122 30.0 30.0 30.0 30.0 30.0 30.0 30.0
39.9 30.0 30.0 28.195561183773133 26.56321937927953 30.0 30.0 30.0 30.0 30.0 30.0 30.0
40.0 30.0 30.0 28.23565982413369 26.6345610272529 30.0 30.0 30.0 30.0 30.0 30.0 30.0
40.1 30.0 30.0 28.27486738359734 26.704434311194795 30.0 30.0 30.0 30.0 30.0 30.0 30.0
40.2 30.0 30.0 28.313203663961836 26.772869140348973 30.0 30.0 30.0 30.0 30.0 30.0 30.0
40.3 30.0 30.0 28.35068802698493 26.8398948225901 30.0 30.0 30.0 30.0 30.0 30.0 30.0
40.4 30.0 30.0 28.387339404163036 26.90554007631571 30.0 30.0 30.0 30.0 30.0 30.0 30.0
40.5 30.0 30.0 28.42317630629277 26.969833042108316 30.0 30.0 30.0 30.0 30.0 30.0 30.0
40.6 30.0 30.0 28.45821683281962 27.03280129417168 30.0 30.0 30.0 30.0 30.0 30.0 30.0
40.7 30.0 30.0 28.492478680979204 27.094471851545787 30.0 30.0 30.0 30.0 30.0 30.0 30.0
40.8 30.0 30.0 28.52597915473525 27.154871189104316 30.0 30.0 30.0 30.0 30.0 30.0 30.0
40.9 30.0 30.0 28.558735173518954 27.21370649269491 30.0 30.0 30.0 30.0 30.0 30.0 30.0
41.0 30.0 30.0 28.59076328077408 27.27033125038253 30.0 30.0 30.0 30.0 30.0 30.0 30.0
41.1 30.0 30.0 28.62207965231248 27.32581797275339 30.0 30.0 30.0 30.0 30.0 30.0 30.0
41.2 30.0 30.0 28.65270010448328 27.380189215557987 30.0 30.0 30.0 30.0 30.0 30.0 30.0
41.3 30.0 30.0 28.682640102161386 27.433467095442158 30.0 30.0 30.0 30.0 30.0 30.0 30.0
41.4 30.0 30.0 28.711914766557815 27.485673298293325 30.0 30.0 30.0 30.0 30.0 30.0 30.0
41.5 30.0 30.0 28.740538882856505 27.536829087432903 30.0 30.0 30.0 30.0 30.0 30.0 30.0
41.6 30.0 30.0 28.768526907681895 27.586955311657373 30.0 30.0 30.0 30.0 30.0 30.0 30.0
41.7 30.0 30.0 28.795892976400033 27.6360724131327 30.0 30.0 30.0 30.0 30.0 30.0 30.0
41.8 30.0 30.0 28.82215849916525 27.684200435141815 30.0 30.0 30.0 30.0 30.0 30.0 30.0
41.9 30.0 30.0 28.847763749183397 27.731459750141152 30.0 30.0 30.0 30.0 30.0 30.0 30.0
42.0 30.0 30.0 28.872812363331626 27.777780045588784 30.0 30.0 30.0 30.0 30.0 30.0 30.0
42.1 30.0 30.0 28.89731644238959 27.82316146438606 30.0 30.0 30.0 30.0 30.0 30.0 30.0
42.2 30.0 30.0 28.921287824076774 27.867622869479057 30.0 30.0 30.0 30.0 30.0 30.0 30.0
42.3 30.0 30.0 28.944738088770734 27.911182748918513 30.0 30.0 30.0 30.0 30.0 30.0 30.0
42.4 30.0 30.0 28.967678565101792 27.953859223210266 30.0 30.0 30.0 30.0 30.0 30.0 30.0
42.5 30.0 30.0 28.990120335425704 27.995670052524037 30.0 30.0 30.0 30.0 30.0 30.0 30.0
42.6 30.0 30.0 29.01207424117734 28.03581858501377 30.0 30.0 30.0 30.0 30.0 30.0 30.0
42.7 30.0 30.0 29.03355088810827 28.075076279752068 30.0 30.0 30.0 30.0 30.0 30.0 30.0
42.8 30.0 30.0 29.054560651410288 28.113557033038052 30.0 30.0 30.0 30.0 30.0 30.0 30.0
42.9 30.0 30.0 29.07511368072743 28.151276035199057 30.0 30.0 30.0 30.0 30.0 30.0 30.0
43.0 30.0 30.0 29.09521990505942 28.188248184108943 30.0 30.0 30.0 30.0 30.0 30.0 30.0
43.1 30.0 30.0 29.11488903755808 28.22448809070678 30.0 30.0 30.0 30.0 30.0 30.0 30.0
43.2 30.0 30.0 29.13413058021982 28.260010084413608 30.0 30.0 30.0 30.0 30.0 30.0 30.0
43.3 30.0 30.0 29.152953828475933 28.29482821844978 30.0 30.0 30.0 30.0 30.0 30.0 30.0
43.4 30.0 30.0 29.171367875683 28.32895627505523 30.0 30.0 30.0 30.0 30.0 30.0 30.0
43.5 30.0 30.0 29.189381617515973 28.362407770612638 30.0 30.0 30.0 30.0 30.0 30.0 30.0
43.6 30.0 30.0 29.207003756265625 28.39519596067683 30.0 30.0 30.0 30.0 30.0 30.0 30.0
43.7 30.0 30.0 29.224242805042486 28.427333844911875 30.0 30.0 30.0 30.0 30.0 30.0 30.0
43.8 30.0 30.0 29.241107091889354 28.458834171936317 30.0 30.0 30.0 30.0 30.0 30.0 30.0
43.9 30.0 30.0 29.257604763804814 28.489709444079384 30.0 30.0 30.0 30.0 30.0 30.0 30.0
44.0 30.0 30.0 29.27374379067858 28.519971922050136 30.0 30.0 30.0 30.0 30.0 30.0 30.0
44.1 30.0 30.0 29.28953196914212 28.54963362951862 30.0 30.0 30.0 30.0 30.0 30.0 30.0
44.2 30.0 30.0 29.304976926334657 28.578706357614458 30.0 30.0 30.0 30.0 30.0 30.0 30.0
44.3 30.0 30.0 29.320086123588297 28.607201669339958 30.0 30.0 30.0 30.0 30.0 30.0 30.0
44.4 30.0 30.0 29.33486686003201 28.635130903904006 30.0 30.0 30.0 30.0 30.0 30.0 30.0
44.5 30.0 30.0 29.349326276118294 28.66250518097292 30.0 30.0 30.0 30.0 30.0 30.0 30.0
44.6 30.0 30.0 29.363471357072218 28.6893354048452 30.0 30.0 30.0 30.0 30.0 30.0 30.0
44.7 30.0 30.0 29.37730893626627 28.7156322685467 30.0 30.0 30.0 30.0 30.0 30.0 30.0
44.8 30.0 30.0 29.390845698521304 28.741406257851352 30.0 30.0 30.0 30.0 30.0 30.0 30.0
44.9 30.0 30.0 29.404088183336047 28.766667655225863 30.0 30.0 30.0 30.0 30.0 30.0 30.0
45.0 30.0 30.0 29.41704278804611 28.791426543702325 30.0 30.0 30.0 30.0 30.0 30.0 30.0
45.1 30.0 30.0 29.429715770914687 28.815351662619765 30.0 30.0 30.0 30.0 30.0 30.0 30.0
45.2 30.0 30.0 29.442113254155643 28.838625390697263 30.0 30.0 30.0 30.0 30.0 30.0 30.0
45.3 30.0 30.0 29.45424122689143 28.86144707026529 30.0 30.0 30.0 30.0 30.0 30.0 30.0
45.4 30.0 30.0 29.466105548045988 28.88382535668076 30.0 30.0 30.0 30.0 30.0 30.0 30.0
45.5 30.0 30.0 29.477711949175454 28.905768742614015 30.0 30.0 30.0 30.0 30.0 30.0 30.0
45.6 30.0 30.0 29.489066037236856 28.92728556103185 30.0 30.0 30.0 30.0 30.0 30.0 30.0
45.7 30.0 30.0 29.50017329729695 28.948383988127844 30.0 30.0 30.0 30.0 30.0 30.0 30.0
45.8 30.0 30.0 29.5110390951818 28.969072046200303 30.0 30.0 30.0 30.0 30.0 30.0 30.0
45.9 30.0 30.0 29.52166868006914 28.98935760647932 30.0 30.0 30.0 30.0 30.0 30.0 30.0
46.0 30.0 30.0 29.532067187024193 29.009248391903956 30.0 30.0 30.0 30.0 30.0 30.0 30.0
46.1 30.0 30.0 29.54223963948019 29.028751979849662 30.0 30.0 30.0 30.0 30.0 30.0 30.0
46.2 30.0 30.0 29.552190951665374 29.04787580480723 30.0 30.0 30.0 30.0 30.0 30.0 30.0
46.3 30.0 30.0 29.561925930976955 29.066627161014306 30.0 30.0 30.0 30.0 30.0 30.0 30.0
46.4 30.0 30.0 29.571449280303582 29.085013205039907 30.0 30.0 30.0 30.0 30.0 30.0 30.0
46.5 30.0 30.0 29.58076560029702 29.10304095832296 30.0 30.0 30.0 30.0 30.0 30.0 30.0
46.6 30.0 30.0 29.58987939159487 29.120717309665174 30.0 30.0 30.0 30.0 30.0 30.0 30.0
46.7 30.0 30.0 29.59879505699494 29.13804901767939 30.0 30.0 30.0 30.0 30.0 30.0 30.0
46.8 30.0 30.0 29.607356969463236 29.155042713195016 30.0 30.0 30.0 30.0 30.0 30.0 30.0
46.9 30.0 30.0 29.615711076495927 29.171736193077397 30.0 30.0 30.0 30.0 30.0 30.0 30.0
47.0 30.0 30.0 29.623887436570516 29.188107428808358 30.0 30.0 30.0 30.0 30.0 30.0 30.0
47.1 30.0 30.0 29.63188983153713 29.20415754468923 30.0 30.0 30.0 30.0 30.0 30.0 30.0
47.2 30.0 30.0 29.63972196278107 29.219892781658988 30.0 30.0 30.0 30.0 30.0 30.0 30.0
47.3 30.0 30.0 29.647387452934673 29.235319260727447 30.0 30.0 30.0 30.0 30.0 30.0 30.0
47.4 30.0 30.0 29.65488984755312 29.250442985246735 30.0 30.0 30.0 30.0 30.0 30.0 30.0
47.5 30.0 30.0 29.662232616754142 29.265269843142086 30.0 30.0 30.0 30.0 30.0 30.0 30.0
47.6 30.0 30.0 29.669419156823157 29.279805609099775 30.0 30.0 30.0 30.0 30.0 30.0 30.0
47.7 30.0 30.0 29.676452791784406 29.294055946714472 30.0 30.0 30.0 30.0 30.0 30.0 30.0
47.8 30.0 30.0 29.68333677493798 29.308026410597787 30.0 30.0 30.0 30.0 30.0 30.0 30.0
47.9 30.0 30.0 29.690074290364837 29.321722448446064 30.0 30.0 30.0 30.0 30.0 30.0 30.0
48.0 30.0 30.0 29.696668454399614 29.335149403070297 30.0 30.0 30.0 30.0 30.0 30.0 30.0
48.1 30.0 30.0 29.703122317071987 29.348312514388052 30.0 30.0 30.0 30.0 30.0 30.0 30.0
48.2 30.0 30.0 29.70943886351723 29.361216921378524 30.0 30.0 30.0 30.0 30.0 30.0 30.0
48.3 30.0 30.0 29.71562101535734 29.37386766400048 30.0 30.0 30.0 30.0 30.0 30.0 30.0
48.4 30.0 30.0 29.721671632051866 29.386269685075316 30.0 30.0 30.0 30.0 30.0 30.0 30.0
48.5 30.0 30.0 29.727593512221 29.398427832133457 30.0 30.0 30.0 30.0 30.0 30.0 30.0
48.6 30.0 30.0 29.733389394939707 29.410346859227904 30.0 30.0 30.0 30.0 30.0 30.0 30.0
48.7 30.0 30.0 29.739061961004776 29.42203142871284 30.0 30.0 30.0 30.0 30.0 30.0 30.0
48.8 30.0 30.0 29.744613834174903 29.433486112988916 30.0 30.0 30.0 30.0 30.0 30.0 30.0
48.9 30.0 30.0 29.75004758238399 29.44471539621671 30.0 30.0 30.0 30.0 30.0 30.0 30.0
49.0 30.0 30.0 29.75536571892902 29.45572367599722 30.0 30.0 30.0 30.0 30.0 30.0 30.0
49.1 30.0 30.0 29.760570703632652 29.466515265021105 30.0 30.0 30.0 30.0 30.0 30.0 30.0
49.2 30.0 30.0 29.765664943980873 29.47709439268734 30.0 30.0 30.0 30.0 30.0 30.0 30.0
49.3 30.0 30.0 29.770650796236627 29.487465206691184 30.0 30.0 30.0 30.0 30.0 30.0 30.0
49.4 30.0 30.0 29.775530566529483 29.497631774582693 30.0 30.0 30.0 30.0 30.0 30.0 30.0
49.5 30.0 30.0 29.78030651192245 29.50759808529535 30.0 30.0 30.0 30.0 30.0 30.0 30.0
49.6 30.0 30.0 29.784980841456058 29.51736805064672 30.0 30.0 30.0 30.0 30.0 30.0 30.0
49.7 30.0 30.0 29.789555717169783 29.526945506810883 30.0 30.0 30.0 30.0 30.0 30.0 30.0
49.8 30.0 30.0 29.794033255102327 29.536334215762388 30.0 30.0 30.0 30.0 30.0 30.0 30.0
49.9 30.0 30.0 29.798415526270357 29.54553786669376 30.0 30.0 30.0 30.0 30.0 30.0 30.0
50.0 30.0 30.0 29.80270455762631 29.554560077406684 30.0 30.0 30.0 30.0 30.0 30.0 30.0
50.1 30.0 30.0 29.806902332995925 29.56340439567603 30.0 30.0 30.0 30.0 30.0 30.0 30.0
50.2 30.0 30.0 29.811010793995965 29.572074300589023 30.0 30.0 30.0 30.0 30.0 30.0 30.0
50.3 30.0 30.0 29.81503184093221 29.580573203858755 30.0 30.0 30.0 30.0 30.0 30.0 30.0
50.4 30.0 30.0 29.818967333678362 29.58890445111342 30.0 30.0 30.0 30.0 30.0 30.0 30.0
50.5 30.0 30.0 29.82281909253631 29.597071323160655 30.0 30.0 30.0 30.0 30.0 30.0 30.0
50.6 30.0 30.0 29.826588899078068 29.604969015159824 30.0 30.0 30.0 30.0 30.0 30.0 30.0
50.7 30.0 30.0 29.830278496970042 29.612652051882456 30.0 30.0 30.0 30.0 30.0 30.0 30.0
50.8 30.0 30.0 29.833889592779187 29.62018697884182 30.0 30.0 30.0 30.0 30.0 30.0 30.0
50.9 30.0 30.0 29.83742385676263 29.627576620520024 30.0 30.0 30.0 30.0 30.0 30.0 30.0
51.0 30.0 30.0 29.840882923640052 29.634823748256824 30.0 30.0 30.0 30.0 30.0 30.0 30.0
51.1 30.0 30.0 29.84426839334983 29.641931081232332 30.0 30.0 30.0 30.0 30.0 30.0 30.0
51.2 30.0 30.0 29.84758183178921 29.648901287431872 30.0 30.0 30.0 30.0 30.0 30.0 30.0
51.3 30.0 30.0 29.85082477153834 29.655736984593904 30.0 30.0 30.0 30.0 30.0 30.0 30.0
51.4 30.0 30.0 29.853998712569442 29.662440741139864 30.0 30.0 30.0 30.0 30.0 30.0 30.0
51.5 30.0 30.0 29.8571051229403 29.66901507708838 30.0 30.0 30.0 30.0 30.0 30.0 30.0
51.6 30.0 30.0 29.860145439473452 29.675462464951686 30.0 30.0 30.0 30.0 30.0 30.0 30.0
51.7 30.0 30.0 29.863121068420796 29.681785330616567 30.0 30.0 30.0 30.0 30.0 30.0 30.0
51.8 30.0 30.0 29.866033386113994 29.687986054209205 30.0 30.0 30.0 30.0 30.0 30.0 30.0
51.9 30.0 30.0 29.8688837396009 29.6940669709444 30.0 30.0 30.0 30.0 30.0 30.0 30.0
52.0 30.0 30.0 29.871673447268982 29.700030371958636 30.0 30.0 30.0 30.0 30.0 30.0 30.0
52.1 30.0 30.0 29.874403799454743 29.70587850512946 30.0 30.0 30.0 30.0 30.0 30.0 30.0
52.2 30.0 30.0 29.87707605904083 29.711613575878367 30.0 30.0 30.0 30.0 30.0 30.0 30.0
52.3 30.0 30.0 29.879691462039933 29.717237747960272 30.0 30.0 30.0 30.0 30.0 30.0 30.0
52.4 30.0 30.0 29.882251218166783 29.722753144237835 30.0 30.0 30.0 30.0 30.0 30.0 30.0
52.5 30.0 30.0 29.88475651139724 29.72816184744261 30.0 30.0 30.0 30.0 30.0 30.0 30.0
52.6 30.0 30.0 29.88720850051646 29.733465900920923 30.0 30.0 30.0 30.0 30.0 30.0 30.0
52.7 30.0 30.0 29.88960831965438 29.738667309367884 30.0 30.0 30.0 30.0 30.0 30.0 30.0
52.8 30.0 30.0 29.891957078810677 29.743768039546413 30.0 30.0 30.0 30.0 30.0 30.0 30.0
52.9 30.0 30.0 29.894255864367864 29.748770020994225 30.0 30.0 30.0 30.0 30.0 30.0 30.0
53.0 30.0 30.0 29.896505739594048 29.753675146717487 30.0 30.0 30.0 30.0 30.0 30.0 30.0
53.1 30.0 30.0 29.89870774513461 29.758485273871646 30.0 30.0 30.0 30.0 30.0 30.0 30.0
53.2 30.0 30.0 29.900862899493486 29.763202224430373 30.0 30.0 30.0 30.0 30.0 30.0 30.0
53.3 30.0 30.0 29.902972199504244 29.7678277858419 30.0 30.0 30.0 30.0 30.0 30.0 30.0
53.4 30.0 30.0 29.905036620791435 29.77236371167296 30.0 30.0 30.0 30.0 30.0 30.0 30.0
53.5 30.0 30.0 29.90705711822145 29.776811722241963 30.0 30.0 30.0 30.0 30.0 30.0 30.0
53.6 30.0 30.0 29.909034626344404 29.781173505239646 30.0 30.0 30.0 30.0 30.0 30.0 30.0
53.7 30.0 30.0 29.910970059826454 29.785450716338662 30.0 30.0 30.0 30.0 30.0 30.0 30.0
53.8 30.0 30.0 29.912864313872678 29.78964497979235 30.0 30.0 30.0 30.0 30.0 30.0 30.0
53.9 30.0 30.0 29.914718264641323 29.793757889021972 30.0 30.0 30.0 30.0 30.0 30.0 30.0
54.0 30.0 30.0 29.916532769648978 29.79779100719337 30.0 30.0 30.0 30.0 30.0 30.0 30.0
54.1 30.0 30.0 29.9183086681671 29.80174586778351 30.0 30.0 30.0 30.0 30.0 30.0 30.0
54.2 30.0 30.0 29.920046781610374 29.80562397513567 30.0 30.0 30.0 30.0 30.0 30.0 30.0
54.3 30.0 30.0 29.921747913916587 29.80942680500534 30.0 30.0 30.0 30.0 30.0 30.0 30.0
54.4 30.0 30.0 29.923412851918332 29.813155805095622 30.0 30.0 30.0 30.0 30.0 30.0 30.0
54.5 30.0 30.0 29.925042365707323 29.816812395582573 30.0 30.0 30.0 30.0 30.0 30.0 30.0
54.6 30.0 30.0 29.92663720899014 29.82039796963186 30.0 30.0 30.0 30.0 30.0 30.0 30.0
54.7 30.0 30.0 29.92819811943713 29.823913893904667 30.0 30.0 30.0 30.0 30.0 30.0 30.0
54.8 30.0 30.0 29.929725819023574 29.82736150905508 30.0 30.0 30.0 30.0 30.0 30.0 30.0
54.9 30.0 30.0 29.931221014363476 29.83074213021822 30.0 30.0 30.0 30.0 30.0 30.0 30.0
55.0 30.0 30.0 29.932684397036613 29.83405704748892 30.0 30.0 30.0 30.0 30.0 30.0 30.0
55.1 30.0 30.0 29.934116643908194 29.837307526392202 30.0 30.0 30.0 30.0 30.0 30.0 30.0
55.2 30.0 30.0 29.935518417442065 29.840494808344666 30.0 30.0 30.0 30.0 30.0 30.0 30.0
55.3 30.0 30.0 29.93689036600713 29.843620111107427 30.0 30.0 30.0 30.0 30.0 30.0 30.0
55.4 30.0 30.0 29.938233124177195 29.846684629231024 30.0 30.0 30.0 30.0 30.0 30.0 30.0
55.5 30.0 30.0 29.939547313024516 29.849689534491347 30.0 30.0 30.0 30.0 30.0 30.0 30.0
55.6 30.0 30.0 29.940833540406977 29.8526359763187 30.0 30.0 30.0 30.0 30.0 30.0 30.0
55.7 30.0 30.0 29.942092401249344 29.855525082217476 30.0 30.0 30.0 30.0 30.0 30.0 30.0
55.8 30.0 30.0 29.94332447781855 29.858357958179145 30.0 30.0 30.0 30.0 30.0 30.0 30.0
55.9 30.0 30.0 29.944530339992646 29.86113568908765 30.0 30.0 30.0 30.0 30.0 30.0 30.0
56.0 30.0 30.0 29.94571054552468 29.863859339116317 30.0 30.0 30.0 30.0 30.0 30.0 30.0
56.1 30.0 30.0 29.94686564030073 29.866529952118338 30.0 30.0 30.0 30.0 30.0 30.0 30.0
56.2 30.0 30.0 29.947996158592225 29.869148552009705 30.0 30.0 30.0 30.0 30.0 30.0 30.0
56.3 30.0 30.0 29.94910262330299 29.871716143145203 30.0 30.0 30.0 30.0 30.0 30.0 30.0
56.4 30.0 30.0 29.950185546211408 29.874233710686894 30.0 30.0 30.0 30.0 30.0 30.0 30.0
56.5 30.0 30.0 29.951245428206875 29.876702220966383 30.0 30.0 30.0 30.0 30.0 30.0 30.0
56.6 30.0 30.0 29.952282759521644 29.879122621840214 30.0 30.0 30.0 30.0 30.0 30.0 30.0
56.7 30.0 30.0 29.953298019957327 29.88149584303867 30.0 30.0 30.0 30.0 30.0 30.0 30.0
56.8 30.0 30.0 29.954291679107133 29.88382279650765 30.0 30.0 30.0 30.0 30.0 30.0 30.0
56.9 30.0 30.0 29.95526419657298 29.886104376744633 30.0 30.0 30.0 30.0 30.0 30.0 30.0
57.0 30.0 30.0 29.95621602217779 29.888341461128963 30.0 30.0 30.0 30.0 30.0 30.0 30.0
57.1 30.0 30.0 29.957147596173993 29.89053491024446 30.0 30.0 30.0 30.0 30.0 30.0 30.0
57.2 30.0 30.0 29.95805934944689 29.892685568197386 30.0 30.0 30.0 30.0 30.0 30.0 30.0
57.3 30.0 30.0 29.958951703713986 29.894794262928155 30.0 30.0 30.0 30.0 30.0 30.0 30.0
57.4 30.0 30.0 29.959825071720033 29.896861806516895 30.0 30.0 30.0 30.0 30.0 30.0 30.0
57.5 30.0 30.0 29.96067985742814 29.898888995483354 30.0 30.0 30.0 30.0 30.0 30.0 30.0
57.6 30.0 30.0 29.961516456206294 29.900876611082108 30.0 30.0 30.0 30.0 30.0 30.0 30.0
57.7 30.0 30.0 29.96233525501043 29.902825419590943 30.0 30.0 30.0 30.0 30.0 30.0 30.0
57.8 30.0 30.0 29.963136632563433 29.904736172594603 30.0 30.0 30.0 30.0 30.0 30.0 30.0
57.9 30.0 30.0 29.96392095953016 29.90660960726336 30.0 30.0 30.0 30.0 30.0 30.0 30.0
58.0 30.0 30.0 29.96468859868908 29.908446446625806 30.0 30.0 30.0 30.0 30.0 30.0 30.0
58.1 30.0 30.0 29.965439905099963 29.910247399837367 30.0 30.0 30.0 30.0 30.0 30.0 30.0
58.2 30.0 30.0 29.966175226268057 29.912013162442967 30.0 30.0 30.0 30.0 30.0 30.0 30.0
58.3 30.0 30.0 29.9668949023049 29.913744416635403 30.0 30.0 30.0 30.0 30.0 30.0 30.0
58.4 30.0 30.0 29.96759926608566 29.91544183150843 30.0 30.0 30.0 30.0 30.0 30.0 30.0
58.5 30.0 30.0 29.968288643402943 29.91710606330561 30.0 30.0 30.0 30.0 30.0 30.0 30.0
58.6 30.0 30.0 29.968963353117754 29.91873775566391 30.0 30.0 30.0 30.0 30.0 30.0 30.0
58.7 30.0 30.0 29.969623707306752 29.920337539853257 30.0 30.0 30.0 30.0 30.0 30.0 30.0
58.8 30.0 30.0 29.97027001140661 29.92190603501172 30.0 30.0 30.0 30.0 30.0 30.0 30.0
58.9 30.0 30.0 29.970902564355363 29.923443848375392 30.0 30.0 30.0 30.0 30.0 30.0 30.0
59.0 30.0 30.0 29.971521658730786 29.92495157550485 30.0 30.0 30.0 30.0 30.0 30.0 30.0
59.1 30.0 30.0 29.972127580885445 29.926429800507364 30.0 30.0 30.0 30.0 30.0 30.0 30.0
59.2 30.0 30.0 29.97272061107936 29.927879096254195 30.0 30.0 30.0 30.0 30.0 30.0 30.0
59.3 30.0 30.0 29.97330102360955 29.929300024594674 30.0 30.0 30.0 30.0 30.0 30.0 30.0
59.4 30.0 30.0 29.973869086936986 29.930693136565555 30.0 30.0 30.0 30.0 30.0 30.0 30.0
59.5 30.0 30.0 29.974425063810624 29.932058972597204 30.0 30.0 30.0 30.0 30.0 30.0 30.0
59.6 30.0 30.0 29.974969211389126 29.93339806271499 30.0 30.0 30.0 30.0 30.0 30.0 30.0
59.7 30.0 30.0 29.97550178135957 29.934710926737893 30.0 30.0 30.0 30.0 30.0 30.0 30.0
59.8 30.0 30.0 29.976023020054047 29.935998074472565 30.0 30.0 30.0 30.0 30.0 30.0 30.0
59.9 30.0 30.0 29.976533168563545 29.937260005903937 30.0 30.0 30.0 30.0 30.0 30.0 30.0
60.0 30.0 30.0 29.977032462849397 29.93849721138292 30.0 30.0 30.0 30.0 30.0 30.0 30.0
60.1 30.0 30.0 29.977521133852633 29.93971017180933 30.0 30.0 30.0 30.0 30.0 30.0 30.0
60.2 30.0 30.0 29.977999407600482 29.940899358812725 30.0 30.0 30.0 30.0 30.0 30.0 30.0
60.3 30.0 30.0 29.978467505311087 29.94206523492889 30.0 30.0 30.0 30.0 30.0 30.0 30.0
60.4 30.0 30.0 29.97892564349595 29.943208253773076 30.0 30.0 30.0 30.0 30.0 30.0 30.0
60.5 30.0 30.0 29.97937403405988 29.9443288602106 30.0 30.0 30.0 30.0 30.0 30.0 30.0
60.6 30.0 30.0 29.979812884399028 29.945427490523684 30.0 30.0 30.0 30.0 30.0 30.0 30.0
60.7 30.0 30.0 29.98024239749693 29.946504572575222 30.0 30.0 30.0 30.0 30.0 30.0 30.0
60.8 30.0 30.0 29.980662772018288 29.947560525969735 30.0 30.0 30.0 30.0 30.0 30.0 30.0
60.9 30.0 30.0 29.981074202400883 29.94859576221097 30.0 30.0 30.0 30.0 30.0 30.0 30.0
61.0 30.0 30.0 29.98147687894554 29.94961068485661 30.0 30.0 30.0 30.0 30.0 30.0 30.0
61.1 30.0 30.0 29.981870987904106 29.950605689670276 30.0 30.0 30.0 30.0 30.0 30.0 30.0
61.2 30.0 30.0 29.98225671156573 29.951581164770314 30.0 30.0 30.0 30.0 30.0 30.0 30.0
61.3 30.0 30.0 29.982634228340956 29.952537490776173 30.0 30.0 30.0 30.0 30.0 30.0 30.0
61.4 30.0 30.0 29.98300371284435 29.95347504095166 30.0 30.0 30.0 30.0 30.0 30.0 30.0
61.5 30.0 30.0 29.98336533597529 29.954394181345688 30.0 30.0 30.0 30.0 30.0 30.0 30.0
61.6 30.0 30.0 29.983719264997106 29.955295270930236 30.0 30.0 30.0 30.0 30.0 30.0 30.0
61.7 30.0 30.0 29.9840656636142 29.956178661736086 30.0 30.0 30.0 30.0 30.0 30.0 30.0
61.8 30.0 30.0 29.9844046920479 29.957044698985268 30.0 30.0 30.0 30.0 30.0 30.0 30.0
61.9 30.0 30.0 29.98473650711067 29.957893721221676 30.0 30.0 30.0 30.0 30.0 30.0 30.0
62.0 30.0 30.0 29.985061262278485 29.958726060439005 30.0 30.0 30.0 30.0 30.0 30.0 30.0
62.1 30.0 30.0 29.98537910776194 29.95954204220595 30.0 30.0 30.0 30.0 30.0 30.0 30.0
62.2 30.0 30.0 29.98569019057553 29.96034198578983 30.0 30.0 30.0 30.0 30.0 30.0 30.0
62.3 30.0 30.0 29.985994654605868 29.96112620427682 30.0 30.0 30.0 30.0 30.0 30.0 30.0
62.4 30.0 30.0 29.986292640678048 29.961895004690753 30.0 30.0 30.0 30.0 30.0 30.0 30.0
62.5 30.0 30.0 29.986584286621056 29.96264868810904 30.0 30.0 30.0 30.0 30.0 30.0 30.0
62.6 30.0 30.0 29.986869727331246 29.963387549777156 30.0 30.0 30.0 30.0 30.0 30.0 30.0
62.7 30.0 30.0 29.987149094834834 29.96411187922035 30.0 30.0 30.0 30.0 30.0 30.0 30.0
62.8 30.0 30.0 29.987422518348954 29.964821960353277 30.0 30.0 30.0 30.0 30.0 30.0 30.0
62.9 30.0 30.0 29.987690124341558 29.965518071587695 30.0 30.0 30.0 30.0 30.0 30.0 30.0
63.0 30.0 30.0 29.98795203658965 29.966200485938252 30.0 30.0 30.0 30.0 30.0 30.0 30.0
63.1 30.0 30.0 29.988208376236667 29.966869471126174 30.0 30.0 30.0 30.0 30.0 30.0 30.0
63.2 30.0 30.0 29.98845926184869 29.967525289680374 30.0 30.0 30.0 30.0 30.0 30.0 30.0
63.3 30.0 30.0 29.98870480946892 29.968168199038104 30.0 30.0 30.0 30.0 30.0 30.0 30.0
63.4 30.0 30.0 29.988945132671674 29.96879845164195 30.0 30.0 30.0 30.0 30.0 30.0 30.0
63.5 30.0 30.0 29.98918034261481 29.96941629503627 30.0 30.0 30.0 30.0 30.0 30.0 30.0
63.6 30.0 30.0 29.98941054809112 29.97002197196127 30.0 30.0 30.0 30.0 30.0 30.0 30.0
63.7 30.0 30.0 29.98963585557853 29.97061572044537 30.0 30.0 30.0 30.0 30.0 30.0 30.0
63.8 30.0 30.0 29.989856369289654 29.97119777389572 30.0 30.0 30.0 30.0 30.0 30.0 30.0
63.9 30.0 30.0 29.990072191219685 29.97176836118726 30.0 30.0 30.0 30.0 30.0 30.0 30.0
64.0 30.0 30.0 29.990283421193688 29.972327706749915 30.0 30.0 30.0 30.0 30.0 30.0 30.0
64.1 30.0 30.0 29.990490156912976 29.97287603065377 30.0 30.0 30.0 30.0 30.0 30.0 30.0
64.2 30.0 30.0 29.990692493999983 29.973413548693618 30.0 30.0 30.0 30.0 30.0 30.0 30.0
64.3 30.0 30.0 29.990890526042584 29.973940472470755 30.0 30.0 30.0 30.0 30.0 30.0 30.0
64.4 30.0 30.0 29.99108434463744 29.97445700947393 30.0 30.0 30.0 30.0 30.0 30.0 30.0
64.5 30.0 30.0 29.99127403943238 29.974963363158444 30.0 30.0 30.0 30.0 30.0 30.0 30.0
64.6 30.0 30.0 29.99145969816791 29.975459733024113 30.0 30.0 30.0 30.0 30.0 30.0 30.0
64.7 30.0 30.0 29.991641406717545 29.975946314691324 30.0 30.0 30.0 30.0 30.0 30.0 30.0
64.8 30.0 30.0 29.99181924912779 29.976423299975696 30.0 30.0 30.0 30.0 30.0 30.0 30.0
64.9 30.0 30.0 29.991993307657026 29.9768908769614 30.0 30.0 30.0 30.0 30.0 30.0 30.0
65.0 30.0 30.0 29.99216366281324 29.977349230073738 30.0 30.0 30.0 30.0 30.0 30.0 30.0
65.1 30.0 30.0 29.99233039339166 29.977798540148598 30.0 30.0 30.0 30.0 30.0 30.0 30.0
65.2 30.0 30.0 29.992493576510963 29.978238984502756 30.0 30.0 30.0 30.0 30.0 30.0 30.0
65.3 30.0 30.0 29.99265328764904 29.97867073700106 30.0 30.0 30.0 30.0 30.0 30.0 30.0
65.4 30.0 30.0 29.99280960067777 29.97909396812358 30.0 30.0 30.0 30.0 30.0 30.0 30.0
65.5 30.0 30.0 29.992962587897427 29.97950884503032 30.0 30.0 30.0 30.0 30.0 30.0 30.0
65.6 30.0 30.0 29.993112320069798 29.979915531625952 30.0 30.0 30.0 30.0 30.0 30.0 30.0
65.7 30.0 30.0 29.99325886645126 29.98031418862219 30.0 30.0 30.0 30.0 30.0 30.0 30.0
65.8 30.0 30.0 29.993402294824616 29.98070497359969 30.0 30.0 30.0 30.0 30.0 30.0 30.0
65.9 30.0 30.0 29.993542671530435 29.981088041068634 30.0 30.0 30.0 30.0 30.0 30.0 30.0
66.0 30.0 30.0 29.99368006149784 29.98146354252777 30.0 30.0 30.0 30.0 30.0 30.0 30.0
66.1 30.0 30.0 29.993814528274484 29.98183162652278 30.0 30.0 30.0 30.0 30.0 30.0 30.0
66.2 30.0 30.0 29.993946134055868 29.982192438703354 30.0 30.0 30.0 30.0 30.0 30.0 30.0
66.3 30.0 30.0 29.99407493971428 29.982546121879192 30.0 30.0 30.0 30.0 30.0 30.0 30.0
66.4 30.0 30.0 29.994201004826756 29.982892816074873 30.0 30.0 30.0 30.0 30.0 30.0 30.0
66.5 30.0 30.0 29.994324387702736 29.983232658583734 30.0 30.0 30.0 30.0 30.0 30.0 30.0
66.6 30.0 30.0 29.994445145411177 29.98356578402058 30.0 30.0 30.0 30.0 30.0 30.0 30.0
66.7 30.0 30.0 29.994563333806664 29.983892324373894 30.0 30.0 30.0 30.0 30.0 30.0 30.0
66.8 30.0 30.0 29.99467900755544 29.984212409056113 30.0 30.0 30.0 30.0 30.0 30.0 30.0
66.9 30.0 30.0 29.99479222016066 29.984526164954012 30.0 30.0 30.0 30.0 30.0 30.0 30.0
67.0 30.0 30.0 29.994903023987064 29.984833716477393 30.0 30.0 30.0 30.0 30.0 30.0 30.0
67.1 30.0 30.0 29.995011470285256 29.985135185606882 30.0 30.0 30.0 30.0 30.0 30.0 30.0
67.2 30.0 30.0 29.99511760921532 29.985430691941207 30.0 30.0 30.0 30.0 30.0 30.0 30.0
67.3 30.0 30.0 29.99522148987033 29.985720352743044 30.0 30.0 30.0 30.0 30.0 30.0 30.0
67.4 30.0 30.0 29.9953231602986 29.98600428298483 30.0 30.0 30.0 30.0 30.0 30.0 30.0
67.5 30.0 30.0 29.99542266752633 29.9862825953924 30.0 30.0 30.0 30.0 30.0 30.0 30.0
67.6 30.0 30.0 29.995520057578982 29.986555400489426 30.0 30.0 30.0 30.0 30.0 30.0 30.0
67.7 30.0 30.0 29.995615375502858 29.986822806639175 30.0 30.0 30.0 30.0 30.0 30.0 30.0
67.8 30.0 30.0 29.995708665385816 29.987084920086918 30.0 30.0 30.0 30.0 30.0 30.0 30.0
67.9 30.0 30.0 29.99579997037757 29.987341845001215 30.0 30.0 30.0 30.0 30.0 30.0 30.0
68.0 30.0 30.0 29.995889332709925 29.98759368351336 30.0 30.0 30.0 30.0 30.0 30.0 30.0
68.1 30.0 30.0 29.995976793716128 29.987840535757872 30.0 30.0 30.0 30.0 30.0 30.0 30.0
68.2 30.0 30.0 29.996062393849826 29.98808249991077 30.0 30.0 30.0 30.0 30.0 30.0 30.0
68.3 30.0 30.0 29.99614617270413 29.988319672227412 30.0 30.0 30.0 30.0 30.0 30.0 30.0
68.4 30.0 30.0 29.996228169029607 29.988552147080227 30.0 30.0 30.0 30.0 30.0 30.0 30.0
68.5 30.0 30.0 29.99630842075238 29.98878001699498 30.0 30.0 30.0 30.0 30.0 30.0 30.0
68.6 30.0 30.0 29.99638696499174 29.989003372686376 30.0 30.0 30.0 30.0 30.0 30.0 30.0
68.7 30.0 30.0 29.99646383807706 29.98922230309408 30.0 30.0 30.0 30.0 30.0 30.0 30.0
68.8 30.0 30.0 29.99653907556474 29.989436895416265 30.0 30.0 30.0 30.0 30.0 30.0 30.0
68.9 30.0 30.0 29.996612712254866 29.989647235143757 30.0 30.0 30.0 30.0 30.0 30.0 30.0
69.0 30.0 30.0 29.99668478220684 29.98985340609373 30.0 30.0 30.0 30.0 30.0 30.0 30.0
69.1 30.0 30.0 29.99675531875559 29.990055490441303 30.0 30.0 30.0 30.0 30.0 30.0 30.0
69.2 30.0 30.0 29.996824354526716 29.990253568752316 30.0 30.0 30.0 30.0 30.0 30.0 30.0
69.3 30.0 30.0 29.996891921451706 29.990447720014096 30.0 30.0 30.0 30.0 30.0 30.0 30.0
69.4 30.0 30.0 29.996958050782542 29.990638021666438 30.0 30.0 30.0 30.0 30.0 30.0 30.0
69.5 30.0 30.0 29.997022773106305 29.990824549631462 30.0 30.0 30.0 30.0 30.0 30.0 30.0
69.6 30.0 30.0 29.997086118359398 29.99100737834321 30.0 30.0 30.0 30.0 30.0 30.0 30.0
69.7 30.0 30.0 29.9971481158411 29.991186580776837 30.0 30.0 30.0 30.0 30.0 30.0 30.0
69.8 30.0 30.0 29.997208794227483 29.991362228476515 30.0 30.0 30.0 30.0 30.0 30.0 30.0
69.9 30.0 30.0 29.997268181584296 29.991534391583986 30.0 30.0 30.0 30.0 30.0 30.0 30.0
70.0 30.0 30.0 29.997326305380415 29.991703138864857 30.0 30.0 30.0 30.0 30.0 30.0 30.0
70.1 30.0 30.0 29.99738319250001 29.991868537736526 30.0 30.0 30.0 30.0 30.0 30.0 30.0
70.2 30.0 30.0 29.99743886925535 29.992030654293718 30.0 30.0 30.0 30.0 30.0 30.0 30.0
70.3 30.0 30.0 29.997493361398874 29.992189553334327 30.0 30.0 30.0 30.0 30.0 30.0 30.0
70.4 30.0 30.0 29.997546694135096 29.992345298384787 30.0 30.0 30.0 30.0 30.0 30.0 30.0
70.5 30.0 30.0 29.997598892132224 29.992497951725046 30.0 30.0 30.0 30.0 30.0 30.0 30.0
70.6 30.0 30.0 29.997649979533662 29.992647574412295 30.0 30.0 30.0 30.0 30.0 30.0 30.0
70.7 30.0 30.0 29.99769997996915 29.992794226305318 30.0 30.0 30.0 30.0 30.0 30.0 30.0
70.8 30.0 30.0 29.997748916565588 29.992937966087773 30.0 30.0 30.0 30.0 30.0 30.0 30.0
70.9 30.0 30.0 29.997796811957787 29.993078851290864 30.0 30.0 30.0 30.0 30.0 30.0 30.0
71.0 30.0 30.0 29.9978436882991 29.99321693831598 30.0 30.0 30.0 30.0 30.0 30.0 30.0
71.1 30.0 30.0 29.997889567271493 29.993352282456648 30.0 30.0 30.0 30.0 30.0 30.0 30.0
71.2 30.0 30.0 29.997934470095508 29.99348493792029 30.0 30.0 30.0 30.0 30.0 30.0 30.0
71.3 30.0 30.0 29.997978417540335 29.993614957849218 30.0 30.0 30.0 30.0 30.0 30.0 30.0
71.4 30.0 30.0 29.998021429933075 29.993742394341805 30.0 30.0 30.0 30.0 30.0 30.0 30.0
71.5 30.0 30.0 29.998063527168544 29.993867298472107 30.0 30.0 30.0 30.0 30.0 30.0 30.0
71.6 30.0 30.0 29.998104728718147 29.993989720310598 30.0 30.0 30.0 30.0 30.0 30.0 30.0
71.7 30.0 30.0 29.998145053638996 29.994109708943473 30.0 30.0 30.0 30.0 30.0 30.0 30.0
71.8 30.0 30.0 29.99818452058289 29.994227312491713 30.0 30.0 30.0 30.0 30.0 30.0 30.0
71.9 30.0 30.0 29.998223147804545 29.99434257813034 30.0 30.0 30.0 30.0 30.0 30.0 30.0
72.0 30.0 30.0 29.998260953170412 29.99445555210643 30.0 30.0 30.0 30.0 30.0 30.0 30.0
72.1 30.0 30.0 29.99829795416678 29.994566279757553 30.0 30.0 30.0 30.0 30.0 30.0 30.0
72.2 30.0 30.0 29.99833416790792 29.994674805529375 30.0 30.0 30.0 30.0 30.0 30.0 30.0
72.3 30.0 30.0 29.998369611143918 29.99478117299321 30.0 30.0 30.0 30.0 30.0 30.0 30.0
72.4 30.0 30.0 29.998404300268515 29.994885424863007 30.0 30.0 30.0 30.0 30.0 30.0 30.0
72.5 30.0 30.0 29.998438251326647 29.994987603012273 30.0 30.0 30.0 30.0 30.0 30.0 30.0
72.6 30.0 30.0 29.998471480021802 29.995087748490263 30.0 30.0 30.0 30.0 30.0 30.0 30.0
72.7 30.0 30.0 29.998504001723482 29.995185901538196 30.0 30.0 30.0 30.0 30.0 30.0 30.0
72.8 30.0 30.0 29.99853583147404 29.99528210160515 30.0 30.0 30.0 30.0 30.0 30.0 30.0
72.9 30.0 30.0 29.998566983995882 29.995376387363443 30.0 30.0 30.0 30.0 30.0 30.0 30.0
73.0 30.0 30.0 29.998597473698112 29.995468796723845 30.0 30.0 30.0 30.0 30.0 30.0 30.0
73.1 30.0 30.0 29.998627314683215 29.995559366850628 30.0 30.0 30.0 30.0 30.0 30.0 30.0
73.2 30.0 30.0 29.998656520753745 29.99564813417576 30.0 30.0 30.0 30.0 30.0 30.0 30.0
73.3 30.0 30.0 29.998685105418602 29.995735134413728 30.0 30.0 30.0 30.0 30.0 30.0 30.0
73.4 30.0 30.0 29.998713081899027 29.995820402575596 30.0 30.0 30.0 30.0 30.0 30.0 30.0
73.5 30.0 30.0 29.998740463135196 29.99590397298203 30.0 30.0 30.0 30.0 30.0 30.0 30.0
73.6 30.0 30.0 29.998767261791926 29.99598587927758 30.0 30.0 30.0 30.0 30.0 30.0 30.0
73.7 30.0 30.0 29.99879349026446 29.996066154443806 30.0 30.0 30.0 30.0 30.0 30.0 30.0
73.8 30.0 30.0 29.9988191606844 29.99614483081194 30.0 30.0 30.0 30.0 30.0 30.0 30.0
73.9 30.0 30.0 29.998844284925195 29.996221940075955 30.0 30.0 30.0 30.0 30.0 30.0 30.0
74.0 30.0 30.0 29.998868874607673 29.996297513304793 30.0 30.0 30.0 30.0 30.0 30.0 30.0
74.1 30.0 30.0 29.998892941105357 29.99637158095495 30.0 30.0 30.0 30.0 30.0 30.0 30.0
74.2 30.0 30.0 29.998916495549878 29.996444172881898 30.0 30.0 30.0 30.0 30.0 30.0 30.0
74.3 30.0 30.0 29.99893954883602 29.99651531835251 30.0 30.0 30.0 30.0 30.0 30.0 30.0
74.4 30.0 30.0 29.99896211162673 29.996585046056143 30.0 30.0 30.0 30.0 30.0 30.0 30.0
74.5 30.0 30.0 29.998984194358083 29.996653384116293 30.0 30.0 30.0 30.0 30.0 30.0 30.0
74.6 30.0 30.0 29.999005807244085 29.99672036010148 30.0 30.0 30.0 30.0 30.0 30.0 30.0
74.7 30.0 30.0 29.999026960281437 29.996786001036085 30.0 30.0 30.0 30.0 30.0 30.0 30.0
74.8 30.0 30.0 29.999047663254178 29.996850333411086 30.0 30.0 30.0 30.0 30.0 30.0 30.0
74.9 30.0 30.0 29.999067925738117 29.996913383194848 30.0 30.0 30.0 30.0 30.0 30.0 30.0
75.0 30.0 30.0 29.999087757105414 29.996975175842717 30.0 30.0 30.0 30.0 30.0 30.0 30.0
75.1 30.0 30.0 29.999107166528706 29.99703573630771 30.0 30.0 30.0 30.0 30.0 30.0 30.0
75.2 30.0 30.0 29.999126162985572 29.997095089049814 30.0 30.0 30.0 30.0 30.0 30.0 30.0
75.3 30.0 30.0 29.99914475526251 29.99715325804633 30.0 30.0 30.0 30.0 30.0 30.0 30.0
75.4 30.0 30.0 29.999162951959082 29.997210266800835 30.0 30.0 30.0 30.0 30.0 30.0 30.0
75.5 30.0 30.0 29.99918076149189 29.997266138352536 30.0 30.0 30.0 30.0 30.0 30.0 30.0
75.6 30.0 30.0 29.999198192098433 29.99732089528559 30.0 30.0 30.0 30.0 30.0 30.0 30.0
75.7 30.0 30.0 29.999215251840997 29.997374559737835 30.0 30.0 30.0 30.0 30.0 30.0 30.0
75.8 30.0 30.0 29.999231948610326 29.997427153409696 30.0 30.0 30.0 30.0 30.0 30.0 30.0
75.9 30.0 30.0 29.99924829012928 29.997478697572816 30.0 30.0 30.0 30.0 30.0 30.0 30.0
76.0 30.0 30.0 29.999264283956343 29.99752921307826 30.0 30.0 30.0 30.0 30.0 30.0 30.0
76.1 30.0 30.0 29.999279937489195 29.997578720365045 30.0 30.0 30.0 30.0 30.0 30.0 30.0
76.2 30.0 30.0 29.99929525796818 29.99762723946803 30.0 30.0 30.0 30.0 30.0 30.0 30.0
76.3 30.0 30.0 29.99931025247952 29.997674790025933 30.0 30.0 30.0 30.0 30.0 30.0 30.0
76.4 30.0 30.0 29.9993249279587 29.997721391289208 30.0 30.0 30.0 30.0 30.0 30.0 30.0
76.5 30.0 30.0 29.999339291193643 29.99776706212751 30.0 30.0 30.0 30.0 30.0 30.0 30.0
76.6 30.0 30.0 29.999353348827814 29.997811821037278 30.0 30.0 30.0 30.0 30.0 30.0 30.0
76.7 30.0 30.0 29.999367107363433 29.99785568614908 30.0 30.0 30.0 30.0 30.0 30.0 30.0
76.8 30.0 30.0 29.99938057316425 29.99789867523488 30.0 30.0 30.0 30.0 30.0 30.0 30.0
76.9 30.0 30.0 29.99939375245866 29.997940805714876 30.0 30.0 30.0 30.0 30.0 30.0 30.0
77.0 30.0 30.0 29.999406651342497 29.997982094664614 30.0 30.0 30.0 30.0 30.0 30.0 30.0
77.1 30.0 30.0 29.999419275782053 29.998022558821603 30.0 30.0 30.0 30.0 30.0 30.0 30.0
77.2 30.0 30.0 29.999431631616474 29.99806221459235 30.0 30.0 30.0 30.0 30.0 30.0 30.0
77.3 30.0 30.0 29.999443724560773 29.998101078058326 30.0 30.0 30.0 30.0 30.0 30.0 30.0
77.4 30.0 30.0 29.999455560208443 29.998139164982586 30.0 30.0 30.0 30.0 30.0 30.0 30.0
77.5 30.0 30.0 29.999467144033765 29.99817649081646 30.0 30.0 30.0 30.0 30.0 30.0 30.0
77.6 30.0 30.0 29.999478481394735 29.998213070704846 30.0 30.0 30.0 30.0 30.0 30.0 30.0
77.7 30.0 30.0 29.99948957753526 29.998248919493108 30.0 30.0 30.0 30.0 30.0 30.0 30.0
77.8 30.0 30.0 29.9995004375877 29.998284051732316 30.0 30.0 30.0 30.0 30.0 30.0 30.0
77.9 30.0 30.0 29.999511066575174 29.99831848168548 30.0 30.0 30.0 30.0 30.0 30.0 30.0
78.0 30.0 30.0 29.999521469413985 29.998352223332876 30.0 30.0 30.0 30.0 30.0 30.0 30.0
78.1 30.0 30.0 29.99953165091584 29.998385290377886 30.0 30.0 30.0 30.0 30.0 30.0 30.0
78.2 30.0 30.0 29.999541615789994 29.998417696252474 30.0 30.0 30.0 30.0 30.0 30.0 30.0
78.3 30.0 30.0 29.999551368645548 29.998449454122284 30.0 30.0 30.0 30.0 30.0 30.0 30.0
78.4 30.0 30.0 29.9995609139935 29.998480576892018 30.0 30.0 30.0 30.0 30.0 30.0 30.0
78.5 30.0 30.0 29.999570256248962 29.99851107721065 30.0 30.0 30.0 30.0 30.0 30.0 30.0
78.6 30.0 30.0 29.999579399733005 29.998540967476433 30.0 30.0 30.0 30.0 30.0 30.0 30.0
78.7 30.0 30.0 29.99958834867487 29.998570259841653 30.0 30.0 30.0 30.0 30.0 30.0 30.0
78.8 30.0 30.0 29.99959710721373 29.99859896621787 30.0 30.0 30.0 30.0 30.0 30.0 30.0
78.9 30.0 30.0 29.999605679400705 29.99862709828027 30.0 30.0 30.0 30.0 30.0 30.0 30.0
79.0 30.0 30.0 29.99961406920071 29.998654667472568 30.0 30.0 30.0 30.0 30.0 30.0 30.0
79.1 30.0 30.0 29.999622280494286 29.998681685011448 30.0 30.0 30.0 30.0 30.0 30.0 30.0
79.2 30.0 30.0 29.999630317079543 29.998708161891127 30.0 30.0 30.0 30.0 30.0 30.0 30.0
79.3 30.0 30.0 29.9996381826736 29.99873410888774 30.0 30.0 30.0 30.0 30.0 30.0 30.0
79.4 30.0 30.0 29.99964588091464 29.99875953656352 30.0 30.0 30.0 30.0 30.0 30.0 30.0
79.5 30.0 30.0 29.999653415363223 29.998784455271373 30.0 30.0 30.0 30.0 30.0 30.0 30.0
79.6 30.0 30.0 29.999660789504468 29.99880887515838 30.0 30.0 30.0 30.0 30.0 30.0 30.0
79.7 30.0 30.0 29.99966800674907 29.99883280617057 30.0 30.0 30.0 30.0 30.0 30.0 30.0
79.8 30.0 30.0 29.999675070435266 29.998856258056232 30.0 30.0 30.0 30.0 30.0 30.0 30.0
79.9 30.0 30.0 29.999681983830268 29.99887924037042 30.0 30.0 30.0 30.0 30.0 30.0 30.0
80.0 30.0 30.0 29.99968875013172 29.998901762478432 30.0 30.0 30.0 30.0 30.0 30.0 30.0
80.1 30.0 30.0 29.999695372469358 29.998923833559417 30.0 30.0 30.0 30.0 30.0 30.0 30.0
80.2 30.0 30.0 29.999701853906142 29.99894546261058 30.0 30.0 30.0 30.0 30.0 30.0 30.0
80.3 30.0 30.0 29.999708197440015 29.99896665845009 30.0 30.0 30.0 30.0 30.0 30.0 30.0
80.4 30.0 30.0 29.999714406005165 29.998987429721186 30.0 30.0 30.0 30.0 30.0 30.0 30.0
80.5 30.0 30.0 29.999720482473176 29.999007784895493 30.0 30.0 30.0 30.0 30.0 30.0 30.0
80.6 30.0 30.0 29.99972642965458 29.99902773227624 30.0 30.0 30.0 30.0 30.0 30.0 30.0
80.7 30.0 30.0 29.999732250300212 29.999047280001626 30.0 30.0 30.0 30.0 30.0 30.0 30.0
80.8 30.0 30.0 29.999737947102368 29.999066436048103 30.0 30.0 30.0 30.0 30.0 30.0 30.0
80.9 30.0 30.0 29.999743522695972 29.999085208233886 30.0 30.0 30.0 30.0 30.0 30.0 30.0
81.0 30.0 30.0 29.999748979659927 29.999103604221645 30.0 30.0 30.0 30.0 30.0 30.0 30.0
81.1 30.0 30.0 29.99975432051827 29.999121631521678 30.0 30.0 30.0 30.0 30.0 30.0 30.0
81.2 30.0 30.0 29.99975954774125 29.999139297495223 30.0 30.0 30.0 30.0 30.0 30.0 30.0
81.3 30.0 30.0 29.999764663746767 29.999156609356792 30.0 30.0 30.0 30.0 30.0 30.0 30.0
81.4 30.0 30.0 29.999769670901053 29.999173574178002 30.0 30.0 30.0 30.0 30.0 30.0 30.0
81.5 30.0 30.0 29.999774571520227 29.99919019888925 30.0 30.0 30.0 30.0 30.0 30.0 30.0
81.6 30.0 30.0 29.999779367870868 29.999206490283672 30.0 30.0 30.0 30.0 30.0 30.0 30.0
81.7 30.0 30.0 29.99978406217146 29.99922245501904 30.0 30.0 30.0 30.0 30.0 30.0 30.0
81.8 30.0 30.0 29.999788656593374 29.999238099620634 30.0 30.0 30.0 30.0 30.0 30.0 30.0
81.9 30.0 30.0 29.99979315326164 29.99925343048405 30.0 30.0 30.0 30.0 30.0 30.0 30.0
82.0 30.0 30.0 29.99979755425609 29.99926845387775 30.0 30.0 30.0 30.0 30.0 30.0 30.0
82.1 30.0 30.0 29.999801861612355 29.99928317594529 30.0 30.0 30.0 30.0 30.0 30.0 30.0
82.2 30.0 30.0 29.99980607732271 29.999297602708094 30.0 30.0 30.0 30.0 30.0 30.0 30.0
82.3 30.0 30.0 29.999810203337148 29.999311740067593 30.0 30.0 30.0 30.0 30.0 30.0 30.0
82.4 30.0 30.0 29.99981424156406 29.999325593808084 30.0 30.0 30.0 30.0 30.0 30.0 30.0
82.5 30.0 30.0 29.999818193871203 29.999339169598553 30.0 30.0 30.0 30.0 30.0 30.0 30.0
82.6 30.0 30.0 29.999822062086757 29.999352472995028 30.0 30.0 30.0 30.0 30.0 30.0 30.0
82.7 30.0 30.0 29.999825847999812 29.999365509443237 30.0 30.0 30.0 30.0 30.0 30.0 30.0
82.8 30.0 30.0 29.999829553361533 29.999378284280233 30.0 30.0 30.0 30.0 30.0 30.0 30.0
82.9 30.0 30.0 29.999833179885737 29.99939080273699 30.0 30.0 30.0 30.0 30.0 30.0 30.0
83.0 30.0 30.0 29.999836729249864 29.999403069940087 30.0 30.0 30.0 30.0 30.0 30.0 30.0
83.1 30.0 30.0 29.999840203095644 29.999415090914113 30.0 30.0 30.0 30.0 30.0 30.0 30.0
83.2 30.0 30.0 29.99984360302979 29.999426870583765 30.0 30.0 30.0 30.0 30.0 30.0 30.0
83.3 30.0 30.0 29.99984693062486 29.999438413775454 30.0 30.0 30.0 30.0 30.0 30.0 30.0
83.4 30.0 30.0 29.999850187420115 29.99944972521941 30.0 30.0 30.0 30.0 30.0 30.0 30.0
83.5 30.0 30.0 29.999853374921845 29.99946080955184 30.0 30.0 30.0 30.0 30.0 30.0 30.0
83.6 30.0 30.0 29.999856494604387 29.999471671316314 30.0 30.0 30.0 30.0 30.0 30.0 30.0
83.7 30.0 30.0 29.999859547910656 29.999482314966155 30.0 30.0 30.0 30.0 30.0 30.0 30.0
83.8 30.0 30.0 29.999862536252976 29.999492744865673 30.0 30.0 30.0 30.0 30.0 30.0 30.0
83.9 30.0 30.0 29.999865461013584 29.999502965292333 30.0 30.0 30.0 30.0 30.0 30.0 30.0
84.0 30.0 30.0 29.99986832354521 29.999512980438357 30.0 30.0 30.0 30.0 30.0 30.0 30.0
84.1 30.0 30.0 29.999871125171946 29.999522794412286 30.0 30.0 30.0 30.0 30.0 30.0 30.0
84.2 30.0 30.0 29.999873867189525 29.999532411241066 30.0 30.0 30.0 30.0 30.0 30.0 30.0
84.3 30.0 30.0 29.999876550866308 29.99954183487082 30.0 30.0 30.0 30.0 30.0 30.0 30.0
84.4 30.0 30.0 29.999879177443663 29.999551069169385 30.0 30.0 30.0 30.0 30.0 30.0 30.0
84.5 30.0 30.0 29.99988174813634 29.999560117927654 30.0 30.0 30.0 30.0 30.0 30.0 30.0
84.6 30.0 30.0 29.999884264133456 29.999568984860385 30.0 30.0 30.0 30.0 30.0 30.0 30.0
84.7 30.0 30.0 29.99988672659868 29.99957767360867 30.0 30.0 30.0 30.0 30.0 30.0 30.0
84.8 30.0 30.0 29.999889136671012 29.999586187740732 30.0 30.0 30.0 30.0 30.0 30.0 30.0
84.9 30.0 30.0 29.99989149546526 29.9995945307536 30.0 30.0 30.0 30.0 30.0 30.0 30.0
85.0 30.0 30.0 29.99989380407243 29.99960270607479 30.0 30.0 30.0 30.0 30.0 30.0 30.0
85.1 30.0 30.0 29.999896063560207 29.99961071706339 30.0 30.0 30.0 30.0 30.0 30.0 30.0
85.2 30.0 30.0 29.999898274973837 29.99961856701113 30.0 30.0 30.0 30.0 30.0 30.0 30.0
85.3 30.0 30.0 29.999900439336113 29.999626259144424 30.0 30.0 30.0 30.0 30.0 30.0 30.0
85.4 30.0 30.0 29.999902557648156 29.999633796625112 30.0 30.0 30.0 30.0 30.0 30.0 30.0
85.5 30.0 30.0 29.999904630889706 29.999641182552107 30.0 30.0 30.0 30.0 30.0 30.0 30.0
85.6 30.0 30.0 29.9999066600197 29.999648419962202 30.0 30.0 30.0 30.0 30.0 30.0 30.0
85.7 30.0 30.0 29.999908645976753 29.999655511831698 30.0 30.0 30.0 30.0 30.0 30.0 30.0
85.8 30.0 30.0 29.99991058967936 29.999662461077556 30.0 30.0 30.0 30.0 30.0 30.0 30.0
85.9 30.0 30.0 29.999912492026564 29.999669270558407 30.0 30.0 30.0 30.0 30.0 30.0 30.0
86.0 30.0 30.0 29.999914353898355 29.999675943075697 30.0 30.0 30.0 30.0 30.0 30.0 30.0
86.1 30.0 30.0 29.999916176155843 29.999682481375217 30.0 30.0 30.0 30.0 30.0 30.0 30.0
86.2 30.0 30.0 29.999917959641863 29.999688888147745 30.0 30.0 30.0 30.0 30.0 30.0 30.0
86.3 30.0 30.0 29.99991970518144 29.99969516603021 30.0 30.0 30.0 30.0 30.0 30.0 30.0
86.4 30.0 30.0 29.999921413581806 29.999701317607183 30.0 30.0 30.0 30.0 30.0 30.0 30.0
86.5 30.0 30.0 29.999923085633245 29.999707345411217 30.0 30.0 30.0 30.0 30.0 30.0 30.0
86.6 30.0 30.0 29.99992472210912 29.999713251924568 30.0 30.0 30.0 30.0 30.0 30.0 30.0
86.7 30.0 30.0 29.99992632376635 29.999719039579773 30.0 30.0 30.0 30.0 30.0 30.0 30.0
86.8 30.0 30.0 29.999927891345777 29.999724710760745 30.0 30.0 30.0 30.0 30.0 30.0 30.0
86.9 30.0 30.0 29.999929425572486 29.999730267803784 30.0 30.0 30.0 30.0 30.0 30.0 30.0
87.0 30.0 30.0 29.999930927156075 29.999735712998564 30.0 30.0 30.0 30.0 30.0 30.0 30.0
87.1 30.0 30.0 29.99993239679105 29.999741048588977 30.0 30.0 30.0 30.0 30.0 30.0 30.0
87.2 30.0 30.0 29.99993383515721 29.99974627677394 30.0 30.0 30.0 30.0 30.0 30.0 30.0
87.3 30.0 30.0 29.999935242919843 29.99975139970859 30.0 30.0 30.0 30.0 30.0 30.0 30.0
87.4 30.0 30.0 29.999936620730107 29.999756419504873 30.0 30.0 30.0 30.0 30.0 30.0 30.0
87.5 30.0 30.0 29.999937969225225 29.999761338232588 30.0 30.0 30.0 30.0 30.0 30.0 30.0
87.6 30.0 30.0 29.99993928902898 29.999766157920078 30.0 30.0 30.0 30.0 30.0 30.0 30.0
87.7 30.0 30.0 29.999940580751794 29.999770880555094 30.0 30.0 30.0 30.0 30.0 30.0 30.0
87.8 30.0 30.0 29.99994184499113 29.999775508085754 30.0 30.0 30.0 30.0 30.0 30.0 30.0
87.9 30.0 30.0 29.999943082331775 29.99978004242106 30.0 30.0 30.0 30.0 30.0 30.0 30.0
88.0 30.0 30.0 29.999944293346033 29.99978448543196 30.0 30.0 30.0 30.0 30.0 30.0 30.0
88.1 30.0 30.0 29.99994547859401 29.999788838951996 30.0 30.0 30.0 30.0 30.0 30.0 30.0
88.2 30.0 30.0 29.99994663862393 29.999793104777943 30.0 30.0 30.0 30.0 30.0 30.0 30.0
88.3 30.0 30.0 29.999947773972387 29.99979728467048 30.0 30.0 30.0 30.0 30.0 30.0 30.0
88.4 30.0 30.0 29.99994888516447 29.999801380355432 30.0 30.0 30.0 30.0 30.0 30.0 30.0
88.5 30.0 30.0 29.99994997271414 29.999805393523907 30.0 30.0 30.0 30.0 30.0 30.0 30.0
88.6 30.0 30.0 29.99995103712453 29.999809325833 30.0 30.0 30.0 30.0 30.0 30.0 30.0
88.7 30.0 30.0 29.99995207888782 29.999813178906994 30.0 30.0 30.0 30.0 30.0 30.0 30.0
88.8 30.0 30.0 29.99995309848595 29.999816954337277 30.0 30.0 30.0 30.0 30.0 30.0 30.0
88.9 30.0 30.0 29.999954096390503 29.99982065368366 30.0 30.0 30.0 30.0 30.0 30.0 30.0
89.0 30.0 30.0 29.999955073063 29.99982427847467 30.0 30.0 30.0 30.0 30.0 30.0 30.0
89.1 30.0 30.0 29.999956028955282 29.999827830208073 30.0 30.0 30.0 30.0 30.0 30.0 30.0
89.2 30.0 30.0 29.999956964509426 29.999831310351972 30.0 30.0 30.0 30.0 30.0 30.0 30.0
89.3 30.0 30.0 29.999957880158117 29.99983472034481 30.0 30.0 30.0 30.0 30.0 30.0 30.0
89.4 30.0 30.0 29.99995877632495 29.99983806159625 30.0 30.0 30.0 30.0 30.0 30.0 30.0
89.5 30.0 30.0 29.999959653424416 29.99984133548781 30.0 30.0 30.0 30.0 30.0 30.0 30.0
89.6 30.0 30.0 29.999960511862213 29.999844543373243 30.0 30.0 30.0 30.0 30.0 30.0 30.0
89.7 30.0 30.0 29.999961352035328 29.999847686579415 30.0 30.0 30.0 30.0 30.0 30.0 30.0
89.8 30.0 30.0 29.999962174332417 29.999850766406237 30.0 30.0 30.0 30.0 30.0 30.0 30.0
89.9 30.0 30.0 29.99996297913383 29.9998537841279 30.0 30.0 30.0 30.0 30.0 30.0 30.0
90.0 30.0 30.0 29.999963766811874 29.999856740992897 30.0 30.0 30.0 30.0 30.0 30.0 30.0
90.1 30.0 30.0 29.99996453773074 29.999859638225004 30.0 30.0 30.0 30.0 30.0 30.0 30.0
90.2 30.0 30.0 29.999965292247058 29.99986247702303 30.0 30.0 30.0 30.0 30.0 30.0 30.0
90.3 30.0 30.0 29.999966030709928 29.999865258561833 30.0 30.0 30.0 30.0 30.0 30.0 30.0
90.4 30.0 30.0 29.999966753460793 29.99986798399323 30.0 30.0 30.0 30.0 30.0 30.0 30.0
90.5 30.0 30.0 29.99996746083394 29.999870654445385 30.0 30.0 30.0 30.0 30.0 30.0 30.0
90.6 30.0 30.0 29.999968153156594 29.999873271024004 30.0 30.0 30.0 30.0 30.0 30.0 30.0
90.7 30.0 30.0 29.99996883074901 29.999875834812784 30.0 30.0 30.0 30.0 30.0 30.0 30.0
90.8 30.0 30.0 29.99996949392459 29.99987834687348 30.0 30.0 30.0 30.0 30.0 30.0 30.0
90.9 30.0 30.0 29.99997014299003 29.99988080824678 30.0 30.0 30.0 30.0 30.0 30.0 30.0
91.0 30.0 30.0 29.99997077824557 29.99988321995243 30.0 30.0 30.0 30.0 30.0 30.0 30.0
91.1 30.0 30.0 29.999971399985046 29.999885582989595 30.0 30.0 30.0 30.0 30.0 30.0 30.0
91.2 30.0 30.0 29.999972008496023 29.999887898337615 30.0 30.0 30.0 30.0 30.0 30.0 30.0
91.3 30.0 30.0 29.999972604059955 29.999890166955964 30.0 30.0 30.0 30.0 30.0 30.0 30.0
91.4 30.0 30.0 29.999973186952303 29.999892389785114 30.0 30.0 30.0 30.0 30.0 30.0 30.0
91.5 30.0 30.0 29.999973757442724 29.99989456774648 30.0 30.0 30.0 30.0 30.0 30.0 30.0
91.6 30.0 30.0 29.99997431579497 29.99989670174318 30.0 30.0 30.0 30.0 30.0 30.0 30.0
91.7 30.0 30.0 29.999974862267376 29.999898792659923 30.0 30.0 30.0 30.0 30.0 30.0 30.0
91.8 30.0 30.0 29.999975397112767 29.999900841363832 30.0 30.0 30.0 30.0 30.0 30.0 30.0
91.9 30.0 30.0 29.99997592057844 29.99990284870491 30.0 30.0 30.0 30.0 30.0 30.0 30.0
92.0 30.0 30.0 29.99997643290658 29.999904815515627 30.0 30.0 30.0 30.0 30.0 30.0 30.0
92.1 30.0 30.0 29.999976934334132 29.999906742611977 30.0 30.0 30.0 30.0 30.0 30.0 30.0
92.2 30.0 30.0 29.99997742509302 29.999908630793716 30.0 30.0 30.0 30.0 30.0 30.0 30.0
92.3 30.0 30.0 29.999977905410237 29.99991048084428 30.0 30.0 30.0 30.0 30.0 30.0 30.0
92.4 30.0 30.0 29.999978375507922 29.999912293531587 30.0 30.0 30.0 30.0 30.0 30.0 30.0
92.5 30.0 30.0 29.99997883560349 29.999914069607957 30.0 30.0 30.0 30.0 30.0 30.0 30.0
92.6 30.0 30.0 29.999979285909795 29.99991580981075 30.0 30.0 30.0 30.0 30.0 30.0 30.0
92.7 30.0 30.0 29.999979726635157 29.999917514862428 30.0 30.0 30.0 30.0 30.0 30.0 30.0
92.8 30.0 30.0 29.999980157983337 29.999919185471228 30.0 30.0 30.0 30.0 30.0 30.0 30.0
92.9 30.0 30.0 29.999980580153945 29.99992082233067 30.0 30.0 30.0 30.0 30.0 30.0 30.0
93.0 30.0 30.0 29.999980993342128 29.999922426120857 30.0 30.0 30.0 30.0 30.0 30.0 30.0
93.1 30.0 30.0 29.999981397739077 29.999923997507736 30.0 30.0 30.0 30.0 30.0 30.0 30.0
93.2 30.0 30.0 29.99998179353182 29.99992553714436 30.0 30.0 30.0 30.0 30.0 30.0 30.0
93.3 30.0 30.0 29.999982180903515 29.999927045670255 30.0 30.0 30.0 30.0 30.0 30.0 30.0
93.4 30.0 30.0 29.99998256003325 29.99992852371251 30.0 30.0 30.0 30.0 30.0 30.0 30.0
93.5 30.0 30.0 29.999982931096348 29.999929971885333 30.0 30.0 30.0 30.0 30.0 30.0 30.0
93.6 30.0 30.0 29.99998329426455 29.999931390790493 30.0 30.0 30.0 30.0 30.0 30.0 30.0
93.7 30.0 30.0 29.999983649705722 29.99993278101814 30.0 30.0 30.0 30.0 30.0 30.0 30.0
93.8 30.0 30.0 29.999983997584348 29.99993414314596 30.0 30.0 30.0 30.0 30.0 30.0 30.0
93.9 30.0 30.0 29.99998433806124 29.999935477740596 30.0 30.0 30.0 30.0 30.0 30.0 30.0
94.0 30.0 30.0 29.999984671294 29.999936785356873 30.0 30.0 30.0 30.0 30.0 30.0 30.0
94.1 30.0 30.0 29.999984997436673 29.99993806653878 30.0 30.0 30.0 30.0 30.0 30.0 30.0
94.2 30.0 30.0 29.99998531664019 29.999939321819078 30.0 30.0 30.0 30.0 30.0 30.0 30.0
94.3 30.0 30.0 29.9999856290521 29.999940551720158 30.0 30.0 30.0 30.0 30.0 30.0 30.0
94.4 30.0 30.0 29.999985934816966 29.999941756753604 30.0 30.0 30.0 30.0 30.0 30.0 30.0
94.5 30.0 30.0 29.999986234076136 29.999942937420926 30.0 30.0 30.0 30.0 30.0 30.0 30.0
94.6 30.0 30.0 29.999986526968165 29.999944094213344 30.0 30.0 30.0 30.0 30.0 30.0 30.0
94.7 30.0 30.0 29.99998681362841 29.999945227612447 30.0 30.0 30.0 30.0 30.0 30.0 30.0
94.8 30.0 30.0 29.99998709418953 29.99994633808994 30.0 30.0 30.0 30.0 30.0 30.0 30.0
94.9 30.0 30.0 29.99998736878127 29.99994742610825 30.0 30.0 30.0 30.0 30.0 30.0 30.0
95.0 30.0 30.0 29.999987637530566 29.999948492120357 30.0 30.0 30.0 30.0 30.0 30.0 30.0
95.1 30.0 30.0 29.99998790056185 29.999949536570043 30.0 30.0 30.0 30.0 30.0 30.0 30.0
95.2 30.0 30.0 29.999988157996746 29.999950559892365 30.0 30.0 30.0 30.0 30.0 30.0 30.0
95.3 30.0 30.0 29.99998840995426 29.99995156251359 30.0 30.0 30.0 30.0 30.0 30.0 30.0
95.4 30.0 30.0 29.999988656550975 29.999952544851226 30.0 30.0 30.0 30.0 30.0 30.0 30.0
95.5 30.0 30.0 29.999988897900973 29.999953507314622 30.0 30.0 30.0 30.0 30.0 30.0 30.0
95.6 30.0 30.0 29.999989134115808 29.999954450304827 30.0 30.0 30.0 30.0 30.0 30.0 30.0
95.7 30.0 30.0 29.999989365304813 29.999955374214643 30.0 30.0 30.0 30.0 30.0 30.0 30.0
95.8 30.0 30.0 29.999989591574902 29.999956279429203 30.0 30.0 30.0 30.0 30.0 30.0 30.0
95.9 30.0 30.0 29.999989813030766 29.999957166325746 30.0 30.0 30.0 30.0 30.0 30.0 30.0
96.0 30.0 30.0 29.99999002977477 29.99995803527415 30.0 30.0 30.0 30.0 30.0 30.0 30.0
96.1 30.0 30.0 29.999990241907252 29.999958886636456 30.0 30.0 30.0 30.0 30.0 30.0 30.0
96.2 30.0 30.0 29.99999044952622 29.99995972076779 30.0 30.0 30.0 30.0 30.0 30.0 30.0
96.3 30.0 30.0 29.99999065272775 29.999960538015934 30.0 30.0 30.0 30.0 30.0 30.0 30.0
96.4 30.0 30.0 29.99999085160589 29.99996133872163 30.0 30.0 30.0 30.0 30.0 30.0 30.0
96.5 30.0 30.0 29.99999104625256 29.999962123218992 30.0 30.0 30.0 30.0 30.0 30.0 30.0
96.6 30.0 30.0 29.999991236757836 29.999962891835136 30.0 30.0 30.0 30.0 30.0 30.0 30.0
96.7 30.0 30.0 29.999991423209767 29.999963644890894 30.0 30.0 30.0 30.0 30.0 30.0 30.0
96.8 30.0 30.0 29.999991605694653 29.99996438270027 30.0 30.0 30.0 30.0 30.0 30.0 30.0
96.9 30.0 30.0 29.999991784296867 29.99996510557125 30.0 30.0 30.0 30.0 30.0 30.0 30.0
97.0 30.0 30.0 29.99999195909904 29.999965813805478 30.0 30.0 30.0 30.0 30.0 30.0 30.0
97.1 30.0 30.0 29.999992130182154 29.999966507698552 30.0 30.0 30.0 30.0 30.0 30.0 30.0
97.2 30.0 30.0 29.999992297625063 29.999967187540253 30.0 30.0 30.0 30.0 30.0 30.0 30.0
97.3 30.0 30.0 29.999992461505364 29.99996785361413 30.0 30.0 30.0 30.0 30.0 30.0 30.0
97.4 30.0 30.0 29.999992621898915 29.99996850619839 30.0 30.0 30.0 30.0 30.0 30.0 30.0
97.5 30.0 30.0 29.999992778879832 29.9999691455656 30.0 30.0 30.0 30.0 30.0 30.0 30.0
97.6 30.0 30.0 29.999992932520673 29.999969771982823 30.0 30.0 30.0 30.0 30.0 30.0 30.0
97.7 30.0 30.0 29.999993082892562 29.99997038571151 30.0 30.0 30.0 30.0 30.0 30.0 30.0
97.8 30.0 30.0 29.99999323006506 29.99997098700813 30.0 30.0 30.0 30.0 30.0 30.0 30.0
97.9 30.0 30.0 29.999993374106186 29.999971576123865 30.0 30.0 30.0 30.0 30.0 30.0 30.0
98.0 30.0 30.0 29.999993515082604 29.999972153304803 30.0 30.0 30.0 30.0 30.0 30.0 30.0
98.1 30.0 30.0 29.99999365305953 29.999972718792186 30.0 30.0 30.0 30.0 30.0 30.0 30.0
98.2 30.0 30.0 29.99999378810082 29.99997327282226 30.0 30.0 30.0 30.0 30.0 30.0 30.0
98.3 30.0 30.0 29.99999392026888 29.9999738156267 30.0 30.0 30.0 30.0 30.0 30.0 30.0
98.4 30.0 30.0 29.99999404962496 29.999974347432182 30.0 30.0 30.0 30.0 30.0 30.0 30.0
98.5 30.0 30.0 29.99999417622875 29.999974868461184 30.0 30.0 30.0 30.0 30.0 30.0 30.0
98.6 30.0 30.0 29.999994300138695 29.999975378931662 30.0 30.0 30.0 30.0 30.0 30.0 30.0
98.7 30.0 30.0 29.999994421412264 29.999975879056716 30.0 30.0 30.0 30.0 30.0 30.0 30.0
98.8 30.0 30.0 29.999994540105583 29.99997636904569 30.0 30.0 30.0 30.0 30.0 30.0 30.0
98.9 30.0 30.0 29.999994656273596 29.999976849103376 30.0 30.0 30.0 30.0 30.0 30.0 30.0
99.0 30.0 30.0 29.999994769969916 29.999977319430737 30.0 30.0 30.0 30.0 30.0 30.0 30.0
99.1 30.0 30.0 29.999994881247176 29.999977780224405 30.0 30.0 30.0 30.0 30.0 30.0 30.0
99.2 30.0 30.0 29.999994990156843 29.999978231677137 30.0 30.0 30.0 30.0 30.0 30.0 30.0
99.3 30.0 30.0 29.999995096749235 29.999978673977964 30.0 30.0 30.0 30.0 30.0 30.0 30.0
99.4 30.0 30.0 29.999995201073695 29.99997910731183 30.0 30.0 30.0 30.0 30.0 30.0 30.0
99.5 30.0 30.0 29.9999953031786 29.999979531859996 30.0 30.0 30.0 30.0 30.0 30.0 30.0
99.6 30.0 30.0 29.999995403110976 29.99997994780046 30.0 30.0 30.0 30.0 30.0 30.0 30.0
99.7 30.0 30.0 29.99999550091707 29.99998035530714 30.0 30.0 30.0 30.0 30.0 30.0 30.0
99.8 30.0 30.0 29.99999559664216 29.999980754550567 30.0 30.0 30.0 30.0 30.0 30.0 30.0
99.9 30.0 30.0 29.999995690330564 29.999981145697948 30.0 30.0 30.0 30.0 30.0 30.0 30.0
