0.0 0.0 -1073741824.0 -1073741824.0 -1073741824.0 -1073741824.0 -1073741824.0 -1073741824.0 -1073741824.0 -1073741824.0 -1073741824.0 -1073741824.0
0.1 0.6000000000000001 -1073741824.0 -1073741824.0 -1073741824.0 -1073741824.0 -1073741824.0 -1073741824.0 -1073741824.0 -1073741824.0 -1073741824.0 -1073741824.0
0.2 30.0 0.0 0.0 0.0 0.0 0.0 0.0 0.0 0.0 0.0 0.0
0.3 30.0 30.0 30.0 30.0 30.0 30.0 30.0 30.0 30.0 30.0 0.0
0.4 30.0 30.0 30.0 30.0 30.0 30.0 30.0 30.0 30.0 30.0 0.0
0.5 30.0 30.0 30.0 30.0 30.0 30.0 30.0 30.0 30.0 30.0 0.0
0.6 30.0 30.0 30.0 30.0 30.0 30.0 30.0 30.0 30.0 30.0 0.0
0.7 30.0 30.0 30.0 30.0 30.0 30.0 30.0 30.0 30.0 30.0 0.0
0.8 30.0 30.0 30.0 30.0 30.0 30.0 30.0 30.0 30.0 30.0 0.0
0.9 30.0 30.0 30.0 30.0 30.0 30.0 30.0 30.0 30.0 30.0 0.0
1.0 30.0 30.0 30.0 30.0 30.0 30.0 30.0 30.0 30.0 30.0 0.0
1.1 30.0 30.0 30.0 30.0 30.0 30.0 30.0 30.0 30.0 30.0 0.0
1.2 30.0 30.0 30.0 30.0 30.0 30.0 30.0 30.0 30.0 30.0 0.0
1.3 30.0 30.0 30.0 30.0 30.0 30.0 30.0 30.0 30.0 30.0 0.0
1.4 30.0 30.0 30.0 30.0 30.0 30.0 30.0 30.0 30.0 30.0 0.0
1.5 30.0 30.0 30.0 30.0 30.0 30.0 30.0 30.0 30.0 30.0 0.0
1.6 30.0 30.0 30.0 30.0 30.0 30.0 30.0 30.0 30.0 30.0 0.0
1.7 30.0 30.0 30.0 30.0 30.0 30.0 30.0 30.0 30.0 30.0 0.0
1.8 30.0 30.0 30.0 30.0 30.0 30.0 30.0 30.0 30.0 30.0 0.0
1.9 30.0 30.0 30.0 30.0 30.0 30.0 30.0 30.0 30.0 30.0 0.0
2.0 30.0 30.0 30.0 30.0 30.0 30.0 30.0 30.0 30.0 30.0 0.0
2.1 30.0 30.0 30.0 30.0 30.0 30.0 30.0 30.0 30.0 30.0 0.0
2.2 29.91331180472725 29.91331180472725 29.91331180472725 29.91331180472725 29.91331180472725 29.91331180472725 29.91331180472725 29.91331180472725 29.91331180472725 29.91331180472725 0.0
2.3 29.8266236094545 29.8266236094545 29.8266236094545 29.8266236094545 29.8266236094545 29.8266236094545 29.8266236094545 29.8266236094545 29.8266236094545 29.8266236094545 0.0
2.4 29.73993541418175 29.73993541418175 29.73993541418175 29.73993541418175 29.73993541418175 29.73993541418175 29.73993541418175 29.73993541418175 29.73993541418175 29.73993541418175 0.0
2.5 29.653247218909 29.653247218909 29.653247218909 29.653247218909 29.653247218909 29.653247218909 29.653247218909 29.653247218909 29.653247218909 29.653247218909 0.0
2.6 29.566559023636252 29.566559023636252 29.566559023636252 29.566559023636252 29.566559023636252 29.566559023636252 29.566559023636252 29.566559023636252 29.566559023636252 29.566559023636252 0.0
2.7 29.479870828363502 29.479870828363502 29.479870828363502 29.479870828363502 29.479870828363502 29.479870828363502 29.479870828363502 29.479870828363502 29.479870828363502 29.479870828363502 0.0
2.8 29.393182633090753 29.393182633090753 29.393182633090753 29.393182633090753 29.393182633090753 29.393182633090753 29.393182633090753 29.393182633090753 29.393182633090753 29.393182633090753 0.0
2.9 29.306494437818003 29.306494437818003 29.306494437818003 29.306494437818003 29.306494437818003 29.306494437818003 29.306494437818003 29.306494437818003 29.306494437818003 29.306494437818003 0.0
3.0 29.219806242545253 29.219806242545253 29.219806242545253 29.219806242545253 29.219806242545253 29.219806242545253 29.219806242545253 29.219806242545253 29.219806242545253 29.219806242545253 0.0
3.1 29.133118047272504 29.133118047272504 29.133118047272504 29.133118047272504 29.133118047272504 29.133118047272504 29.133118047272504 29.133118047272504 29.133118047272504 29.133118047272504 0.0
3.2 29.046429851999754 29.046429851999754 29.046429851999754 29.046429851999754 29.046429851999754 29.046429851999754 29.046429851999754 29.046429851999754 29.046429851999754 29.046429851999754 0.0
3.3 28.959741656727005 28.959741656727005 28.959741656727005 28.959741656727005 28.959741656727005 28.959741656727005 28.959741656727005 28.959741656727005 28.959741656727005 28.959741656727005 0.0
3.4 28.873053461454255 28.873053461454255 28.873053461454255 28.873053461454255 28.873053461454255 28.873053461454255 28.873053461454255 28.873053461454255 28.873053461454255 28.873053461454255 0.0
3.5 28.786365266181505 28.786365266181505 28.786365266181505 28.786365266181505 28.786365266181505 28.786365266181505 28.786365266181505 28.786365266181505 28.786365266181505 28.786365266181505 0.0
3.6 28.699677070908756 28.699677070908756 28.699677070908756 28.699677070908756 28.699677070908756 28.699677070908756 28.699677070908756 28.699677070908756 28.699677070908756 28.699677070908756 0.0
3.7 28.612988875636006 28.612988875636006 28.612988875636006 28.612988875636006 28.612988875636006 28.612988875636006 28.612988875636006 28.612988875636006 28.612988875636006 28.612988875636006 0.0
3.8 28.526300680363256 28.526300680363256 28.526300680363256 28.526300680363256 28.526300680363256 28.526300680363256 28.526300680363256 28.526300680363256 28.526300680363256 28.526300680363256 0.0
3.9 28.439612485090507 28.439612485090507 28.439612485090507 28.439612485090507 28.439612485090507 28.439612485090507 28.439612485090507 28.439612485090507 28.439612485090507 28.439612485090507 0.0
4.0 28.352924289817757 28.352924289817757 28.352924289817757 28.352924289817757 28.352924289817757 28.352924289817757 28.352924289817757 28.352924289817757 28.352924289817757 28.352924289817757 0.0
4.1 28.266236094545008 28.266236094545008 28.266236094545008 28.266236094545008 28.266236094545008 28.266236094545008 28.266236094545008 28.266236094545008 28.266236094545008 28.266236094545008 0.0
4.2 28.179547899272258 28.179547899272258 28.179547899272258 28.179547899272258 28.179547899272258 28.179547899272258 28.179547899272258 28.179547899272258 28.179547899272258 28.179547899272258 0.0
4.3 28.09285970399951 28.09285970399951 28.09285970399951 28.09285970399951 28.09285970399951 28.09285970399951 28.09285970399951 28.09285970399951 28.09285970399951 28.09285970399951 0.0
4.4 28.00617150872676 28.00617150872676 28.00617150872676 28.00617150872676 28.00617150872676 28.00617150872676 28.00617150872676 28.00617150872676 28.00617150872676 28.00617150872676 0.0
4.5 27.91948331345401 27.91948331345401 27.91948331345401 27.91948331345401 27.91948331345401 27.91948331345401 27.91948331345401 27.91948331345401 27.91948331345401 27.91948331345401 0.0
4.6 27.83279511818126 27.83279511818126 27.83279511818126 27.83279511818126 27.83279511818126 27.83279511818126 27.83279511818126 27.83279511818126 27.83279511818126 27.83279511818126 0.0
4.7 27.74610692290851 27.74610692290851 27.74610692290851 27.74610692290851 27.74610692290851 27.74610692290851 27.74610692290851 27.74610692290851 27.74610692290851 27.74610692290851 0.0
4.8 27.65941872763576 27.65941872763576 27.65941872763576 27.65941872763576 27.65941872763576 27.65941872763576 27.65941872763576 27.65941872763576 27.65941872763576 27.65941872763576 0.0
4.9 27.57273053236301 27.57273053236301 27.57273053236301 27.57273053236301 27.57273053236301 27.57273053236301 27.57273053236301 27.57273053236301 27.57273053236301 27.57273053236301 0.0
5.0 27.48604233709026 27.48604233709026 27.48604233709026 27.48604233709026 27.48604233709026 27.48604233709026 27.48604233709026 27.48604233709026 27.48604233709026 27.48604233709026 0.0
5.1 27.39935414181751 27.39935414181751 27.39935414181751 27.39935414181751 27.39935414181751 27.39935414181751 27.39935414181751 27.39935414181751 27.39935414181751 27.39935414181751 0.0
5.2 27.31266594654476 27.31266594654476 27.31266594654476 27.31266594654476 27.31266594654476 27.31266594654476 27.31266594654476 27.31266594654476 27.31266594654476 27.31266594654476 0.0
5.3 27.225977751272012 27.225977751272012 27.225977751272012 27.225977751272012 27.225977751272012 27.225977751272012 27.225977751272012 27.225977751272012 27.225977751272012 27.225977751272012 0.0
5.4 27.139289555999262 27.139289555999262 27.139289555999262 27.139289555999262 27.139289555999262 27.139289555999262 27.139289555999262 27.139289555999262 27.139289555999262 27.139289555999262 0.0
5.5 27.052601360726513 27.052601360726513 27.052601360726513 27.052601360726513 27.052601360726513 27.052601360726513 27.052601360726513 27.052601360726513 27.052601360726513 27.052601360726513 0.0
5.6 26.965913165453763 26.965913165453763 26.965913165453763 26.965913165453763 26.965913165453763 26.965913165453763 26.965913165453763 26.965913165453763 26.965913165453763 26.965913165453763 0.0
5.7 26.879224970181014 26.879224970181014 26.879224970181014 26.879224970181014 26.879224970181014 26.879224970181014 26.879224970181014 26.879224970181014 26.879224970181014 26.879224970181014 0.0
5.8 26.792536774908264 26.792536774908264 26.792536774908264 26.792536774908264 26.792536774908264 26.792536774908264 26.792536774908264 26.792536774908264 26.792536774908264 26.792536774908264 0.0
5.9 26.705848579635514 26.705848579635514 26.705848579635514 26.705848579635514 26.705848579635514 26.705848579635514 26.705848579635514 26.705848579635514 26.705848579635514 26.705848579635514 0.0
6.0 26.619160384362765 26.619160384362765 26.619160384362765 26.619160384362765 26.619160384362765 26.619160384362765 26.619160384362765 26.619160384362765 26.619160384362765 26.619160384362765 0.0
6.1 26.532472189090015 26.532472189090015 26.532472189090015 26.532472189090015 26.532472189090015 26.532472189090015 26.532472189090015 26.532472189090015 26.532472189090015 26.532472189090015 0.0
6.2 26.445783993817265 26.445783993817265 26.445783993817265 26.445783993817265 26.445783993817265 26.445783993817265 26.445783993817265 26.445783993817265 26.445783993817265 26.445783993817265 0.0
6.3 26.359095798544516 26.359095798544516 26.359095798544516 26.359095798544516 26.359095798544516 26.359095798544516 26.359095798544516 26.359095798544516 26.359095798544516 26.359095798544516 0.0
6.4 26.272407603271766 26.272407603271766 26.272407603271766 26.272407603271766 26.272407603271766 26.272407603271766 26.272407603271766 26.272407603271766 26.272407603271766 26.272407603271766 0.0
6.5 26.185719407999017 26.185719407999017 26.185719407999017 26.185719407999017 26.185719407999017 26.185719407999017 26.185719407999017 26.185719407999017 26.185719407999017 26.185719407999017 0.0
6.6 26.099031212726267 26.099031212726267 26.099031212726267 26.099031212726267 26.099031212726267 26.099031212726267 26.099031212726267 26.099031212726267 26.099031212726267 26.099031212726267 0.0
6.7 26.012343017453517 26.012343017453517 26.012343017453517 26.012343017453517 26.012343017453517 26.012343017453517 26.012343017453517 26.012343017453517 26.012343017453517 26.012343017453517 0.0
6.8 25.925654822180768 25.925654822180768 25.925654822180768 25.925654822180768 25.925654822180768 25.925654822180768 25.925654822180768 25.925654822180768 25.925654822180768 25.925654822180768 0.0
6.9 25.838966626908018 25.838966626908018 25.838966626908018 25.838966626908018 25.838966626908018 25.838966626908018 25.838966626908018 25.838966626908018 25.838966626908018 25.838966626908018 0.0
7.0 25.75227843163527 25.75227843163527 25.75227843163527 25.75227843163527 25.75227843163527 25.75227843163527 25.75227843163527 25.75227843163527 25.75227843163527 25.75227843163527 0.0
7.1 25.66559023636252 25.66559023636252 25.66559023636252 25.66559023636252 25.66559023636252 25.66559023636252 25.66559023636252 25.66559023636252 25.66559023636252 25.66559023636252 0.0
7.2 25.57890204108977 25.57890204108977 25.57890204108977 25.57890204108977 25.57890204108977 25.57890204108977 25.57890204108977 25.57890204108977 25.57890204108977 25.57890204108977 0.0
7.3 25.49221384581702 25.49221384581702 25.49221384581702 25.49221384581702 25.49221384581702 25.49221384581702 25.49221384581702 25.49221384581702 25.49221384581702 25.49221384581702 0.0
7.4 25.40552565054427 25.40552565054427 25.40552565054427 25.40552565054427 25.40552565054427 25.40552565054427 25.40552565054427 25.40552565054427 25.40552565054427 25.40552565054427 0.0
7.5 25.31883745527152 25.31883745527152 25.31883745527152 25.31883745527152 25.31883745527152 25.31883745527152 25.31883745527152 25.31883745527152 25.31883745527152 25.31883745527152 0.0
7.6 25.23214925999877 25.23214925999877 25.23214925999877 25.23214925999877 25.23214925999877 25.23214925999877 25.23214925999877 25.23214925999877 25.23214925999877 25.23214925999877 0.0
7.7 25.14546106472602 25.14546106472602 25.14546106472602 25.14546106472602 25.14546106472602 25.14546106472602 25.14546106472602 25.14546106472602 25.14546106472602 25.14546106472602 0.0
7.8 25.05877286945327 25.05877286945327 25.05877286945327 25.05877286945327 25.05877286945327 25.05877286945327 25.05877286945327 25.05877286945327 25.05877286945327 25.05877286945327 0.0
7.9 24.972084674180522 24.972084674180522 24.972084674180522 24.972084674180522 24.972084674180522 24.972084674180522 24.972084674180522 24.972084674180522 24.972084674180522 24.972084674180522 0.0
8.0 24.885396478907772 24.885396478907772 24.885396478907772 24.885396478907772 24.885396478907772 24.885396478907772 24.885396478907772 24.885396478907772 24.885396478907772 24.885396478907772 0.0
8.1 24.798708283635023 24.798708283635023 24.798708283635023 24.798708283635023 24.798708283635023 24.798708283635023 24.798708283635023 24.798708283635023 24.798708283635023 24.798708283635023 0.0
8.2 24.712020088362273 24.712020088362273 24.712020088362273 24.712020088362273 24.712020088362273 24.712020088362273 24.712020088362273 24.712020088362273 24.712020088362273 24.712020088362273 0.0
8.3 24.625331893089523 24.625331893089523 24.625331893089523 24.625331893089523 24.625331893089523 24.625331893089523 24.625331893089523 24.625331893089523 24.625331893089523 24.625331893089523 0.0
8.4 24.538643697816774 24.538643697816774 24.538643697816774 24.538643697816774 24.538643697816774 24.538643697816774 24.538643697816774 24.538643697816774 24.538643697816774 24.538643697816774 0.0
8.5 24.451955502544024 24.451955502544024 24.451955502544024 24.451955502544024 24.451955502544024 24.451955502544024 24.451955502544024 24.451955502544024 24.451955502544024 24.451955502544024 0.0
8.6 24.365267307271274 24.365267307271274 24.365267307271274 24.365267307271274 24.365267307271274 24.365267307271274 24.365267307271274 24.365267307271274 24.365267307271274 24.365267307271274 0.0
8.7 24.278579111998525 24.278579111998525 24.278579111998525 24.278579111998525 24.278579111998525 24.278579111998525 24.278579111998525 24.278579111998525 24.278579111998525 24.278579111998525 0.0
8.8 24.191890916725775 24.191890916725775 24.191890916725775 24.191890916725775 24.191890916725775 24.191890916725775 24.191890916725775 24.191890916725775 24.191890916725775 24.191890916725775 0.0
8.9 24.105202721453026 24.105202721453026 24.105202721453026 24.105202721453026 24.105202721453026 24.105202721453026 24.105202721453026 24.105202721453026 24.105202721453026 24.105202721453026 0.0
9.0 24.018514526180276 24.018514526180276 24.018514526180276 24.018514526180276 24.018514526180276 24.018514526180276 24.018514526180276 24.018514526180276 24.018514526180276 24.018514526180276 0.0
9.1 23.931826330907526 23.931826330907526 23.931826330907526 23.931826330907526 23.931826330907526 23.931826330907526 23.931826330907526 23.931826330907526 23.931826330907526 23.931826330907526 0.0
9.2 23.845138135634777 23.845138135634777 23.845138135634777 23.845138135634777 23.845138135634777 23.845138135634777 23.845138135634777 23.845138135634777 23.845138135634777 23.845138135634777 0.0
9.3 23.758449940362027 23.758449940362027 23.758449940362027 23.758449940362027 23.758449940362027 23.758449940362027 23.758449940362027 23.758449940362027 23.758449940362027 23.758449940362027 0.0
9.4 23.671761745089277 23.671761745089277 23.671761745089277 23.671761745089277 23.671761745089277 23.671761745089277 23.671761745089277 23.671761745089277 23.671761745089277 23.671761745089277 0.0
9.5 23.585073549816528 23.585073549816528 23.585073549816528 23.585073549816528 23.585073549816528 23.585073549816528 23.585073549816528 23.585073549816528 23.585073549816528 23.585073549816528 0.0
9.6 23.498385354543778 23.498385354543778 23.498385354543778 23.498385354543778 23.498385354543778 23.498385354543778 23.498385354543778 23.498385354543778 23.498385354543778 23.498385354543778 0.0
9.7 23.41169715927103 23.41169715927103 23.41169715927103 23.41169715927103 23.41169715927103 23.41169715927103 23.41169715927103 23.41169715927103 23.41169715927103 23.41169715927103 0.0
9.8 23.32500896399828 23.32500896399828 23.32500896399828 23.32500896399828 23.32500896399828 23.32500896399828 23.32500896399828 23.32500896399828 23.32500896399828 23.32500896399828 0.0
9.9 23.23832076872553 23.23832076872553 23.23832076872553 23.23832076872553 23.23832076872553 23.23832076872553 23.23832076872553 23.23832076872553 23.23832076872553 23.23832076872553 0.0
10.0 23.15163257345278 23.15163257345278 23.15163257345278 23.15163257345278 23.15163257345278 23.15163257345278 23.15163257345278 23.15163257345278 23.15163257345278 23.15163257345278 0.0
10.1 23.06494437818003 23.06494437818003 23.06494437818003 23.06494437818003 23.06494437818003 23.06494437818003 23.06494437818003 23.06494437818003 23.06494437818003 23.06494437818003 0.0
10.2 22.97825618290728 22.97825618290728 22.97825618290728 22.97825618290728 22.97825618290728 22.97825618290728 22.97825618290728 22.97825618290728 22.97825618290728 22.97825618290728 0.0
10.3 22.89156798763453 22.89156798763453 22.89156798763453 22.89156798763453 22.89156798763453 22.89156798763453 22.89156798763453 22.89156798763453 22.89156798763453 22.89156798763453 0.0
10.4 22.80487979236178 22.80487979236178 22.80487979236178 22.80487979236178 22.80487979236178 22.80487979236178 22.80487979236178 22.80487979236178 22.80487979236178 22.80487979236178 0.0
10.5 22.71819159708903 22.71819159708903 22.71819159708903 22.71819159708903 22.71819159708903 22.71819159708903 22.71819159708903 22.71819159708903 22.71819159708903 22.71819159708903 0.0
10.6 22.631503401816282 22.631503401816282 22.631503401816282 22.631503401816282 22.631503401816282 22.631503401816282 22.631503401816282 22.631503401816282 22.631503401816282 22.631503401816282 0.0
10.7 22.544815206543532 22.544815206543532 22.544815206543532 22.544815206543532 22.544815206543532 22.544815206543532 22.544815206543532 22.544815206543532 22.544815206543532 22.544815206543532 0.0
10.8 22.458127011270783 22.458127011270783 22.458127011270783 22.458127011270783 22.458127011270783 22.458127011270783 22.458127011270783 22.458127011270783 22.458127011270783 22.458127011270783 0.0
10.9 22.371438815998033 22.371438815998033 22.371438815998033 22.371438815998033 22.371438815998033 22.371438815998033 22.371438815998033 22.371438815998033 22.371438815998033 22.371438815998033 0.0
11.0 22.284750620725283 22.284750620725283 22.284750620725283 22.284750620725283 22.284750620725283 22.284750620725283 22.284750620725283 22.284750620725283 22.284750620725283 22.284750620725283 0.0
11.1 22.198062425452534 22.198062425452534 22.198062425452534 22.198062425452534 22.198062425452534 22.198062425452534 22.198062425452534 22.198062425452534 22.198062425452534 22.198062425452534 0.0
11.2 22.111374230179784 22.111374230179784 22.111374230179784 22.111374230179784 22.111374230179784 22.111374230179784 22.111374230179784 22.111374230179784 22.111374230179784 22.111374230179784 0.0
11.3 22.024686034907035 22.024686034907035 22.024686034907035 22.024686034907035 22.024686034907035 22.024686034907035 22.024686034907035 22.024686034907035 22.024686034907035 22.024686034907035 0.0
11.4 21.937997839634285 21.937997839634285 21.937997839634285 21.937997839634285 21.937997839634285 21.937997839634285 21.937997839634285 21.937997839634285 21.937997839634285 21.937997839634285 0.0
11.5 21.851309644361535 21.851309644361535 21.851309644361535 21.851309644361535 21.851309644361535 21.851309644361535 21.851309644361535 21.851309644361535 21.851309644361535 21.851309644361535 0.0
11.6 21.764621449088786 21.764621449088786 21.764621449088786 21.764621449088786 21.764621449088786 21.764621449088786 21.764621449088786 21.764621449088786 21.764621449088786 21.764621449088786 0.0
11.7 21.677933253816036 21.677933253816036 21.677933253816036 21.677933253816036 21.677933253816036 21.677933253816036 21.677933253816036 21.677933253816036 21.677933253816036 21.677933253816036 0.0
11.8 21.591245058543286 21.591245058543286 21.591245058543286 21.591245058543286 21.591245058543286 21.591245058543286 21.591245058543286 21.591245058543286 21.591245058543286 21.591245058543286 0.0
11.9 21.504556863270537 21.504556863270537 21.504556863270537 21.504556863270537 21.504556863270537 21.504556863270537 21.504556863270537 21.504556863270537 21.504556863270537 21.504556863270537 0.0
12.0 21.417868667997787 21.417868667997787 21.417868667997787 21.417868667997787 21.417868667997787 21.417868667997787 21.417868667997787 21.417868667997787 21.417868667997787 21.417868667997787 0.0
12.1 21.331180472725038 21.331180472725038 21.331180472725038 21.331180472725038 21.331180472725038 21.331180472725038 21.331180472725038 21.331180472725038 21.331180472725038 21.331180472725038 0.0
12.2 21.244492277452288 21.244492277452288 21.244492277452288 21.244492277452288 21.244492277452288 21.244492277452288 21.244492277452288 21.244492277452288 21.244492277452288 21.244492277452288 0.0
12.3 21.15780408217954 21.15780408217954 21.15780408217954 21.15780408217954 21.15780408217954 21.15780408217954 21.15780408217954 21.15780408217954 21.15780408217954 21.15780408217954 0.0
12.4 21.07111588690679 21.07111588690679 21.07111588690679 21.07111588690679 21.07111588690679 21.07111588690679 21.07111588690679 21.07111588690679 21.07111588690679 21.07111588690679 0.0
12.5 20.98442769163404 20.98442769163404 20.98442769163404 20.98442769163404 20.98442769163404 20.98442769163404 20.98442769163404 20.98442769163404 20.98442769163404 20.98442769163404 0.0
12.6 20.89773949636129 20.89773949636129 20.89773949636129 20.89773949636129 20.89773949636129 20.89773949636129 20.89773949636129 20.89773949636129 20.89773949636129 20.89773949636129 0.0
12.7 20.81105130108854 20.81105130108854 20.81105130108854 20.81105130108854 20.81105130108854 20.81105130108854 20.81105130108854 20.81105130108854 20.81105130108854 20.81105130108854 0.0
12.8 20.72436310581579 20.72436310581579 20.72436310581579 20.72436310581579 20.72436310581579 20.72436310581579 20.72436310581579 20.72436310581579 20.72436310581579 20.72436310581579 0.0
12.9 20.63767491054304 20.63767491054304 20.63767491054304 20.63767491054304 20.63767491054304 20.63767491054304 20.63767491054304 20.63767491054304 20.63767491054304 20.63767491054304 0.0
13.0 20.55098671527029 20.55098671527029 20.55098671527029 20.55098671527029 20.55098671527029 20.55098671527029 20.55098671527029 20.55098671527029 20.55098671527029 20.55098671527029 0.0
13.1 20.46429851999754 20.46429851999754 20.46429851999754 20.46429851999754 20.46429851999754 20.46429851999754 20.46429851999754 20.46429851999754 20.46429851999754 20.46429851999754 0.0
13.2 20.37761032472479 20.37761032472479 20.37761032472479 20.37761032472479 20.37761032472479 20.37761032472479 20.37761032472479 20.37761032472479 20.37761032472479 20.37761032472479 0.0
13.3 20.290922129452042 20.290922129452042 20.290922129452042 20.290922129452042 20.290922129452042 20.290922129452042 20.290922129452042 20.290922129452042 20.290922129452042 20.290922129452042 0.0
13.4 20.204233934179292 20.204233934179292 20.204233934179292 20.204233934179292 20.204233934179292 20.204233934179292 20.204233934179292 20.204233934179292 20.204233934179292 20.204233934179292 0.0
13.5 20.204233934179292 20.117545738906543 20.117545738906543 20.117545738906543 20.117545738906543 20.117545738906543 20.117545738906543 20.117545738906543 20.117545738906543 20.117545738906543 0.0
13.6 20.204233934179292 20.030857543633793 20.030857543633793 20.030857543633793 20.030857543633793 20.030857543633793 20.030857543633793 20.030857543633793 20.030857543633793 20.030857543633793 0.0
13.7 20.204233934179292 19.944169348361044 19.944169348361044 19.944169348361044 19.944169348361044 19.944169348361044 19.944169348361044 19.944169348361044 19.944169348361044 19.944169348361044 0.0
13.8 20.204233934179292 19.857481153088294 19.857481153088294 19.857481153088294 19.857481153088294 19.857481153088294 19.857481153088294 19.857481153088294 19.857481153088294 19.857481153088294 0.0
13.9 20.204233934179292 19.770792957815544 19.770792957815544 19.770792957815544 19.770792957815544 19.770792957815544 19.770792957815544 19.770792957815544 19.770792957815544 19.770792957815544 0.0
14.0 20.204233934179292 19.684104762542795 19.684104762542795 19.684104762542795 19.684104762542795 19.684104762542795 19.684104762542795 19.684104762542795 19.684104762542795 19.684104762542795 0.0
14.1 20.204233934179292 19.597416567270045 19.597416567270045 19.597416567270045 19.597416567270045 19.597416567270045 19.597416567270045 19.597416567270045 19.597416567270045 19.597416567270045 0.0
14.2 20.204233934179292 19.510728371997295 19.510728371997295 19.510728371997295 19.510728371997295 19.510728371997295 19.510728371997295 19.510728371997295 19.510728371997295 19.510728371997295 0.0
14.3 20.204233934179292 19.424040176724546 19.424040176724546 19.424040176724546 19.424040176724546 19.424040176724546 19.424040176724546 19.424040176724546 19.424040176724546 19.424040176724546 0.0
14.4 20.204233934179292 19.337351981451796 19.337351981451796 19.337351981451796 19.337351981451796 19.337351981451796 19.337351981451796 19.337351981451796 19.337351981451796 19.337351981451796 0.0
14.5 20.204233934179292 19.250663786179047 19.250663786179047 19.250663786179047 19.250663786179047 19.250663786179047 19.250663786179047 19.250663786179047 19.250663786179047 19.250663786179047 0.0
14.6 20.204233934179292 19.163975590906297 19.163975590906297 19.163975590906297 19.163975590906297 19.163975590906297 19.163975590906297 19.163975590906297 19.163975590906297 19.163975590906297 0.0
14.7 20.204233934179292 19.077287395633547 19.077287395633547 19.077287395633547 19.077287395633547 19.077287395633547 19.077287395633547 19.077287395633547 19.077287395633547 19.077287395633547 0.0
14.8 20.204233934179292 18.990599200360798 18.990599200360798 18.990599200360798 18.990599200360798 18.990599200360798 18.990599200360798 18.990599200360798 18.990599200360798 18.990599200360798 0.0
14.9 20.804233934179294 18.903911005088048 18.903911005088048 18.903911005088048 18.903911005088048 18.903911005088048 18.903911005088048 18.903911005088048 18.903911005088048 18.903911005088048 0.0
15.0 21.404233934179295 18.8172228098153 18.8172228098153 18.8172228098153 18.8172228098153 18.8172228098153 18.8172228098153 18.8172228098153 18.8172228098153 18.8172228098153 0.0
15.1 22.004233934179297 18.73053461454255 18.73053461454255 18.73053461454255 18.73053461454255 18.73053461454255 18.73053461454255 18.73053461454255 18.73053461454255 18.73053461454255 0.0
15.2 22.604233934179298 18.73053461454255 18.6438464192698 18.6438464192698 18.6438464192698 18.6438464192698 18.6438464192698 18.6438464192698 18.6438464192698 18.6438464192698 0.0
15.3 23.2042339341793 18.73053461454255 18.55715822399705 18.55715822399705 18.55715822399705 18.55715822399705 18.55715822399705 18.55715822399705 18.55715822399705 18.55715822399705 0.0
15.4 23.8042339341793 18.73053461454255 18.4704700287243 18.4704700287243 18.4704700287243 18.4704700287243 18.4704700287243 18.4704700287243 18.4704700287243 18.4704700287243 0.0
15.5 24.404233934179302 18.73053461454255 18.38378183345155 18.38378183345155 18.38378183345155 18.38378183345155 18.38378183345155 18.38378183345155 18.38378183345155 18.38378183345155 0.0
15.6 25.004233934179304 18.73053461454255 18.2970936381788 18.2970936381788 18.2970936381788 18.2970936381788 18.2970936381788 18.2970936381788 18.2970936381788 18.2970936381788 0.0
15.7 25.604233934179305 18.73053461454255 18.21040544290605 18.21040544290605 18.21040544290605 18.21040544290605 18.21040544290605 18.21040544290605 18.21040544290605 18.21040544290605 0.0
15.8 26.204233934179307 18.73053461454255 18.1237172476333 18.1237172476333 18.1237172476333 18.1237172476333 18.1237172476333 18.1237172476333 18.1237172476333 18.1237172476333 0.0
15.9 26.804233934179308 18.73053461454255 18.037029052360552 18.037029052360552 18.037029052360552 18.037029052360552 18.037029052360552 18.037029052360552 18.037029052360552 18.037029052360552 0.0
16.0 27.40423393417931 18.73053461454255 17.950340857087802 17.950340857087802 17.950340857087802 17.950340857087802 17.950340857087802 17.950340857087802 17.950340857087802 17.950340857087802 0.0
16.1 28.00423393417931 18.73053461454255 17.863652661815053 17.863652661815053 17.863652661815053 17.863652661815053 17.863652661815053 17.863652661815053 17.863652661815053 17.863652661815053 0.0
16.2 28.604233934179312 18.73053461454255 17.776964466542303 17.776964466542303 17.776964466542303 17.776964466542303 17.776964466542303 17.776964466542303 17.776964466542303 17.776964466542303 0.0
16.3 29.204233934179314 18.73053461454255 17.690276271269553 17.690276271269553 17.690276271269553 17.690276271269553 17.690276271269553 17.690276271269553 17.690276271269553 17.690276271269553 0.0
16.4 29.804233934179315 18.73053461454255 17.603588075996804 17.603588075996804 17.603588075996804 17.603588075996804 17.603588075996804 17.603588075996804 17.603588075996804 17.603588075996804 0.0
16.5 30.0 18.73053461454255 17.516899880724054 17.516899880724054 17.516899880724054 17.516899880724054 17.516899880724054 17.516899880724054 17.516899880724054 17.516899880724054 0.0
16.6 30.0 19.33053461454255 17.430211685451305 17.430211685451305 17.430211685451305 17.430211685451305 17.430211685451305 17.430211685451305 17.430211685451305 17.430211685451305 0.0
16.7 30.0 19.93053461454255 17.343523490178555 17.343523490178555 17.343523490178555 17.343523490178555 17.343523490178555 17.343523490178555 17.343523490178555 17.343523490178555 0.0
16.8 30.0 20.530534614542553 17.256835294905805 17.256835294905805 17.256835294905805 17.256835294905805 17.256835294905805 17.256835294905805 17.256835294905805 17.256835294905805 0.0
16.9 30.0 21.130534614542555 17.256835294905805 17.170147099633056 17.170147099633056 17.170147099633056 17.170147099633056 17.170147099633056 17.170147099633056 17.170147099633056 0.0
17.0 30.0 21.730534614542556 17.256835294905805 17.083458904360306 17.083458904360306 17.083458904360306 17.083458904360306 17.083458904360306 17.083458904360306 17.083458904360306 0.0
17.1 30.0 22.330534614542557 17.256835294905805 16.996770709087556 16.996770709087556 16.996770709087556 16.996770709087556 16.996770709087556 16.996770709087556 16.996770709087556 0.0
17.2 30.0 22.93053461454256 17.256835294905805 16.910082513814807 16.910082513814807 16.910082513814807 16.910082513814807 16.910082513814807 16.910082513814807 16.910082513814807 0.0
17.3 30.0 23.53053461454256 17.256835294905805 16.823394318542057 16.823394318542057 16.823394318542057 16.823394318542057 16.823394318542057 16.823394318542057 16.823394318542057 0.0
17.4 30.0 24.13053461454256 17.256835294905805 16.736706123269308 16.736706123269308 16.736706123269308 16.736706123269308 16.736706123269308 16.736706123269308 16.736706123269308 0.0
17.5 30.0 24.730534614542563 17.256835294905805 16.650017927996558 16.650017927996558 16.650017927996558 16.650017927996558 16.650017927996558 16.650017927996558 16.650017927996558 0.0
17.6 30.0 25.330534614542564 17.256835294905805 16.56332973272381 16.56332973272381 16.56332973272381 16.56332973272381 16.56332973272381 16.56332973272381 16.56332973272381 0.0
17.7 30.0 25.930534614542566 17.256835294905805 16.47664153745106 16.47664153745106 16.47664153745106 16.47664153745106 16.47664153745106 16.47664153745106 16.47664153745106 0.0
17.8 30.0 26.530534614542567 17.256835294905805 16.38995334217831 16.38995334217831 16.38995334217831 16.38995334217831 16.38995334217831 16.38995334217831 16.38995334217831 0.0
17.9 30.0 27.13053461454257 17.256835294905805 16.30326514690556 16.30326514690556 16.30326514690556 16.30326514690556 16.30326514690556 16.30326514690556 16.30326514690556 0.0
18.0 30.0 27.73053461454257 17.256835294905805 16.21657695163281 16.21657695163281 16.21657695163281 16.21657695163281 16.21657695163281 16.21657695163281 16.21657695163281 0.0
18.1 30.0 28.33053461454257 17.256835294905805 16.12988875636006 16.12988875636006 16.12988875636006 16.12988875636006 16.12988875636006 16.12988875636006 16.12988875636006 0.0
18.2 30.0 28.930534614542573 17.256835294905805 16.04320056108731 16.04320056108731 16.04320056108731 16.04320056108731 16.04320056108731 16.04320056108731 16.04320056108731 0.0
18.3 30.0 29.530534614542574 17.856835294905807 15.956512365814563 15.956512365814563 15.956512365814563 15.956512365814563 15.956512365814563 15.956512365814563 15.956512365814563 0.0
18.4 30.0 30.0 18.456835294905808 15.869824170541815 15.869824170541815 15.869824170541815 15.869824170541815 15.869824170541815 15.869824170541815 15.869824170541815 0.0
18.5 30.0 30.0 19.05683529490581 15.783135975269067 15.783135975269067 15.783135975269067 15.783135975269067 15.783135975269067 15.783135975269067 15.783135975269067 0.0
18.6 30.0 30.0 19.65683529490581 15.783135975269067 15.69644777999632 15.69644777999632 15.69644777999632 15.69644777999632 15.69644777999632 15.69644777999632 0.0
18.7 30.0 30.0 20.256835294905812 15.783135975269067 15.609759584723571 15.609759584723571 15.609759584723571 15.609759584723571 15.609759584723571 15.609759584723571 0.0
18.8 30.0 30.0 20.856835294905814 15.783135975269067 15.523071389450823 15.523071389450823 15.523071389450823 15.523071389450823 15.523071389450823 15.523071389450823 0.0
18.9 30.0 30.0 21.456835294905815 15.783135975269067 15.436383194178076 15.436383194178076 15.436383194178076 15.436383194178076 15.436383194178076 15.436383194178076 0.0
19.0 30.0 30.0 22.056835294905817 15.783135975269067 15.349694998905328 15.349694998905328 15.349694998905328 15.349694998905328 15.349694998905328 15.349694998905328 0.0
19.1 30.0 30.0 22.656835294905818 15.783135975269067 15.26300680363258 15.26300680363258 15.26300680363258 15.26300680363258 15.26300680363258 15.26300680363258 0.0
19.2 30.0 30.0 23.25683529490582 15.783135975269067 15.176318608359832 15.176318608359832 15.176318608359832 15.176318608359832 15.176318608359832 15.176318608359832 0.0
19.3 30.0 30.0 23.85683529490582 15.783135975269067 15.089630413087084 15.089630413087084 15.089630413087084 15.089630413087084 15.089630413087084 15.089630413087084 0.0
19.4 30.0 30.0 24.456835294905822 15.783135975269067 15.002942217814336 15.002942217814336 15.002942217814336 15.002942217814336 15.002942217814336 15.002942217814336 0.0
19.5 30.0 30.0 25.056835294905824 15.783135975269067 14.916254022541588 14.916254022541588 14.916254022541588 14.916254022541588 14.916254022541588 14.916254022541588 0.0
19.6 30.0 30.0 25.656835294905825 15.783135975269067 14.82956582726884 14.82956582726884 14.82956582726884 14.82956582726884 14.82956582726884 14.82956582726884 0.0
19.7 30.0 30.0 26.256835294905827 15.783135975269067 14.742877631996093 14.742877631996093 14.742877631996093 14.742877631996093 14.742877631996093 14.742877631996093 0.0
19.8 30.0 30.0 26.856835294905828 15.783135975269067 14.656189436723345 14.656189436723345 14.656189436723345 14.656189436723345 14.656189436723345 14.656189436723345 0.0
19.9 30.0 30.0 27.45683529490583 15.783135975269067 14.569501241450597 14.569501241450597 14.569501241450597 14.569501241450597 14.569501241450597 14.569501241450597 0.0
20.0 30.0 30.0 28.05683529490583 16.383135975269067 14.48281304617785 14.48281304617785 14.48281304617785 14.48281304617785 14.48281304617785 14.48281304617785 0.0
20.1 30.0 30.0 28.656835294905832 16.983135975269068 14.396124850905101 14.396124850905101 14.396124850905101 14.396124850905101 14.396124850905101 14.396124850905101 0.0
20.2 30.0 30.0 29.256835294905834 17.58313597526907 14.309436655632354 14.309436655632354 14.309436655632354 14.309436655632354 14.309436655632354 14.309436655632354 0.0
20.3 30.0 30.0 29.856835294905835 18.18313597526907 14.309436655632354 14.222748460359606 14.222748460359606 14.222748460359606 14.222748460359606 14.222748460359606 0.0
20.4 30.0 30.0 30.0 18.783135975269072 14.309436655632354 14.136060265086858 14.136060265086858 14.136060265086858 14.136060265086858 14.136060265086858 0.0
20.5 30.0 30.0 30.0 19.383135975269074 14.309436655632354 14.04937206981411 14.04937206981411 14.04937206981411 14.04937206981411 14.04937206981411 0.0
20.6 30.0 30.0 30.0 19.983135975269075 14.309436655632354 13.962683874541362 13.962683874541362 13.962683874541362 13.962683874541362 13.962683874541362 0.0
20.7 30.0 30.0 30.0 20.583135975269077 14.309436655632354 13.875995679268614 13.875995679268614 13.875995679268614 13.875995679268614 13.875995679268614 0.0
20.8 30.0 30.0 30.0 21.183135975269078 14.309436655632354 13.789307483995866 13.789307483995866 13.789307483995866 13.789307483995866 13.789307483995866 0.0
20.9 30.0 30.0 30.0 21.78313597526908 14.309436655632354 13.702619288723119 13.702619288723119 13.702619288723119 13.702619288723119 13.702619288723119 0.0
21.0 30.0 30.0 30.0 22.38313597526908 14.309436655632354 13.61593109345037 13.61593109345037 13.61593109345037 13.61593109345037 13.61593109345037 0.0
21.1 30.0 30.0 30.0 22.983135975269082 14.309436655632354 13.529242898177623 13.529242898177623 13.529242898177623 13.529242898177623 13.529242898177623 0.0
21.2 30.0 30.0 30.0 23.583135975269084 14.309436655632354 13.442554702904875 13.442554702904875 13.442554702904875 13.442554702904875 13.442554702904875 0.0
21.3 30.0 30.0 30.0 24.183135975269085 14.309436655632354 13.355866507632127 13.355866507632127 13.355866507632127 13.355866507632127 13.355866507632127 0.0
21.4 30.0 30.0 30.0 24.783135975269087 14.309436655632354 13.26917831235938 13.26917831235938 13.26917831235938 13.26917831235938 13.26917831235938 0.0
21.5 30.0 30.0 30.0 25.383135975269088 14.309436655632354 13.182490117086632 13.182490117086632 13.182490117086632 13.182490117086632 13.182490117086632 0.0
21.6 30.0 30.0 30.0 25.98313597526909 14.309436655632354 13.095801921813884 13.095801921813884 13.095801921813884 13.095801921813884 13.095801921813884 0.0
21.7 30.0 30.0 30.0 26.58313597526909 14.909436655632353 13.009113726541136 13.009113726541136 13.009113726541136 13.009113726541136 13.009113726541136 0.0
21.8 30.0 30.0 30.0 27.183135975269092 15.509436655632353 12.922425531268388 12.922425531268388 12.922425531268388 12.922425531268388 12.922425531268388 0.0
21.9 30.0 30.0 30.0 27.783135975269094 16.109436655632354 12.83573733599564 12.83573733599564 12.83573733599564 12.83573733599564 12.83573733599564 0.0
22.0 30.0 30.0 30.0 28.383135975269095 16.709436655632356 12.83573733599564 12.749049140722892 12.749049140722892 12.749049140722892 12.749049140722892 0.0
22.1 30.0 30.0 30.0 28.983135975269096 17.309436655632357 12.83573733599564 12.662360945450144 12.662360945450144 12.662360945450144 12.662360945450144 0.0
22.2 30.0 30.0 30.0 29.583135975269098 17.90943665563236 12.83573733599564 12.575672750177397 12.575672750177397 12.575672750177397 12.575672750177397 0.0
22.3 30.0 30.0 30.0 30.0 18.50943665563236 12.83573733599564 12.488984554904649 12.488984554904649 12.488984554904649 12.488984554904649 0.0
22.4 30.0 30.0 30.0 30.0 19.10943665563236 12.83573733599564 12.402296359631901 12.402296359631901 12.402296359631901 12.402296359631901 0.0
22.5 30.0 30.0 30.0 30.0 19.709436655632363 12.83573733599564 12.315608164359153 12.315608164359153 12.315608164359153 12.315608164359153 0.0
22.6 30.0 30.0 30.0 30.0 20.309436655632364 12.83573733599564 12.228919969086405 12.228919969086405 12.228919969086405 12.228919969086405 0.0
22.7 30.0 30.0 30.0 30.0 20.909436655632366 12.83573733599564 12.142231773813657 12.142231773813657 12.142231773813657 12.142231773813657 0.0
22.8 30.0 30.0 30.0 30.0 21.509436655632367 12.83573733599564 12.05554357854091 12.05554357854091 12.05554357854091 12.05554357854091 0.0
22.9 30.0 30.0 30.0 30.0 22.10943665563237 12.83573733599564 11.968855383268162 11.968855383268162 11.968855383268162 11.968855383268162 0.0
23.0 30.0 30.0 30.0 30.0 22.70943665563237 12.83573733599564 11.882167187995414 11.882167187995414 11.882167187995414 11.882167187995414 0.0
23.1 30.0 30.0 30.0 30.0 23.30943665563237 12.83573733599564 11.795478992722666 11.795478992722666 11.795478992722666 11.795478992722666 0.0
23.2 30.0 30.0 30.0 30.0 23.909436655632373 12.83573733599564 11.708790797449918 11.708790797449918 11.708790797449918 11.708790797449918 0.0
23.3 30.0 30.0 30.0 30.0 24.509436655632374 12.83573733599564 11.62210260217717 11.62210260217717 11.62210260217717 11.62210260217717 0.0
23.4 30.0 30.0 30.0 30.0 25.109436655632376 13.43573733599564 11.535414406904422 11.535414406904422 11.535414406904422 11.535414406904422 0.0
23.5 30.0 30.0 30.0 30.0 25.709436655632377 14.03573733599564 11.448726211631675 11.448726211631675 11.448726211631675 11.448726211631675 0.0
23.6 30.0 30.0 30.0 30.0 26.30943665563238 14.635737335995639 11.362038016358927 11.362038016358927 11.362038016358927 11.362038016358927 0.0
23.7 30.0 30.0 30.0 30.0 26.90943665563238 15.235737335995639 11.362038016358927 11.275349821086179 11.275349821086179 11.275349821086179 0.0
23.8 30.0 30.0 30.0 30.0 27.50943665563238 15.835737335995638 11.362038016358927 11.188661625813431 11.188661625813431 11.188661625813431 0.0
23.9 30.0 30.0 30.0 30.0 28.109436655632383 16.43573733599564 11.362038016358927 11.101973430540683 11.101973430540683 11.101973430540683 0.0
24.0 30.0 30.0 30.0 30.0 28.709436655632384 17.03573733599564 11.362038016358927 11.015285235267935 11.015285235267935 11.015285235267935 0.0
24.1 30.0 30.0 30.0 30.0 29.309436655632386 17.635737335995643 11.362038016358927 10.928597039995188 10.928597039995188 10.928597039995188 0.0
24.2 30.0 30.0 30.0 30.0 29.909436655632387 18.235737335995644 11.362038016358927 10.84190884472244 10.84190884472244 10.84190884472244 0.0
24.3 30.0 30.0 30.0 30.0 30.0 18.835737335995645 11.362038016358927 10.755220649449692 10.755220649449692 10.755220649449692 0.0
24.4 30.0 30.0 30.0 30.0 30.0 19.435737335995647 11.362038016358927 10.668532454176944 10.668532454176944 10.668532454176944 0.0
24.5 30.0 30.0 30.0 30.0 30.0 20.03573733599565 11.362038016358927 10.581844258904196 10.581844258904196 10.581844258904196 0.0
24.6 30.0 30.0 30.0 30.0 30.0 20.63573733599565 11.362038016358927 10.495156063631448 10.495156063631448 10.495156063631448 0.0
24.7 30.0 30.0 30.0 30.0 30.0 21.23573733599565 11.362038016358927 10.4084678683587 10.4084678683587 10.4084678683587 0.0
24.8 30.0 30.0 30.0 30.0 30.0 21.835737335995653 11.362038016358927 10.321779673085953 10.321779673085953 10.321779673085953 0.0
24.9 30.0 30.0 30.0 30.0 30.0 22.435737335995654 11.362038016358927 10.235091477813205 10.235091477813205 10.235091477813205 0.0
25.0 30.0 30.0 30.0 30.0 30.0 23.035737335995655 11.362038016358927 10.148403282540457 10.148403282540457 10.148403282540457 0.0
25.1 30.0 30.0 30.0 30.0 30.0 23.635737335995657 11.962038016358926 10.061715087267709 10.061715087267709 10.061715087267709 0.0
25.2 30.0 30.0 30.0 30.0 30.0 24.23573733599566 12.562038016358926 9.975026891994961 9.975026891994961 9.975026891994961 0.0
25.3 30.0 30.0 30.0 30.0 30.0 24.83573733599566 13.162038016358926 9.888338696722213 9.888338696722213 9.888338696722213 0.0
25.4 30.0 30.0 30.0 30.0 30.0 25.43573733599566 13.762038016358925 9.888338696722213 9.801650501449465 9.801650501449465 0.0
25.5 30.0 30.0 30.0 30.0 30.0 26.035737335995663 14.362038016358925 9.888338696722213 9.714962306176718 9.714962306176718 0.0
25.6 30.0 30.0 30.0 30.0 30.0 26.635737335995664 14.962038016358925 9.888338696722213 9.62827411090397 9.62827411090397 0.0
25.7 30.0 30.0 30.0 30.0 30.0 27.235737335995665 15.562038016358924 9.888338696722213 9.541585915631222 9.541585915631222 0.0
25.8 30.0 30.0 30.0 30.0 30.0 27.835737335995667 16.162038016358924 9.888338696722213 9.454897720358474 9.454897720358474 0.0
25.9 30.0 30.0 30.0 30.0 30.0 28.435737335995668 16.762038016358925 9.888338696722213 9.368209525085726 9.368209525085726 0.0
26.0 30.0 30.0 30.0 30.0 30.0 29.03573733599567 17.362038016358927 9.888338696722213 9.281521329812978 9.281521329812978 0.0
26.1 30.0 30.0 30.0 30.0 30.0 29.63573733599567 17.962038016358928 9.888338696722213 9.19483313454023 9.19483313454023 0.0
26.2 30.0 30.0 30.0 30.0 30.0 30.0 18.56203801635893 9.888338696722213 9.108144939267483 9.108144939267483 0.0
26.3 30.0 30.0 30.0 30.0 30.0 30.0 19.16203801635893 9.888338696722213 9.021456743994735 9.021456743994735 0.0
26.4 30.0 30.0 30.0 30.0 30.0 30.0 19.762038016358932 9.888338696722213 8.934768548721987 8.934768548721987 0.0
26.5 30.0 30.0 30.0 30.0 30.0 30.0 20.362038016358934 9.888338696722213 8.84808035344924 8.84808035344924 0.0
26.6 30.0 30.0 30.0 30.0 30.0 30.0 20.962038016358935 9.888338696722213 8.761392158176491 8.761392158176491 0.0
26.7 30.0 30.0 30.0 30.0 30.0 30.0 21.562038016358937 9.888338696722213 8.674703962903743 8.674703962903743 0.0
26.8 30.0 30.0 30.0 30.0 30.0 30.0 22.162038016358938 10.488338696722213 8.588015767630996 8.588015767630996 0.0
26.9 30.0 30.0 30.0 30.0 30.0 30.0 22.76203801635894 11.088338696722213 8.501327572358248 8.501327572358248 0.0
27.0 30.0 30.0 30.0 30.0 30.0 30.0 23.36203801635894 11.688338696722212 8.4146393770855 8.4146393770855 0.0
27.1 30.0 30.0 30.0 30.0 30.0 30.0 23.962038016358942 12.288338696722212 8.4146393770855 8.327951181812752 0.0
27.2 30.0 30.0 30.0 30.0 30.0 30.0 24.562038016358944 12.888338696722212 8.4146393770855 8.241262986540004 0.0
27.3 30.0 30.0 30.0 30.0 30.0 30.0 25.162038016358945 13.488338696722211 8.4146393770855 8.154574791267256 0.0
27.4 30.0 30.0 30.0 30.0 30.0 30.0 25.762038016358947 14.08833869672221 8.4146393770855 8.067886595994509 0.0
27.5 30.0 30.0 30.0 30.0 30.0 30.0 26.362038016358948 14.68833869672221 8.4146393770855 7.981198400721761 0.0
27.6 30.0 30.0 30.0 30.0 30.0 30.0 26.96203801635895 15.28833869672221 8.4146393770855 7.894510205449013 0.0
27.7 30.0 30.0 30.0 30.0 30.0 30.0 27.56203801635895 15.88833869672221 8.4146393770855 7.807822010176265 0.0
27.8 30.0 30.0 30.0 30.0 30.0 30.0 28.162038016358952 16.48833869672221 8.4146393770855 7.721133814903517 0.0
27.9 30.0 30.0 30.0 30.0 30.0 30.0 28.762038016358954 17.08833869672221 8.4146393770855 7.634445619630769 0.0
28.0 30.0 30.0 30.0 30.0 30.0 30.0 29.362038016358955 17.688338696722212 8.4146393770855 7.547757424358021 0.0
28.1 30.0 30.0 30.0 30.0 30.0 30.0 29.962038016358957 18.288338696722214 8.4146393770855 7.461069229085274 0.0
28.2 30.0 30.0 30.0 30.0 30.0 30.0 30.0 18.888338696722215 8.4146393770855 7.374381033812526 0.0
28.3 30.0 30.0 30.0 30.0 30.0 30.0 30.0 19.488338696722217 8.4146393770855 7.287692838539778 0.0
28.4 30.0 30.0 30.0 30.0 30.0 30.0 30.0 20.088338696722218 8.4146393770855 7.20100464326703 0.0
28.5 30.0 30.0 30.0 30.0 30.0 30.0 30.0 20.68833869672222 9.0146393770855 7.114316447994282 0.0
28.6 30.0 30.0 30.0 30.0 30.0 30.0 30.0 21.28833869672222 9.6146393770855 7.027628252721534 0.0
28.7 30.0 30.0 30.0 30.0 30.0 30.0 30.0 21.888338696722222 10.214639377085499 6.9409400574487865 0.0
28.8 30.0 30.0 30.0 30.0 30.0 30.0 30.0 22.488338696722224 10.814639377085498 6.9409400574487865 0.0
28.9 30.0 30.0 30.0 30.0 30.0 30.0 30.0 23.088338696722225 11.414639377085498 6.9409400574487865 0.0
29.0 30.0 30.0 30.0 30.0 30.0 30.0 30.0 23.688338696722226 12.014639377085498 6.9409400574487865 0.0
29.1 30.0 30.0 30.0 30.0 30.0 30.0 30.0 24.288338696722228 12.614639377085497 6.9409400574487865 0.0
29.2 30.0 30.0 30.0 30.0 30.0 30.0 30.0 24.88833869672223 13.214639377085497 6.9409400574487865 0.0
29.3 30.0 30.0 30.0 30.0 30.0 30.0 30.0 25.48833869672223 13.814639377085497 6.9409400574487865 0.0
29.4 30.0 30.0 30.0 30.0 30.0 30.0 30.0 26.088338696722232 14.414639377085496 6.9409400574487865 0.0
29.5 30.0 30.0 30.0 30.0 30.0 30.0 30.0 26.688338696722234 15.014639377085496 6.9409400574487865 0.0
29.6 30.0 30.0 30.0 30.0 30.0 30.0 30.0 27.288338696722235 15.614639377085496 6.9409400574487865 0.0
29.7 30.0 30.0 30.0 30.0 30.0 30.0 30.0 27.888338696722236 16.214639377085497 6.9409400574487865 0.0
29.8 30.0 30.0 30.0 30.0 30.0 30.0 30.0 28.488338696722238 16.8146393770855 6.9409400574487865 0.0
29.9 30.0 30.0 30.0 30.0 30.0 30.0 30.0 29.08833869672224 17.4146393770855 6.9409400574487865 0.0
30.0 30.0 30.0 30.0 30.0 30.0 30.0 30.0 29.68833869672224 18.0146393770855 6.9409400574487865 0.0
30.1 30.0 30.0 30.0 30.0 30.0 30.0 30.0 30.0 18.614639377085503 6.9409400574487865 0.0
30.2 30.0 30.0 30.0 30.0 30.0 30.0 30.0 30.0 19.214639377085504 7.540940057448786 0.0
30.3 30.0 30.0 30.0 30.0 30.0 30.0 30.0 30.0 19.814639377085506 8.140940057448786 0.0
30.4 30.0 30.0 30.0 30.0 30.0 30.0 30.0 30.0 20.414639377085507 8.740940057448785 0.0
30.5 30.0 30.0 30.0 30.0 30.0 30.0 30.0 30.0 21.01463937708551 9.340940057448785 0.0
30.6 30.0 30.0 30.0 30.0 30.0 30.0 30.0 30.0 21.61463937708551 9.940940057448785 0.0
30.7 30.0 30.0 30.0 30.0 30.0 30.0 30.0 30.0 22.21463937708551 10.540940057448784 0.0
30.8 30.0 30.0 30.0 30.0 30.0 30.0 30.0 30.0 22.814639377085513 11.140940057448784 0.0
30.9 30.0 30.0 30.0 30.0 30.0 30.0 30.0 30.0 23.414639377085514 11.740940057448784 0.0
31.0 30.0 30.0 30.0 30.0 30.0 30.0 30.0 30.0 24.014639377085516 12.340940057448783 0.0
31.1 30.0 30.0 30.0 30.0 30.0 30.0 30.0 30.0 24.614639377085517 12.940940057448783 0.0
31.2 30.0 30.0 30.0 30.0 30.0 30.0 30.0 30.0 25.21463937708552 13.540940057448783 0.0
31.3 30.0 30.0 30.0 30.0 30.0 30.0 30.0 30.0 25.81463937708552 14.140940057448782 0.0
31.4 30.0 30.0 30.0 30.0 30.0 30.0 30.0 30.0 26.41463937708552 14.740940057448782 0.0
31.5 30.0 30.0 30.0 30.0 30.0 30.0 30.0 30.0 27.014639377085523 15.340940057448782 0.0
31.6 30.0 30.0 30.0 30.0 30.0 30.0 30.0 30.0 27.614639377085524 15.940940057448781 0.0
31.7 30.0 30.0 30.0 30.0 30.0 30.0 30.0 30.0 28.214639377085525 16.540940057448783 0.0
31.8 30.0 30.0 30.0 30.0 30.0 30.0 30.0 30.0 28.814639377085527 17.140940057448784 0.0
31.9 30.0 30.0 30.0 30.0 30.0 30.0 30.0 30.0 29.41463937708553 17.740940057448785 0.0
32.0 30.0 30.0 30.0 30.0 30.0 30.0 30.0 30.0 30.0 18.340940057448787 0.0
32.1 30.0 30.0 30.0 30.0 30.0 30.0 30.0 30.0 30.0 18.94094005744879 0.0
32.2 30.0 30.0 30.0 30.0 30.0 30.0 30.0 30.0 30.0 19.54094005744879 0.0
32.3 30.0 30.0 30.0 30.0 30.0 30.0 30.0 30.0 30.0 20.14094005744879 0.0
32.4 30.0 30.0 30.0 30.0 30.0 30.0 30.0 30.0 30.0 20.740940057448793 0.0
32.5 30.0 30.0 30.0 30.0 30.0 30.0 30.0 30.0 30.0 21.340940057448794 0.0
32.6 30.0 30.0 30.0 30.0 30.0 30.0 30.0 30.0 30.0 21.940940057448795 0.0
32.7 30.0 30.0 30.0 30.0 30.0 30.0 30.0 30.0 30.0 22.540940057448797 0.0
32.8 30.0 30.0 30.0 30.0 30.0 30.0 30.0 30.0 30.0 23.1409400574488 0.0
32.9 30.0 30.0 30.0 30.0 30.0 30.0 30.0 30.0 30.0 23.7409400574488 0.0
33.0 30.0 30.0 30.0 30.0 30.0 30.0 30.0 30.0 30.0 24.3409400574488 0.0
33.1 30.0 30.0 30.0 30.0 30.0 30.0 30.0 30.0 30.0 24.940940057448802 0.0
33.2 30.0 30.0 30.0 30.0 30.0 30.0 30.0 30.0 30.0 25.540940057448804 0.0
33.3 30.0 30.0 30.0 30.0 30.0 30.0 30.0 30.0 30.0 26.140940057448805 0.0
33.4 30.0 30.0 30.0 30.0 30.0 30.0 30.0 30.0 30.0 26.740940057448807 0.0
33.5 30.0 30.0 30.0 30.0 30.0 30.0 30.0 30.0 30.0 27.340940057448808 0.0
33.6 30.0 30.0 30.0 30.0 30.0 30.0 30.0 30.0 30.0 27.94094005744881 0.0
33.7 30.0 30.0 30.0 30.0 30.0 30.0 30.0 30.0 30.0 28.54094005744881 0.0
33.8 30.0 30.0 30.0 30.0 30.0 30.0 30.0 30.0 30.0 29.140940057448812 0.0
33.9 30.0 30.0 30.0 30.0 30.0 30.0 30.0 30.0 30.0 29.740940057448814 0.0
34.0 30.0 30.0 30.0 30.0 30.0 30.0 30.0 30.0 30.0 30.0 0.0
34.1 30.0 30.0 30.0 30.0 30.0 30.0 30.0 30.0 30.0 30.0 0.0
34.2 30.0 30.0 30.0 30.0 30.0 30.0 30.0 30.0 30.0 30.0 0.0
34.3 30.0 30.0 30.0 30.0 30.0 30.0 30.0 30.0 30.0 30.0 0.0
34.4 30.0 30.0 30.0 30.0 30.0 30.0 30.0 30.0 30.0 30.0 0.0
34.5 30.0 30.0 30.0 30.0 30.0 30.0 30.0 30.0 30.0 30.0 0.0
34.6 30.0 30.0 30.0 30.0 30.0 30.0 30.0 30.0 30.0 30.0 0.0
34.7 30.0 30.0 30.0 30.0 30.0 30.0 30.0 30.0 30.0 30.0 0.0
34.8 30.0 30.0 30.0 30.0 30.0 30.0 30.0 30.0 30.0 30.0 0.0
34.9 30.0 30.0 30.0 30.0 30.0 30.0 30.0 30.0 30.0 30.0 0.0
35.0 30.0 30.0 30.0 30.0 30.0 30.0 30.0 30.0 30.0 30.0 0.0
35.1 30.0 30.0 30.0 30.0 30.0 30.0 30.0 30.0 30.0 30.0 0.0
35.2 30.0 30.0 30.0 30.0 30.0 30.0 30.0 30.0 30.0 30.0 0.0
35.3 30.0 30.0 30.0 30.0 30.0 30.0 30.0 30.0 30.0 30.0 0.0
35.4 30.0 30.0 30.0 30.0 30.0 30.0 30.0 30.0 30.0 30.0 0.0
35.5 30.0 30.0 30.0 30.0 30.0 30.0 30.0 30.0 30.0 30.0 0.0
35.6 30.0 30.0 30.0 30.0 30.0 30.0 30.0 30.0 30.0 30.0 0.0
35.7 30.0 30.0 30.0 30.0 30.0 30.0 30.0 30.0 30.0 30.0 0.0
35.8 30.0 30.0 30.0 30.0 30.0 30.0 30.0 30.0 30.0 30.0 0.0
35.9 30.0 30.0 30.0 30.0 30.0 30.0 30.0 30.0 30.0 30.0 0.0
36.0 30.0 30.0 30.0 30.0 30.0 30.0 30.0 30.0 30.0 30.0 0.0
36.1 30.0 30.0 30.0 30.0 30.0 30.0 30.0 30.0 30.0 30.0 0.0
36.2 30.0 30.0 30.0 30.0 30.0 30.0 30.0 30.0 30.0 30.0 0.0
36.3 30.0 30.0 30.0 30.0 30.0 30.0 30.0 30.0 30.0 30.0 0.0
36.4 30.0 30.0 30.0 30.0 30.0 30.0 30.0 30.0 30.0 30.0 0.0
36.5 30.0 30.0 30.0 30.0 30.0 30.0 30.0 30.0 30.0 30.0 0.0
36.6 30.0 30.0 30.0 30.0 30.0 30.0 30.0 30.0 30.0 30.0 0.0
36.7 30.0 30.0 30.0 30.0 30.0 30.0 30.0 30.0 30.0 30.0 0.0
36.8 30.0 30.0 30.0 30.0 30.0 30.0 30.0 30.0 30.0 30.0 0.0
36.9 30.0 30.0 30.0 30.0 30.0 30.0 30.0 30.0 30.0 30.0 0.0
37.0 30.0 30.0 30.0 30.0 30.0 30.0 30.0 30.0 30.0 30.0 0.0
37.1 30.0 30.0 30.0 30.0 30.0 30.0 30.0 30.0 30.0 30.0 0.0
37.2 30.0 30.0 30.0 30.0 30.0 30.0 30.0 30.0 30.0 30.0 0.0
37.3 30.0 30.0 30.0 30.0 30.0 30.0 30.0 30.0 30.0 30.0 0.0
37.4 30.0 30.0 30.0 30.0 30.0 30.0 30.0 30.0 30.0 30.0 0.0
37.5 30.0 30.0 30.0 30.0 30.0 30.0 30.0 30.0 30.0 30.0 0.0
37.6 30.0 30.0 30.0 30.0 30.0 30.0 30.0 30.0 30.0 30.0 0.0
37.7 30.0 30.0 30.0 30.0 30.0 30.0 30.0 30.0 30.0 30.0 0.0
37.8 30.0 30.0 30.0 30.0 30.0 30.0 30.0 30.0 30.0 30.0 0.0
37.9 30.0 30.0 30.0 30.0 30.0 30.0 30.0 30.0 30.0 30.0 0.0
38.0 30.0 30.0 30.0 30.0 30.0 30.0 30.0 30.0 30.0 30.0 0.0
38.1 30.0 30.0 30.0 30.0 30.0 30.0 30.0 30.0 30.0 30.0 0.0
38.2 30.0 30.0 30.0 30.0 30.0 30.0 30.0 30.0 30.0 30.0 0.0
38.3 30.0 30.0 30.0 30.0 30.0 30.0 30.0 30.0 30.0 30.0 0.0
38.4 30.0 30.0 30.0 30.0 30.0 30.0 30.0 30.0 30.0 30.0 0.0
38.5 30.0 30.0 30.0 30.0 30.0 30.0 30.0 30.0 30.0 30.0 0.0
38.6 30.0 30.0 30.0 30.0 30.0 30.0 30.0 30.0 30.0 30.0 0.0
38.7 30.0 30.0 30.0 30.0 30.0 30.0 30.0 30.0 30.0 30.0 0.0
38.8 30.0 30.0 30.0 30.0 30.0 30.0 30.0 30.0 30.0 30.0 0.0
38.9 30.0 30.0 30.0 30.0 30.0 30.0 30.0 30.0 30.0 30.0 0.0
39.0 30.0 30.0 30.0 30.0 30.0 30.0 30.0 30.0 30.0 30.0 0.0
39.1 30.0 30.0 30.0 30.0 30.0 30.0 30.0 30.0 30.0 30.0 0.0
39.2 30.0 30.0 30.0 30.0 30.0 30.0 30.0 30.0 30.0 30.0 0.0
39.3 30.0 30.0 30.0 30.0 30.0 30.0 30.0 30.0 30.0 30.0 0.0
39.4 30.0 30.0 30.0 30.0 30.0 30.0 30.0 30.0 30.0 30.0 0.0
39.5 30.0 30.0 30.0 30.0 30.0 30.0 30.0 30.0 30.0 30.0 0.0
39.6 30.0 30.0 30.0 30.0 30.0 30.0 30.0 30.0 30.0 30.0 0.0
39.7 30.0 30.0 30.0 30.0 30.0 30.0 30.0 30.0 30.0 30.0 0.0
39.8 30.0 30.0 30.0 30.0 30.0 30.0 30.0 30.0 30.0 30.0 0.0
39.9 30.0 30.0 30.0 30.0 30.0 30.0 30.0 30.0 30.0 30.0 0.0
40.0 30.0 30.0 30.0 30.0 30.0 30.0 30.0 30.0 30.0 30.0 0.0
40.1 30.0 30.0 30.0 30.0 30.0 30.0 30.0 30.0 30.0 30.0 0.0
40.2 30.0 30.0 30.0 30.0 30.0 30.0 30.0 30.0 30.0 30.0 0.0
40.3 30.0 30.0 30.0 30.0 30.0 30.0 30.0 30.0 30.0 30.0 0.0
40.4 30.0 30.0 30.0 30.0 30.0 30.0 30.0 30.0 30.0 30.0 0.0
40.5 30.0 30.0 30.0 30.0 30.0 30.0 30.0 30.0 30.0 30.0 0.0
40.6 30.0 30.0 30.0 30.0 30.0 30.0 30.0 30.0 30.0 30.0 0.0
40.7 30.0 30.0 30.0 30.0 30.0 30.0 30.0 30.0 30.0 30.0 0.0
40.8 30.0 30.0 30.0 30.0 30.0 30.0 30.0 30.0 30.0 30.0 0.0
40.9 30.0 30.0 30.0 30.0 30.0 30.0 30.0 30.0 30.0 30.0 0.0
41.0 30.0 30.0 30.0 30.0 30.0 30.0 30.0 30.0 30.0 30.0 0.0
41.1 30.0 30.0 30.0 30.0 30.0 30.0 30.0 30.0 30.0 30.0 0.0
41.2 30.0 30.0 30.0 30.0 30.0 30.0 30.0 30.0 30.0 30.0 0.0
41.3 30.0 30.0 30.0 30.0 30.0 30.0 30.0 30.0 30.0 30.0 0.0
41.4 30.0 30.0 30.0 30.0 30.0 30.0 30.0 30.0 30.0 30.0 0.0
41.5 30.0 30.0 30.0 30.0 30.0 30.0 30.0 30.0 30.0 30.0 0.0
41.6 30.0 30.0 30.0 30.0 30.0 30.0 30.0 30.0 30.0 30.0 0.0
41.7 30.0 30.0 30.0 30.0 30.0 30.0 30.0 30.0 30.0 30.0 0.0
41.8 30.0 30.0 30.0 30.0 30.0 30.0 30.0 30.0 30.0 30.0 0.0
41.9 30.0 30.0 30.0 30.0 30.0 30.0 30.0 30.0 30.0 30.0 0.0
42.0 30.0 30.0 30.0 30.0 30.0 30.0 30.0 30.0 30.0 30.0 0.0
42.1 30.0 30.0 30.0 30.0 30.0 30.0 30.0 30.0 30.0 30.0 0.0
42.2 30.0 30.0 30.0 30.0 30.0 30.0 30.0 30.0 30.0 30.0 0.0
42.3 30.0 30.0 30.0 30.0 30.0 30.0 30.0 30.0 30.0 30.0 0.0
42.4 30.0 30.0 30.0 30.0 30.0 30.0 30.0 30.0 30.0 30.0 0.0
42.5 30.0 30.0 30.0 30.0 30.0 30.0 30.0 30.0 30.0 30.0 0.0
42.6 30.0 30.0 30.0 30.0 30.0 30.0 30.0 30.0 30.0 30.0 0.0
42.7 30.0 30.0 30.0 30.0 30.0 30.0 30.0 30.0 30.0 30.0 0.0
42.8 30.0 30.0 30.0 30.0 30.0 30.0 30.0 30.0 30.0 30.0 0.0
42.9 30.0 30.0 30.0 30.0 30.0 30.0 30.0 30.0 30.0 30.0 0.0
43.0 30.0 30.0 30.0 30.0 30.0 30.0 30.0 30.0 30.0 30.0 0.0
43.1 30.0 30.0 30.0 30.0 30.0 30.0 30.0 30.0 30.0 30.0 0.0
43.2 30.0 30.0 30.0 30.0 30.0 30.0 30.0 30.0 30.0 30.0 0.0
43.3 30.0 30.0 30.0 30.0 30.0 30.0 30.0 30.0 30.0 30.0 0.0
43.4 30.0 30.0 30.0 30.0 30.0 30.0 30.0 30.0 30.0 30.0 0.0
43.5 30.0 30.0 30.0 30.0 30.0 30.0 30.0 30.0 30.0 30.0 0.0
43.6 30.0 30.0 30.0 30.0 30.0 30.0 30.0 30.0 30.0 30.0 0.0
43.7 30.0 30.0 30.0 30.0 30.0 30.0 30.0 30.0 30.0 30.0 0.0
43.8 30.0 30.0 30.0 30.0 30.0 30.0 30.0 30.0 30.0 30.0 0.0
43.9 30.0 30.0 30.0 30.0 30.0 30.0 30.0 30.0 30.0 30.0 0.0
44.0 30.0 30.0 30.0 30.0 30.0 30.0 30.0 30.0 30.0 30.0 0.0
44.1 30.0 30.0 30.0 30.0 30.0 30.0 30.0 30.0 30.0 30.0 0.0
44.2 30.0 30.0 30.0 30.0 30.0 30.0 30.0 30.0 30.0 30.0 0.0
44.3 30.0 30.0 30.0 30.0 30.0 30.0 30.0 30.0 30.0 30.0 0.0
44.4 30.0 30.0 30.0 30.0 30.0 30.0 30.0 30.0 30.0 30.0 0.0
44.5 30.0 30.0 30.0 30.0 30.0 30.0 30.0 30.0 30.0 30.0 0.0
44.6 30.0 30.0 30.0 30.0 30.0 30.0 30.0 30.0 30.0 30.0 0.0
44.7 30.0 30.0 30.0 30.0 30.0 30.0 30.0 30.0 30.0 30.0 0.0
44.8 30.0 30.0 30.0 30.0 30.0 30.0 30.0 30.0 30.0 30.0 0.0
44.9 30.0 30.0 30.0 30.0 30.0 30.0 30.0 30.0 30.0 30.0 0.0
45.0 30.0 30.0 30.0 30.0 30.0 30.0 30.0 30.0 30.0 30.0 0.0
45.1 30.0 30.0 30.0 30.0 30.0 30.0 30.0 30.0 30.0 30.0 0.0
45.2 30.0 30.0 30.0 30.0 30.0 30.0 30.0 30.0 30.0 30.0 0.0
45.3 30.0 30.0 30.0 30.0 30.0 30.0 30.0 30.0 30.0 30.0 0.0
45.4 30.0 30.0 30.0 30.0 30.0 30.0 30.0 30.0 30.0 30.0 0.0
45.5 30.0 30.0 30.0 30.0 30.0 30.0 30.0 30.0 30.0 30.0 0.0
45.6 30.0 30.0 30.0 30.0 30.0 30.0 30.0 30.0 30.0 30.0 0.0
45.7 30.0 30.0 30.0 30.0 30.0 30.0 30.0 30.0 30.0 30.0 0.0
45.8 30.0 30.0 30.0 30.0 30.0 30.0 30.0 30.0 30.0 30.0 0.0
45.9 30.0 30.0 30.0 30.0 30.0 30.0 30.0 30.0 30.0 30.0 0.0
46.0 30.0 30.0 30.0 30.0 30.0 30.0 30.0 30.0 30.0 30.0 0.0
46.1 30.0 30.0 30.0 30.0 30.0 30.0 30.0 30.0 30.0 30.0 0.0
46.2 30.0 30.0 30.0 30.0 30.0 30.0 30.0 30.0 30.0 30.0 0.0
46.3 30.0 30.0 30.0 30.0 30.0 30.0 30.0 30.0 30.0 30.0 0.0
46.4 30.0 30.0 30.0 30.0 30.0 30.0 30.0 30.0 30.0 30.0 0.0
46.5 30.0 30.0 30.0 30.0 30.0 30.0 30.0 30.0 30.0 30.0 0.0
46.6 30.0 30.0 30.0 30.0 30.0 30.0 30.0 30.0 30.0 30.0 0.0
46.7 30.0 30.0 30.0 30.0 30.0 30.0 30.0 30.0 30.0 30.0 0.0
46.8 30.0 30.0 30.0 30.0 30.0 30.0 30.0 30.0 30.0 30.0 0.0
46.9 30.0 30.0 30.0 30.0 30.0 30.0 30.0 30.0 30.0 30.0 0.0
47.0 30.0 30.0 30.0 30.0 30.0 30.0 30.0 30.0 30.0 30.0 0.0
47.1 30.0 30.0 30.0 30.0 30.0 30.0 30.0 30.0 30.0 30.0 0.0
47.2 30.0 30.0 30.0 30.0 30.0 30.0 30.0 30.0 30.0 30.0 0.0
47.3 30.0 30.0 30.0 30.0 30.0 30.0 30.0 30.0 30.0 30.0 0.0
47.4 30.0 30.0 30.0 30.0 30.0 30.0 30.0 30.0 30.0 30.0 0.0
47.5 30.0 30.0 30.0 30.0 30.0 30.0 30.0 30.0 30.0 30.0 0.0
47.6 30.0 30.0 30.0 30.0 30.0 30.0 30.0 30.0 30.0 30.0 0.0
47.7 30.0 30.0 30.0 30.0 30.0 30.0 30.0 30.0 30.0 30.0 0.0
47.8 30.0 30.0 30.0 30.0 30.0 30.0 30.0 30.0 30.0 30.0 0.0
47.9 30.0 30.0 30.0 30.0 30.0 30.0 30.0 30.0 30.0 30.0 0.0
48.0 30.0 30.0 30.0 30.0 30.0 30.0 30.0 30.0 30.0 30.0 0.0
48.1 30.0 30.0 30.0 30.0 30.0 30.0 30.0 30.0 30.0 30.0 0.0
48.2 30.0 30.0 30.0 30.0 30.0 30.0 30.0 30.0 30.0 30.0 0.0
48.3 30.0 30.0 30.0 30.0 30.0 30.0 30.0 30.0 30.0 30.0 0.0
48.4 30.0 30.0 30.0 30.0 30.0 30.0 30.0 30.0 30.0 30.0 0.0
48.5 30.0 30.0 30.0 30.0 30.0 30.0 30.0 30.0 30.0 30.0 0.0
48.6 30.0 30.0 30.0 30.0 30.0 30.0 30.0 30.0 30.0 30.0 0.0
48.7 30.0 30.0 30.0 30.0 30.0 30.0 30.0 30.0 30.0 30.0 0.0
48.8 30.0 30.0 30.0 30.0 30.0 30.0 30.0 30.0 30.0 30.0 0.0
48.9 30.0 30.0 30.0 30.0 30.0 30.0 30.0 30.0 30.0 30.0 0.0
49.0 30.0 30.0 30.0 30.0 30.0 30.0 30.0 30.0 30.0 30.0 0.0
49.1 30.0 30.0 30.0 30.0 30.0 30.0 30.0 30.0 30.0 30.0 0.0
49.2 30.0 30.0 30.0 30.0 30.0 30.0 30.0 30.0 30.0 30.0 0.0
49.3 30.0 30.0 30.0 30.0 30.0 30.0 30.0 30.0 30.0 30.0 0.0
49.4 30.0 30.0 30.0 30.0 30.0 30.0 30.0 30.0 30.0 30.0 0.0
49.5 30.0 30.0 30.0 30.0 30.0 30.0 30.0 30.0 30.0 30.0 0.0
49.6 30.0 30.0 30.0 30.0 30.0 30.0 30.0 30.0 30.0 30.0 0.0
49.7 30.0 30.0 30.0 30.0 30.0 30.0 30.0 30.0 30.0 30.0 0.0
49.8 30.0 30.0 30.0 30.0 30.0 30.0 30.0 30.0 30.0 30.0 0.0
49.9 30.0 30.0 30.0 30.0 30.0 30.0 30.0 30.0 30.0 30.0 0.0
50.0 30.0 30.0 30.0 30.0 30.0 30.0 30.0 30.0 30.0 30.0 0.0
50.1 30.0 30.0 30.0 30.0 30.0 30.0 30.0 30.0 30.0 30.0 0.0
50.2 30.0 30.0 30.0 30.0 30.0 30.0 30.0 30.0 30.0 30.0 0.0
50.3 30.0 30.0 30.0 30.0 30.0 30.0 30.0 30.0 30.0 30.0 0.0
50.4 30.0 30.0 30.0 30.0 30.0 30.0 30.0 30.0 30.0 30.0 0.0
50.5 30.0 30.0 30.0 30.0 30.0 30.0 30.0 30.0 30.0 30.0 0.0
50.6 30.0 30.0 30.0 30.0 30.0 30.0 30.0 30.0 30.0 30.0 0.0
50.7 30.0 30.0 30.0 30.0 30.0 30.0 30.0 30.0 30.0 30.0 0.0
50.8 30.0 30.0 30.0 30.0 30.0 30.0 30.0 30.0 30.0 30.0 0.0
50.9 30.0 30.0 30.0 30.0 30.0 30.0 30.0 30.0 30.0 30.0 0.0
51.0 30.0 30.0 30.0 30.0 30.0 30.0 30.0 30.0 30.0 30.0 0.0
51.1 30.0 30.0 30.0 30.0 30.0 30.0 30.0 30.0 30.0 30.0 0.0
51.2 30.0 30.0 30.0 30.0 30.0 30.0 30.0 30.0 30.0 30.0 0.0
51.3 30.0 30.0 30.0 30.0 30.0 30.0 30.0 30.0 30.0 30.0 0.0
51.4 30.0 30.0 30.0 30.0 30.0 30.0 30.0 30.0 30.0 30.0 0.0
51.5 30.0 30.0 30.0 30.0 30.0 30.0 30.0 30.0 30.0 30.0 0.0
51.6 30.0 30.0 30.0 30.0 30.0 30.0 30.0 30.0 30.0 30.0 0.0
51.7 30.0 30.0 30.0 30.0 30.0 30.0 30.0 30.0 30.0 30.0 0.0
51.8 30.0 30.0 30.0 30.0 30.0 30.0 30.0 30.0 30.0 30.0 0.0
51.9 30.0 30.0 30.0 30.0 30.0 30.0 30.0 30.0 30.0 30.0 0.0
52.0 30.0 30.0 30.0 30.0 30.0 30.0 30.0 30.0 30.0 30.0 0.0
52.1 30.0 30.0 30.0 30.0 30.0 30.0 30.0 30.0 30.0 30.0 0.0
52.2 30.0 30.0 30.0 30.0 30.0 30.0 30.0 30.0 30.0 30.0 0.0
52.3 30.0 30.0 30.0 30.0 30.0 30.0 30.0 30.0 30.0 30.0 0.0
52.4 30.0 30.0 30.0 30.0 30.0 30.0 30.0 30.0 30.0 30.0 0.0
52.5 30.0 30.0 30.0 30.0 30.0 30.0 30.0 30.0 30.0 30.0 0.0
52.6 30.0 30.0 30.0 30.0 30.0 30.0 30.0 30.0 30.0 30.0 0.0
52.7 30.0 30.0 30.0 30.0 30.0 30.0 30.0 30.0 30.0 30.0 0.0
52.8 30.0 30.0 30.0 30.0 30.0 30.0 30.0 30.0 30.0 30.0 0.0
52.9 30.0 30.0 30.0 30.0 30.0 30.0 30.0 30.0 30.0 30.0 0.0
53.0 30.0 30.0 30.0 30.0 30.0 30.0 30.0 30.0 30.0 30.0 0.0
53.1 30.0 30.0 30.0 30.0 30.0 30.0 30.0 30.0 30.0 30.0 0.0
53.2 30.0 30.0 30.0 30.0 30.0 30.0 30.0 30.0 30.0 30.0 0.0
53.3 30.0 30.0 30.0 30.0 30.0 30.0 30.0 30.0 30.0 30.0 0.0
53.4 30.0 30.0 30.0 30.0 30.0 30.0 30.0 30.0 30.0 30.0 0.0
53.5 30.0 30.0 30.0 30.0 30.0 30.0 30.0 30.0 30.0 30.0 0.0
53.6 30.0 30.0 30.0 30.0 30.0 30.0 30.0 30.0 30.0 30.0 0.0
53.7 30.0 30.0 30.0 30.0 30.0 30.0 30.0 30.0 30.0 30.0 0.0
53.8 30.0 30.0 30.0 30.0 30.0 30.0 30.0 30.0 30.0 30.0 0.0
53.9 30.0 30.0 30.0 30.0 30.0 30.0 30.0 30.0 30.0 30.0 0.0
54.0 30.0 30.0 30.0 30.0 30.0 30.0 30.0 30.0 30.0 30.0 0.0
54.1 30.0 30.0 30.0 30.0 30.0 30.0 30.0 30.0 30.0 30.0 0.0
54.2 30.0 30.0 30.0 30.0 30.0 30.0 30.0 30.0 30.0 30.0 0.0
54.3 30.0 30.0 30.0 30.0 30.0 30.0 30.0 30.0 30.0 30.0 0.0
54.4 30.0 30.0 30.0 30.0 30.0 30.0 30.0 30.0 30.0 30.0 0.0
54.5 30.0 30.0 30.0 30.0 30.0 30.0 30.0 30.0 30.0 30.0 0.0
54.6 30.0 30.0 30.0 30.0 30.0 30.0 30.0 30.0 30.0 30.0 0.0
54.7 30.0 30.0 30.0 30.0 30.0 30.0 30.0 30.0 30.0 30.0 0.0
54.8 30.0 30.0 30.0 30.0 30.0 30.0 30.0 30.0 30.0 30.0 0.0
54.9 30.0 30.0 30.0 30.0 30.0 30.0 30.0 30.0 30.0 30.0 0.0
55.0 30.0 30.0 30.0 30.0 30.0 30.0 30.0 30.0 30.0 30.0 0.0
55.1 30.0 30.0 30.0 30.0 30.0 30.0 30.0 30.0 30.0 30.0 0.0
55.2 30.0 30.0 30.0 30.0 30.0 30.0 30.0 30.0 30.0 30.0 0.0
55.3 30.0 30.0 30.0 30.0 30.0 30.0 30.0 30.0 30.0 30.0 0.0
55.4 30.0 30.0 30.0 30.0 30.0 30.0 30.0 30.0 30.0 30.0 0.0
55.5 30.0 30.0 30.0 30.0 30.0 30.0 30.0 30.0 30.0 30.0 0.0
55.6 30.0 30.0 30.0 30.0 30.0 30.0 30.0 30.0 30.0 30.0 0.0
55.7 30.0 30.0 30.0 30.0 30.0 30.0 30.0 30.0 30.0 30.0 0.0
55.8 30.0 30.0 30.0 30.0 30.0 30.0 30.0 30.0 30.0 30.0 0.0
55.9 30.0 30.0 30.0 30.0 30.0 30.0 30.0 30.0 30.0 30.0 0.0
56.0 30.0 30.0 30.0 30.0 30.0 30.0 30.0 30.0 30.0 30.0 0.0
56.1 30.0 30.0 30.0 30.0 30.0 30.0 30.0 30.0 30.0 30.0 0.0
56.2 30.0 30.0 30.0 30.0 30.0 30.0 30.0 30.0 30.0 30.0 0.0
56.3 30.0 30.0 30.0 30.0 30.0 30.0 30.0 30.0 30.0 30.0 0.0
56.4 30.0 30.0 30.0 30.0 30.0 30.0 30.0 30.0 30.0 30.0 0.0
56.5 30.0 30.0 30.0 30.0 30.0 30.0 30.0 30.0 30.0 30.0 0.0
56.6 30.0 30.0 30.0 30.0 30.0 30.0 30.0 30.0 30.0 30.0 0.0
56.7 30.0 30.0 30.0 30.0 30.0 30.0 30.0 30.0 30.0 30.0 0.0
56.8 30.0 30.0 30.0 30.0 30.0 30.0 30.0 30.0 30.0 30.0 0.0
56.9 30.0 30.0 30.0 30.0 30.0 30.0 30.0 30.0 30.0 30.0 0.0
57.0 30.0 30.0 30.0 30.0 30.0 30.0 30.0 30.0 30.0 30.0 0.0
57.1 30.0 30.0 30.0 30.0 30.0 30.0 30.0 30.0 30.0 30.0 0.0
57.2 30.0 30.0 30.0 30.0 30.0 30.0 30.0 30.0 30.0 30.0 0.0
57.3 30.0 30.0 30.0 30.0 30.0 30.0 30.0 30.0 30.0 30.0 0.0
57.4 30.0 30.0 30.0 30.0 30.0 30.0 30.0 30.0 30.0 30.0 0.0
57.5 30.0 30.0 30.0 30.0 30.0 30.0 30.0 30.0 30.0 30.0 0.0
57.6 30.0 30.0 30.0 30.0 30.0 30.0 30.0 30.0 30.0 30.0 0.0
57.7 30.0 30.0 30.0 30.0 30.0 30.0 30.0 30.0 30.0 30.0 0.0
57.8 30.0 30.0 30.0 30.0 30.0 30.0 30.0 30.0 30.0 30.0 0.0
57.9 30.0 30.0 30.0 30.0 30.0 30.0 30.0 30.0 30.0 30.0 0.0
58.0 30.0 30.0 30.0 30.0 30.0 30.0 30.0 30.0 30.0 30.0 0.0
58.1 30.0 30.0 30.0 30.0 30.0 30.0 30.0 30.0 30.0 30.0 0.0
58.2 30.0 30.0 30.0 30.0 30.0 30.0 30.0 30.0 30.0 30.0 0.0
58.3 30.0 30.0 30.0 30.0 30.0 30.0 30.0 30.0 30.0 30.0 0.0
58.4 30.0 30.0 30.0 30.0 30.0 30.0 30.0 30.0 30.0 30.0 0.0
58.5 30.0 30.0 30.0 30.0 30.0 30.0 30.0 30.0 30.0 30.0 0.0
58.6 30.0 30.0 30.0 30.0 30.0 30.0 30.0 30.0 30.0 30.0 0.0
58.7 30.0 30.0 30.0 30.0 30.0 30.0 30.0 30.0 30.0 30.0 0.0
58.8 30.0 30.0 30.0 30.0 30.0 30.0 30.0 30.0 30.0 30.0 0.0
58.9 30.0 30.0 30.0 30.0 30.0 30.0 30.0 30.0 30.0 30.0 0.0
59.0 30.0 30.0 30.0 30.0 30.0 30.0 30.0 30.0 30.0 30.0 0.0
59.1 30.0 30.0 30.0 30.0 30.0 30.0 30.0 30.0 30.0 30.0 0.0
59.2 30.0 30.0 30.0 30.0 30.0 30.0 30.0 30.0 30.0 30.0 0.0
59.3 30.0 30.0 30.0 30.0 30.0 30.0 30.0 30.0 30.0 30.0 0.0
59.4 30.0 30.0 30.0 30.0 30.0 30.0 30.0 30.0 30.0 30.0 0.0
59.5 30.0 30.0 30.0 30.0 30.0 30.0 30.0 30.0 30.0 30.0 0.0
59.6 30.0 30.0 30.0 30.0 30.0 30.0 30.0 30.0 30.0 30.0 0.0
59.7 30.0 30.0 30.0 30.0 30.0 30.0 30.0 30.0 30.0 30.0 0.0
59.8 30.0 30.0 30.0 30.0 30.0 30.0 30.0 30.0 30.0 30.0 0.0
59.9 30.0 30.0 30.0 30.0 30.0 30.0 30.0 30.0 30.0 30.0 0.0
60.0 30.0 30.0 30.0 30.0 30.0 30.0 30.0 30.0 30.0 30.0 0.0
60.1 30.0 30.0 30.0 30.0 30.0 30.0 30.0 30.0 30.0 30.0 0.0
60.2 30.0 30.0 30.0 30.0 30.0 30.0 30.0 30.0 30.0 30.0 0.0
60.3 30.0 30.0 30.0 30.0 30.0 30.0 30.0 30.0 30.0 30.0 0.0
60.4 30.0 30.0 30.0 30.0 30.0 30.0 30.0 30.0 30.0 30.0 0.0
60.5 30.0 30.0 30.0 30.0 30.0 30.0 30.0 30.0 30.0 30.0 0.0
60.6 30.0 30.0 30.0 30.0 30.0 30.0 30.0 30.0 30.0 30.0 0.0
60.7 30.0 30.0 30.0 30.0 30.0 30.0 30.0 30.0 30.0 30.0 0.0
60.8 30.0 30.0 30.0 30.0 30.0 30.0 30.0 30.0 30.0 30.0 0.0
60.9 30.0 30.0 30.0 30.0 30.0 30.0 30.0 30.0 30.0 30.0 0.0
61.0 30.0 30.0 30.0 30.0 30.0 30.0 30.0 30.0 30.0 30.0 0.0
61.1 30.0 30.0 30.0 30.0 30.0 30.0 30.0 30.0 30.0 30.0 0.0
61.2 30.0 30.0 30.0 30.0 30.0 30.0 30.0 30.0 30.0 30.0 0.0
61.3 30.0 30.0 30.0 30.0 30.0 30.0 30.0 30.0 30.0 30.0 0.0
61.4 30.0 30.0 30.0 30.0 30.0 30.0 30.0 30.0 30.0 30.0 0.0
61.5 30.0 30.0 30.0 30.0 30.0 30.0 30.0 30.0 30.0 30.0 0.0
61.6 30.0 30.0 30.0 30.0 30.0 30.0 30.0 30.0 30.0 30.0 0.0
61.7 30.0 30.0 30.0 30.0 30.0 30.0 30.0 30.0 30.0 30.0 0.0
61.8 30.0 30.0 30.0 30.0 30.0 30.0 30.0 30.0 30.0 30.0 0.0
61.9 30.0 30.0 30.0 30.0 30.0 30.0 30.0 30.0 30.0 30.0 0.0
62.0 30.0 30.0 30.0 30.0 30.0 30.0 30.0 30.0 30.0 30.0 0.0
62.1 30.0 30.0 30.0 30.0 30.0 30.0 30.0 30.0 30.0 30.0 0.0
62.2 30.0 30.0 30.0 30.0 30.0 30.0 30.0 30.0 30.0 30.0 0.0
62.3 30.0 30.0 30.0 30.0 30.0 30.0 30.0 30.0 30.0 30.0 0.0
62.4 30.0 30.0 30.0 30.0 30.0 30.0 30.0 30.0 30.0 30.0 0.0
62.5 30.0 30.0 30.0 30.0 30.0 30.0 30.0 30.0 30.0 30.0 0.0
62.6 30.0 30.0 30.0 30.0 30.0 30.0 30.0 30.0 30.0 30.0 0.0
62.7 30.0 30.0 30.0 30.0 30.0 30.0 30.0 30.0 30.0 30.0 0.0
62.8 30.0 30.0 30.0 30.0 30.0 30.0 30.0 30.0 30.0 30.0 0.0
62.9 30.0 30.0 30.0 30.0 30.0 30.0 30.0 30.0 30.0 30.0 0.0
63.0 30.0 30.0 30.0 30.0 30.0 30.0 30.0 30.0 30.0 30.0 0.0
63.1 30.0 30.0 30.0 30.0 30.0 30.0 30.0 30.0 30.0 30.0 0.0
63.2 30.0 30.0 30.0 30.0 30.0 30.0 30.0 30.0 30.0 30.0 0.0
63.3 30.0 30.0 30.0 30.0 30.0 30.0 30.0 30.0 30.0 30.0 0.0
63.4 30.0 30.0 30.0 30.0 30.0 30.0 30.0 30.0 30.0 30.0 0.0
63.5 30.0 30.0 30.0 30.0 30.0 30.0 30.0 30.0 30.0 30.0 0.0
63.6 30.0 30.0 30.0 30.0 30.0 30.0 30.0 30.0 30.0 30.0 0.0
63.7 30.0 30.0 30.0 30.0 30.0 30.0 30.0 30.0 30.0 30.0 0.0
63.8 30.0 30.0 30.0 30.0 30.0 30.0 30.0 30.0 30.0 30.0 0.0
63.9 30.0 30.0 30.0 30.0 30.0 30.0 30.0 30.0 30.0 30.0 0.0
64.0 30.0 30.0 30.0 30.0 30.0 30.0 30.0 30.0 30.0 30.0 0.0
64.1 30.0 30.0 30.0 30.0 30.0 30.0 30.0 30.0 30.0 30.0 0.0
64.2 30.0 30.0 30.0 30.0 30.0 30.0 30.0 30.0 30.0 30.0 0.0
64.3 30.0 30.0 30.0 30.0 30.0 30.0 30.0 30.0 30.0 30.0 0.0
64.4 30.0 30.0 30.0 30.0 30.0 30.0 30.0 30.0 30.0 30.0 0.0
64.5 30.0 30.0 30.0 30.0 30.0 30.0 30.0 30.0 30.0 30.0 0.0
64.6 30.0 30.0 30.0 30.0 30.0 30.0 30.0 30.0 30.0 30.0 0.0
64.7 30.0 30.0 30.0 30.0 30.0 30.0 30.0 30.0 30.0 30.0 0.0
64.8 30.0 30.0 30.0 30.0 30.0 30.0 30.0 30.0 30.0 30.0 0.0
64.9 30.0 30.0 30.0 30.0 30.0 30.0 30.0 30.0 30.0 30.0 0.0
65.0 30.0 30.0 30.0 30.0 30.0 30.0 30.0 30.0 30.0 30.0 0.0
65.1 30.0 30.0 30.0 30.0 30.0 30.0 30.0 30.0 30.0 30.0 0.0
65.2 30.0 30.0 30.0 30.0 30.0 30.0 30.0 30.0 30.0 30.0 0.0
65.3 30.0 30.0 30.0 30.0 30.0 30.0 30.0 30.0 30.0 30.0 0.0
65.4 30.0 30.0 30.0 30.0 30.0 30.0 30.0 30.0 30.0 30.0 0.0
65.5 30.0 30.0 30.0 30.0 30.0 30.0 30.0 30.0 30.0 30.0 0.0
65.6 30.0 30.0 30.0 30.0 30.0 30.0 30.0 30.0 30.0 30.0 0.0
65.7 30.0 30.0 30.0 30.0 30.0 30.0 30.0 30.0 30.0 30.0 0.0
65.8 30.0 30.0 30.0 30.0 30.0 30.0 30.0 30.0 30.0 30.0 0.0
65.9 30.0 30.0 30.0 30.0 30.0 30.0 30.0 30.0 30.0 30.0 0.0
66.0 30.0 30.0 30.0 30.0 30.0 30.0 30.0 30.0 30.0 30.0 0.0
66.1 30.0 30.0 30.0 30.0 30.0 30.0 30.0 30.0 30.0 30.0 0.0
66.2 30.0 30.0 30.0 30.0 30.0 30.0 30.0 30.0 30.0 30.0 0.0
66.3 30.0 30.0 30.0 30.0 30.0 30.0 30.0 30.0 30.0 30.0 0.0
66.4 30.0 30.0 30.0 30.0 30.0 30.0 30.0 30.0 30.0 30.0 0.0
66.5 30.0 30.0 30.0 30.0 30.0 30.0 30.0 30.0 30.0 30.0 0.0
66.6 30.0 30.0 30.0 30.0 30.0 30.0 30.0 30.0 30.0 30.0 0.0
66.7 30.0 30.0 30.0 30.0 30.0 30.0 30.0 30.0 30.0 30.0 0.0
66.8 30.0 30.0 30.0 30.0 30.0 30.0 30.0 30.0 30.0 30.0 0.0
66.9 30.0 30.0 30.0 30.0 30.0 30.0 30.0 30.0 30.0 30.0 0.0
67.0 30.0 30.0 30.0 30.0 30.0 30.0 30.0 30.0 30.0 30.0 0.0
67.1 30.0 30.0 30.0 30.0 30.0 30.0 30.0 30.0 30.0 30.0 0.0
67.2 30.0 30.0 30.0 30.0 30.0 30.0 30.0 30.0 30.0 30.0 0.0
67.3 30.0 30.0 30.0 30.0 30.0 30.0 30.0 30.0 30.0 30.0 0.0
67.4 30.0 30.0 30.0 30.0 30.0 30.0 30.0 30.0 30.0 30.0 0.0
67.5 30.0 30.0 30.0 30.0 30.0 30.0 30.0 30.0 30.0 30.0 0.0
67.6 30.0 30.0 30.0 30.0 30.0 30.0 30.0 30.0 30.0 30.0 0.0
67.7 30.0 30.0 30.0 30.0 30.0 30.0 30.0 30.0 30.0 30.0 0.0
67.8 30.0 30.0 30.0 30.0 30.0 30.0 30.0 30.0 30.0 30.0 0.0
67.9 30.0 30.0 30.0 30.0 30.0 30.0 30.0 30.0 30.0 30.0 0.0
68.0 30.0 30.0 30.0 30.0 30.0 30.0 30.0 30.0 30.0 30.0 0.0
68.1 30.0 30.0 30.0 30.0 30.0 30.0 30.0 30.0 30.0 30.0 0.0
68.2 30.0 30.0 30.0 30.0 30.0 30.0 30.0 30.0 30.0 30.0 0.0
68.3 30.0 30.0 30.0 30.0 30.0 30.0 30.0 30.0 30.0 30.0 0.0
68.4 30.0 30.0 30.0 30.0 30.0 30.0 30.0 30.0 30.0 30.0 0.0
68.5 30.0 30.0 30.0 30.0 30.0 30.0 30.0 30.0 30.0 30.0 0.0
68.6 30.0 30.0 30.0 30.0 30.0 30.0 30.0 30.0 30.0 30.0 0.0
68.7 30.0 30.0 30.0 30.0 30.0 30.0 30.0 30.0 30.0 30.0 0.0
68.8 30.0 30.0 30.0 30.0 30.0 30.0 30.0 30.0 30.0 30.0 0.0
68.9 30.0 30.0 30.0 30.0 30.0 30.0 30.0 30.0 30.0 30.0 0.0
69.0 30.0 30.0 30.0 30.0 30.0 30.0 30.0 30.0 30.0 30.0 0.0
69.1 30.0 30.0 30.0 30.0 30.0 30.0 30.0 30.0 30.0 30.0 0.0
69.2 30.0 30.0 30.0 30.0 30.0 30.0 30.0 30.0 30.0 30.0 0.0
69.3 30.0 30.0 30.0 30.0 30.0 30.0 30.0 30.0 30.0 30.0 0.0
69.4 30.0 30.0 30.0 30.0 30.0 30.0 30.0 30.0 30.0 30.0 0.0
69.5 30.0 30.0 30.0 30.0 30.0 30.0 30.0 30.0 30.0 30.0 0.0
69.6 30.0 30.0 30.0 30.0 30.0 30.0 30.0 30.0 30.0 30.0 0.0
69.7 30.0 30.0 30.0 30.0 30.0 30.0 30.0 30.0 30.0 30.0 0.0
69.8 30.0 30.0 30.0 30.0 30.0 30.0 30.0 30.0 30.0 30.0 0.0
69.9 30.0 30.0 30.0 30.0 30.0 30.0 30.0 30.0 30.0 30.0 0.0
70.0 30.0 30.0 30.0 30.0 30.0 30.0 30.0 30.0 30.0 30.0 0.0
70.1 30.0 30.0 30.0 30.0 30.0 30.0 30.0 30.0 30.0 30.0 0.0
70.2 30.0 30.0 30.0 30.0 30.0 30.0 30.0 30.0 30.0 30.0 0.0
70.3 30.0 30.0 30.0 30.0 30.0 30.0 30.0 30.0 30.0 30.0 0.0
70.4 30.0 30.0 30.0 30.0 30.0 30.0 30.0 30.0 30.0 30.0 0.0
70.5 30.0 30.0 30.0 30.0 30.0 30.0 30.0 30.0 30.0 30.0 0.0
70.6 30.0 30.0 30.0 30.0 30.0 30.0 30.0 30.0 30.0 30.0 0.0
70.7 30.0 30.0 30.0 30.0 30.0 30.0 30.0 30.0 30.0 30.0 0.0
70.8 30.0 30.0 30.0 30.0 30.0 30.0 30.0 30.0 30.0 30.0 0.0
70.9 30.0 30.0 30.0 30.0 30.0 30.0 30.0 30.0 30.0 30.0 0.0
71.0 30.0 30.0 30.0 30.0 30.0 30.0 30.0 30.0 30.0 30.0 0.0
71.1 30.0 30.0 30.0 30.0 30.0 30.0 30.0 30.0 30.0 30.0 0.0
71.2 30.0 30.0 30.0 30.0 30.0 30.0 30.0 30.0 30.0 30.0 0.0
71.3 30.0 30.0 30.0 30.0 30.0 30.0 30.0 30.0 30.0 30.0 0.0
71.4 30.0 30.0 30.0 30.0 30.0 30.0 30.0 30.0 30.0 30.0 0.0
71.5 30.0 30.0 30.0 30.0 30.0 30.0 30.0 30.0 30.0 30.0 0.0
71.6 30.0 30.0 30.0 30.0 30.0 30.0 30.0 30.0 30.0 30.0 0.0
71.7 30.0 30.0 30.0 30.0 30.0 30.0 30.0 30.0 30.0 30.0 0.0
71.8 30.0 30.0 30.0 30.0 30.0 30.0 30.0 30.0 30.0 30.0 0.0
71.9 30.0 30.0 30.0 30.0 30.0 30.0 30.0 30.0 30.0 30.0 0.0
72.0 30.0 30.0 30.0 30.0 30.0 30.0 30.0 30.0 30.0 30.0 0.0
72.1 30.0 30.0 30.0 30.0 30.0 30.0 30.0 30.0 30.0 30.0 0.0
72.2 30.0 30.0 30.0 30.0 30.0 30.0 30.0 30.0 30.0 30.0 0.0
72.3 30.0 30.0 30.0 30.0 30.0 30.0 30.0 30.0 30.0 30.0 0.0
72.4 30.0 30.0 30.0 30.0 30.0 30.0 30.0 30.0 30.0 30.0 0.0
72.5 30.0 30.0 30.0 30.0 30.0 30.0 30.0 30.0 30.0 30.0 0.0
72.6 30.0 30.0 30.0 30.0 30.0 30.0 30.0 30.0 30.0 30.0 0.0
72.7 30.0 30.0 30.0 30.0 30.0 30.0 30.0 30.0 30.0 30.0 0.0
72.8 30.0 30.0 30.0 30.0 30.0 30.0 30.0 30.0 30.0 30.0 0.0
72.9 30.0 30.0 30.0 30.0 30.0 30.0 30.0 30.0 30.0 30.0 0.0
73.0 30.0 30.0 30.0 30.0 30.0 30.0 30.0 30.0 30.0 30.0 0.0
73.1 30.0 30.0 30.0 30.0 30.0 30.0 30.0 30.0 30.0 30.0 0.0
73.2 30.0 30.0 30.0 30.0 30.0 30.0 30.0 30.0 30.0 30.0 0.0
73.3 30.0 30.0 30.0 30.0 30.0 30.0 30.0 30.0 30.0 30.0 0.0
73.4 30.0 30.0 30.0 30.0 30.0 30.0 30.0 30.0 30.0 30.0 0.0
73.5 30.0 30.0 30.0 30.0 30.0 30.0 30.0 30.0 30.0 30.0 0.0
73.6 30.0 30.0 30.0 30.0 30.0 30.0 30.0 30.0 30.0 30.0 0.0
73.7 30.0 30.0 30.0 30.0 30.0 30.0 30.0 30.0 30.0 30.0 0.0
73.8 30.0 30.0 30.0 30.0 30.0 30.0 30.0 30.0 30.0 30.0 0.0
73.9 30.0 30.0 30.0 30.0 30.0 30.0 30.0 30.0 30.0 30.0 0.0
74.0 30.0 30.0 30.0 30.0 30.0 30.0 30.0 30.0 30.0 30.0 0.0
74.1 30.0 30.0 30.0 30.0 30.0 30.0 30.0 30.0 30.0 30.0 0.0
74.2 30.0 30.0 30.0 30.0 30.0 30.0 30.0 30.0 30.0 30.0 0.0
74.3 30.0 30.0 30.0 30.0 30.0 30.0 30.0 30.0 30.0 30.0 0.0
74.4 30.0 30.0 30.0 30.0 30.0 30.0 30.0 30.0 30.0 30.0 0.0
74.5 30.0 30.0 30.0 30.0 30.0 30.0 30.0 30.0 30.0 30.0 0.0
74.6 30.0 30.0 30.0 30.0 30.0 30.0 30.0 30.0 30.0 30.0 0.0
74.7 30.0 30.0 30.0 30.0 30.0 30.0 30.0 30.0 30.0 30.0 0.0
74.8 30.0 30.0 30.0 30.0 30.0 30.0 30.0 30.0 30.0 30.0 0.0
74.9 30.0 30.0 30.0 30.0 30.0 30.0 30.0 30.0 30.0 30.0 0.0
75.0 30.0 30.0 30.0 30.0 30.0 30.0 30.0 30.0 30.0 30.0 0.0
75.1 30.0 30.0 30.0 30.0 30.0 30.0 30.0 30.0 30.0 30.0 0.0
75.2 30.0 30.0 30.0 30.0 30.0 30.0 30.0 30.0 30.0 30.0 0.0
75.3 30.0 30.0 30.0 30.0 30.0 30.0 30.0 30.0 30.0 30.0 0.0
75.4 30.0 30.0 30.0 30.0 30.0 30.0 30.0 30.0 30.0 30.0 0.0
75.5 30.0 30.0 30.0 30.0 30.0 30.0 30.0 30.0 30.0 30.0 0.0
75.6 30.0 30.0 30.0 30.0 30.0 30.0 30.0 30.0 30.0 30.0 0.0
75.7 30.0 30.0 30.0 30.0 30.0 30.0 30.0 30.0 30.0 30.0 0.0
75.8 30.0 30.0 30.0 30.0 30.0 30.0 30.0 30.0 30.0 30.0 0.0
75.9 30.0 30.0 30.0 30.0 30.0 30.0 30.0 30.0 30.0 30.0 0.0
76.0 30.0 30.0 30.0 30.0 30.0 30.0 30.0 30.0 30.0 30.0 0.0
76.1 30.0 30.0 30.0 30.0 30.0 30.0 30.0 30.0 30.0 30.0 0.0
76.2 30.0 30.0 30.0 30.0 30.0 30.0 30.0 30.0 30.0 30.0 0.0
76.3 30.0 30.0 30.0 30.0 30.0 30.0 30.0 30.0 30.0 30.0 0.0
76.4 30.0 30.0 30.0 30.0 30.0 30.0 30.0 30.0 30.0 30.0 0.0
76.5 30.0 30.0 30.0 30.0 30.0 30.0 30.0 30.0 30.0 30.0 0.0
76.6 30.0 30.0 30.0 30.0 30.0 30.0 30.0 30.0 30.0 30.0 0.0
76.7 30.0 30.0 30.0 30.0 30.0 30.0 30.0 30.0 30.0 30.0 0.0
76.8 30.0 30.0 30.0 30.0 30.0 30.0 30.0 30.0 30.0 30.0 0.0
76.9 30.0 30.0 30.0 30.0 30.0 30.0 30.0 30.0 30.0 30.0 0.0
77.0 30.0 30.0 30.0 30.0 30.0 30.0 30.0 30.0 30.0 30.0 0.0
77.1 30.0 30.0 30.0 30.0 30.0 30.0 30.0 30.0 30.0 30.0 0.0
77.2 30.0 30.0 30.0 30.0 30.0 30.0 30.0 30.0 30.0 30.0 0.0
77.3 30.0 30.0 30.0 30.0 30.0 30.0 30.0 30.0 30.0 30.0 0.0
77.4 30.0 30.0 30.0 30.0 30.0 30.0 30.0 30.0 30.0 30.0 0.0
77.5 30.0 30.0 30.0 30.0 30.0 30.0 30.0 30.0 30.0 30.0 0.0
77.6 30.0 30.0 30.0 30.0 30.0 30.0 30.0 30.0 30.0 30.0 0.0
77.7 30.0 30.0 30.0 30.0 30.0 30.0 30.0 30.0 30.0 30.0 0.0
77.8 30.0 30.0 30.0 30.0 30.0 30.0 30.0 30.0 30.0 30.0 0.0
77.9 30.0 30.0 30.0 30.0 30.0 30.0 30.0 30.0 30.0 30.0 0.0
78.0 30.0 30.0 30.0 30.0 30.0 30.0 30.0 30.0 30.0 30.0 0.0
78.1 30.0 30.0 30.0 30.0 30.0 30.0 30.0 30.0 30.0 30.0 0.0
78.2 30.0 30.0 30.0 30.0 30.0 30.0 30.0 30.0 30.0 30.0 0.0
78.3 30.0 30.0 30.0 30.0 30.0 30.0 30.0 30.0 30.0 30.0 0.0
78.4 30.0 30.0 30.0 30.0 30.0 30.0 30.0 30.0 30.0 30.0 0.0
78.5 30.0 30.0 30.0 30.0 30.0 30.0 30.0 30.0 30.0 30.0 0.0
78.6 30.0 30.0 30.0 30.0 30.0 30.0 30.0 30.0 30.0 30.0 0.0
78.7 30.0 30.0 30.0 30.0 30.0 30.0 30.0 30.0 30.0 30.0 0.0
78.8 30.0 30.0 30.0 30.0 30.0 30.0 30.0 30.0 30.0 30.0 0.0
78.9 30.0 30.0 30.0 30.0 30.0 30.0 30.0 30.0 30.0 30.0 0.0
79.0 30.0 30.0 30.0 30.0 30.0 30.0 30.0 30.0 30.0 30.0 0.0
79.1 30.0 30.0 30.0 30.0 30.0 30.0 30.0 30.0 30.0 30.0 0.0
79.2 30.0 30.0 30.0 30.0 30.0 30.0 30.0 30.0 30.0 30.0 0.0
79.3 30.0 30.0 30.0 30.0 30.0 30.0 30.0 30.0 30.0 30.0 0.0
79.4 30.0 30.0 30.0 30.0 30.0 30.0 30.0 30.0 30.0 30.0 0.0
79.5 30.0 30.0 30.0 30.0 30.0 30.0 30.0 30.0 30.0 30.0 0.0
79.6 30.0 30.0 30.0 30.0 30.0 30.0 30.0 30.0 30.0 30.0 0.0
79.7 30.0 30.0 30.0 30.0 30.0 30.0 30.0 30.0 30.0 30.0 0.0
79.8 30.0 30.0 30.0 30.0 30.0 30.0 30.0 30.0 30.0 30.0 0.0
79.9 30.0 30.0 30.0 30.0 30.0 30.0 30.0 30.0 30.0 30.0 0.0
80.0 30.0 30.0 30.0 30.0 30.0 30.0 30.0 30.0 30.0 30.0 0.0
80.1 30.0 30.0 30.0 30.0 30.0 30.0 30.0 30.0 30.0 30.0 0.0
80.2 30.0 30.0 30.0 30.0 30.0 30.0 30.0 30.0 30.0 30.0 0.0
80.3 30.0 30.0 30.0 30.0 30.0 30.0 30.0 30.0 30.0 30.0 0.0
80.4 30.0 30.0 30.0 30.0 30.0 30.0 30.0 30.0 30.0 30.0 0.0
80.5 30.0 30.0 30.0 30.0 30.0 30.0 30.0 30.0 30.0 30.0 0.0
80.6 30.0 30.0 30.0 30.0 30.0 30.0 30.0 30.0 30.0 30.0 0.0
80.7 30.0 30.0 30.0 30.0 30.0 30.0 30.0 30.0 30.0 30.0 0.0
80.8 30.0 30.0 30.0 30.0 30.0 30.0 30.0 30.0 30.0 30.0 0.0
80.9 30.0 30.0 30.0 30.0 30.0 30.0 30.0 30.0 30.0 30.0 0.0
81.0 30.0 30.0 30.0 30.0 30.0 30.0 30.0 30.0 30.0 30.0 0.0
81.1 30.0 30.0 30.0 30.0 30.0 30.0 30.0 30.0 30.0 30.0 0.0
81.2 30.0 30.0 30.0 30.0 30.0 30.0 30.0 30.0 30.0 30.0 0.0
81.3 30.0 30.0 30.0 30.0 30.0 30.0 30.0 30.0 30.0 30.0 0.0
81.4 30.0 30.0 30.0 30.0 30.0 30.0 30.0 30.0 30.0 30.0 0.0
81.5 30.0 30.0 30.0 30.0 30.0 30.0 30.0 30.0 30.0 30.0 0.0
81.6 30.0 30.0 30.0 30.0 30.0 30.0 30.0 30.0 30.0 30.0 0.0
81.7 30.0 30.0 30.0 30.0 30.0 30.0 30.0 30.0 30.0 30.0 0.0
81.8 30.0 30.0 30.0 30.0 30.0 30.0 30.0 30.0 30.0 30.0 0.0
81.9 30.0 30.0 30.0 30.0 30.0 30.0 30.0 30.0 30.0 30.0 0.0
82.0 30.0 30.0 30.0 30.0 30.0 30.0 30.0 30.0 30.0 30.0 0.0
82.1 30.0 30.0 30.0 30.0 30.0 30.0 30.0 30.0 30.0 30.0 0.0
82.2 30.0 30.0 30.0 30.0 30.0 30.0 30.0 30.0 30.0 30.0 0.0
82.3 30.0 30.0 30.0 30.0 30.0 30.0 30.0 30.0 30.0 30.0 0.0
82.4 30.0 30.0 30.0 30.0 30.0 30.0 30.0 30.0 30.0 30.0 0.0
82.5 30.0 30.0 30.0 30.0 30.0 30.0 30.0 30.0 30.0 30.0 0.0
82.6 30.0 30.0 30.0 30.0 30.0 30.0 30.0 30.0 30.0 30.0 0.0
82.7 30.0 30.0 30.0 30.0 30.0 30.0 30.0 30.0 30.0 30.0 0.0
82.8 30.0 30.0 30.0 30.0 30.0 30.0 30.0 30.0 30.0 30.0 0.0
82.9 30.0 30.0 30.0 30.0 30.0 30.0 30.0 30.0 30.0 30.0 0.0
83.0 30.0 30.0 30.0 30.0 30.0 30.0 30.0 30.0 30.0 30.0 0.0
83.1 30.0 30.0 30.0 30.0 30.0 30.0 30.0 30.0 30.0 30.0 0.0
83.2 30.0 30.0 30.0 30.0 30.0 30.0 30.0 30.0 30.0 30.0 0.0
83.3 30.0 30.0 30.0 30.0 30.0 30.0 30.0 30.0 30.0 30.0 0.0
83.4 30.0 30.0 30.0 30.0 30.0 30.0 30.0 30.0 30.0 30.0 0.0
83.5 30.0 30.0 30.0 30.0 30.0 30.0 30.0 30.0 30.0 30.0 0.0
83.6 30.0 30.0 30.0 30.0 30.0 30.0 30.0 30.0 30.0 30.0 0.0
83.7 30.0 30.0 30.0 30.0 30.0 30.0 30.0 30.0 30.0 30.0 0.0
83.8 30.0 30.0 30.0 30.0 30.0 30.0 30.0 30.0 30.0 30.0 0.0
83.9 30.0 30.0 30.0 30.0 30.0 30.0 30.0 30.0 30.0 30.0 0.0
84.0 30.0 30.0 30.0 30.0 30.0 30.0 30.0 30.0 30.0 30.0 0.0
84.1 30.0 30.0 30.0 30.0 30.0 30.0 30.0 30.0 30.0 30.0 0.0
84.2 30.0 30.0 30.0 30.0 30.0 30.0 30.0 30.0 30.0 30.0 0.0
84.3 30.0 30.0 30.0 30.0 30.0 30.0 30.0 30.0 30.0 30.0 0.0
84.4 30.0 30.0 30.0 30.0 30.0 30.0 30.0 30.0 30.0 30.0 0.0
84.5 30.0 30.0 30.0 30.0 30.0 30.0 30.0 30.0 30.0 30.0 0.0
84.6 30.0 30.0 30.0 30.0 30.0 30.0 30.0 30.0 30.0 30.0 0.0
84.7 30.0 30.0 30.0 30.0 30.0 30.0 30.0 30.0 30.0 30.0 0.0
84.8 30.0 30.0 30.0 30.0 30.0 30.0 30.0 30.0 30.0 30.0 0.0
84.9 30.0 30.0 30.0 30.0 30.0 30.0 30.0 30.0 30.0 30.0 0.0
85.0 30.0 30.0 30.0 30.0 30.0 30.0 30.0 30.0 30.0 30.0 0.0
85.1 30.0 30.0 30.0 30.0 30.0 30.0 30.0 30.0 30.0 30.0 0.0
85.2 30.0 30.0 30.0 30.0 30.0 30.0 30.0 30.0 30.0 30.0 0.0
85.3 30.0 30.0 30.0 30.0 30.0 30.0 30.0 30.0 30.0 30.0 0.0
85.4 30.0 30.0 30.0 30.0 30.0 30.0 30.0 30.0 30.0 30.0 0.0
85.5 30.0 30.0 30.0 30.0 30.0 30.0 30.0 30.0 30.0 30.0 0.0
85.6 30.0 30.0 30.0 30.0 30.0 30.0 30.0 30.0 30.0 30.0 0.0
85.7 30.0 30.0 30.0 30.0 30.0 30.0 30.0 30.0 30.0 30.0 0.0
85.8 30.0 30.0 30.0 30.0 30.0 30.0 30.0 30.0 30.0 30.0 0.0
85.9 30.0 30.0 30.0 30.0 30.0 30.0 30.0 30.0 30.0 30.0 0.0
86.0 30.0 30.0 30.0 30.0 30.0 30.0 30.0 30.0 30.0 30.0 0.0
86.1 30.0 30.0 30.0 30.0 30.0 30.0 30.0 30.0 30.0 30.0 0.0
86.2 30.0 30.0 30.0 30.0 30.0 30.0 30.0 30.0 30.0 30.0 0.0
86.3 30.0 30.0 30.0 30.0 30.0 30.0 30.0 30.0 30.0 30.0 0.0
86.4 30.0 30.0 30.0 30.0 30.0 30.0 30.0 30.0 30.0 30.0 0.0
86.5 30.0 30.0 30.0 30.0 30.0 30.0 30.0 30.0 30.0 30.0 0.0
86.6 30.0 30.0 30.0 30.0 30.0 30.0 30.0 30.0 30.0 30.0 0.0
86.7 30.0 30.0 30.0 30.0 30.0 30.0 30.0 30.0 30.0 30.0 0.0
86.8 30.0 30.0 30.0 30.0 30.0 30.0 30.0 30.0 30.0 30.0 0.0
86.9 30.0 30.0 30.0 30.0 30.0 30.0 30.0 30.0 30.0 30.0 0.0
87.0 30.0 30.0 30.0 30.0 30.0 30.0 30.0 30.0 30.0 30.0 0.0
87.1 30.0 30.0 30.0 30.0 30.0 30.0 30.0 30.0 30.0 30.0 0.0
87.2 30.0 30.0 30.0 30.0 30.0 30.0 30.0 30.0 30.0 30.0 0.0
87.3 30.0 30.0 30.0 30.0 30.0 30.0 30.0 30.0 30.0 30.0 0.0
87.4 30.0 30.0 30.0 30.0 30.0 30.0 30.0 30.0 30.0 30.0 0.0
87.5 30.0 30.0 30.0 30.0 30.0 30.0 30.0 30.0 30.0 30.0 0.0
87.6 30.0 30.0 30.0 30.0 30.0 30.0 30.0 30.0 30.0 30.0 0.0
87.7 30.0 30.0 30.0 30.0 30.0 30.0 30.0 30.0 30.0 30.0 0.0
87.8 30.0 30.0 30.0 30.0 30.0 30.0 30.0 30.0 30.0 30.0 0.0
87.9 30.0 30.0 30.0 30.0 30.0 30.0 30.0 30.0 30.0 30.0 0.0
88.0 30.0 30.0 30.0 30.0 30.0 30.0 30.0 30.0 30.0 30.0 0.0
88.1 30.0 30.0 30.0 30.0 30.0 30.0 30.0 30.0 30.0 30.0 0.0
88.2 30.0 30.0 30.0 30.0 30.0 30.0 30.0 30.0 30.0 30.0 0.0
88.3 30.0 30.0 30.0 30.0 30.0 30.0 30.0 30.0 30.0 30.0 0.0
88.4 30.0 30.0 30.0 30.0 30.0 30.0 30.0 30.0 30.0 30.0 0.0
88.5 30.0 30.0 30.0 30.0 30.0 30.0 30.0 30.0 30.0 30.0 0.0
88.6 30.0 30.0 30.0 30.0 30.0 30.0 30.0 30.0 30.0 30.0 0.0
88.7 30.0 30.0 30.0 30.0 30.0 30.0 30.0 30.0 30.0 30.0 0.0
88.8 30.0 30.0 30.0 30.0 30.0 30.0 30.0 30.0 30.0 30.0 0.0
88.9 30.0 30.0 30.0 30.0 30.0 30.0 30.0 30.0 30.0 30.0 0.0
89.0 30.0 30.0 30.0 30.0 30.0 30.0 30.0 30.0 30.0 30.0 0.0
89.1 30.0 30.0 30.0 30.0 30.0 30.0 30.0 30.0 30.0 30.0 0.0
89.2 30.0 30.0 30.0 30.0 30.0 30.0 30.0 30.0 30.0 30.0 0.0
89.3 30.0 30.0 30.0 30.0 30.0 30.0 30.0 30.0 30.0 30.0 0.0
89.4 30.0 30.0 30.0 30.0 30.0 30.0 30.0 30.0 30.0 30.0 0.0
89.5 30.0 30.0 30.0 30.0 30.0 30.0 30.0 30.0 30.0 30.0 0.0
89.6 30.0 30.0 30.0 30.0 30.0 30.0 30.0 30.0 30.0 30.0 0.0
89.7 30.0 30.0 30.0 30.0 30.0 30.0 30.0 30.0 30.0 30.0 0.0
89.8 30.0 30.0 30.0 30.0 30.0 30.0 30.0 30.0 30.0 30.0 0.0
89.9 30.0 30.0 30.0 30.0 30.0 30.0 30.0 30.0 30.0 30.0 0.0
90.0 30.0 30.0 30.0 30.0 30.0 30.0 30.0 30.0 30.0 30.0 0.0
90.1 30.0 30.0 30.0 30.0 30.0 30.0 30.0 30.0 30.0 30.0 0.0
90.2 30.0 30.0 30.0 30.0 30.0 30.0 30.0 30.0 30.0 30.0 0.0
90.3 30.0 30.0 30.0 30.0 30.0 30.0 30.0 30.0 30.0 30.0 0.0
90.4 30.0 30.0 30.0 30.0 30.0 30.0 30.0 30.0 30.0 30.0 0.0
90.5 30.0 30.0 30.0 30.0 30.0 30.0 30.0 30.0 30.0 30.0 0.0
90.6 30.0 30.0 30.0 30.0 30.0 30.0 30.0 30.0 30.0 30.0 0.0
90.7 30.0 30.0 30.0 30.0 30.0 30.0 30.0 30.0 30.0 30.0 0.0
90.8 30.0 30.0 30.0 30.0 30.0 30.0 30.0 30.0 30.0 30.0 0.0
90.9 30.0 30.0 30.0 30.0 30.0 30.0 30.0 30.0 30.0 30.0 0.0
91.0 30.0 30.0 30.0 30.0 30.0 30.0 30.0 30.0 30.0 30.0 0.0
91.1 30.0 30.0 30.0 30.0 30.0 30.0 30.0 30.0 30.0 30.0 0.0
91.2 30.0 30.0 30.0 30.0 30.0 30.0 30.0 30.0 30.0 30.0 0.0
91.3 30.0 30.0 30.0 30.0 30.0 30.0 30.0 30.0 30.0 30.0 0.0
91.4 30.0 30.0 30.0 30.0 30.0 30.0 30.0 30.0 30.0 30.0 0.0
91.5 30.0 30.0 30.0 30.0 30.0 30.0 30.0 30.0 30.0 30.0 0.0
91.6 30.0 30.0 30.0 30.0 30.0 30.0 30.0 30.0 30.0 30.0 0.0
91.7 30.0 30.0 30.0 30.0 30.0 30.0 30.0 30.0 30.0 30.0 0.0
91.8 30.0 30.0 30.0 30.0 30.0 30.0 30.0 30.0 30.0 30.0 0.0
91.9 30.0 30.0 30.0 30.0 30.0 30.0 30.0 30.0 30.0 30.0 0.0
92.0 30.0 30.0 30.0 30.0 30.0 30.0 30.0 30.0 30.0 30.0 0.0
92.1 30.0 30.0 30.0 30.0 30.0 30.0 30.0 30.0 30.0 30.0 0.0
92.2 30.0 30.0 30.0 30.0 30.0 30.0 30.0 30.0 30.0 30.0 0.0
92.3 30.0 30.0 30.0 30.0 30.0 30.0 30.0 30.0 30.0 30.0 0.0
92.4 30.0 30.0 30.0 30.0 30.0 30.0 30.0 30.0 30.0 30.0 0.0
92.5 30.0 30.0 30.0 30.0 30.0 30.0 30.0 30.0 30.0 30.0 0.0
92.6 30.0 30.0 30.0 30.0 30.0 30.0 30.0 30.0 30.0 30.0 0.0
92.7 30.0 30.0 30.0 30.0 30.0 30.0 30.0 30.0 30.0 30.0 0.0
92.8 30.0 30.0 30.0 30.0 30.0 30.0 30.0 30.0 30.0 30.0 0.0
92.9 30.0 30.0 30.0 30.0 30.0 30.0 30.0 30.0 30.0 30.0 0.0
93.0 30.0 30.0 30.0 30.0 30.0 30.0 30.0 30.0 30.0 30.0 0.0
93.1 30.0 30.0 30.0 30.0 30.0 30.0 30.0 30.0 30.0 30.0 0.0
93.2 30.0 30.0 30.0 30.0 30.0 30.0 30.0 30.0 30.0 30.0 0.0
93.3 30.0 30.0 30.0 30.0 30.0 30.0 30.0 30.0 30.0 30.0 0.0
93.4 30.0 30.0 30.0 30.0 30.0 30.0 30.0 30.0 30.0 30.0 0.0
93.5 30.0 30.0 30.0 30.0 30.0 30.0 30.0 30.0 30.0 30.0 0.0
93.6 30.0 30.0 30.0 30.0 30.0 30.0 30.0 30.0 30.0 30.0 0.0
93.7 30.0 30.0 30.0 30.0 30.0 30.0 30.0 30.0 30.0 30.0 0.0
93.8 30.0 30.0 30.0 30.0 30.0 30.0 30.0 30.0 30.0 30.0 0.0
93.9 30.0 30.0 30.0 30.0 30.0 30.0 30.0 30.0 30.0 30.0 0.0
94.0 30.0 30.0 30.0 30.0 30.0 30.0 30.0 30.0 30.0 30.0 0.0
94.1 30.0 30.0 30.0 30.0 30.0 30.0 30.0 30.0 30.0 30.0 0.0
94.2 30.0 30.0 30.0 30.0 30.0 30.0 30.0 30.0 30.0 30.0 0.0
94.3 30.0 30.0 30.0 30.0 30.0 30.0 30.0 30.0 30.0 30.0 0.0
94.4 30.0 30.0 30.0 30.0 30.0 30.0 30.0 30.0 30.0 30.0 0.0
94.5 30.0 30.0 30.0 30.0 30.0 30.0 30.0 30.0 30.0 30.0 0.0
94.6 30.0 30.0 30.0 30.0 30.0 30.0 30.0 30.0 30.0 30.0 0.0
94.7 30.0 30.0 30.0 30.0 30.0 30.0 30.0 30.0 30.0 30.0 0.0
94.8 30.0 30.0 30.0 30.0 30.0 30.0 30.0 30.0 30.0 30.0 0.0
94.9 30.0 30.0 30.0 30.0 30.0 30.0 30.0 30.0 30.0 30.0 0.0
95.0 30.0 30.0 30.0 30.0 30.0 30.0 30.0 30.0 30.0 30.0 0.0
95.1 30.0 30.0 30.0 30.0 30.0 30.0 30.0 30.0 30.0 30.0 0.0
95.2 30.0 30.0 30.0 30.0 30.0 30.0 30.0 30.0 30.0 30.0 0.0
95.3 30.0 30.0 30.0 30.0 30.0 30.0 30.0 30.0 30.0 30.0 0.0
95.4 30.0 30.0 30.0 30.0 30.0 30.0 30.0 30.0 30.0 30.0 0.0
95.5 30.0 30.0 30.0 30.0 30.0 30.0 30.0 30.0 30.0 30.0 0.0
95.6 30.0 30.0 30.0 30.0 30.0 30.0 30.0 30.0 30.0 30.0 0.0
95.7 30.0 30.0 30.0 30.0 30.0 30.0 30.0 30.0 30.0 30.0 0.0
95.8 30.0 30.0 30.0 30.0 30.0 30.0 30.0 30.0 30.0 30.0 0.0
95.9 30.0 30.0 30.0 30.0 30.0 30.0 30.0 30.0 30.0 30.0 0.0
96.0 30.0 30.0 30.0 30.0 30.0 30.0 30.0 30.0 30.0 30.0 0.0
96.1 30.0 30.0 30.0 30.0 30.0 30.0 30.0 30.0 30.0 30.0 0.0
96.2 30.0 30.0 30.0 30.0 30.0 30.0 30.0 30.0 30.0 30.0 0.0
96.3 30.0 30.0 30.0 30.0 30.0 30.0 30.0 30.0 30.0 30.0 0.0
96.4 30.0 30.0 30.0 30.0 30.0 30.0 30.0 30.0 30.0 30.0 0.0
96.5 30.0 30.0 30.0 30.0 30.0 30.0 30.0 30.0 30.0 30.0 0.0
96.6 30.0 30.0 30.0 30.0 30.0 30.0 30.0 30.0 30.0 30.0 0.0
96.7 30.0 30.0 30.0 30.0 30.0 30.0 30.0 30.0 30.0 30.0 0.0
96.8 30.0 30.0 30.0 30.0 30.0 30.0 30.0 30.0 30.0 30.0 0.0
96.9 30.0 30.0 30.0 30.0 30.0 30.0 30.0 30.0 30.0 30.0 0.0
97.0 30.0 30.0 30.0 30.0 30.0 30.0 30.0 30.0 30.0 30.0 0.0
97.1 30.0 30.0 30.0 30.0 30.0 30.0 30.0 30.0 30.0 30.0 0.0
97.2 30.0 30.0 30.0 30.0 30.0 30.0 30.0 30.0 30.0 30.0 0.0
97.3 30.0 30.0 30.0 30.0 30.0 30.0 30.0 30.0 30.0 30.0 0.0
97.4 30.0 30.0 30.0 30.0 30.0 30.0 30.0 30.0 30.0 30.0 0.0
97.5 30.0 30.0 30.0 30.0 30.0 30.0 30.0 30.0 30.0 30.0 0.0
97.6 30.0 30.0 30.0 30.0 30.0 30.0 30.0 30.0 30.0 30.0 0.0
97.7 30.0 30.0 30.0 30.0 30.0 30.0 30.0 30.0 30.0 30.0 0.0
97.8 30.0 30.0 30.0 30.0 30.0 30.0 30.0 30.0 30.0 30.0 0.0
97.9 30.0 30.0 30.0 30.0 30.0 30.0 30.0 30.0 30.0 30.0 0.0
98.0 30.0 30.0 30.0 30.0 30.0 30.0 30.0 30.0 30.0 30.0 0.0
98.1 30.0 30.0 30.0 30.0 30.0 30.0 30.0 30.0 30.0 30.0 0.0
98.2 30.0 30.0 30.0 30.0 30.0 30.0 30.0 30.0 30.0 30.0 0.0
98.3 30.0 30.0 30.0 30.0 30.0 30.0 30.0 30.0 30.0 30.0 0.0
98.4 30.0 30.0 30.0 30.0 30.0 30.0 30.0 30.0 30.0 30.0 0.0
98.5 30.0 30.0 30.0 30.0 30.0 30.0 30.0 30.0 30.0 30.0 0.0
98.6 30.0 30.0 30.0 30.0 30.0 30.0 30.0 30.0 30.0 30.0 0.0
98.7 30.0 30.0 30.0 30.0 30.0 30.0 30.0 30.0 30.0 30.0 0.0
98.8 30.0 30.0 30.0 30.0 30.0 30.0 30.0 30.0 30.0 30.0 0.0
98.9 30.0 30.0 30.0 30.0 30.0 30.0 30.0 30.0 30.0 30.0 0.0
99.0 30.0 30.0 30.0 30.0 30.0 30.0 30.0 30.0 30.0 30.0 0.0
99.1 30.0 30.0 30.0 30.0 30.0 30.0 30.0 30.0 30.0 30.0 0.0
99.2 30.0 30.0 30.0 30.0 30.0 30.0 30.0 30.0 30.0 30.0 0.0
99.3 30.0 30.0 30.0 30.0 30.0 30.0 30.0 30.0 30.0 30.0 0.0
99.4 30.0 30.0 30.0 30.0 30.0 30.0 30.0 30.0 30.0 30.0 0.0
99.5 30.0 30.0 30.0 30.0 30.0 30.0 30.0 30.0 30.0 30.0 0.0
99.6 30.0 30.0 30.0 30.0 30.0 30.0 30.0 30.0 30.0 30.0 0.0
99.7 30.0 30.0 30.0 30.0 30.0 30.0 30.0 30.0 30.0 30.0 0.0
99.8 30.0 30.0 30.0 30.0 30.0 30.0 30.0 30.0 30.0 30.0 0.0
99.9 30.0 30.0 30.0 30.0 30.0 30.0 30.0 30.0 30.0 30.0 0.0
