0.0 30.0 30.0 30.0 30.0 30.0 30.0 30.0 30.0 30.0 30.0 30.0
0.1 30.0 30.0 30.0 30.0 30.0 30.0 30.0 30.0 30.0 30.0 30.0
0.2 30.0 30.0 30.0 30.0 30.0 30.0 30.0 30.0 30.0 30.0 30.0
0.3 30.0 30.0 30.0 30.0 30.0 30.0 30.0 30.0 30.0 30.0 30.0
0.4 30.0 30.0 30.0 30.0 30.0 30.0 30.0 30.0 30.0 30.0 30.0
0.5 30.0 30.0 30.0 30.0 30.0 30.0 30.0 30.0 30.0 30.0 30.0
0.6 30.0 30.0 30.0 30.0 30.0 30.0 30.0 30.0 30.0 30.0 30.0
0.7 30.0 30.0 30.0 30.0 30.0 30.0 30.0 30.0 30.0 30.0 30.0
0.8 30.0 30.0 30.0 30.0 30.0 30.0 30.0 30.0 30.0 30.0 30.0
0.9 30.0 30.0 30.0 30.0 30.0 30.0 30.0 30.0 30.0 30.0 30.0
1.0 30.0 30.0 30.0 30.0 30.0 30.0 30.0 30.0 30.0 30.0 30.0
1.1 30.0 30.0 30.0 30.0 30.0 30.0 30.0 30.0 30.0 30.0 30.0
1.2 30.0 30.0 30.0 30.0 30.0 30.0 30.0 30.0 30.0 30.0 30.0
1.3 30.0 30.0 30.0 30.0 30.0 30.0 30.0 30.0 30.0 30.0 30.0
1.4 30.0 30.0 30.0 30.0 30.0 30.0 30.0 30.0 30.0 30.0 30.0
1.5 30.0 30.0 30.0 30.0 30.0 30.0 30.0 30.0 30.0 30.0 30.0
1.6 30.0 30.0 30.0 30.0 30.0 30.0 30.0 30.0 30.0 30.0 30.0
1.7 30.0 30.0 30.0 30.0 30.0 30.0 30.0 30.0 30.0 30.0 30.0
1.8 30.0 30.0 30.0 30.0 30.0 30.0 30.0 30.0 30.0 30.0 30.0
1.9 30.0 30.0 30.0 30.0 30.0 30.0 30.0 30.0 30.0 30.0 30.0
2.0 30.0 30.0 30.0 30.0 30.0 30.0 30.0 30.0 30.0 30.0 30.0
2.1 30.0 30.0 30.0 30.0 30.0 30.0 30.0 30.0 30.0 30.0 30.0
2.2 30.0 30.0 30.0 30.0 30.0 30.0 30.0 30.0 30.0 30.0 30.0
2.3 30.0 30.0 30.0 30.0 30.0 30.0 30.0 30.0 30.0 30.0 30.0
2.4 30.0 30.0 30.0 30.0 30.0 30.0 30.0 30.0 30.0 30.0 30.0
2.5 30.0 30.0 30.0 30.0 30.0 30.0 30.0 30.0 30.0 30.0 30.0
2.6 30.0 30.0 30.0 30.0 30.0 30.0 30.0 30.0 30.0 30.0 30.0
2.7 30.0 30.0 30.0 30.0 30.0 30.0 30.0 30.0 30.0 30.0 30.0
2.8 30.0 30.0 30.0 30.0 30.0 30.0 30.0 30.0 30.0 30.0 30.0
2.9 30.0 30.0 30.0 30.0 30.0 30.0 30.0 30.0 30.0 30.0 30.0
3.0 30.0 30.0 30.0 30.0 30.0 30.0 30.0 30.0 30.0 30.0 30.0
3.1 30.0 30.0 30.0 30.0 30.0 30.0 30.0 30.0 30.0 30.0 30.0
3.2 30.0 30.0 30.0 30.0 30.0 30.0 30.0 30.0 30.0 30.0 30.0
3.3 30.0 30.0 30.0 30.0 30.0 30.0 30.0 30.0 30.0 30.0 30.0
3.4 30.0 30.0 30.0 30.0 30.0 30.0 30.0 30.0 30.0 30.0 30.0
3.5 30.0 30.0 30.0 30.0 30.0 30.0 30.0 30.0 30.0 30.0 30.0
3.6 30.0 30.0 30.0 30.0 30.0 30.0 30.0 30.0 30.0 30.0 30.0
3.7 30.0 30.0 30.0 30.0 30.0 30.0 30.0 30.0 30.0 30.0 30.0
3.8 30.0 30.0 30.0 30.0 30.0 30.0 30.0 30.0 30.0 30.0 30.0
3.9 30.0 30.0 30.0 30.0 30.0 30.0 30.0 30.0 30.0 30.0 30.0
4.0 30.0 30.0 30.0 30.0 30.0 30.0 30.0 30.0 30.0 30.0 30.0
4.1 30.0 30.0 30.0 30.0 30.0 30.0 30.0 30.0 30.0 30.0 30.0
4.2 30.0 30.0 30.0 30.0 30.0 30.0 30.0 30.0 30.0 30.0 30.0
4.3 30.0 30.0 30.0 30.0 30.0 30.0 30.0 30.0 30.0 30.0 30.0
4.4 30.0 30.0 30.0 30.0 30.0 30.0 30.0 30.0 30.0 30.0 30.0
4.5 30.0 30.0 30.0 30.0 30.0 30.0 30.0 30.0 30.0 30.0 30.0
4.6 30.0 30.0 30.0 30.0 30.0 30.0 30.0 30.0 30.0 30.0 30.0
4.7 30.0 30.0 30.0 30.0 30.0 30.0 30.0 30.0 30.0 30.0 30.0
4.8 30.0 30.0 30.0 30.0 30.0 30.0 30.0 30.0 30.0 30.0 30.0
4.9 30.0 30.0 30.0 30.0 30.0 30.0 30.0 30.0 30.0 30.0 30.0
5.0 30.0 30.0 30.0 30.0 30.0 30.0 30.0 30.0 30.0 30.0 30.0
5.1 30.0 30.0 30.0 30.0 30.0 30.0 30.0 30.0 30.0 30.0 30.0
5.2 30.0 30.0 30.0 30.0 30.0 30.0 30.0 30.0 30.0 30.0 30.0
5.3 30.0 30.0 30.0 30.0 30.0 30.0 30.0 30.0 30.0 30.0 30.0
5.4 30.0 30.0 30.0 30.0 30.0 30.0 30.0 30.0 30.0 30.0 30.0
5.5 30.0 30.0 30.0 30.0 30.0 30.0 30.0 30.0 30.0 30.0 30.0
5.6 30.0 30.0 30.0 30.0 30.0 30.0 30.0 30.0 30.0 30.0 30.0
5.7 30.0 30.0 30.0 30.0 30.0 30.0 30.0 30.0 30.0 30.0 30.0
5.8 30.0 30.0 30.0 30.0 30.0 30.0 30.0 30.0 30.0 30.0 30.0
5.9 30.0 30.0 30.0 30.0 30.0 30.0 30.0 30.0 30.0 30.0 30.0
6.0 30.0 30.0 30.0 30.0 30.0 30.0 30.0 30.0 30.0 30.0 30.0
6.1 30.0 30.0 30.0 30.0 30.0 30.0 30.0 30.0 30.0 30.0 30.0
6.2 30.0 30.0 30.0 30.0 30.0 30.0 30.0 30.0 30.0 30.0 30.0
6.3 30.0 29.90531914893545 30.0 30.0 30.0 30.0 30.0 30.0 30.0 30.0 30.0
6.4 30.0 29.901376188319816 30.0 30.0 30.0 30.0 30.0 30.0 30.0 30.0 30.0
6.5 30.0 29.91879371622791 30.0 30.0 30.0 30.0 30.0 30.0 30.0 30.0 30.0
6.6 30.0 29.957117254180492 30.0 30.0 30.0 30.0 30.0 30.0 30.0 30.0 30.0
6.7 30.0 30.0 30.0 30.0 30.0 30.0 30.0 30.0 30.0 30.0 30.0
6.8 30.0 29.2 30.0 30.0 30.0 30.0 30.0 30.0 30.0 30.0 30.0
6.9 30.0 28.4 30.0 30.0 30.0 30.0 30.0 30.0 30.0 30.0 30.0
7.0 30.0 27.599999999999998 30.0 30.0 30.0 30.0 30.0 30.0 30.0 30.0 30.0
7.1 30.0 26.799999999999997 30.0 30.0 30.0 30.0 30.0 30.0 30.0 30.0 30.0
7.2 30.0 26.28112842124513 30.0 30.0 30.0 30.0 30.0 30.0 30.0 30.0 30.0
7.3 30.0 26.05205393502501 30.0 30.0 30.0 30.0 30.0 30.0 30.0 30.0 30.0
7.4 30.0 25.828433603238686 30.0 30.0 30.0 30.0 30.0 30.0 30.0 30.0 30.0
7.5 30.0 25.610137565066296 30.0 30.0 30.0 30.0 30.0 30.0 30.0 30.0 30.0
7.6 30.0 25.392088784578494 30.0 30.0 30.0 30.0 30.0 30.0 30.0 30.0 30.0
7.7 30.0 25.17911100934485 30.0 30.0 30.0 30.0 30.0 30.0 30.0 30.0 30.0
7.8 30.0 24.97132781399496 30.0 30.0 30.0 30.0 30.0 30.0 30.0 30.0 30.0
7.9 30.0 24.76782781399497 30.0 30.0 30.0 30.0 30.0 30.0 30.0 30.0 30.0
8.0 30.0 24.565132118645053 30.0 30.0 30.0 30.0 30.0 30.0 30.0 30.0 30.0
8.1 30.0 24.367503815678887 30.0 30.0 30.0 30.0 30.0 30.0 30.0 30.0 30.0
8.2 30.0 24.1748162202869 30.0 30.0 30.0 30.0 30.0 30.0 30.0 30.0 30.0
8.3 30.0 24.313445814779776 30.0 30.0 30.0 30.0 30.0 30.0 30.0 30.0 30.0
8.4 30.0 24.473609669410287 30.0 30.0 30.0 30.0 30.0 30.0 30.0 30.0 30.0
8.5 30.0 24.65476942767504 30.0 30.0 30.0 30.0 30.0 30.0 30.0 30.0 30.0
8.6 30.0 24.85843921169088 30.0 30.0 30.0 30.0 30.0 30.0 30.0 30.0 30.0
8.7 30.0 24.058439211690878 30.0 30.0 30.0 30.0 30.0 30.0 30.0 30.0 30.0
8.8 30.0 23.258439211690877 30.0 30.0 30.0 30.0 30.0 30.0 30.0 30.0 30.0
8.9 30.0 22.458439211690877 30.0 30.0 30.0 30.0 30.0 30.0 30.0 30.0 30.0
9.0 30.0 21.658439211690876 30.0 30.0 30.0 30.0 30.0 30.0 30.0 30.0 30.0
9.1 30.0 21.161772545024007 30.0 30.0 30.0 30.0 30.0 30.0 30.0 30.0 30.0
9.2 30.0 21.036723307662207 30.0 30.0 30.0 30.0 30.0 30.0 30.0 30.0 30.0
9.3 30.0 20.915147660227156 30.0 30.0 30.0 30.0 30.0 30.0 30.0 30.0 30.0
9.4 30.0 20.796861945941405 30.0 30.0 30.0 30.0 30.0 30.0 30.0 30.0 30.0
9.5 30.0 20.678665890343055 30.0 30.0 30.0 30.0 30.0 30.0 30.0 30.0 30.0
9.6 30.0 20.563846864904654 30.0 30.0 30.0 30.0 30.0 30.0 30.0 30.0 30.0
9.7 30.0 20.452308383050227 30.0 30.0 30.0 30.0 30.0 30.0 30.0 30.0 30.0
9.8 30.0 20.34395671496304 30.0 30.0 30.0 30.0 30.0 30.0 30.0 30.0 30.0
9.9 30.0 20.238700808821246 30.0 30.0 30.0 30.0 30.0 30.0 30.0 30.0 30.0
10.0 30.0 20.136452214283505 30.0 30.0 30.0 30.0 30.0 30.0 30.0 30.0 30.0
10.1 30.0 20.037125008161116 30.0 30.0 30.0 30.0 30.0 30.0 30.0 30.0 30.0
10.2 30.0 20.313778579356534 30.0 30.0 30.0 30.0 30.0 30.0 30.0 30.0 30.0
10.3 30.0 20.611099191374922 30.0 30.0 30.0 30.0 30.0 30.0 30.0 30.0 30.0
10.4 30.0 20.924927014076353 30.0 30.0 30.0 30.0 30.0 30.0 30.0 30.0 30.0
10.5 30.0 21.25645681924091 30.0 30.0 30.0 30.0 30.0 30.0 30.0 30.0 30.0
10.6 30.0 20.45645681924091 30.0 30.0 30.0 30.0 30.0 30.0 30.0 30.0 30.0
10.7 30.0 19.65645681924091 30.0 30.0 30.0 30.0 30.0 30.0 30.0 30.0 30.0
10.8 30.0 18.856456819240908 30.0 30.0 30.0 30.0 30.0 30.0 30.0 30.0 30.0
10.9 30.0 18.056456819240907 30.0 30.0 30.0 30.0 30.0 30.0 30.0 30.0 30.0
11.0 30.0 17.60844254363938 30.0 30.0 30.0 30.0 30.0 30.0 30.0 30.0 30.0
11.1 30.0 17.578119962994187 30.0 30.0 30.0 30.0 30.0 30.0 30.0 30.0 30.0
11.2 30.0 17.548503189994385 30.0 30.0 30.0 30.0 30.0 30.0 30.0 30.0 30.0
11.3 30.0 17.51984179676876 30.0 30.0 30.0 30.0 30.0 30.0 30.0 30.0 30.0
11.4 30.0 17.492104964614928 30.0 30.0 30.0 30.0 30.0 30.0 30.0 30.0 30.0
11.5 30.0 17.465262868982165 30.0 30.0 30.0 30.0 30.0 30.0 30.0 30.0 30.0
11.6 30.0 17.439286647402085 30.0 30.0 30.0 30.0 30.0 30.0 30.0 30.0 30.0
11.7 30.0 17.414148368453606 30.0 30.0 30.0 30.0 30.0 30.0 30.0 30.0 30.0
11.8 30.0 17.389821001729313 30.0 30.0 30.0 30.0 30.0 30.0 30.0 30.0 30.0
11.9 30.0 17.366278388770276 30.0 30.0 30.0 30.0 30.0 30.0 30.0 30.0 30.0
12.0 30.0 17.34349521493897 30.0 30.0 30.0 30.0 30.0 30.0 30.0 30.0 30.0
12.1 30.0 17.738276764005334 30.0 30.0 30.0 30.0 30.0 30.0 30.0 30.0 30.0
12.2 30.0 18.143955615130192 30.0 30.0 30.0 30.0 30.0 30.0 30.0 30.0 30.0
12.3 30.0 18.563109820273812 30.0 30.0 30.0 30.0 30.0 30.0 30.0 30.0 30.0
12.4 30.0 18.996348916629106 30.0 30.0 30.0 30.0 30.0 30.0 30.0 30.0 30.0
12.5 30.0 18.196348916629105 30.0 30.0 30.0 30.0 30.0 30.0 30.0 30.0 30.0
12.6 30.0 17.396348916629105 30.0 30.0 30.0 30.0 30.0 30.0 30.0 30.0 30.0
12.7 30.0 16.596348916629104 30.0 30.0 30.0 30.0 30.0 30.0 30.0 30.0 30.0
12.8 30.0 15.796348916629103 30.0 30.0 30.0 30.0 30.0 30.0 30.0 30.0 30.0
12.9 30.0 15.37992309191754 30.0 30.0 30.0 30.0 30.0 30.0 30.0 30.0 30.0
13.0 30.0 15.424063674954812 30.0 30.0 30.0 30.0 30.0 30.0 30.0 30.0 30.0
13.1 30.0 15.466682168921874 30.0 30.0 30.0 30.0 30.0 30.0 30.0 30.0 30.0
13.2 30.0 15.507831059648696 30.0 30.0 30.0 30.0 30.0 30.0 30.0 30.0 30.0
13.3 30.0 15.54756102310905 30.0 30.0 30.0 30.0 30.0 30.0 30.0 30.0 30.0
13.4 30.0 15.585920987829418 30.0 30.0 30.0 30.0 30.0 30.0 30.0 30.0 30.0
13.5 30.0 15.622958195145591 30.0 30.0 30.0 30.0 30.0 30.0 30.0 30.0 30.0
13.6 30.0 15.65871825738196 30.0 30.0 30.0 30.0 30.0 30.0 30.0 30.0 30.0
13.7 30.0 15.693245214023934 30.0 30.0 30.0 30.0 30.0 30.0 30.0 30.0 30.0
13.8 30.0 15.726581585954102 30.0 30.0 30.0 30.0 30.0 30.0 30.0 30.0 30.0
13.9 30.0 15.758768427817717 30.0 30.0 30.0 30.0 30.0 30.0 30.0 30.0 30.0
14.0 30.0 16.232183865963236 30.0 30.0 30.0 30.0 30.0 30.0 30.0 30.0 30.0
14.1 30.0 16.71511107043114 30.0 30.0 30.0 30.0 30.0 30.0 30.0 30.0 30.0
14.2 30.0 17.20187809814523 30.0 30.0 30.0 30.0 30.0 30.0 30.0 30.0 30.0
14.3 30.0 17.703635717011164 30.0 30.0 30.0 30.0 30.0 30.0 30.0 30.0 30.0
14.4 30.0 16.903635717011163 30.0 30.0 30.0 30.0 30.0 30.0 30.0 30.0 30.0
14.5 30.0 16.103635717011162 29.408419098843943 30.0 30.0 30.0 30.0 30.0 30.0 30.0 30.0
14.6 30.0 15.303635717011161 28.768419098843964 30.0 30.0 30.0 30.0 30.0 30.0 30.0 30.0
14.7 30.0 14.50363571701116 28.129120896647436 30.0 30.0 30.0 30.0 30.0 30.0 30.0 30.0
14.8 30.0 14.108080161455385 27.492757260283792 30.0 30.0 30.0 30.0 30.0 30.0 30.0 30.0
14.9 30.0 14.202595711031128 27.029501446330187 30.0 30.0 30.0 30.0 30.0 30.0 30.0 30.0
15.0 30.0 14.293610684696628 26.768567925574118 30.0 30.0 30.0 30.0 30.0 30.0 30.0 30.0
15.1 30.0 14.381254733411536 26.514435304909856 30.0 30.0 30.0 30.0 30.0 30.0 30.0 30.0
15.2 30.0 14.46330796673925 26.263749675423327 30.0 30.0 30.0 30.0 30.0 30.0 30.0 30.0
15.3 30.0 14.5417612536414 26.017506133152548 30.0 30.0 30.0 30.0 30.0 30.0 30.0 30.0
15.4 30.0 14.61741263743994 25.777896949455545 30.0 30.0 30.0 30.0 30.0 30.0 30.0 30.0
15.5 30.0 14.69036218610278 25.54324176764613 30.0 30.0 30.0 30.0 30.0 30.0 30.0 30.0
15.6 30.0 14.760706393741973 25.31056401872875 30.0 30.0 30.0 30.0 30.0 30.0 30.0 30.0
15.7 30.0 14.828538308251145 25.084133240985345 30.0 30.0 30.0 30.0 30.0 30.0 30.0 30.0
15.8 30.0 14.893947654384979 24.86377664411785 30.0 30.0 30.0 30.0 30.0 30.0 30.0 30.0
15.9 30.0 15.415744367875737 24.645559541237684 30.0 30.0 30.0 30.0 30.0 30.0 30.0 30.0
16.0 30.0 15.943477320707606 24.655016292171368 30.0 30.0 30.0 30.0 30.0 30.0 30.0 30.0
16.1 30.0 16.471245499327132 24.68790097047987 30.0 30.0 30.0 30.0 30.0 30.0 30.0 30.0
16.2 30.0 17.01051998324159 24.744955606028487 30.0 30.0 30.0 30.0 30.0 30.0 30.0 30.0
16.3 30.0 16.21051998324159 24.825848738533722 30.0 30.0 30.0 30.0 30.0 30.0 30.0 30.0
16.4 30.0 15.410519983241588 24.205848738533756 30.0 30.0 30.0 30.0 30.0 30.0 30.0 30.0
16.5 30.0 14.610519983241588 23.590464123149115 30.0 30.0 30.0 30.0 30.0 30.0 30.0 30.0
16.6 30.0 13.810519983241587 22.979937807359637 30.0 30.0 30.0 30.0 30.0 30.0 30.0 30.0
16.7 30.0 13.430519983241423 22.374532401954273 30.0 30.0 30.0 30.0 30.0 30.0 30.0 30.0
16.8 30.0 13.554730753116797 21.962788282982466 30.0 30.0 30.0 30.0 30.0 30.0 30.0 30.0
16.9 30.0 13.67141736399709 21.789256250229485 30.0 30.0 30.0 30.0 30.0 30.0 30.0 30.0
17.0 30.0 13.782105609775073 21.622244473252433 30.0 30.0 30.0 30.0 30.0 30.0 30.0 30.0
17.1 30.0 13.88869429089456 21.457350189585775 30.0 30.0 30.0 30.0 30.0 30.0 30.0 30.0
17.2 30.0 13.991335243083702 21.29744329181748 30.0 30.0 30.0 30.0 30.0 30.0 30.0 30.0
17.3 30.0 14.090174678525115 21.142965184553095 30.0 30.0 30.0 30.0 30.0 30.0 30.0 30.0
17.4 30.0 14.185353394135385 20.993728515010723 30.0 30.0 30.0 30.0 30.0 30.0 30.0 30.0
17.5 30.0 14.27700697213047 20.84955248846899 30.0 30.0 30.0 30.0 30.0 30.0 30.0 30.0
17.6 30.0 14.365265973162787 20.7076987112703 30.0 30.0 30.0 30.0 30.0 30.0 30.0 30.0
17.7 30.0 14.448461260794154 20.569355004968546 30.0 30.0 30.0 30.0 30.0 30.0 30.0 30.0
17.8 30.0 14.993873358622952 20.436266073721516 30.0 30.0 30.0 30.0 30.0 30.0 30.0 30.0
17.9 30.0 15.543261402855927 20.56126678931635 30.0 30.0 30.0 30.0 30.0 30.0 30.0 30.0
18.0 30.0 16.097710642665593 20.71024509824742 30.0 30.0 30.0 30.0 30.0 30.0 30.0 30.0
18.1 30.0 16.65645362124337 20.87995250505908 30.0 30.0 30.0 30.0 30.0 30.0 30.0 30.0
18.2 30.0 15.856453621243368 21.073045857496343 30.0 30.0 30.0 30.0 30.0 30.0 30.0 30.0
18.3 30.0 15.056453621243367 20.478760143210657 30.0 30.0 30.0 30.0 30.0 30.0 30.0 30.0
18.4 30.0 14.256453621243367 19.890524849092976 30.0 30.0 30.0 30.0 30.0 30.0 30.0 30.0
18.5 30.0 13.456453621243366 19.30550941235492 30.0 30.0 30.0 30.0 30.0 30.0 30.0 30.0
18.6 30.0 13.08197463581131 18.723691230536737 30.0 30.0 30.0 30.0 30.0 30.0 30.0 30.0
18.7 30.0 13.219590995972487 18.370263445189813 30.0 30.0 30.0 30.0 30.0 30.0 30.0 30.0
18.8 30.0 13.351914419204366 18.278113111232358 30.0 30.0 30.0 30.0 30.0 30.0 30.0 30.0
18.9 30.0 13.479148480004271 18.190331113722415 30.0 30.0 30.0 30.0 30.0 30.0 30.0 30.0
19.0 30.0 13.601433777781757 18.10672368681873 30.0 30.0 30.0 30.0 30.0 30.0 30.0 30.0
19.1 30.0 13.71471400823439 18.027120831605693 30.0 30.0 30.0 30.0 30.0 30.0 30.0 30.0
19.2 30.0 13.82379867459618 17.952538240803293 30.0 30.0 30.0 30.0 30.0 30.0 30.0 30.0
19.3 30.0 13.928843168129648 17.881466358364055 30.0 30.0 30.0 30.0 30.0 30.0 30.0 30.0
19.4 30.0 14.02999712486571 17.813751770858808 30.0 30.0 30.0 30.0 30.0 30.0 30.0 30.0
19.5 30.0 14.127404638759591 17.749247477687582 30.0 30.0 30.0 30.0 30.0 30.0 30.0 30.0
19.6 30.0 14.221204466953667 17.687812630727233 30.0 30.0 30.0 30.0 30.0 30.0 30.0 30.0
19.7 30.0 14.781118433599893 17.629312284337338 29.751341373927094 30.0 30.0 30.0 30.0 30.0 30.0 30.0
19.8 30.0 15.345179231282751 17.849670472332477 29.46313060574801 30.0 30.0 30.0 30.0 30.0 30.0 30.0
19.9 30.0 15.909828223307555 18.093226170723792 29.316052779714934 30.0 30.0 30.0 30.0 30.0 30.0 30.0
20.0 30.0 16.477839675087047 18.360255323881802 29.188561448315262 30.0 30.0 30.0 30.0 30.0 30.0 30.0
20.1 30.0 15.677839675087046 18.645933696191452 29.080873084077066 30.0 30.0 30.0 30.0 30.0 30.0 30.0
20.2 30.0 14.877839675087046 18.070933696191357 28.99600174710143 30.0 30.0 30.0 30.0 30.0 30.0 30.0
20.3 30.0 14.077839675087045 17.270933696191356 28.19600174710143 29.2 29.2 29.2 29.2 29.2 29.2 29.2
20.4 30.0 13.277839675087044 16.470933696191356 27.39600174710143 28.4 28.4 28.4 28.4 28.4 28.4 28.4
20.5 30.0 12.477839675087044 15.670933696191355 26.59600174710143 27.599999999999998 27.599999999999998 27.599999999999998 27.599999999999998 27.599999999999998 27.599999999999998 27.599999999999998
20.6 30.0 11.677839675087043 14.870933696191354 25.79600174710143 26.799999999999997 26.799999999999997 26.799999999999997 26.799999999999997 26.799999999999997 26.799999999999997 26.799999999999997
20.7 30.0 11.677839675087043 14.870933696191354 25.79600174710143 26.799999999999997 26.799999999999997 26.799999999999997 26.799999999999997 26.799999999999997 26.799999999999997 26.799999999999997
20.8 30.0 11.677839675087043 14.870933696191354 25.73061913286308 26.799999999999997 26.799999999999997 26.799999999999997 26.799999999999997 26.799999999999997 26.799999999999997 26.799999999999997
20.9 30.0 11.677839675087043 14.870933696191354 25.468934588867807 26.799999999999997 26.799999999999997 26.799999999999997 26.799999999999997 26.799999999999997 26.799999999999997 26.799999999999997
21.0 30.0 11.677839675087043 14.870933696191354 25.210446762217178 26.799999999999997 26.799999999999997 26.799999999999997 26.799999999999997 26.799999999999997 26.799999999999997 26.799999999999997
21.1 30.0 11.677839675087043 14.870933696191354 24.958263516704406 26.799999999999997 26.799999999999997 26.799999999999997 26.799999999999997 26.799999999999997 26.799999999999997 26.799999999999997
21.2 30.0 11.677839675087043 14.79820498898674 24.710036859109202 26.799999999999997 26.799999999999997 26.799999999999997 26.799999999999997 26.799999999999997 26.799999999999997 26.799999999999997
21.3 30.0 11.677839675087043 14.686763370633068 24.429513144114075 26.799999999999997 26.799999999999997 26.799999999999997 26.799999999999997 26.799999999999997 26.799999999999997 26.799999999999997
21.4 30.0 11.677839675087043 14.579301810077808 24.135795671517883 26.799999999999997 26.799999999999997 26.799999999999997 26.799999999999997 26.799999999999997 26.799999999999997 26.799999999999997
21.5 30.0 11.677839675087043 14.475678162399538 23.84464166434049 26.799999999999997 26.799999999999997 26.799999999999997 26.799999999999997 26.799999999999997 26.799999999999997 26.799999999999997
21.6 30.0 11.677839675087043 14.37485740962496 23.556585532028908 26.799999999999997 26.799999999999997 26.799999999999997 26.799999999999997 26.799999999999997 26.799999999999997 26.799999999999997
21.7 30.0 11.677839675087043 14.27496786390125 23.27526863249121 26.799999999999997 26.799999999999997 26.799999999999997 26.799999999999997 26.799999999999997 26.799999999999997 26.799999999999997
21.8 30.0 11.677839675087043 14.178777930982072 22.99571193740171 26.799999999999997 26.799999999999997 26.799999999999997 26.799999999999997 26.799999999999997 26.799999999999997 26.799999999999997
21.9 30.0 11.677839675087043 14.086150588171025 22.72065501987424 26.799999999999997 26.799999999999997 26.799999999999997 26.799999999999997 26.799999999999997 26.799999999999997 26.799999999999997
22.0 30.0 11.677839675087043 13.996953887686287 22.451992670940292 26.799999999999997 26.799999999999997 26.799999999999997 26.799999999999997 26.799999999999997 26.799999999999997 26.799999999999997
22.1 30.0 11.677839675087043 13.911060768701077 22.183901048763143 26.799999999999997 26.799999999999997 26.799999999999997 26.799999999999997 26.799999999999997 26.799999999999997 26.799999999999997
22.2 30.0 11.677839675087043 13.828348876344943 21.920846364903383 26.799999999999997 26.799999999999997 26.799999999999997 26.799999999999997 26.799999999999997 26.799999999999997 26.799999999999997
22.3 30.0 11.677839675087043 13.748700387409377 21.664127455211162 26.799999999999997 26.799999999999997 26.799999999999997 26.799999999999997 26.799999999999997 26.799999999999997 26.799999999999997
22.4 30.0 11.677839675087043 13.672001842508479 21.408424012864096 26.799999999999997 26.799999999999997 26.799999999999997 26.799999999999997 26.799999999999997 26.799999999999997 26.799999999999997
22.5 30.0 11.677839675087043 13.59807259924245 21.157304639706634 26.799999999999997 26.799999999999997 26.799999999999997 26.799999999999997 26.799999999999997 26.799999999999997 26.799999999999997
22.6 30.0 11.677839675087043 13.524217486774836 20.912468479283664 26.799999999999997 26.799999999999997 26.799999999999997 26.799999999999997 26.799999999999997 26.799999999999997 26.799999999999997
22.7 30.0 11.677839675087043 13.453202955556016 20.670826641777772 26.799999999999997 26.799999999999997 26.799999999999997 26.799999999999997 26.799999999999997 26.799999999999997 26.799999999999997
22.8 30.0 11.677839675087043 13.384919752460958 20.432145036471464 26.799999999999997 26.799999999999997 26.799999999999997 26.799999999999997 26.799999999999997 26.799999999999997 26.799999999999997
22.9 30.0 11.677839675087043 13.319262826408023 20.199580564084894 26.799999999999997 26.799999999999997 26.799999999999997 26.799999999999997 26.799999999999997 26.799999999999997 26.799999999999997
23.0 30.0 11.677839675087043 13.256131166741765 19.97219091730726 26.799999999999997 26.799999999999997 26.799999999999997 26.799999999999997 26.799999999999997 26.799999999999997 26.799999999999997
23.1 30.0 11.677839675087043 13.195427647831945 19.74495073185945 26.799999999999997 26.799999999999997 26.799999999999997 26.799999999999997 26.799999999999997 26.799999999999997 26.799999999999997
23.2 30.0 11.677839675087043 13.13705887964931 19.52375133813639 26.799999999999997 26.799999999999997 26.799999999999997 26.799999999999997 26.799999999999997 26.799999999999997 26.799999999999997
23.3 30.0 11.677839675087043 13.08093506408923 19.308439786683063 26.799999999999997 26.799999999999997 26.799999999999997 26.799999999999997 26.799999999999997 26.799999999999997 26.799999999999997
23.4 30.0 11.677839675087043 13.026969856819804 19.09580202956578 26.799999999999997 26.799999999999997 26.799999999999997 26.799999999999997 26.799999999999997 26.799999999999997 26.799999999999997
23.5 30.0 11.677839675087043 12.975080234445421 18.885733075351947 26.799999999999997 26.799999999999997 26.799999999999997 26.799999999999997 26.799999999999997 26.799999999999997 26.799999999999997
23.6 30.0 11.677839675087043 12.925186366777693 18.681463778415655 26.799999999999997 26.799999999999997 26.799999999999997 26.799999999999997 26.799999999999997 26.799999999999997 26.799999999999997
23.7 30.0 12.277839675087042 12.877211494020248 18.48284016343622 27.4 27.4 27.4 27.4 27.4 27.4 27.4
23.8 30.0 12.877839675087042 13.187921796180127 18.286265586245555 28.0 28.0 28.0 28.0 28.0 28.0 28.0
23.9 30.0 13.477839675087042 13.52514324056459 18.28229749388599 28.6 28.6 28.6 28.6 28.6 28.6 28.6
24.0 30.0 14.077839675087041 13.881719284785348 18.302247145661816 29.200000000000003 29.200000000000003 29.200000000000003 29.200000000000003 29.200000000000003 29.200000000000003 29.200000000000003
24.1 30.0 14.677839675087041 14.262236324244165 18.351197399769386 29.800000000000004 29.800000000000004 29.800000000000004 29.800000000000004 29.800000000000004 29.800000000000004 29.800000000000004
24.2 30.0 15.27783967508704 14.656207992161535 18.424792284481626 30.0 30.0 30.0 30.0 30.0 30.0 30.0
24.3 30.0 15.87783967508704 15.066903397804822 18.521311740676676 30.0 30.0 30.0 30.0 30.0 30.0 30.0
24.4 30.0 16.47783967508704 15.492559703993628 18.64064837578899 30.0 30.0 30.0 30.0 30.0 30.0 30.0
24.5 30.0 17.07783967508704 15.936115553861855 18.786293361958563 30.0 30.0 30.0 30.0 30.0 30.0 30.0
24.6 30.0 17.677839675087043 16.38556382861022 18.955304978304042 30.0 30.0 30.0 30.0 30.0 30.0 30.0
24.7 30.0 18.277839675087044 16.849581625157104 19.147891035853675 30.0 30.0 30.0 30.0 30.0 30.0 30.0
24.8 30.0 18.877839675087046 17.3214609170904 19.35623624495787 30.0 30.0 30.0 30.0 30.0 30.0 30.0
24.9 30.0 19.477839675087047 17.806234589465166 19.58784476856768 30.0 30.0 30.0 30.0 30.0 30.0 30.0
25.0 30.0 20.07783967508705 18.298404738237302 19.840929225339295 30.0 30.0 30.0 30.0 30.0 30.0 30.0
25.1 30.0 20.67783967508705 18.794128067743287 20.110766069926388 30.0 30.0 30.0 30.0 30.0 30.0 30.0
25.2 30.0 21.27783967508705 19.302645230672685 20.396006164631924 30.0 30.0 30.0 30.0 30.0 30.0 30.0
25.3 30.0 21.877839675087053 19.815969763599142 20.701868423034462 30.0 30.0 30.0 30.0 30.0 30.0 30.0
25.4 30.0 22.477839675087054 20.333790901398384 21.02220235936128 30.0 30.0 30.0 30.0 30.0 30.0 30.0
25.5 30.0 23.077839675087056 20.858460277714435 21.357565880211748 30.0 30.0 30.0 30.0 30.0 30.0 30.0
25.6 30.0 23.677839675087057 21.386776372085958 21.706715155965956 30.0 30.0 30.0 30.0 30.0 30.0 30.0
25.7 30.0 24.27783967508706 21.921428442518433 22.069317309203306 30.0 30.0 30.0 30.0 30.0 30.0 30.0
25.8 30.0 24.87783967508706 22.46123956002202 22.448400890726404 30.0 30.0 30.0 30.0 30.0 30.0 30.0
25.9 30.0 25.47783967508706 23.000566922920786 22.833900322355717 30.0 30.0 30.0 30.0 30.0 30.0 30.0
26.0 30.0 26.077839675087063 23.546123482645047 23.234770384903715 30.0 30.0 30.0 30.0 30.0 30.0 30.0
26.1 30.0 26.677839675087064 24.09770929226706 23.643310391382425 30.0 30.0 30.0 30.0 30.0 30.0 30.0
26.2 30.0 27.277839675087066 24.649158543714652 24.0659300484027 30.0 30.0 30.0 30.0 30.0 30.0 30.0
26.3 30.0 27.877839675087067 25.201777135488932 24.494097699371174 30.0 30.0 30.0 30.0 30.0 30.0 30.0
26.4 30.0 28.47783967508707 25.76068869272965 24.932973714626407 30.0 30.0 30.0 30.0 30.0 30.0 30.0
26.5 30.0 29.07783967508707 26.32247418457357 25.379672786462898 30.0 30.0 30.0 30.0 30.0 30.0 30.0
26.6 30.0 29.67783967508707 26.883188858550998 25.83539336624033 30.0 30.0 30.0 30.0 30.0 30.0 30.0
26.7 30.0 30.0 27.446582077484457 26.299056554767418 30.0 30.0 30.0 30.0 30.0 30.0 30.0
26.8 30.0 30.0 27.775521848945633 26.766196723842782 30.0 30.0 30.0 30.0 30.0 30.0 30.0
26.9 30.0 30.0 27.826078170560546 27.04976131348885 30.0 30.0 30.0 30.0 30.0 30.0 30.0
27.0 30.0 30.0 27.875485484865994 27.107789959813964 30.0 30.0 30.0 30.0 30.0 30.0 30.0
27.1 30.0 30.0 27.92376990566452 27.164709592638058 30.0 30.0 30.0 30.0 30.0 30.0 30.0
27.2 30.0 30.0 27.970956953263048 27.220073706900276 30.0 30.0 30.0 30.0 30.0 30.0 30.0
27.3 30.0 30.0 28.016692199784686 27.273601953825604 30.0 30.0 30.0 30.0 30.0 30.0 30.0
27.4 30.0 30.0 28.060765706456124 27.326210608995613 30.0 30.0 30.0 30.0 30.0 30.0 30.0
27.5 30.0 30.0 28.10385980186824 27.377963514244726 30.0 30.0 30.0 30.0 30.0 30.0 30.0
27.6 30.0 30.0 28.145996250715626 27.428740551223047 30.0 30.0 30.0 30.0 30.0 30.0 30.0
27.7 30.0 30.0 28.18719633403309 27.47855944688556 30.0 30.0 30.0 30.0 30.0 30.0 30.0
27.8 30.0 30.0 28.22748085994345 27.527437624232356 30.0 30.0 30.0 30.0 30.0 30.0 30.0
27.9 30.0 30.0 28.26687017416698 27.575392207018115 30.0 30.0 30.0 30.0 30.0 30.0 30.0
28.0 30.0 30.0 28.305384170296623 27.62244002440383 30.0 30.0 30.0 30.0 30.0 30.0 30.0
28.1 30.0 30.0 28.343042299845546 27.668597615550063 30.0 30.0 30.0 30.0 30.0 30.0 30.0
28.2 30.0 30.0 28.379863582071245 27.71388123415242 30.0 30.0 30.0 30.0 30.0 30.0 30.0
28.3 30.0 30.0 28.41586661358075 27.758306852921006 30.0 30.0 30.0 30.0 30.0 30.0 30.0
28.4 30.0 30.0 28.451069577723377 27.801890168000423 30.0 30.0 30.0 30.0 30.0 30.0 30.0
28.5 30.0 30.0 28.48549025377399 27.844646603334787 30.0 30.0 30.0 30.0 30.0 30.0 30.0
28.6 30.0 30.0 28.51914602591233 27.886591314975952 30.0 30.0 30.0 30.0 30.0 30.0 30.0
28.7 30.0 30.0 28.552053892003215 27.927739195334468 30.0 30.0 30.0 30.0 30.0 30.0 30.0
28.8 30.0 30.0 28.584230472180913 27.968104877376533 30.0 30.0 30.0 30.0 30.0 30.0 30.0
28.9 30.0 30.0 28.6156920172436 28.00753156679086 30.0 30.0 30.0 30.0 30.0 30.0 30.0
29.0 30.0 30.0 28.646454416860433 28.045516334071877 30.0 30.0 30.0 30.0 30.0 30.0 30.0
29.1 30.0 30.0 28.67653320759683 28.082796824502502 30.0 30.0 30.0 30.0 30.0 30.0 30.0
29.2 30.0 30.0 28.705943580761392 28.11938558136622 30.0 30.0 30.0 30.0 30.0 30.0 30.0
29.3 30.0 30.0 28.734700390077784 28.15529493825855 30.0 30.0 30.0 30.0 30.0 30.0 30.0
29.4 30.0 30.0 28.76281815918717 28.190537022211686 30.0 30.0 30.0 30.0 30.0 30.0 30.0
29.5 30.0 30.0 28.790311088982968 28.22512375678518 30.0 30.0 30.0 30.0 30.0 30.0 30.0
29.6 30.0 30.0 28.816819302505447 28.259066865119678 30.0 30.0 30.0 30.0 30.0 30.0 30.0
29.7 30.0 30.0 28.84254062201619 28.292452625412498 30.0 30.0 30.0 30.0 30.0 30.0 30.0
29.8 30.0 30.0 28.867702782407115 28.32525385872338 30.0 30.0 30.0 30.0 30.0 30.0 30.0
29.9 30.0 30.0 28.892317939311273 28.35743800756243 30.0 30.0 30.0 30.0 30.0 30.0 30.0
30.0 30.0 30.0 28.91639798410883 28.389016353791348 30.0 30.0 30.0 30.0 30.0 30.0 30.0
30.1 30.0 30.0 28.939954549671704 28.41999998141424 30.0 30.0 30.0 30.0 30.0 30.0 30.0
30.2 30.0 30.0 28.96299901598315 28.45039977982583 30.0 30.0 30.0 30.0 30.0 30.0 30.0
30.3 30.0 30.0 28.985542515635657 28.48022644701183 30.0 30.0 30.0 30.0 30.0 30.0 30.0
30.4 30.0 30.0 29.007595939208834 28.509490492703176 30.0 30.0 30.0 30.0 30.0 30.0 30.0
30.5 30.0 30.0 29.02916994053034 28.53820224148414 30.0 30.0 30.0 30.0 30.0 30.0 30.0
30.6 30.0 30.0 29.050274941823133 28.566371835853506 30.0 30.0 30.0 30.0 30.0 30.0 30.0
30.7 30.0 30.0 29.070921138740008 28.59400923924261 30.0 30.0 30.0 30.0 30.0 30.0 30.0
30.8 30.0 30.0 29.091118505289113 28.621124238987225 30.0 30.0 30.0 30.0 30.0 30.0 30.0
30.9 30.0 30.0 29.11087679865239 28.647726449255394 30.0 30.0 30.0 30.0 30.0 30.0 30.0
31.0 30.0 30.0 29.130205563899036 28.67382531393271 30.0 30.0 30.0 30.0 30.0 30.0 30.0
31.1 30.0 30.0 29.149114138596925 28.6994301094626 30.0 30.0 30.0 30.0 30.0 30.0 30.0
31.2 30.0 30.0 29.16761165732312 28.724549947646054 30.0 30.0 30.0 30.0 30.0 30.0 30.0
31.3 30.0 30.0 29.185707056077 28.749193778397565 30.0 30.0 30.0 30.0 30.0 30.0 30.0
31.4 30.0 30.0 29.20340907659708 28.773370392460166 30.0 30.0 30.0 30.0 30.0 30.0 30.0
31.5 30.0 30.0 29.220726270584052 28.797088424079334 30.0 30.0 30.0 30.0 30.0 30.0 30.0
31.6 30.0 30.0 29.23766700383226 28.819913824208765 30.0 30.0 30.0 30.0 30.0 30.0 30.0
31.7 30.0 30.0 29.254239460270714 28.842253380220892 30.0 30.0 30.0 30.0 30.0 30.0 30.0
31.8 30.0 30.0 29.270451645917024 28.864179347869424 30.0 30.0 30.0 30.0 30.0 30.0 30.0
31.9 30.0 30.0 29.286311392744935 28.885699151811014 30.0 30.0 30.0 30.0 30.0 30.0 30.0
32.0 30.0 30.0 29.301826362467907 28.90682008934879 30.0 30.0 30.0 30.0 30.0 30.0 30.0
32.1 30.0 30.0 29.317004050240378 28.927549332460586 30.0 30.0 30.0 30.0 30.0 30.0 30.0
32.2 30.0 30.0 29.331851788278637 28.94789392979945 30.0 30.0 30.0 30.0 30.0 30.0 30.0
32.3 30.0 30.0 29.34637674940301 28.967860808665915 30.0 30.0 30.0 30.0 30.0 30.0 30.0
32.4 30.0 30.0 29.36058595050292 28.98745677695321 30.0 30.0 30.0 30.0 30.0 30.0 30.0
32.5 30.0 30.0 29.37448625592676 29.00668852506508 30.0 30.0 30.0 30.0 30.0 30.0 30.0
32.6 30.0 30.0 29.388084380797878 29.025562627806877 30.0 30.0 30.0 30.0 30.0 30.0 30.0
32.7 30.0 30.0 29.40138689425878 29.04408554624929 30.0 30.0 30.0 30.0 30.0 30.0 30.0
32.8 30.0 30.0 29.41440022264443 29.06226362956679 30.0 30.0 30.0 30.0 30.0 30.0 30.0
32.9 30.0 30.0 29.427130652586932 29.08010311684857 30.0 30.0 30.0 30.0 30.0 30.0 30.0
33.0 30.0 30.0 29.43958433405239 29.097610138884882 30.0 30.0 30.0 30.0 30.0 30.0 30.0
33.1 30.0 30.0 29.45176728331208 29.114790719926788 30.0 30.0 30.0 30.0 30.0 30.0 30.0
33.2 30.0 30.0 29.463685385848763 29.131650779421 30.0 30.0 30.0 30.0 30.0 30.0 30.0
33.3 30.0 30.0 29.475344399199866 29.148196133719857 30.0 30.0 30.0 30.0 30.0 30.0 30.0
33.4 30.0 30.0 29.486749955739047 29.164432497765898 30.0 30.0 30.0 30.0 30.0 30.0 30.0
33.5 30.0 30.0 29.497907565396865 29.180365486752564 30.0 30.0 30.0 30.0 30.0 30.0 30.0
33.6 30.0 30.0 29.50882261832303 29.196000617759598 30.0 30.0 30.0 30.0 30.0 30.0 30.0
33.7 30.0 30.0 29.519500387489934 29.211343311366264 30.0 30.0 30.0 30.0 30.0 30.0 30.0
33.8 30.0 30.0 29.52994603124012 29.22639889323871 30.0 30.0 30.0 30.0 30.0 30.0 30.0
33.9 30.0 30.0 29.5401645957784 29.2411725956954 30.0 30.0 30.0 30.0 30.0 30.0 30.0
34.0 30.0 30.0 29.550161017609312 29.25566955924893 30.0 30.0 30.0 30.0 30.0 30.0 30.0
34.1 30.0 30.0 29.559940125922143 29.269894834124475 30.0 30.0 30.0 30.0 30.0 30.0 30.0
34.2 30.0 30.0 29.56950664492381 29.283853381756245 30.0 30.0 30.0 30.0 30.0 30.0 30.0
34.3 30.0 30.0 29.578865196121086 29.29755007626119 30.0 30.0 30.0 30.0 30.0 30.0 30.0
34.4 30.0 30.0 29.588020300553218 29.310989705890798 30.0 30.0 30.0 30.0 30.0 30.0 30.0
34.5 30.0 30.0 29.596976380975985 29.324176974460755 30.0 30.0 30.0 30.0 30.0 30.0 30.0
34.6 30.0 30.0 29.60561568391317 29.33711650275936 30.0 30.0 30.0 30.0 30.0 30.0 30.0
34.7 30.0 30.0 29.614006839574596 29.349836715168145 30.0 30.0 30.0 30.0 30.0 30.0 30.0
34.8 30.0 30.0 29.622219460009184 29.3623289517742 30.0 30.0 30.0 30.0 30.0 30.0 30.0
34.9 30.0 30.0 29.63025734383873 29.374584548824554 30.0 30.0 30.0 30.0 30.0 30.0 30.0
35.0 30.0 30.0 29.638124208863452 29.386607907448646 30.0 30.0 30.0 30.0 30.0 30.0 30.0
35.1 30.0 30.0 29.645823693781246 29.398403348912318 30.0 30.0 30.0 30.0 30.0 30.0 30.0
35.2 30.0 30.0 29.653359359871004 29.409975116017225 30.0 30.0 30.0 30.0 30.0 30.0 30.0
35.3 30.0 30.0 29.660734692639675 29.42132737447755 30.0 30.0 30.0 30.0 30.0 30.0 30.0
35.4 30.0 30.0 29.667953103434602 29.43246421427329 30.0 30.0 30.0 30.0 30.0 30.0 30.0
35.5 30.0 30.0 29.675017931021088 29.443389650981413 30.0 30.0 30.0 30.0 30.0 30.0 30.0
35.6 30.0 30.0 29.681932443127003 29.454107627084444 30.0 30.0 30.0 30.0 30.0 30.0 30.0
35.7 30.0 30.0 29.688699837954083 29.46462201325752 30.0 30.0 30.0 30.0 30.0 30.0 30.0
35.8 30.0 30.0 29.695323245657224 29.474936609633563 30.0 30.0 30.0 30.0 30.0 30.0 30.0
35.9 30.0 30.0 29.70180572979222 29.485055147047383 30.0 30.0 30.0 30.0 30.0 30.0 30.0
36.0 30.0 30.0 29.708150288732817 29.494981288259115 30.0 30.0 30.0 30.0 30.0 30.0 30.0
36.1 30.0 30.0 29.714359857057627 29.504718629156468 30.0 30.0 30.0 30.0 30.0 30.0 30.0
36.2 30.0 30.0 29.720437306907467 29.514270699937352 30.0 30.0 30.0 30.0 30.0 30.0 30.0
36.3 30.0 30.0 29.72638544931374 29.523640966272385 30.0 30.0 30.0 30.0 30.0 30.0 30.0
36.4 30.0 30.0 29.732207035498586 29.532832830447866 30.0 30.0 30.0 30.0 30.0 30.0 30.0
36.5 30.0 30.0 29.737904758147536 29.541849632489015 30.0 30.0 30.0 30.0 30.0 30.0 30.0
36.6 30.0 30.0 29.743481252655005 29.550694651264507 30.0 30.0 30.0 30.0 30.0 30.0 30.0
36.7 30.0 30.0 29.74893909834323 29.55937110557242 30.0 30.0 30.0 30.0 30.0 30.0 30.0
36.8 30.0 30.0 29.754280819655044 29.56788215520795 30.0 30.0 30.0 30.0 30.0 30.0 30.0
36.9 30.0 30.0 29.75950888732192 29.576230902012032 30.0 30.0 30.0 30.0 30.0 30.0 30.0
37.0 30.0 30.0 29.764625719506537 29.584420390903016 30.0 30.0 30.0 30.0 30.0 30.0 30.0
37.1 30.0 30.0 29.769633682921253 29.592453610890786 30.0 30.0 30.0 30.0 30.0 30.0 30.0
37.2 30.0 30.0 29.774535093922907 29.60032640041177 30.0 30.0 30.0 30.0 30.0 30.0 30.0
37.3 30.0 30.0 29.77933221958408 29.607891525955857 30.0 30.0 30.0 30.0 30.0 30.0 30.0
37.4 30.0 30.0 29.784027278741906 29.615315660915194 30.0 30.0 30.0 30.0 30.0 30.0 30.0
37.5 30.0 30.0 29.788622443023982 29.62260138020594 30.0 30.0 30.0 30.0 30.0 30.0 30.0
37.6 30.0 30.0 29.79311983785324 29.629751212998613 30.0 30.0 30.0 30.0 30.0 30.0 30.0
37.7 30.0 30.0 29.7975215434308 29.636767643499468 30.0 30.0 30.0 30.0 30.0 30.0 30.0
37.8 30.0 30.0 29.80182959569819 29.643653111718645 30.0 30.0 30.0 30.0 30.0 30.0 30.0
37.9 30.0 30.0 29.806045987279063 29.650410014226555 30.0 30.0 30.0 30.0 30.0 30.0 30.0
38.0 30.0 30.0 29.810172668400774 29.657040704897693 30.0 30.0 30.0 30.0 30.0 30.0 30.0
38.1 30.0 30.0 29.814211547796543 29.663547495642494 30.0 30.0 30.0 30.0 30.0 30.0 30.0
38.2 30.0 30.0 29.81816449358812 29.66993265712752 30.0 30.0 30.0 30.0 30.0 30.0 30.0
38.3 30.0 30.0 29.822033334150028 29.676198419483885 30.0 30.0 30.0 30.0 30.0 30.0 30.0
38.4 30.0 30.0 29.825819858955374 29.682346973004222 30.0 30.0 30.0 30.0 30.0 30.0 30.0
38.5 30.0 30.0 29.82952581940311 29.688380468828687 30.0 30.0 30.0 30.0 30.0 30.0 30.0
38.6 30.0 30.0 29.83315292962854 29.694301019618955 30.0 30.0 30.0 30.0 30.0 30.0 30.0
38.7 30.0 30.0 29.83670286729604 29.70011070022216 30.0 30.0 30.0 30.0 30.0 30.0 30.0
38.8 30.0 30.0 29.840177274374838 29.705811548323666 30.0 30.0 30.0 30.0 30.0 30.0 30.0
38.9 30.0 30.0 29.84357775789882 29.711405565088864 30.0 30.0 30.0 30.0 30.0 30.0 30.0
39.0 30.0 30.0 29.84690589070952 29.716894715795124 30.0 30.0 30.0 30.0 30.0 30.0 30.0
39.1 30.0 30.0 29.85016321218381 29.722280930452808 30.0 30.0 30.0 30.0 30.0 30.0 30.0
39.2 30.0 30.0 29.853351228945904 29.727566104416113 30.0 30.0 30.0 30.0 30.0 30.0 30.0
39.3 30.0 30.0 29.856471415564116 29.73275209898474 30.0 30.0 30.0 30.0 30.0 30.0 30.0
39.4 30.0 30.0 29.859525215232953 29.737840741994393 30.0 30.0 30.0 30.0 30.0 30.0 30.0
39.5 30.0 30.0 29.86251404044075 29.742833828398332 30.0 30.0 30.0 30.0 30.0 30.0 30.0
39.6 30.0 30.0 29.865439273622837 29.747733120839406 30.0 30.0 30.0 30.0 30.0 30.0 30.0
39.7 30.0 30.0 29.8683022678011 29.75254035021216 30.0 30.0 30.0 30.0 30.0 30.0 30.0
39.8 30.0 30.0 29.8711043472096 29.75725721621604 30.0 30.0 30.0 30.0 30.0 30.0 30.0
39.9 30.0 30.0 29.87384680790731 29.761885387899163 30.0 30.0 30.0 30.0 30.0 30.0 30.0
40.0 30.0 30.0 29.876530918377327 29.766426504193355 30.0 30.0 30.0 30.0 30.0 30.0 30.0
40.1 30.0 30.0 29.87915792011398 29.770882174439627 30.0 30.0 30.0 30.0 30.0 30.0 30.0
40.2 30.0 30.0 29.881729028196673 29.77525397890623 30.0 30.0 30.0 30.0 30.0 30.0 30.0
40.3 30.0 30.0 29.884245431852044 29.779543469296705 30.0 30.0 30.0 30.0 30.0 30.0 30.0
40.4 30.0 30.0 29.88670829500409 29.783752169249972 30.0 30.0 30.0 30.0 30.0 30.0 30.0
40.5 30.0 30.0 29.889118756812543 29.787881574832472 30.0 30.0 30.0 30.0 30.0 30.0 30.0
40.6 30.0 30.0 29.891477932199475 29.791933155021677 30.0 30.0 30.0 30.0 30.0 30.0 30.0
40.7 30.0 30.0 29.893786912365403 29.795908352181197 30.0 30.0 30.0 30.0 30.0 30.0 30.0
40.8 30.0 30.0 29.896046765293775 29.799808582528556 30.0 30.0 30.0 30.0 30.0 30.0 30.0
40.9 30.0 30.0 29.898258536244985 29.803635236594804 30.0 30.0 30.0 30.0 30.0 30.0 30.0
41.0 30.0 30.0 29.90042324823976 29.807389679676632 30.0 30.0 30.0 30.0 30.0 30.0 30.0
41.1 30.0 30.0 29.9025419025325 29.81107325228027 30.0 30.0 30.0 30.0 30.0 30.0 30.0
41.2 30.0 30.0 29.904615479074334 29.81468727055866 30.0 30.0 30.0 30.0 30.0 30.0 30.0
41.3 30.0 30.0 29.906644936966416 29.818233026740803 30.0 30.0 30.0 30.0 30.0 30.0 30.0
41.4 30.0 30.0 29.90863121490326 29.821711789554318 30.0 30.0 30.0 30.0 30.0 30.0 30.0
41.5 30.0 30.0 29.910575231607453 29.82512480463967 30.0 30.0 30.0 30.0 30.0 30.0 30.0
41.6 30.0 30.0 29.912477886254123 29.828473294959316 30.0 30.0 30.0 30.0 30.0 30.0 30.0
41.7 30.0 30.0 29.914340058886996 29.831758461198078 30.0 30.0 30.0 30.0 30.0 30.0 30.0
41.8 30.0 30.0 29.9161626108256 29.83498148215777 30.0 30.0 30.0 30.0 30.0 30.0 30.0
41.9 30.0 30.0 29.91794638506336 29.8381435151449 30.0 30.0 30.0 30.0 30.0 30.0 30.0
42.0 30.0 30.0 29.91969220665778 29.84124569635161 30.0 30.0 30.0 30.0 30.0 30.0 30.0
42.1 30.0 30.0 29.921400883111854 29.844289141230323 30.0 30.0 30.0 30.0 30.0 30.0 30.0
42.2 30.0 30.0 29.923073204747745 29.847274944861926 30.0 30.0 30.0 30.0 30.0 30.0 30.0
42.3 30.0 30.0 29.924709945072212 29.850204182317544 30.0 30.0 30.0 30.0 30.0 30.0 30.0
42.4 30.0 30.0 29.926311861134526 29.853077909014566 30.0 30.0 30.0 30.0 30.0 30.0 30.0
42.5 30.0 30.0 29.92787969387631 29.855897161066192 30.0 30.0 30.0 30.0 30.0 30.0 30.0
42.6 30.0 30.0 29.929414168474654 29.8586629556249 30.0 30.0 30.0 30.0 30.0 30.0 30.0
42.7 30.0 30.0 29.930915994677353 29.86137629122035 30.0 30.0 30.0 30.0 30.0 30.0 30.0
42.8 30.0 30.0 29.932385867131014 29.86403814809181 30.0 30.0 30.0 30.0 30.0 30.0 30.0
42.9 30.0 30.0 29.933824465702667 29.866649488513602 30.0 30.0 30.0 30.0 30.0 30.0 30.0
43.0 30.0 30.0 29.935232455794115 29.869211257116582 30.0 30.0 30.0 30.0 30.0 30.0 30.0
43.1 30.0 30.0 29.93661048864952 29.87172438120308 30.0 30.0 30.0 30.0 30.0 30.0 30.0
43.2 30.0 30.0 29.937959201657 29.874189771056127 30.0 30.0 30.0 30.0 30.0 30.0 30.0
43.3 30.0 30.0 29.93927921864303 29.876608320244966 30.0 30.0 30.0 30.0 30.0 30.0 30.0
43.4 30.0 30.0 29.94057115016127 29.878980905923253 30.0 30.0 30.0 30.0 30.0 30.0 30.0
43.5 30.0 30.0 29.941835593774897 29.88130838912348 30.0 30.0 30.0 30.0 30.0 30.0 30.0
43.6 30.0 30.0 29.943073134332835 29.883591615046015 30.0 30.0 30.0 30.0 30.0 30.0 30.0
43.7 30.0 30.0 29.94428434424067 29.88583141334244 30.0 30.0 30.0 30.0 30.0 30.0 30.0
43.8 30.0 30.0 29.94546978372488 29.888028598395373 30.0 30.0 30.0 30.0 30.0 30.0 30.0
43.9 30.0 30.0 29.946630001092444 29.890183969592123 30.0 30.0 30.0 30.0 30.0 30.0 30.0
44.0 30.0 30.0 29.94776553298413 29.892298311594228 30.0 30.0 30.0 30.0 30.0 30.0 30.0
44.1 30.0 30.0 29.94887690462277 29.894372394602385 30.0 30.0 30.0 30.0 30.0 30.0 30.0
44.2 30.0 30.0 29.949964630056325 29.896406974616244 30.0 30.0 30.0 30.0 30.0 30.0 30.0
44.3 30.0 30.0 29.95102921239559 29.89840279369027 30.0 30.0 30.0 30.0 30.0 30.0 30.0
44.4 30.0 30.0 29.9520711440467 29.900360580185126 30.0 30.0 30.0 30.0 30.0 30.0 30.0
44.5 30.0 30.0 29.95309090693929 29.90228104901391 30.0 30.0 30.0 30.0 30.0 30.0 30.0
44.6 30.0 30.0 29.95408897274912 29.90416490188522 30.0 30.0 30.0 30.0 30.0 30.0 30.0
44.7 30.0 30.0 29.95506580311615 29.90601282754111 30.0 30.0 30.0 30.0 30.0 30.0 30.0
44.8 30.0 30.0 29.956021849858388 29.90782550199119 30.0 30.0 30.0 30.0 30.0 30.0 30.0
44.9 30.0 30.0 29.956957555180573 29.909603588742865 30.0 30.0 30.0 30.0 30.0 30.0 30.0
45.0 30.0 30.0 29.95787335187882 29.9113477390271 30.0 30.0 30.0 30.0 30.0 30.0 30.0
45.1 30.0 30.0 29.958769663541005 29.913058592020437 30.0 30.0 30.0 30.0 30.0 30.0 30.0
45.2 30.0 30.0 29.959646904742282 29.914736775063446 30.0 30.0 30.0 30.0 30.0 30.0 30.0
45.3 30.0 30.0 29.960505481237174 29.916382903874606 30.0 30.0 30.0 30.0 30.0 30.0 30.0
45.4 30.0 30.0 29.961345790147057 29.91799758276123 30.0 30.0 30.0 30.0 30.0 30.0 30.0
45.5 30.0 30.0 29.962168220143912 29.91958140482617 30.0 30.0 30.0 30.0 30.0 30.0 30.0
45.6 30.0 30.0 29.962973151630187 29.921134952170945 30.0 30.0 30.0 30.0 30.0 30.0 30.0
45.7 30.0 30.0 29.9637609569147 29.922658796095433 30.0 30.0 30.0 30.0 30.0 30.0 30.0
45.8 30.0 30.0 29.964532000384565 29.924153497294338 30.0 30.0 30.0 30.0 30.0 30.0 30.0
45.9 30.0 30.0 29.965286638674236 29.925619606049136 30.0 30.0 30.0 30.0 30.0 30.0 30.0
46.0 30.0 30.0 29.966025220830065 29.927057662418214 30.0 30.0 30.0 30.0 30.0 30.0 30.0
46.1 30.0 30.0 29.96674808847201 29.928468196421992 30.0 30.0 30.0 30.0 30.0 30.0 30.0
46.2 30.0 30.0 29.967455575951313 29.929851728226307 30.0 30.0 30.0 30.0 30.0 30.0 30.0
46.3 30.0 30.0 29.968148010505526 29.931208768321227 30.0 30.0 30.0 30.0 30.0 30.0 30.0
46.4 30.0 30.0 29.968825712409625 29.93253981769766 30.0 30.0 30.0 30.0 30.0 30.0 30.0
46.5 30.0 30.0 29.969488995124347 29.93384536802029 30.0 30.0 30.0 30.0 30.0 30.0 30.0
46.6 30.0 30.0 29.970138165440833 29.935125901797978 30.0 30.0 30.0 30.0 30.0 30.0 30.0
46.7 30.0 30.0 29.970773523622952 29.936381892550163 30.0 30.0 30.0 30.0 30.0 30.0 30.0
46.8 30.0 30.0 29.97139536354586 29.937613804971722 30.0 30.0 30.0 30.0 30.0 30.0 30.0
46.9 30.0 30.0 29.972003972832123 29.93882209509343 30.0 30.0 30.0 30.0 30.0 30.0 30.0
47.0 30.0 30.0 29.97259963298468 29.940007210440882 30.0 30.0 30.0 30.0 30.0 30.0 30.0
47.1 30.0 30.0 29.973182619516944 29.941169590189585 30.0 30.0 30.0 30.0 30.0 30.0 30.0
47.2 30.0 30.0 29.97375320208046 29.94230966531768 30.0 30.0 30.0 30.0 30.0 30.0 30.0
47.3 30.0 30.0 29.9743116445894 29.94342785875627 30.0 30.0 30.0 30.0 30.0 30.0 30.0
47.4 30.0 30.0 29.97485820534277 29.944524585536385 30.0 30.0 30.0 30.0 30.0 30.0 30.0
47.5 30.0 30.0 29.97539313714401 29.94560025293386 30.0 30.0 30.0 30.0 30.0 30.0 30.0
47.6 30.0 30.0 29.975916687417573 29.946655260611575 30.0 30.0 30.0 30.0 30.0 30.0 30.0
47.7 30.0 30.0 29.97642909832359 29.947690000759003 30.0 30.0 30.0 30.0 30.0 30.0 30.0
47.8 30.0 30.0 29.97693060686989 29.94870485822896 30.0 30.0 30.0 30.0 30.0 30.0 30.0
47.9 30.0 30.0 29.977421445021548 29.949700210672695 30.0 30.0 30.0 30.0 30.0 30.0 30.0
48.0 30.0 30.0 29.977901839808283 29.950676428671887 30.0 30.0 30.0 30.0 30.0 30.0 30.0
48.1 30.0 30.0 29.978372013429414 29.9516338758686 30.0 30.0 30.0 30.0 30.0 30.0 30.0
48.2 30.0 30.0 29.978832183356456 29.952572909092943 30.0 30.0 30.0 30.0 30.0 30.0 30.0
48.3 30.0 30.0 29.979282562433994 29.953493878487926 30.0 30.0 30.0 30.0 30.0 30.0 30.0
48.4 30.0 30.0 29.97972335897792 29.95439712763295 30.0 30.0 30.0 30.0 30.0 30.0 30.0
48.5 30.0 30.0 29.980154776871988 29.9552829936643 30.0 30.0 30.0 30.0 30.0 30.0 30.0
48.6 30.0 30.0 29.980577015661943 29.956151807393827 30.0 30.0 30.0 30.0 30.0 30.0 30.0
48.7 30.0 30.0 29.980990270647844 29.957003893425636 30.0 30.0 30.0 30.0 30.0 30.0 30.0
48.8 30.0 30.0 29.981394732974515 29.957839570270348 30.0 30.0 30.0 30.0 30.0 30.0 30.0
48.9 30.0 30.0 29.98179058971969 29.95865915045744 30.0 30.0 30.0 30.0 30.0 30.0 30.0
49.0 30.0 30.0 29.98217802398101 29.959462940645373 30.0 30.0 30.0 30.0 30.0 30.0 30.0
49.1 30.0 30.0 29.982557214960178 29.960251241730507 30.0 30.0 30.0 30.0 30.0 30.0 30.0
49.2 30.0 30.0 29.982928338046094 29.96102434895304 30.0 30.0 30.0 30.0 30.0 30.0 30.0
49.3 30.0 30.0 29.9832915648962 29.961782552001328 30.0 30.0 30.0 30.0 30.0 30.0 30.0
49.4 30.0 30.0 29.983647063515455 29.962526135115137 30.0 30.0 30.0 30.0 30.0 30.0 30.0
49.5 30.0 30.0 29.983994998334314 29.96325537718561 30.0 30.0 30.0 30.0 30.0 30.0 30.0
49.6 30.0 30.0 29.984335530284667 29.963970551854715 30.0 30.0 30.0 30.0 30.0 30.0 30.0
49.7 30.0 30.0 29.984668816874358 29.964671927612045 30.0 30.0 30.0 30.0 30.0 30.0 30.0
49.8 30.0 30.0 29.984995012260022 29.965359767890295 30.0 30.0 30.0 30.0 30.0 30.0 30.0
49.9 30.0 30.0 29.985314267318326 29.966034331159243 30.0 30.0 30.0 30.0 30.0 30.0 30.0
50.0 30.0 30.0 29.98562672971579 29.96669587101704 30.0 30.0 30.0 30.0 30.0 30.0 30.0
50.1 30.0 30.0 29.985932543977125 29.967344636281016 30.0 30.0 30.0 30.0 30.0 30.0 30.0
50.2 30.0 30.0 29.986231851552073 29.96798087107607 30.0 30.0 30.0 30.0 30.0 30.0 30.0
50.3 30.0 30.0 29.986524790880726 29.968604814921857 30.0 30.0 30.0 30.0 30.0 30.0 30.0
50.4 30.0 30.0 29.98681149745776 29.96921670281798 30.0 30.0 30.0 30.0 30.0 30.0 30.0
50.5 30.0 30.0 29.987092103894867 29.969816765328417 30.0 30.0 30.0 30.0 30.0 30.0 30.0
50.6 30.0 30.0 29.987366739982253 29.970405228663246 30.0 30.0 30.0 30.0 30.0 30.0 30.0
50.7 30.0 30.0 29.987635532748566 29.970982314760104 30.0 30.0 30.0 30.0 30.0 30.0 30.0
50.8 30.0 30.0 29.987898606519888 29.97154824136306 30.0 30.0 30.0 30.0 30.0 30.0 30.0
50.9 30.0 30.0 29.988156082976936 29.972103222101204 30.0 30.0 30.0 30.0 30.0 30.0 30.0
51.0 30.0 30.0 29.988408081211464 29.972647466564712 30.0 30.0 30.0 30.0 30.0 30.0 30.0
51.1 30.0 30.0 29.988654717781408 29.973181180380124 30.0 30.0 30.0 30.0 30.0 30.0 30.0
51.2 30.0 30.0 29.988896106764788 29.973704565284137 30.0 30.0 30.0 30.0 30.0 30.0 30.0
51.3 30.0 30.0 29.989132359812334 29.974217819196237 30.0 30.0 30.0 30.0 30.0 30.0 30.0
51.4 30.0 30.0 29.989363586199346 29.97472113628932 30.0 30.0 30.0 30.0 30.0 30.0 30.0
51.5 30.0 30.0 29.989589892875923 29.975214707060157 30.0 30.0 30.0 30.0 30.0 30.0 30.0
51.6 30.0 30.0 29.989811384516877 29.97569871839735 30.0 30.0 30.0 30.0 30.0 30.0 30.0
51.7 30.0 30.0 29.990028163569715 29.976173353649113 30.0 30.0 30.0 30.0 30.0 30.0 30.0
51.8 30.0 30.0 29.990240330302267 29.976638792689055 30.0 30.0 30.0 30.0 30.0 30.0 30.0
51.9 30.0 30.0 29.99044798284901 29.977095211980888 30.0 30.0 30.0 30.0 30.0 30.0 30.0
52.0 30.0 30.0 29.990651217256453 29.97754278464259 30.0 30.0 30.0 30.0 30.0 30.0 30.0
52.1 30.0 30.0 29.99085012752755 29.9779816805084 30.0 30.0 30.0 30.0 30.0 30.0 30.0
52.2 30.0 30.0 29.991044805665243 29.978412066190334 30.0 30.0 30.0 30.0 30.0 30.0 30.0
52.3 30.0 30.0 29.991235341714916 29.978834105138645 30.0 30.0 30.0 30.0 30.0 30.0 30.0
52.4 30.0 30.0 29.991421823806128 29.979247957700565 30.0 30.0 30.0 30.0 30.0 30.0 30.0
52.5 30.0 30.0 29.991604338193227 29.979653781178914 30.0 30.0 30.0 30.0 30.0 30.0 30.0
52.6 30.0 30.0 29.99178296929551 29.980051729888196 30.0 30.0 30.0 30.0 30.0 30.0 30.0
52.7 30.0 30.0 29.991957799736024 29.980441955211397 30.0 30.0 30.0 30.0 30.0 30.0 30.0
52.8 30.0 30.0 29.992128910379975 29.980824605654387 30.0 30.0 30.0 30.0 30.0 30.0 30.0
52.9 30.0 30.0 29.99229638037188 29.98119982690017 30.0 30.0 30.0 30.0 30.0 30.0 30.0
53.0 30.0 30.0 29.992460287172438 29.981567761861275 30.0 30.0 30.0 30.0 30.0 30.0 30.0
53.1 30.0 30.0 29.99262070659432 29.98192855073216 30.0 30.0 30.0 30.0 30.0 30.0 30.0
53.2 30.0 30.0 29.992777712837007 29.982282331040036 30.0 30.0 30.0 30.0 30.0 30.0 30.0
53.3 30.0 30.0 29.99293137852133 29.982629237694884 30.0 30.0 30.0 30.0 30.0 30.0 30.0
53.4 30.0 30.0 29.99308177472304 29.982969403038428 30.0 30.0 30.0 30.0 30.0 30.0 30.0
53.5 30.0 30.0 29.993228971005518 29.983302956892608 30.0 30.0 30.0 30.0 30.0 30.0 30.0
53.6 30.0 30.0 29.99337303545218 29.983630026606754 30.0 30.0 30.0 30.0 30.0 30.0 30.0
53.7 30.0 30.0 29.993514034697835 29.983950737104024 30.0 30.0 30.0 30.0 30.0 30.0 30.0
53.8 30.0 30.0 29.993652033959545 29.984265210927084 30.0 30.0 30.0 30.0 30.0 30.0 30.0
53.9 30.0 30.0 29.993787097066804 29.9845735682827 30.0 30.0 30.0 30.0 30.0 30.0 30.0
54.0 30.0 30.0 29.99391928649087 29.984875927086026 30.0 30.0 30.0 30.0 30.0 30.0 30.0
54.1 30.0 30.0 29.994048663374073 29.98517240300295 30.0 30.0 30.0 30.0 30.0 30.0 30.0
54.2 30.0 30.0 29.99417528755758 29.985463109493384 30.0 30.0 30.0 30.0 30.0 30.0 30.0
54.3 30.0 30.0 29.99429921760957 29.985748157851983 30.0 30.0 30.0 30.0 30.0 30.0 30.0
54.4 30.0 30.0 29.994420510851906 29.986027657249487 30.0 30.0 30.0 30.0 30.0 30.0 30.0
54.5 30.0 30.0 29.994539223386965 29.98630171477221 30.0 30.0 30.0 30.0 30.0 30.0 30.0
54.6 30.0 30.0 29.994655410123457 29.98657043546181 30.0 30.0 30.0 30.0 30.0 30.0 30.0
54.7 30.0 30.0 29.99476912480168 29.986833922353533 30.0 30.0 30.0 30.0 30.0 30.0 30.0
54.8 30.0 30.0 29.99488042001869 29.987092276514005 30.0 30.0 30.0 30.0 30.0 30.0 30.0
54.9 30.0 30.0 29.994989347252357 29.98734559707851 30.0 30.0 30.0 30.0 30.0 30.0 30.0
55.0 30.0 30.0 29.995095956885308 29.987593981287418 30.0 30.0 30.0 30.0 30.0 30.0 30.0
55.1 30.0 30.0 29.995200298228216 29.987837524521808 30.0 30.0 30.0 30.0 30.0 30.0 30.0
55.2 30.0 30.0 29.99530241954255 29.988076320338642 30.0 30.0 30.0 30.0 30.0 30.0 30.0
55.3 30.0 30.0 29.995402368062916 29.988310460505367 30.0 30.0 30.0 30.0 30.0 30.0 30.0
55.4 30.0 30.0 29.995500190019023 29.988540035033303 30.0 30.0 30.0 30.0 30.0 30.0 30.0
55.5 30.0 30.0 29.99559593065688 29.988765132211256 30.0 30.0 30.0 30.0 30.0 30.0 30.0
55.6 30.0 30.0 29.99568963425988 29.98898583863781 30.0 30.0 30.0 30.0 30.0 30.0 30.0
55.7 30.0 30.0 29.99578134416922 29.989202239253473 30.0 30.0 30.0 30.0 30.0 30.0 30.0
55.8 30.0 30.0 29.995871102803928 29.989414417371794 30.0 30.0 30.0 30.0 30.0 30.0 30.0
55.9 30.0 30.0 29.9959589516804 29.98962245471045 30.0 30.0 30.0 30.0 30.0 30.0 30.0
56.0 30.0 30.0 29.996044931431864 29.989826431421115 30.0 30.0 30.0 30.0 30.0 30.0 30.0
56.1 30.0 30.0 29.996129081826947 29.99002642611932 30.0 30.0 30.0 30.0 30.0 30.0 30.0
56.2 30.0 30.0 29.99621144178805 29.99022251591347 30.0 30.0 30.0 30.0 30.0 30.0 30.0
56.3 30.0 30.0 29.996292049409547 29.990414776433425 30.0 30.0 30.0 30.0 30.0 30.0 30.0
56.4 30.0 30.0 29.996370941975314 29.99060328185832 30.0 30.0 30.0 30.0 30.0 30.0 30.0
56.5 30.0 30.0 29.99644815597582 29.990788104944524 30.0 30.0 30.0 30.0 30.0 30.0 30.0
56.6 30.0 30.0 29.996523727125275 29.990969317051917 30.0 30.0 30.0 30.0 30.0 30.0 30.0
56.7 30.0 30.0 29.99659769037789 29.99114698817121 30.0 30.0 30.0 30.0 30.0 30.0 30.0
56.8 30.0 30.0 29.996670079944302 29.991321186948927 30.0 30.0 30.0 30.0 30.0 30.0 30.0
56.9 30.0 30.0 29.996740929307173 29.991491980713892 30.0 30.0 30.0 30.0 30.0 30.0 30.0
57.0 30.0 30.0 29.996810271236857 29.991659435501507 30.0 30.0 30.0 30.0 30.0 30.0 30.0
57.1 30.0 30.0 29.996878137806295 29.991823616078843 30.0 30.0 30.0 30.0 30.0 30.0 30.0
57.2 30.0 30.0 29.996944560406117 29.991984585968186 30.0 30.0 30.0 30.0 30.0 30.0 30.0
57.3 30.0 30.0 29.99700956975915 29.99214240747102 30.0 30.0 30.0 30.0 30.0 30.0 30.0
57.4 30.0 30.0 29.99707319593445 29.992297141691243 30.0 30.0 30.0 30.0 30.0 30.0 30.0
57.5 30.0 30.0 29.997135468361332 29.992448848557913 30.0 30.0 30.0 30.0 30.0 30.0 30.0
57.6 30.0 30.0 29.99719641584301 29.992597586847257 30.0 30.0 30.0 30.0 30.0 30.0 30.0
57.7 30.0 30.0 29.997256066569754 29.992743414205076 30.0 30.0 30.0 30.0 30.0 30.0 30.0
57.8 30.0 30.0 29.99731444813205 29.992886387167992 30.0 30.0 30.0 30.0 30.0 30.0 30.0
57.9 30.0 30.0 29.997371587533483 29.993026561184383 30.0 30.0 30.0 30.0 30.0 30.0 30.0
58.0 30.0 30.0 29.997427511202993 29.993163990635516 30.0 30.0 30.0 30.0 30.0 30.0 30.0
58.1 30.0 30.0 29.99748224500719 29.993298728855518 30.0 30.0 30.0 30.0 30.0 30.0 30.0
58.2 30.0 30.0 29.99753581426235 29.993430828151435 30.0 30.0 30.0 30.0 30.0 30.0 30.0
58.3 30.0 30.0 29.997588243746097 29.993560339822732 30.0 30.0 30.0 30.0 30.0 30.0 30.0
58.4 30.0 30.0 29.997639557708954 29.993687314180665 30.0 30.0 30.0 30.0 30.0 30.0 30.0
58.5 30.0 30.0 29.99768977988535 29.993811800566917 30.0 30.0 30.0 30.0 30.0 30.0 30.0
58.6 30.0 30.0 29.99773893350483 29.99393384737207 30.0 30.0 30.0 30.0 30.0 30.0 30.0
58.7 30.0 30.0 29.997787041302647 29.99405350205401 30.0 30.0 30.0 30.0 30.0 30.0 30.0
58.8 30.0 30.0 29.99783412553026 29.994170811155424 30.0 30.0 30.0 30.0 30.0 30.0 30.0
58.9 30.0 30.0 29.99788020796581 29.99428582032128 30.0 30.0 30.0 30.0 30.0 30.0 30.0
59.0 30.0 30.0 29.997925309923982 29.994398574316172 30.0 30.0 30.0 30.0 30.0 30.0 30.0
59.1 30.0 30.0 29.997969452266073 29.994509117040785 30.0 30.0 30.0 30.0 30.0 30.0 30.0
59.2 30.0 30.0 29.99801265540936 29.9946174915489 30.0 30.0 30.0 30.0 30.0 30.0 30.0
59.3 30.0 30.0 29.998054939336807 29.994723740063034 30.0 30.0 30.0 30.0 30.0 30.0 30.0
59.4 30.0 30.0 29.99809632360622 29.994827903990444 30.0 30.0 30.0 30.0 30.0 30.0 30.0
59.5 30.0 30.0 29.998136827359268 29.994930023939002 30.0 30.0 30.0 30.0 30.0 30.0 30.0
59.6 30.0 30.0 29.998176469330385 29.99503013973219 30.0 30.0 30.0 30.0 30.0 30.0 30.0
59.7 30.0 30.0 29.998215267855276 29.99512829042435 30.0 30.0 30.0 30.0 30.0 30.0 30.0
59.8 30.0 30.0 29.99825324087962 29.995224514314817 30.0 30.0 30.0 30.0 30.0 30.0 30.0
59.9 30.0 30.0 29.99829040596731 29.99531884896301 30.0 30.0 30.0 30.0 30.0 30.0 30.0
60.0 30.0 30.0 29.998326780308474 29.995411331202273 30.0 30.0 30.0 30.0 30.0 30.0 30.0
60.1 30.0 30.0 29.99836238072741 29.995501997154008 30.0 30.0 30.0 30.0 30.0 30.0 30.0
60.2 30.0 30.0 29.998397223690617 29.995590882240712 30.0 30.0 30.0 30.0 30.0 30.0 30.0
60.3 30.0 30.0 29.998431325314243 29.995678021200032 30.0 30.0 30.0 30.0 30.0 30.0 30.0
60.4 30.0 30.0 29.998464701371343 29.995763448097684 30.0 30.0 30.0 30.0 30.0 30.0 30.0
60.5 30.0 30.0 29.998497367299628 29.995847196339966 30.0 30.0 30.0 30.0 30.0 30.0 30.0
60.6 30.0 30.0 29.99852933820812 29.995929298686892 30.0 30.0 30.0 30.0 30.0 30.0 30.0
60.7 30.0 30.0 29.99856062888453 29.99600978726422 30.0 30.0 30.0 30.0 30.0 30.0 30.0
60.8 30.0 30.0 29.998591253801916 29.996088693575828 30.0 30.0 30.0 30.0 30.0 30.0 30.0
60.9 30.0 30.0 29.998621227125273 29.996166048515647 30.0 30.0 30.0 30.0 30.0 30.0 30.0
61.0 30.0 30.0 29.998650562718392 29.99624188237883 30.0 30.0 30.0 30.0 30.0 30.0 30.0
61.1 30.0 30.0 29.998679274149875 29.99631622487433 30.0 30.0 30.0 30.0 30.0 30.0 30.0
61.2 30.0 30.0 29.998707374699894 29.996389105134757 30.0 30.0 30.0 30.0 30.0 30.0 30.0
61.3 30.0 30.0 29.998734877365894 29.99646055172865 30.0 30.0 30.0 30.0 30.0 30.0 30.0
61.4 30.0 30.0 29.998761794868713 29.99653059267079 30.0 30.0 30.0 30.0 30.0 30.0 30.0
61.5 30.0 30.0 29.998788139658753 29.99659925543253 30.0 30.0 30.0 30.0 30.0 30.0 30.0
61.6 30.0 30.0 29.998813923921304 29.996666566952936 30.0 30.0 30.0 30.0 30.0 30.0 30.0
61.7 30.0 30.0 29.998839159582555 29.996732553648297 30.0 30.0 30.0 30.0 30.0 30.0 30.0
61.8 30.0 30.0 29.998863858314802 29.99679724142278 30.0 30.0 30.0 30.0 30.0 30.0 30.0
61.9 30.0 30.0 29.998888031542172 29.996860655677725 30.0 30.0 30.0 30.0 30.0 30.0 30.0
62.0 30.0 30.0 29.998911690445546 29.99692282132189 30.0 30.0 30.0 30.0 30.0 30.0 30.0
62.1 30.0 30.0 29.998934845967987 29.996983762780314 30.0 30.0 30.0 30.0 30.0 30.0 30.0
62.2 30.0 30.0 29.99895750881976 29.997043504004072 30.0 30.0 30.0 30.0 30.0 30.0 30.0
62.3 30.0 30.0 29.99897968948318 29.997102068479194 30.0 30.0 30.0 30.0 30.0 30.0 30.0
62.4 30.0 30.0 29.999001398217537 29.997159479235652 30.0 30.0 30.0 30.0 30.0 30.0 30.0
62.5 30.0 30.0 29.999022645063945 29.997215758855972 30.0 30.0 30.0 30.0 30.0 30.0 30.0
62.6 30.0 30.0 29.99904343984979 29.997270929484156 30.0 30.0 30.0 30.0 30.0 30.0 30.0
62.7 30.0 30.0 29.99906379219345 29.997325012833933 30.0 30.0 30.0 30.0 30.0 30.0 30.0
62.8 30.0 30.0 29.999083711508497 29.99737803019725 30.0 30.0 30.0 30.0 30.0 30.0 30.0
62.9 30.0 30.0 29.9991032070083 29.99743000245189 30.0 30.0 30.0 30.0 30.0 30.0 30.0
63.0 30.0 30.0 29.99912228771021 29.99748095006995 30.0 30.0 30.0 30.0 30.0 30.0 30.0
63.1 30.0 30.0 29.99914096243981 29.99753089312549 30.0 30.0 30.0 30.0 30.0 30.0 30.0
63.2 30.0 30.0 29.999159239834686 29.997579851302337 30.0 30.0 30.0 30.0 30.0 30.0 30.0
63.3 30.0 30.0 29.999177128348883 29.997627843901093 30.0 30.0 30.0 30.0 30.0 30.0 30.0
63.4 30.0 30.0 29.99919463625638 29.99767488984733 30.0 30.0 30.0 30.0 30.0 30.0 30.0
63.5 30.0 30.0 29.99921177165517 29.997721007698146 30.0 30.0 30.0 30.0 30.0 30.0 30.0
63.6 30.0 30.0 29.999228542471005 29.997766215649467 30.0 30.0 30.0 30.0 30.0 30.0 30.0
63.7 30.0 30.0 29.999244956461016 29.997810531543166 30.0 30.0 30.0 30.0 30.0 30.0 30.0
63.8 30.0 30.0 29.99926102121715 29.99785397287396 30.0 30.0 30.0 30.0 30.0 30.0 30.0
63.9 30.0 30.0 29.99927674416999 29.997896556795677 30.0 30.0 30.0 30.0 30.0 30.0 30.0
64.0 30.0 30.0 29.999292132591904 29.997938300128187 30.0 30.0 30.0 30.0 30.0 30.0 30.0
64.1 30.0 30.0 29.99930719360057 29.997979219363803 30.0 30.0 30.0 30.0 30.0 30.0 30.0
64.2 30.0 30.0 29.999321934162218 29.998019330673532 30.0 30.0 30.0 30.0 30.0 30.0 30.0
64.3 30.0 30.0 29.999336361094976 29.998058649913272 30.0 30.0 30.0 30.0 30.0 30.0 30.0
64.4 30.0 30.0 29.999350481071723 29.99809719263014 30.0 30.0 30.0 30.0 30.0 30.0 30.0
64.5 30.0 30.0 29.999364300623405 29.998134974068044 30.0 30.0 30.0 30.0 30.0 30.0 30.0
64.6 30.0 30.0 29.99937782614203 29.998172009173796 30.0 30.0 30.0 30.0 30.0 30.0 30.0
64.7 30.0 30.0 29.999391063883664 29.998208312602724 30.0 30.0 30.0 30.0 30.0 30.0 30.0
64.8 30.0 30.0 29.999404019971237 29.998243898724432 30.0 30.0 30.0 30.0 30.0 30.0 30.0
64.9 30.0 30.0 29.99941670039735 29.998278781628404 30.0 30.0 30.0 30.0 30.0 30.0 30.0
65.0 30.0 30.0 29.999429111027183 29.998312975129195 30.0 30.0 30.0 30.0 30.0 30.0 30.0
65.1 30.0 30.0 29.999441257601095 29.998346492771724 30.0 30.0 30.0 30.0 30.0 30.0 30.0
65.2 30.0 30.0 29.999453145737252 29.998379347836927 30.0 30.0 30.0 30.0 30.0 30.0 30.0
65.3 30.0 30.0 29.999464780934318 29.998411553346305 30.0 30.0 30.0 30.0 30.0 30.0 30.0
65.4 30.0 30.0 29.99947616857399 29.99844312206715 30.0 30.0 30.0 30.0 30.0 30.0 30.0
65.5 30.0 30.0 29.999487313923503 29.998474066517648 30.0 30.0 30.0 30.0 30.0 30.0 30.0
65.6 30.0 30.0 29.999498222137944 29.99850439897156 30.0 30.0 30.0 30.0 30.0 30.0 30.0
65.7 30.0 30.0 29.999508898262693 29.998534131463014 30.0 30.0 30.0 30.0 30.0 30.0 30.0
65.8 30.0 30.0 29.999519347235815 29.99856327579099 30.0 30.0 30.0 30.0 30.0 30.0 30.0
65.9 30.0 30.0 29.999529573890406 29.998591843523965 30.0 30.0 30.0 30.0 30.0 30.0 30.0
66.0 30.0 30.0 29.99953958295662 29.998619846004495 30.0 30.0 30.0 30.0 30.0 30.0 30.0
66.1 30.0 30.0 29.999549379063964 29.998647294353404 30.0 30.0 30.0 30.0 30.0 30.0 30.0
66.2 30.0 30.0 29.99955896674348 29.99867419947424 30.0 30.0 30.0 30.0 30.0 30.0 30.0
66.3 30.0 30.0 29.99956835042981 29.998700572057448 30.0 30.0 30.0 30.0 30.0 30.0 30.0
66.4 30.0 30.0 29.99957753446319 29.998726422584383 30.0 30.0 30.0 30.0 30.0 30.0 30.0
66.5 30.0 30.0 29.99958652309163 29.99875176133144 30.0 30.0 30.0 30.0 30.0 30.0 30.0
66.6 30.0 30.0 29.999595320472686 29.998776598374228 30.0 30.0 30.0 30.0 30.0 30.0 30.0
66.7 30.0 30.0 29.99960393067538 29.99880094359125 30.0 30.0 30.0 30.0 30.0 30.0 30.0
66.8 30.0 30.0 29.999612357682327 29.998824806667486 30.0 30.0 30.0 30.0 30.0 30.0 30.0
66.9 30.0 30.0 29.9996206053912 29.998848197098837 30.0 30.0 30.0 30.0 30.0 30.0 30.0
67.0 30.0 30.0 29.999628677616943 29.99887112419504 30.0 30.0 30.0 30.0 30.0 30.0 30.0
67.1 30.0 30.0 29.99963657809322 29.99889359708384 30.0 30.0 30.0 30.0 30.0 30.0 30.0
67.2 30.0 30.0 29.99964431047417 29.998915624714318 30.0 30.0 30.0 30.0 30.0 30.0 30.0
67.3 30.0 30.0 29.999651878336433 29.99893721586015 30.0 30.0 30.0 30.0 30.0 30.0 30.0
67.4 30.0 30.0 29.9996592851803 29.9989583791236 30.0 30.0 30.0 30.0 30.0 30.0 30.0
67.5 30.0 30.0 29.99966653443176 29.998979122938078 30.0 30.0 30.0 30.0 30.0 30.0 30.0
67.6 30.0 30.0 29.99967362944386 29.998999455572065 30.0 30.0 30.0 30.0 30.0 30.0 30.0
67.7 30.0 30.0 29.999680573498214 29.999019385132126 30.0 30.0 30.0 30.0 30.0 30.0 30.0
67.8 30.0 30.0 29.999687369806804 29.99903891956565 30.0 30.0 30.0 30.0 30.0 30.0 30.0
67.9 30.0 30.0 29.99969402151309 29.999058066664773 30.0 30.0 30.0 30.0 30.0 30.0 30.0
68.0 30.0 30.0 29.999700531693676 29.999076834068614 30.0 30.0 30.0 30.0 30.0 30.0 30.0
68.1 30.0 30.0 29.99970690335977 29.99909522926661 30.0 30.0 30.0 30.0 30.0 30.0 30.0
68.2 30.0 30.0 29.999713139458517 29.999113259601426 30.0 30.0 30.0 30.0 30.0 30.0 30.0
68.3 30.0 30.0 29.999719242874274 29.999130932271896 30.0 30.0 30.0 30.0 30.0 30.0 30.0
68.4 30.0 30.0 29.999725216430157 29.999148254335356 30.0 30.0 30.0 30.0 30.0 30.0 30.0
68.5 30.0 30.0 29.999731062889087 29.999165232711118 30.0 30.0 30.0 30.0 30.0 30.0 30.0
68.6 30.0 30.0 29.999736784955264 29.99918187418257 30.0 30.0 30.0 30.0 30.0 30.0 30.0
68.7 30.0 30.0 29.99974238527532 29.999198185400104 30.0 30.0 30.0 30.0 30.0 30.0 30.0
68.8 30.0 30.0 29.99974786643967 29.999214172883438 30.0 30.0 30.0 30.0 30.0 30.0 30.0
68.9 30.0 30.0 29.99975323098348 29.999229843024636 30.0 30.0 30.0 30.0 30.0 30.0 30.0
69.0 30.0 30.0 29.999758481388124 29.999245202090137 30.0 30.0 30.0 30.0 30.0 30.0 30.0
69.1 30.0 30.0 29.999763620081954 29.999260256223607 30.0 30.0 30.0 30.0 30.0 30.0 30.0
69.2 30.0 30.0 29.999768649441943 29.999275011447644 30.0 30.0 30.0 30.0 30.0 30.0 30.0
69.3 30.0 30.0 29.999773571794268 29.999289473667094 30.0 30.0 30.0 30.0 30.0 30.0 30.0
69.4 30.0 30.0 29.999778389415663 29.99930364867057 30.0 30.0 30.0 30.0 30.0 30.0 30.0
69.5 30.0 30.0 29.999783104534494 29.999317542133063 30.0 30.0 30.0 30.0 30.0 30.0 30.0
69.6 30.0 30.0 29.999787719331607 29.999331159618155 30.0 30.0 30.0 30.0 30.0 30.0 30.0
69.7 30.0 30.0 29.999792235941605 29.99934450657993 30.0 30.0 30.0 30.0 30.0 30.0 30.0
69.8 30.0 30.0 29.999796656453526 29.999357588365623 30.0 30.0 30.0 30.0 30.0 30.0 30.0
69.9 30.0 30.0 29.999800982911985 29.999370410217246 30.0 30.0 30.0 30.0 30.0 30.0 30.0
70.0 30.0 30.0 29.999805217318066 29.999382977273804 30.0 30.0 30.0 30.0 30.0 30.0 30.0
70.1 30.0 30.0 29.999809361630472 29.999395294573084 30.0 30.0 30.0 30.0 30.0 30.0 30.0
70.2 30.0 30.0 29.999813417766013 29.999407367054303 30.0 30.0 30.0 30.0 30.0 30.0 30.0
70.3 30.0 30.0 29.999817387600764 29.999419199559142 30.0 30.0 30.0 30.0 30.0 30.0 30.0
70.4 30.0 30.0 29.999821272970934 29.999430796834254 30.0 30.0 30.0 30.0 30.0 30.0 30.0
70.5 30.0 30.0 29.999825075673648 29.999442163532876 30.0 30.0 30.0 30.0 30.0 30.0 30.0
70.6 30.0 30.0 29.99982879746781 29.999453304216704 30.0 30.0 30.0 30.0 30.0 30.0 30.0
70.7 30.0 30.0 29.999832440074883 29.99946422335787 30.0 30.0 30.0 30.0 30.0 30.0 30.0
70.8 30.0 30.0 29.999836005179652 29.99947492534045 30.0 30.0 30.0 30.0 30.0 30.0 30.0
70.9 30.0 30.0 29.99983949443111 29.99948541446213 30.0 30.0 30.0 30.0 30.0 30.0 30.0
71.0 30.0 30.0 29.99984290944323 29.999495694935955 30.0 30.0 30.0 30.0 30.0 30.0 30.0
71.1 30.0 30.0 29.999846251795525 29.9995057708924 30.0 30.0 30.0 30.0 30.0 30.0 30.0
71.2 30.0 30.0 29.999849523033944 29.999515646380406 30.0 30.0 30.0 30.0 30.0 30.0 30.0
71.3 30.0 30.0 29.99985272467154 29.999525325369184 30.0 30.0 30.0 30.0 30.0 30.0 30.0
71.4 30.0 30.0 29.999855858189147 29.9995348117499 30.0 30.0 30.0 30.0 30.0 30.0 30.0
71.5 30.0 30.0 29.999858925036147 29.99954410933697 30.0 30.0 30.0 30.0 30.0 30.0 30.0
71.6 30.0 30.0 29.99986192663116 29.999553221869665 30.0 30.0 30.0 30.0 30.0 30.0 30.0
71.7 30.0 30.0 29.99986486436242 29.999562153013855 30.0 30.0 30.0 30.0 30.0 30.0 30.0
71.8 30.0 30.0 29.999867739588755 29.999570906362855 30.0 30.0 30.0 30.0 30.0 30.0 30.0
71.9 30.0 30.0 29.999870553640054 29.999579485439483 30.0 30.0 30.0 30.0 30.0 30.0 30.0
72.0 30.0 30.0 29.999873307817968 29.999587893696884 30.0 30.0 30.0 30.0 30.0 30.0 30.0
72.1 30.0 30.0 29.999876003396263 29.999596134520374 30.0 30.0 30.0 30.0 30.0 30.0 30.0
72.2 30.0 30.0 29.999878641621923 29.99960421122824 30.0 30.0 30.0 30.0 30.0 30.0 30.0
72.3 30.0 30.0 29.999881223715114 29.999612127073764 30.0 30.0 30.0 30.0 30.0 30.0 30.0
72.4 30.0 30.0 29.999883750870087 29.999619885245856 30.0 30.0 30.0 30.0 30.0 30.0 30.0
72.5 30.0 30.0 29.999886224255828 29.99962748887046 30.0 30.0 30.0 30.0 30.0 30.0 30.0
72.6 30.0 30.0 29.999888645016366 29.999634941012122 30.0 30.0 30.0 30.0 30.0 30.0 30.0
72.7 30.0 30.0 29.999891014271352 29.99964224467471 30.0 30.0 30.0 30.0 30.0 30.0 30.0
72.8 30.0 30.0 29.999893333116624 29.999649402803048 30.0 30.0 30.0 30.0 30.0 30.0 30.0
72.9 30.0 30.0 29.999895602624807 29.99965641828364 30.0 30.0 30.0 30.0 30.0 30.0 30.0
73.0 30.0 30.0 29.999897823845597 29.999663293946192 30.0 30.0 30.0 30.0 30.0 30.0 30.0
73.1 30.0 30.0 29.99989999780633 29.999670032564648 30.0 30.0 30.0 30.0 30.0 30.0 30.0
73.2 30.0 30.0 29.999902125512588 29.99967663685798 30.0 30.0 30.0 30.0 30.0 30.0 30.0
73.3 30.0 30.0 29.99990420794845 29.999683109491773 30.0 30.0 30.0 30.0 30.0 30.0 30.0
73.4 30.0 30.0 29.999906246077217 29.999689453078677 30.0 30.0 30.0 30.0 30.0 30.0 30.0
73.5 30.0 30.0 29.999908240841563 29.999695670179964 30.0 30.0 30.0 30.0 30.0 30.0 30.0
73.6 30.0 30.0 29.99991019316405 29.999701763306415 30.0 30.0 30.0 30.0 30.0 30.0 30.0
73.7 30.0 30.0 29.99991210394779 29.999707734918925 30.0 30.0 30.0 30.0 30.0 30.0 30.0
73.8 30.0 30.0 29.99991397407653 29.999713587430165 30.0 30.0 30.0 30.0 30.0 30.0 30.0
73.9 30.0 30.0 29.999915804415362 29.99971932320479 30.0 30.0 30.0 30.0 30.0 30.0 30.0
74.0 30.0 30.0 29.999917595810796 29.9997249445611 30.0 30.0 30.0 30.0 30.0 30.0 30.0
74.1 30.0 30.0 29.99991934909143 29.999730453771345 30.0 30.0 30.0 30.0 30.0 30.0 30.0
74.2 30.0 30.0 29.999921065068175 29.999735853062994 30.0 30.0 30.0 30.0 30.0 30.0 30.0
74.3 30.0 30.0 29.999922744534803 29.9997411446193 30.0 30.0 30.0 30.0 30.0 30.0 30.0
74.4 30.0 30.0 29.99992438826806 29.999746330580614 30.0 30.0 30.0 30.0 30.0 30.0 30.0
74.5 30.0 30.0 29.999925997028345 29.99975141304477 30.0 30.0 30.0 30.0 30.0 30.0 30.0
74.6 30.0 30.0 29.9999275715597 29.999756394068477 30.0 30.0 30.0 30.0 30.0 30.0 30.0
74.7 30.0 30.0 29.999929112590298 29.9997612756675 30.0 30.0 30.0 30.0 30.0 30.0 30.0
74.8 30.0 30.0 29.999930620833034 29.99976605981764 30.0 30.0 30.0 30.0 30.0 30.0 30.0
74.9 30.0 30.0 29.999932096985507 29.999770748455866 30.0 30.0 30.0 30.0 30.0 30.0 30.0
75.0 30.0 30.0 29.999933541730517 29.9997753434808 30.0 30.0 30.0 30.0 30.0 30.0 30.0
75.1 30.0 30.0 29.999934955736247 29.99977984675345 30.0 30.0 30.0 30.0 30.0 30.0 30.0
75.2 30.0 30.0 29.999936339656767 29.99978426009802 30.0 30.0 30.0 30.0 30.0 30.0 30.0
75.3 30.0 30.0 29.9999376941322 29.9997885853026 30.0 30.0 30.0 30.0 30.0 30.0 30.0
75.4 30.0 30.0 29.99993901978894 29.999792824120124 30.0 30.0 30.0 30.0 30.0 30.0 30.0
75.5 30.0 30.0 29.99994031724022 29.999796978268424 30.0 30.0 30.0 30.0 30.0 30.0 30.0
75.6 30.0 30.0 29.9999415870862 29.99980104943157 30.0 30.0 30.0 30.0 30.0 30.0 30.0
75.7 30.0 30.0 29.999942829914197 29.999805039260412 30.0 30.0 30.0 30.0 30.0 30.0 30.0
75.8 30.0 30.0 29.999944046299017 29.99980894937294 30.0 30.0 30.0 30.0 30.0 30.0 30.0
75.9 30.0 30.0 29.9999452368033 29.999812781355143 30.0 30.0 30.0 30.0 30.0 30.0 30.0
76.0 30.0 30.0 29.999946401977667 29.999816536761653 30.0 30.0 30.0 30.0 30.0 30.0 30.0
76.1 30.0 30.0 29.99994754236114 29.99982021711628 30.0 30.0 30.0 30.0 30.0 30.0 30.0
76.2 30.0 30.0 29.99994865848114 29.999823823912696 30.0 30.0 30.0 30.0 30.0 30.0 30.0
76.3 30.0 30.0 29.999949750853844 29.99982735861501 30.0 30.0 30.0 30.0 30.0 30.0 30.0
76.4 30.0 30.0 29.999950819984605 29.999830822658183 30.0 30.0 30.0 30.0 30.0 30.0 30.0
76.5 30.0 30.0 29.999951866367933 29.999834217448903 30.0 30.0 30.0 30.0 30.0 30.0 30.0
76.6 30.0 30.0 29.9999528904878 29.999837544365985 30.0 30.0 30.0 30.0 30.0 30.0 30.0
76.7 30.0 30.0 29.999953892817818 29.99984080476087 30.0 30.0 30.0 30.0 30.0 30.0 30.0
76.8 30.0 30.0 29.999954873821736 29.999843999957978 30.0 30.0 30.0 30.0 30.0 30.0 30.0
76.9 30.0 30.0 29.999955833953234 29.999847131255994 30.0 30.0 30.0 30.0 30.0 30.0 30.0
77.0 30.0 30.0 29.999956773656315 29.999850199927547 30.0 30.0 30.0 30.0 30.0 30.0 30.0
77.1 30.0 30.0 29.999957693365804 29.99985320721987 30.0 30.0 30.0 30.0 30.0 30.0 30.0
77.2 30.0 30.0 29.999958593506936 29.999856154356024 30.0 30.0 30.0 30.0 30.0 30.0 30.0
77.3 30.0 30.0 29.999959474496137 29.99985904253422 30.0 30.0 30.0 30.0 30.0 30.0 30.0
77.4 30.0 30.0 29.999960336740944 29.999861872929163 30.0 30.0 30.0 30.0 30.0 30.0 30.0
77.5 30.0 30.0 29.99996118064008 29.999864646692327 30.0 30.0 30.0 30.0 30.0 30.0 30.0
77.6 30.0 30.0 29.999962006583957 29.99986736495218 30.0 30.0 30.0 30.0 30.0 30.0 30.0
77.7 30.0 30.0 29.999962814954554 29.999870028814968 30.0 30.0 30.0 30.0 30.0 30.0 30.0
77.8 30.0 30.0 29.999963606125736 29.999872639365016 30.0 30.0 30.0 30.0 30.0 30.0 30.0
77.9 30.0 30.0 29.999964380463528 29.99987519766487 30.0 30.0 30.0 30.0 30.0 30.0 30.0
78.0 30.0 30.0 29.999965138326015 29.999877704756315 30.0 30.0 30.0 30.0 30.0 30.0 30.0
78.1 30.0 30.0 29.99996588006374 29.99988016166015 30.0 30.0 30.0 30.0 30.0 30.0 30.0
78.2 30.0 30.0 29.9999666060198 29.99988256937723 30.0 30.0 30.0 30.0 30.0 30.0 30.0
78.3 30.0 30.0 29.999967316530025 29.99988492888821 30.0 30.0 30.0 30.0 30.0 30.0 30.0
78.4 30.0 30.0 29.999968011923 29.999887241154596 30.0 30.0 30.0 30.0 30.0 30.0 30.0
78.5 30.0 30.0 29.99996869252043 29.999889507118525 30.0 30.0 30.0 30.0 30.0 30.0 30.0
78.6 30.0 30.0 29.999969358637056 29.999891727703773 30.0 30.0 30.0 30.0 30.0 30.0 30.0
78.7 30.0 30.0 29.999970010580952 29.99989390381547 30.0 30.0 30.0 30.0 30.0 30.0 30.0
78.8 30.0 30.0 29.9999706486537 29.999896036340804 30.0 30.0 30.0 30.0 30.0 30.0 30.0
78.9 30.0 30.0 29.9999712731504 29.9998981261494 30.0 30.0 30.0 30.0 30.0 30.0 30.0
79.0 30.0 30.0 29.99997188435996 29.99990017409367 30.0 30.0 30.0 30.0 30.0 30.0 30.0
79.1 30.0 30.0 29.999972482565106 29.99990218100896 30.0 30.0 30.0 30.0 30.0 30.0 30.0
79.2 30.0 30.0 29.99997306804245 29.999904147714233 30.0 30.0 30.0 30.0 30.0 30.0 30.0
79.3 30.0 30.0 29.999973641062812 29.999906075011946 30.0 30.0 30.0 30.0 30.0 30.0 30.0
79.4 30.0 30.0 29.999974201891305 29.99990796368856 30.0 30.0 30.0 30.0 30.0 30.0 30.0
79.5 30.0 30.0 29.999974750787224 29.999909814515323 30.0 30.0 30.0 30.0 30.0 30.0 30.0
79.6 30.0 30.0 29.999975288004556 29.999911628247663 30.0 30.0 30.0 30.0 30.0 30.0 30.0
79.7 30.0 30.0 29.999975813791668 29.999913405626387 30.0 30.0 30.0 30.0 30.0 30.0 30.0
79.8 30.0 30.0 29.9999763283918 29.999915147377237 30.0 30.0 30.0 30.0 30.0 30.0 30.0
79.9 30.0 30.0 29.999976832043068 29.999916854211655 30.0 30.0 30.0 30.0 30.0 30.0 30.0
80.0 30.0 30.0 29.99997732497836 29.99991852682709 30.0 30.0 30.0 30.0 30.0 30.0 30.0
80.1 30.0 30.0 29.99997780742563 29.99992016590701 30.0 30.0 30.0 30.0 30.0 30.0 30.0
80.2 30.0 30.0 29.99997827960809 29.99992177212122 30.0 30.0 30.0 30.0 30.0 30.0 30.0
80.3 30.0 30.0 29.99997874174412 29.999923346126202 30.0 30.0 30.0 30.0 30.0 30.0 30.0
80.4 30.0 30.0 29.999979194047445 29.999924888565566 30.0 30.0 30.0 30.0 30.0 30.0 30.0
80.5 30.0 30.0 29.999979636727254 29.999926400069953 30.0 30.0 30.0 30.0 30.0 30.0 30.0
80.6 30.0 30.0 29.99998006998837 29.999927881257427 30.0 30.0 30.0 30.0 30.0 30.0 30.0
80.7 30.0 30.0 29.99998049403118 29.99992933273383 30.0 30.0 30.0 30.0 30.0 30.0 30.0
80.8 30.0 30.0 29.999980909051803 29.99993075509298 30.0 30.0 30.0 30.0 30.0 30.0 30.0
80.9 30.0 30.0 29.9999813152422 29.999932148916834 30.0 30.0 30.0 30.0 30.0 30.0 30.0
81.0 30.0 30.0 29.999981712790266 29.999933514775737 30.0 30.0 30.0 30.0 30.0 30.0 30.0
81.1 30.0 30.0 29.99998210187984 29.999934853228737 30.0 30.0 30.0 30.0 30.0 30.0 30.0
81.2 30.0 30.0 29.999982482690886 29.99993616482382 30.0 30.0 30.0 30.0 30.0 30.0 30.0
81.3 30.0 30.0 29.999982855399587 29.999937450097796 30.0 30.0 30.0 30.0 30.0 30.0 30.0
81.4 30.0 30.0 29.99998322017837 29.999938709576984 30.0 30.0 30.0 30.0 30.0 30.0 30.0
81.5 30.0 30.0 29.99998357719587 29.999939943777356 30.0 30.0 30.0 30.0 30.0 30.0 30.0
81.6 30.0 30.0 29.99998392661725 29.999941153204272 30.0 30.0 30.0 30.0 30.0 30.0 30.0
81.7 30.0 30.0 29.999984268604095 29.999942338353296 30.0 30.0 30.0 30.0 30.0 30.0 30.0
81.8 30.0 30.0 29.99998460331469 29.999943499709914 30.0 30.0 30.0 30.0 30.0 30.0 30.0
81.9 30.0 30.0 29.99998493090375 29.999944637750243 30.0 30.0 30.0 30.0 30.0 30.0 30.0
82.0 30.0 30.0 29.999985251522787 29.999945752940626 30.0 30.0 30.0 30.0 30.0 30.0 30.0
82.1 30.0 30.0 29.999985565320134 29.9999468457383 30.0 30.0 30.0 30.0 30.0 30.0 30.0
82.2 30.0 30.0 29.999985872441012 29.999947916591136 30.0 30.0 30.0 30.0 30.0 30.0 30.0
82.3 30.0 30.0 29.999986173027366 29.999948965938458 30.0 30.0 30.0 30.0 30.0 30.0 30.0
82.4 30.0 30.0 29.999986467218232 29.999949994210514 30.0 30.0 30.0 30.0 30.0 30.0 30.0
82.5 30.0 30.0 29.99998675514974 29.999951001828997 30.0 30.0 30.0 30.0 30.0 30.0 30.0
82.6 30.0 30.0 29.99998703695503 29.999951989207503 30.0 30.0 30.0 30.0 30.0 30.0 30.0
82.7 30.0 30.0 29.99998731276452 29.99995295675095 30.0 30.0 30.0 30.0 30.0 30.0 30.0
82.8 30.0 30.0 29.999987582705742 29.999953904856557 30.0 30.0 30.0 30.0 30.0 30.0 30.0
82.9 30.0 30.0 29.999987846903505 29.999954833913424 30.0 30.0 30.0 30.0 30.0 30.0 30.0
83.0 30.0 30.0 29.999988105480007 29.999955744302913 30.0 30.0 30.0 30.0 30.0 30.0 30.0
83.1 30.0 30.0 29.99998835855494 29.99995663639881 30.0 30.0 30.0 30.0 30.0 30.0 30.0
83.2 30.0 30.0 29.999988606245275 29.999957510567516 30.0 30.0 30.0 30.0 30.0 30.0 30.0
83.3 30.0 30.0 29.999988848665573 29.999958367167956 30.0 30.0 30.0 30.0 30.0 30.0 30.0
83.4 30.0 30.0 29.99998908592797 29.999959206552052 30.0 30.0 30.0 30.0 30.0 30.0 30.0
83.5 30.0 30.0 29.999989318142287 29.999960029064464 30.0 30.0 30.0 30.0 30.0 30.0 30.0
83.6 30.0 30.0 29.999989545415822 29.999960835043414 30.0 30.0 30.0 30.0 30.0 30.0 30.0
83.7 30.0 30.0 29.999989767853748 29.9999616248199 30.0 30.0 30.0 30.0 30.0 30.0 30.0
83.8 30.0 30.0 29.999989985559008 29.9999623987185 30.0 30.0 30.0 30.0 30.0 30.0 30.0
83.9 30.0 30.0 29.999990198632236 29.999963157057508 30.0 30.0 30.0 30.0 30.0 30.0 30.0
84.0 30.0 30.0 29.999990407172017 29.999963900148646 30.0 30.0 30.0 30.0 30.0 30.0 30.0
84.1 30.0 30.0 29.999990611274722 29.999964628297473 30.0 30.0 30.0 30.0 30.0 30.0 30.0
84.2 30.0 30.0 29.99999081103488 29.99996534180336 30.0 30.0 30.0 30.0 30.0 30.0 30.0
84.3 30.0 30.0 29.999991006544796 29.999966040959883 30.0 30.0 30.0 30.0 30.0 30.0 30.0
84.4 30.0 30.0 29.999991197894936 29.99996672605458 30.0 30.0 30.0 30.0 30.0 30.0 30.0
84.5 30.0 30.0 29.99999138517373 29.99996739736942 30.0 30.0 30.0 30.0 30.0 30.0 30.0
84.6 30.0 30.0 29.999991568467873 29.999968055180478 30.0 30.0 30.0 30.0 30.0 30.0 30.0
84.7 30.0 30.0 29.99999174786222 29.999968699758522 30.0 30.0 30.0 30.0 30.0 30.0 30.0
84.8 30.0 30.0 29.99999192343959 29.999969331369083 30.0 30.0 30.0 30.0 30.0 30.0 30.0
84.9 30.0 30.0 29.999992095281264 29.999969950271932 30.0 30.0 30.0 30.0 30.0 30.0 30.0
85.0 30.0 30.0 29.999992263466766 29.999970556721955 30.0 30.0 30.0 30.0 30.0 30.0 30.0
85.1 30.0 30.0 29.999992428073888 29.99997115096888 30.0 30.0 30.0 30.0 30.0 30.0 30.0
85.2 30.0 30.0 29.999992589178685 29.999971733257578 30.0 30.0 30.0 30.0 30.0 30.0 30.0
85.3 30.0 30.0 29.99999274685575 29.999972303827708 30.0 30.0 30.0 30.0 30.0 30.0 30.0
85.4 30.0 30.0 29.99999290117794 29.999972862914564 30.0 30.0 30.0 30.0 30.0 30.0 30.0
85.5 30.0 30.0 29.99999305221666 29.999973410748304 30.0 30.0 30.0 30.0 30.0 30.0 30.0
85.6 30.0 30.0 29.999993200041864 29.99997394755465 30.0 30.0 30.0 30.0 30.0 30.0 30.0
85.7 30.0 30.0 29.99999334472186 29.999974473555003 30.0 30.0 30.0 30.0 30.0 30.0 30.0
85.8 30.0 30.0 29.99999348632351 29.99997498896626 30.0 30.0 30.0 30.0 30.0 30.0 30.0
85.9 30.0 30.0 29.99999362491241 29.99997549400061 30.0 30.0 30.0 30.0 30.0 30.0 30.0
86.0 30.0 30.0 29.999993760552613 29.999975988866524 30.0 30.0 30.0 30.0 30.0 30.0 30.0
86.1 30.0 30.0 29.999993893306815 29.99997647376808 30.0 30.0 30.0 30.0 30.0 30.0 30.0
86.2 30.0 30.0 29.999994023236454 29.999976948905182 30.0 30.0 30.0 30.0 30.0 30.0 30.0
86.3 30.0 30.0 29.999994150401616 29.999977414473847 30.0 30.0 30.0 30.0 30.0 30.0 30.0
86.4 30.0 30.0 29.999994274861127 29.999977870666218 30.0 30.0 30.0 30.0 30.0 30.0 30.0
86.5 30.0 30.0 29.99999439667256 29.99997831767044 30.0 30.0 30.0 30.0 30.0 30.0 30.0
86.6 30.0 30.0 29.99999451589232 29.999978755670977 30.0 30.0 30.0 30.0 30.0 30.0 30.0
86.7 30.0 30.0 29.999994632575454 29.99997918484866 30.0 30.0 30.0 30.0 30.0 30.0 30.0
86.8 30.0 30.0 29.999994746775965 29.99997960538063 30.0 30.0 30.0 30.0 30.0 30.0 30.0
86.9 30.0 30.0 29.99999485854667 29.9999800174405 30.0 30.0 30.0 30.0 30.0 30.0 30.0
87.0 30.0 30.0 29.99999496793934 29.99998042119835 30.0 30.0 30.0 30.0 30.0 30.0 30.0
87.1 30.0 30.0 29.999995075004474 29.999980816821093 30.0 30.0 30.0 30.0 30.0 30.0 30.0
87.2 30.0 30.0 29.99999517979162 29.99998120447205 30.0 30.0 30.0 30.0 30.0 30.0 30.0
87.3 30.0 30.0 29.99999528234924 29.99998158431125 30.0 30.0 30.0 30.0 30.0 30.0 30.0
87.4 30.0 30.0 29.99999538272475 29.99998195649578 30.0 30.0 30.0 30.0 30.0 30.0 30.0
87.5 30.0 30.0 29.999995480964692 29.999982321179246 30.0 30.0 30.0 30.0 30.0 30.0 30.0
87.6 30.0 30.0 29.999995577114344 29.999982678512566 30.0 30.0 30.0 30.0 30.0 30.0 30.0
87.7 30.0 30.0 29.999995671218308 29.999983028643122 30.0 30.0 30.0 30.0 30.0 30.0 30.0
87.8 30.0 30.0 29.99999576332003 29.99998337171596 30.0 30.0 30.0 30.0 30.0 30.0 30.0
87.9 30.0 30.0 29.99999585346218 29.99998370787267 30.0 30.0 30.0 30.0 30.0 30.0 30.0
88.0 30.0 30.0 29.999995941686358 29.999984037252496 30.0 30.0 30.0 30.0 30.0 30.0 30.0
88.1 30.0 30.0 29.999996028033497 29.99998435999133 30.0 30.0 30.0 30.0 30.0 30.0 30.0
88.2 30.0 30.0 29.999996112543453 29.999984676222898 30.0 30.0 30.0 30.0 30.0 30.0 30.0
88.3 30.0 30.0 29.99999619525532 29.999984986077934 30.0 30.0 30.0 30.0 30.0 30.0 30.0
88.4 30.0 30.0 29.999996276207316 29.999985289684652 30.0 30.0 30.0 30.0 30.0 30.0 30.0
88.5 30.0 30.0 29.999996355436977 29.99998558716863 30.0 30.0 30.0 30.0 30.0 30.0 30.0
88.6 30.0 30.0 29.999996432980883 29.999985878652986 30.0 30.0 30.0 30.0 30.0 30.0 30.0
88.7 30.0 30.0 29.999996508874926 29.999986164258335 30.0 30.0 30.0 30.0 30.0 30.0 30.0
88.8 30.0 30.0 29.99999658315423 29.999986444102905 30.0 30.0 30.0 30.0 30.0 30.0 30.0
88.9 30.0 30.0 29.999996655853042 29.999986718302605 30.0 30.0 30.0 30.0 30.0 30.0 30.0
89.0 30.0 30.0 29.999996727005136 29.999986986970782 30.0 30.0 30.0 30.0 30.0 30.0 30.0
89.1 30.0 30.0 29.999996796643305 29.999987250218886 30.0 30.0 30.0 30.0 30.0 30.0 30.0
89.2 30.0 30.0 29.999996864799872 29.999987508155844 30.0 30.0 30.0 30.0 30.0 30.0 30.0
89.3 30.0 30.0 29.999996931506278 29.999987760888573 30.0 30.0 30.0 30.0 30.0 30.0 30.0
89.4 30.0 30.0 29.99999699679339 29.999988008521633 30.0 30.0 30.0 30.0 30.0 30.0 30.0
89.5 30.0 30.0 29.99999706069139 29.999988251157706 30.0 30.0 30.0 30.0 30.0 30.0 30.0
89.6 30.0 30.0 29.99999712322989 29.999988488897284 30.0 30.0 30.0 30.0 30.0 30.0 30.0
89.7 30.0 30.0 29.99999718443772 29.999988721838935 30.0 30.0 30.0 30.0 30.0 30.0 30.0
89.8 30.0 30.0 29.999997244343334 29.999988950079103 30.0 30.0 30.0 30.0 30.0 30.0 30.0
89.9 30.0 30.0 29.999997302974293 29.99998917371255 30.0 30.0 30.0 30.0 30.0 30.0 30.0
90.0 30.0 30.0 29.9999973603578 29.9999893928319 30.0 30.0 30.0 30.0 30.0 30.0 30.0
90.1 30.0 30.0 29.999997416520355 29.999989607528022 30.0 30.0 30.0 30.0 30.0 30.0 30.0
90.2 30.0 30.0 29.99999747148799 29.99998981788991 30.0 30.0 30.0 30.0 30.0 30.0 30.0
90.3 30.0 30.0 29.999997525286147 29.999990024004816 30.0 30.0 30.0 30.0 30.0 30.0 30.0
90.4 30.0 30.0 29.999997577939602 29.999990225958367 30.0 30.0 30.0 30.0 30.0 30.0 30.0
90.5 30.0 30.0 29.99999762947283 29.999990423834017 30.0 30.0 30.0 30.0 30.0 30.0 30.0
90.6 30.0 30.0 29.999997679909537 29.999990617714214 30.0 30.0 30.0 30.0 30.0 30.0 30.0
90.7 30.0 30.0 29.999997729273137 29.99999080767917 30.0 30.0 30.0 30.0 30.0 30.0 30.0
90.8 30.0 30.0 29.99999777758646 29.99999099380787 30.0 30.0 30.0 30.0 30.0 30.0 30.0
90.9 30.0 30.0 29.999997824871866 29.999991176177506 30.0 30.0 30.0 30.0 30.0 30.0 30.0
91.0 30.0 30.0 29.999997871151212 29.999991354863734 30.0 30.0 30.0 30.0 30.0 30.0 30.0
91.1 30.0 30.0 29.99999791644589 29.999991529940853 30.0 30.0 30.0 30.0 30.0 30.0 30.0
91.2 30.0 30.0 29.99999796077679 29.999991701481513 30.0 30.0 30.0 30.0 30.0 30.0 30.0
91.3 30.0 30.0 29.99999800416452 29.99999186955684 30.0 30.0 30.0 30.0 30.0 30.0 30.0
91.4 30.0 30.0 29.99999804662912 29.99999203423666 30.0 30.0 30.0 30.0 30.0 30.0 30.0
91.5 30.0 30.0 29.999998088190125 29.999992195589577 30.0 30.0 30.0 30.0 30.0 30.0 30.0
91.6 30.0 30.0 29.999998128866984 29.99999235368223 30.0 30.0 30.0 30.0 30.0 30.0 30.0
91.7 30.0 30.0 29.999998168678278 29.99999250858076 30.0 30.0 30.0 30.0 30.0 30.0 30.0
91.8 30.0 30.0 29.99999820764258 29.999992660349207 30.0 30.0 30.0 30.0 30.0 30.0 30.0
91.9 30.0 30.0 29.999998245777885 29.99999280905068 30.0 30.0 30.0 30.0 30.0 30.0 30.0
92.0 30.0 30.0 29.999998283101807 29.999992954747047 30.0 30.0 30.0 30.0 30.0 30.0 30.0
92.1 30.0 30.0 29.999998319631565 29.999993097498997 30.0 30.0 30.0 30.0 30.0 30.0 30.0
92.2 30.0 30.0 29.999998355383994 29.999993237365757 30.0 30.0 30.0 30.0 30.0 30.0 30.0
92.3 30.0 30.0 29.99999839037574 29.999993374405378 30.0 30.0 30.0 30.0 30.0 30.0 30.0
92.4 30.0 30.0 29.99999842462305 29.99999350867489 30.0 30.0 30.0 30.0 30.0 30.0 30.0
92.5 30.0 30.0 29.999998458141803 29.999993640230045 30.0 30.0 30.0 30.0 30.0 30.0 30.0
92.6 30.0 30.0 29.999998490947277 29.999993769126004 30.0 30.0 30.0 30.0 30.0 30.0 30.0
92.7 30.0 30.0 29.99999852305476 29.999993895415923 30.0 30.0 30.0 30.0 30.0 30.0 30.0
92.8 30.0 30.0 29.99999855447916 29.99999401915237 30.0 30.0 30.0 30.0 30.0 30.0 30.0
92.9 30.0 30.0 29.99999858523498 29.999994140386956 30.0 30.0 30.0 30.0 30.0 30.0 30.0
93.0 30.0 30.0 29.999998615336352 29.999994259170183 30.0 30.0 30.0 30.0 30.0 30.0 30.0
93.1 30.0 30.0 29.999998644797206 29.99999437555148 30.0 30.0 30.0 30.0 30.0 30.0 30.0
93.2 30.0 30.0 29.999998673631286 29.999994489579173 30.0 30.0 30.0 30.0 30.0 30.0 30.0
93.3 30.0 30.0 29.999998701851936 29.99999460130065 30.0 30.0 30.0 30.0 30.0 30.0 30.0
93.4 30.0 30.0 29.999998729472132 29.999994710762607 30.0 30.0 30.0 30.0 30.0 30.0 30.0
93.5 30.0 30.0 29.999998756504635 29.999994818010663 30.0 30.0 30.0 30.0 30.0 30.0 30.0
93.6 30.0 30.0 29.99999878296203 29.999994923089318 30.0 30.0 30.0 30.0 30.0 30.0 30.0
93.7 30.0 30.0 29.999998808856503 29.999995026042335 30.0 30.0 30.0 30.0 30.0 30.0 30.0
93.8 30.0 30.0 29.99999883420006 29.9999951269126 30.0 30.0 30.0 30.0 30.0 30.0 30.0
93.9 30.0 30.0 29.9999988590043 29.99999522574245 30.0 30.0 30.0 30.0 30.0 30.0 30.0
94.0 30.0 30.0 29.999998883280842 29.999995322572563 30.0 30.0 30.0 30.0 30.0 30.0 30.0
94.1 30.0 30.0 29.999998907040908 29.999995417443632 30.0 30.0 30.0 30.0 30.0 30.0 30.0
94.2 30.0 30.0 29.999998930295334 29.99999551039506 30.0 30.0 30.0 30.0 30.0 30.0 30.0
94.3 30.0 30.0 29.999998953054956 29.99999560146557 30.0 30.0 30.0 30.0 30.0 30.0 30.0
94.4 30.0 30.0 29.999998975330413 29.9999956906931 30.0 30.0 30.0 30.0 30.0 30.0 30.0
94.5 30.0 30.0 29.99999899713197 29.99999577811487 30.0 30.0 30.0 30.0 30.0 30.0 30.0
94.6 30.0 30.0 29.999999018469683 29.999995863767385 30.0 30.0 30.0 30.0 30.0 30.0 30.0
94.7 30.0 30.0 29.99999903935323 29.99999594768665 30.0 30.0 30.0 30.0 30.0 30.0 30.0
94.8 30.0 30.0 29.99999905979248 29.999996029907155 30.0 30.0 30.0 30.0 30.0 30.0 30.0
94.9 30.0 30.0 29.99999907979691 29.999996110463194 30.0 30.0 30.0 30.0 30.0 30.0 30.0
95.0 30.0 30.0 29.999999099375625 29.99999618938874 30.0 30.0 30.0 30.0 30.0 30.0 30.0
95.1 30.0 30.0 29.999999118537904 29.99999626671629 30.0 30.0 30.0 30.0 30.0 30.0 30.0
95.2 30.0 30.0 29.99999913729246 29.999996342478525 30.0 30.0 30.0 30.0 30.0 30.0 30.0
95.3 30.0 30.0 29.999999155647995 29.999996416706868 30.0 30.0 30.0 30.0 30.0 30.0 30.0
95.4 30.0 30.0 29.99999917361284 29.999996489432363 30.0 30.0 30.0 30.0 30.0 30.0 30.0
95.5 30.0 30.0 29.9999991911955 29.999996560685165 30.0 30.0 30.0 30.0 30.0 30.0 30.0
95.6 30.0 30.0 29.999999208404105 29.999996630495204 30.0 30.0 30.0 30.0 30.0 30.0 30.0
95.7 30.0 30.0 29.999999225246594 29.999996698891515 30.0 30.0 30.0 30.0 30.0 30.0 30.0
95.8 30.0 30.0 29.999999241730702 29.999996765902793 30.0 30.0 30.0 30.0 30.0 30.0 30.0
95.9 30.0 30.0 29.99999925786417 29.9999968315568 30.0 30.0 30.0 30.0 30.0 30.0 30.0
96.0 30.0 30.0 29.999999273654353 29.999996895881118 30.0 30.0 30.0 30.0 30.0 30.0 30.0
96.1 30.0 30.0 29.999999289108604 29.999996958902425 30.0 30.0 30.0 30.0 30.0 30.0 30.0
96.2 30.0 30.0 29.999999304233885 29.999997020647417 30.0 30.0 30.0 30.0 30.0 30.0 30.0
96.3 30.0 30.0 29.999999319037364 29.9999970811415 30.0 30.0 30.0 30.0 30.0 30.0 30.0
96.4 30.0 30.0 29.999999333526002 29.99999714041006 30.0 30.0 30.0 30.0 30.0 30.0 30.0
96.5 30.0 30.0 29.999999347706378 29.999997198477924 30.0 30.0 30.0 30.0 30.0 30.0 30.0
96.6 30.0 30.0 29.99999936158488 29.999997255369628 30.0 30.0 30.0 30.0 30.0 30.0 30.0
96.7 30.0 30.0 29.999999375168088 29.999997311108384 30.0 30.0 30.0 30.0 30.0 30.0 30.0
96.8 30.0 30.0 29.999999388462385 29.999997365717753 30.0 30.0 30.0 30.0 30.0 30.0 30.0
96.9 30.0 30.0 29.999999401473772 29.999997419220577 30.0 30.0 30.0 30.0 30.0 30.0 30.0
97.0 30.0 30.0 29.99999941420844 29.999997471639173 30.0 30.0 30.0 30.0 30.0 30.0 30.0
97.1 30.0 30.0 29.999999426671998 29.999997522995645 30.0 30.0 30.0 30.0 30.0 30.0 30.0
97.2 30.0 30.0 29.99999943887045 29.999997573311244 30.0 30.0 30.0 30.0 30.0 30.0 30.0
97.3 30.0 30.0 29.99999945080941 29.99999762260695 30.0 30.0 30.0 30.0 30.0 30.0 30.0
97.4 30.0 30.0 29.999999462494287 29.999997670903635 30.0 30.0 30.0 30.0 30.0 30.0 30.0
97.5 30.0 30.0 29.999999473930504 29.99999771822142 30.0 30.0 30.0 30.0 30.0 30.0 30.0
97.6 30.0 30.0 29.99999948512348 29.999997764579863 30.0 30.0 30.0 30.0 30.0 30.0 30.0
97.7 30.0 30.0 29.99999949607825 29.999997809998714 30.0 30.0 30.0 30.0 30.0 30.0 30.0
97.8 30.0 30.0 29.99999950680003 29.99999785449663 30.0 30.0 30.0 30.0 30.0 30.0 30.0
97.9 30.0 30.0 29.999999517293663 29.999997898092637 30.0 30.0 30.0 30.0 30.0 30.0 30.0
98.0 30.0 30.0 29.999999527563986 29.99999794080466 30.0 30.0 30.0 30.0 30.0 30.0 30.0
98.1 30.0 30.0 29.99999953761584 29.99999798265064 30.0 30.0 30.0 30.0 30.0 30.0 30.0
98.2 30.0 30.0 29.99999954745386 29.99999802364812 30.0 30.0 30.0 30.0 30.0 30.0 30.0
98.3 30.0 30.0 29.999999557082507 29.999998063814303 30.0 30.0 30.0 30.0 30.0 30.0 30.0
98.4 30.0 30.0 29.99999956650623 29.999998103166046 30.0 30.0 30.0 30.0 30.0 30.0 30.0
98.5 30.0 30.0 29.999999575729472 29.99999814171963 30.0 30.0 30.0 30.0 30.0 30.0 30.0
98.6 30.0 30.0 29.999999584756498 29.99999817949132 30.0 30.0 30.0 30.0 30.0 30.0 30.0
98.7 30.0 30.0 29.99999959359156 29.999998216496852 30.0 30.0 30.0 30.0 30.0 30.0 30.0
98.8 30.0 30.0 29.999999602238535 29.999998252751972 30.0 30.0 30.0 30.0 30.0 30.0 30.0
98.9 30.0 30.0 29.99999961070148 29.99999828827172 30.0 30.0 30.0 30.0 30.0 30.0 30.0
99.0 30.0 30.0 29.99999961898446 29.9999983230709 30.0 30.0 30.0 30.0 30.0 30.0 30.0
99.1 30.0 30.0 29.999999627091153 29.999998357164138 30.0 30.0 30.0 30.0 30.0 30.0 30.0
99.2 30.0 30.0 29.999999635025432 29.999998390565732 30.0 30.0 30.0 30.0 30.0 30.0 30.0
99.3 30.0 30.0 29.999999642790772 29.99999842328977 30.0 30.0 30.0 30.0 30.0 30.0 30.0
99.4 30.0 30.0 29.999999650391054 29.999998455349637 30.0 30.0 30.0 30.0 30.0 30.0 30.0
99.5 30.0 30.0 29.99999965782956 29.999998486759214 30.0 30.0 30.0 30.0 30.0 30.0 30.0
99.6 30.0 30.0 29.999999665109772 29.999998517531537 30.0 30.0 30.0 30.0 30.0 30.0 30.0
99.7 30.0 30.0 29.99999967223518 29.99999854767922 30.0 30.0 30.0 30.0 30.0 30.0 30.0
99.8 30.0 30.0 29.999999679208877 29.99999857721526 30.0 30.0 30.0 30.0 30.0 30.0 30.0
99.9 30.0 30.0 29.99999968603415 29.999998606151962 30.0 30.0 30.0 30.0 30.0 30.0 30.0
