0.0 0.0 -1073741824.0 -1073741824.0 -1073741824.0 -1073741824.0 -1073741824.0 -1073741824.0 -1073741824.0 -1073741824.0 -1073741824.0 -1073741824.0
0.1 0.6000000000000001 -1073741824.0 -1073741824.0 -1073741824.0 -1073741824.0 -1073741824.0 -1073741824.0 -1073741824.0 -1073741824.0 -1073741824.0 -1073741824.0
0.2 30.0 0.0 0.0 0.0 0.0 0.0 0.0 0.0 0.0 0.0 0.0
0.3 30.0 30.0 30.0 30.0 30.0 30.0 30.0 30.0 30.0 30.0 0.0
0.4 30.0 30.0 30.0 30.0 30.0 30.0 30.0 30.0 30.0 30.0 0.0
0.5 30.0 30.0 30.0 30.0 30.0 30.0 30.0 30.0 30.0 30.0 0.0
0.6 30.0 30.0 30.0 30.0 30.0 30.0 30.0 30.0 30.0 30.0 0.0
0.7 30.0 30.0 30.0 30.0 30.0 30.0 30.0 30.0 30.0 30.0 0.0
0.8 30.0 30.0 30.0 30.0 30.0 30.0 30.0 30.0 30.0 30.0 0.0
0.9 30.0 30.0 30.0 30.0 30.0 30.0 30.0 30.0 30.0 30.0 0.0
1.0 30.0 30.0 30.0 30.0 30.0 30.0 30.0 30.0 30.0 30.0 0.0
1.1 30.0 30.0 30.0 30.0 30.0 30.0 30.0 30.0 30.0 30.0 0.0
1.2 30.0 30.0 30.0 30.0 30.0 30.0 30.0 30.0 30.0 30.0 0.0
1.3 30.0 30.0 30.0 30.0 30.0 30.0 30.0 30.0 30.0 30.0 0.0
1.4 30.0 30.0 30.0 30.0 30.0 30.0 30.0 30.0 30.0 30.0 0.0
1.5 30.0 30.0 30.0 30.0 30.0 30.0 30.0 30.0 30.0 30.0 0.0
1.6 30.0 30.0 30.0 30.0 30.0 30.0 30.0 30.0 30.0 30.0 0.0
1.7 30.0 30.0 30.0 30.0 30.0 30.0 30.0 30.0 30.0 30.0 0.0
1.8 30.0 30.0 30.0 30.0 30.0 30.0 30.0 30.0 30.0 30.0 0.0
1.9 30.0 30.0 30.0 30.0 30.0 30.0 30.0 30.0 30.0 30.0 0.0
2.0 30.0 30.0 30.0 30.0 30.0 30.0 30.0 30.0 30.0 30.0 0.0
2.1 30.0 30.0 30.0 30.0 30.0 30.0 30.0 30.0 30.0 30.0 0.0
2.2 29.905458876814972 29.905458876814972 29.905458876814972 29.905458876814972 29.905458876814972 29.905458876814972 29.905458876814972 29.905458876814972 29.905458876814972 29.905458876814972 0.0
2.3 29.810917753629944 29.810917753629944 29.810917753629944 29.810917753629944 29.810917753629944 29.810917753629944 29.810917753629944 29.810917753629944 29.810917753629944 29.810917753629944 0.0
2.4 29.716376630444916 29.716376630444916 29.716376630444916 29.716376630444916 29.716376630444916 29.716376630444916 29.716376630444916 29.716376630444916 29.716376630444916 29.716376630444916 0.0
2.5 29.62183550725989 29.62183550725989 29.62183550725989 29.62183550725989 29.62183550725989 29.62183550725989 29.62183550725989 29.62183550725989 29.62183550725989 29.62183550725989 0.0
2.6 29.52729438407486 29.52729438407486 29.52729438407486 29.52729438407486 29.52729438407486 29.52729438407486 29.52729438407486 29.52729438407486 29.52729438407486 29.52729438407486 0.0
2.7 29.432753260889832 29.432753260889832 29.432753260889832 29.432753260889832 29.432753260889832 29.432753260889832 29.432753260889832 29.432753260889832 29.432753260889832 29.432753260889832 0.0
2.8 29.338212137704804 29.338212137704804 29.338212137704804 29.338212137704804 29.338212137704804 29.338212137704804 29.338212137704804 29.338212137704804 29.338212137704804 29.338212137704804 0.0
2.9 29.243671014519776 29.243671014519776 29.243671014519776 29.243671014519776 29.243671014519776 29.243671014519776 29.243671014519776 29.243671014519776 29.243671014519776 29.243671014519776 0.0
3.0 29.14912989133475 29.14912989133475 29.14912989133475 29.14912989133475 29.14912989133475 29.14912989133475 29.14912989133475 29.14912989133475 29.14912989133475 29.14912989133475 0.0
3.1 29.05458876814972 29.05458876814972 29.05458876814972 29.05458876814972 29.05458876814972 29.05458876814972 29.05458876814972 29.05458876814972 29.05458876814972 29.05458876814972 0.0
3.2 28.960047644964693 28.960047644964693 28.960047644964693 28.960047644964693 28.960047644964693 28.960047644964693 28.960047644964693 28.960047644964693 28.960047644964693 28.960047644964693 0.0
3.3 28.865506521779665 28.865506521779665 28.865506521779665 28.865506521779665 28.865506521779665 28.865506521779665 28.865506521779665 28.865506521779665 28.865506521779665 28.865506521779665 0.0
3.4 28.770965398594637 28.770965398594637 28.770965398594637 28.770965398594637 28.770965398594637 28.770965398594637 28.770965398594637 28.770965398594637 28.770965398594637 28.770965398594637 0.0
3.5 28.67642427540961 28.67642427540961 28.67642427540961 28.67642427540961 28.67642427540961 28.67642427540961 28.67642427540961 28.67642427540961 28.67642427540961 28.67642427540961 0.0
3.6 28.58188315222458 28.58188315222458 28.58188315222458 28.58188315222458 28.58188315222458 28.58188315222458 28.58188315222458 28.58188315222458 28.58188315222458 28.58188315222458 0.0
3.7 28.487342029039553 28.487342029039553 28.487342029039553 28.487342029039553 28.487342029039553 28.487342029039553 28.487342029039553 28.487342029039553 28.487342029039553 28.487342029039553 0.0
3.8 28.392800905854525 28.392800905854525 28.392800905854525 28.392800905854525 28.392800905854525 28.392800905854525 28.392800905854525 28.392800905854525 28.392800905854525 28.392800905854525 0.0
3.9 28.298259782669497 28.298259782669497 28.298259782669497 28.298259782669497 28.298259782669497 28.298259782669497 28.298259782669497 28.298259782669497 28.298259782669497 28.298259782669497 0.0
4.0 28.20371865948447 28.20371865948447 28.20371865948447 28.20371865948447 28.20371865948447 28.20371865948447 28.20371865948447 28.20371865948447 28.20371865948447 28.20371865948447 0.0
4.1 28.10917753629944 28.10917753629944 28.10917753629944 28.10917753629944 28.10917753629944 28.10917753629944 28.10917753629944 28.10917753629944 28.10917753629944 28.10917753629944 0.0
4.2 28.014636413114413 28.014636413114413 28.014636413114413 28.014636413114413 28.014636413114413 28.014636413114413 28.014636413114413 28.014636413114413 28.014636413114413 28.014636413114413 0.0
4.3 27.920095289929385 27.920095289929385 27.920095289929385 27.920095289929385 27.920095289929385 27.920095289929385 27.920095289929385 27.920095289929385 27.920095289929385 27.920095289929385 0.0
4.4 27.825554166744357 27.825554166744357 27.825554166744357 27.825554166744357 27.825554166744357 27.825554166744357 27.825554166744357 27.825554166744357 27.825554166744357 27.825554166744357 0.0
4.5 27.73101304355933 27.73101304355933 27.73101304355933 27.73101304355933 27.73101304355933 27.73101304355933 27.73101304355933 27.73101304355933 27.73101304355933 27.73101304355933 0.0
4.6 27.6364719203743 27.6364719203743 27.6364719203743 27.6364719203743 27.6364719203743 27.6364719203743 27.6364719203743 27.6364719203743 27.6364719203743 27.6364719203743 0.0
4.7 27.541930797189274 27.541930797189274 27.541930797189274 27.541930797189274 27.541930797189274 27.541930797189274 27.541930797189274 27.541930797189274 27.541930797189274 27.541930797189274 0.0
4.8 27.447389674004246 27.447389674004246 27.447389674004246 27.447389674004246 27.447389674004246 27.447389674004246 27.447389674004246 27.447389674004246 27.447389674004246 27.447389674004246 0.0
4.9 27.352848550819218 27.352848550819218 27.352848550819218 27.352848550819218 27.352848550819218 27.352848550819218 27.352848550819218 27.352848550819218 27.352848550819218 27.352848550819218 0.0
5.0 27.25830742763419 27.25830742763419 27.25830742763419 27.25830742763419 27.25830742763419 27.25830742763419 27.25830742763419 27.25830742763419 27.25830742763419 27.25830742763419 0.0
5.1 27.16376630444916 27.16376630444916 27.16376630444916 27.16376630444916 27.16376630444916 27.16376630444916 27.16376630444916 27.16376630444916 27.16376630444916 27.16376630444916 0.0
5.2 27.069225181264134 27.069225181264134 27.069225181264134 27.069225181264134 27.069225181264134 27.069225181264134 27.069225181264134 27.069225181264134 27.069225181264134 27.069225181264134 0.0
5.3 26.974684058079106 26.974684058079106 26.974684058079106 26.974684058079106 26.974684058079106 26.974684058079106 26.974684058079106 26.974684058079106 26.974684058079106 26.974684058079106 0.0
5.4 26.880142934894078 26.880142934894078 26.880142934894078 26.880142934894078 26.880142934894078 26.880142934894078 26.880142934894078 26.880142934894078 26.880142934894078 26.880142934894078 0.0
5.5 26.78560181170905 26.78560181170905 26.78560181170905 26.78560181170905 26.78560181170905 26.78560181170905 26.78560181170905 26.78560181170905 26.78560181170905 26.78560181170905 0.0
5.6 26.691060688524022 26.691060688524022 26.691060688524022 26.691060688524022 26.691060688524022 26.691060688524022 26.691060688524022 26.691060688524022 26.691060688524022 26.691060688524022 0.0
5.7 26.596519565338994 26.596519565338994 26.596519565338994 26.596519565338994 26.596519565338994 26.596519565338994 26.596519565338994 26.596519565338994 26.596519565338994 26.596519565338994 0.0
5.8 26.501978442153966 26.501978442153966 26.501978442153966 26.501978442153966 26.501978442153966 26.501978442153966 26.501978442153966 26.501978442153966 26.501978442153966 26.501978442153966 0.0
5.9 26.407437318968938 26.407437318968938 26.407437318968938 26.407437318968938 26.407437318968938 26.407437318968938 26.407437318968938 26.407437318968938 26.407437318968938 26.407437318968938 0.0
6.0 26.31289619578391 26.31289619578391 26.31289619578391 26.31289619578391 26.31289619578391 26.31289619578391 26.31289619578391 26.31289619578391 26.31289619578391 26.31289619578391 0.0
6.1 26.218355072598882 26.218355072598882 26.218355072598882 26.218355072598882 26.218355072598882 26.218355072598882 26.218355072598882 26.218355072598882 26.218355072598882 26.218355072598882 0.0
6.2 26.123813949413854 26.123813949413854 26.123813949413854 26.123813949413854 26.123813949413854 26.123813949413854 26.123813949413854 26.123813949413854 26.123813949413854 26.123813949413854 0.0
6.3 26.029272826228826 26.029272826228826 26.029272826228826 26.029272826228826 26.029272826228826 26.029272826228826 26.029272826228826 26.029272826228826 26.029272826228826 26.029272826228826 0.0
6.4 25.9347317030438 25.9347317030438 25.9347317030438 25.9347317030438 25.9347317030438 25.9347317030438 25.9347317030438 25.9347317030438 25.9347317030438 25.9347317030438 0.0
6.5 25.84019057985877 25.84019057985877 25.84019057985877 25.84019057985877 25.84019057985877 25.84019057985877 25.84019057985877 25.84019057985877 25.84019057985877 25.84019057985877 0.0
6.6 25.745649456673743 25.745649456673743 25.745649456673743 25.745649456673743 25.745649456673743 25.745649456673743 25.745649456673743 25.745649456673743 25.745649456673743 25.745649456673743 0.0
6.7 25.651108333488715 25.651108333488715 25.651108333488715 25.651108333488715 25.651108333488715 25.651108333488715 25.651108333488715 25.651108333488715 25.651108333488715 25.651108333488715 0.0
6.8 25.556567210303687 25.556567210303687 25.556567210303687 25.556567210303687 25.556567210303687 25.556567210303687 25.556567210303687 25.556567210303687 25.556567210303687 25.556567210303687 0.0
6.9 25.46202608711866 25.46202608711866 25.46202608711866 25.46202608711866 25.46202608711866 25.46202608711866 25.46202608711866 25.46202608711866 25.46202608711866 25.46202608711866 0.0
7.0 25.36748496393363 25.36748496393363 25.36748496393363 25.36748496393363 25.36748496393363 25.36748496393363 25.36748496393363 25.36748496393363 25.36748496393363 25.36748496393363 0.0
7.1 25.272943840748603 25.272943840748603 25.272943840748603 25.272943840748603 25.272943840748603 25.272943840748603 25.272943840748603 25.272943840748603 25.272943840748603 25.272943840748603 0.0
7.2 25.178402717563575 25.178402717563575 25.178402717563575 25.178402717563575 25.178402717563575 25.178402717563575 25.178402717563575 25.178402717563575 25.178402717563575 25.178402717563575 0.0
7.3 25.083861594378547 25.083861594378547 25.083861594378547 25.083861594378547 25.083861594378547 25.083861594378547 25.083861594378547 25.083861594378547 25.083861594378547 25.083861594378547 0.0
7.4 24.98932047119352 24.98932047119352 24.98932047119352 24.98932047119352 24.98932047119352 24.98932047119352 24.98932047119352 24.98932047119352 24.98932047119352 24.98932047119352 0.0
7.5 24.89477934800849 24.89477934800849 24.89477934800849 24.89477934800849 24.89477934800849 24.89477934800849 24.89477934800849 24.89477934800849 24.89477934800849 24.89477934800849 0.0
7.6 24.800238224823463 24.800238224823463 24.800238224823463 24.800238224823463 24.800238224823463 24.800238224823463 24.800238224823463 24.800238224823463 24.800238224823463 24.800238224823463 0.0
7.7 24.705697101638435 24.705697101638435 24.705697101638435 24.705697101638435 24.705697101638435 24.705697101638435 24.705697101638435 24.705697101638435 24.705697101638435 24.705697101638435 0.0
7.8 24.611155978453407 24.611155978453407 24.611155978453407 24.611155978453407 24.611155978453407 24.611155978453407 24.611155978453407 24.611155978453407 24.611155978453407 24.611155978453407 0.0
7.9 24.51661485526838 24.51661485526838 24.51661485526838 24.51661485526838 24.51661485526838 24.51661485526838 24.51661485526838 24.51661485526838 24.51661485526838 24.51661485526838 0.0
8.0 24.42207373208335 24.42207373208335 24.42207373208335 24.42207373208335 24.42207373208335 24.42207373208335 24.42207373208335 24.42207373208335 24.42207373208335 24.42207373208335 0.0
8.1 24.327532608898323 24.327532608898323 24.327532608898323 24.327532608898323 24.327532608898323 24.327532608898323 24.327532608898323 24.327532608898323 24.327532608898323 24.327532608898323 0.0
8.2 24.232991485713296 24.232991485713296 24.232991485713296 24.232991485713296 24.232991485713296 24.232991485713296 24.232991485713296 24.232991485713296 24.232991485713296 24.232991485713296 0.0
8.3 24.138450362528268 24.138450362528268 24.138450362528268 24.138450362528268 24.138450362528268 24.138450362528268 24.138450362528268 24.138450362528268 24.138450362528268 24.138450362528268 0.0
8.4 24.04390923934324 24.04390923934324 24.04390923934324 24.04390923934324 24.04390923934324 24.04390923934324 24.04390923934324 24.04390923934324 24.04390923934324 24.04390923934324 0.0
8.5 23.94936811615821 23.94936811615821 23.94936811615821 23.94936811615821 23.94936811615821 23.94936811615821 23.94936811615821 23.94936811615821 23.94936811615821 23.94936811615821 0.0
8.6 23.854826992973184 23.854826992973184 23.854826992973184 23.854826992973184 23.854826992973184 23.854826992973184 23.854826992973184 23.854826992973184 23.854826992973184 23.854826992973184 0.0
8.7 23.760285869788156 23.760285869788156 23.760285869788156 23.760285869788156 23.760285869788156 23.760285869788156 23.760285869788156 23.760285869788156 23.760285869788156 23.760285869788156 0.0
8.8 23.665744746603128 23.665744746603128 23.665744746603128 23.665744746603128 23.665744746603128 23.665744746603128 23.665744746603128 23.665744746603128 23.665744746603128 23.665744746603128 0.0
8.9 23.5712036234181 23.5712036234181 23.5712036234181 23.5712036234181 23.5712036234181 23.5712036234181 23.5712036234181 23.5712036234181 23.5712036234181 23.5712036234181 0.0
9.0 23.476662500233072 23.476662500233072 23.476662500233072 23.476662500233072 23.476662500233072 23.476662500233072 23.476662500233072 23.476662500233072 23.476662500233072 23.476662500233072 0.0
9.1 23.382121377048044 23.382121377048044 23.382121377048044 23.382121377048044 23.382121377048044 23.382121377048044 23.382121377048044 23.382121377048044 23.382121377048044 23.382121377048044 0.0
9.2 23.287580253863016 23.287580253863016 23.287580253863016 23.287580253863016 23.287580253863016 23.287580253863016 23.287580253863016 23.287580253863016 23.287580253863016 23.287580253863016 0.0
9.3 23.193039130677988 23.193039130677988 23.193039130677988 23.193039130677988 23.193039130677988 23.193039130677988 23.193039130677988 23.193039130677988 23.193039130677988 23.193039130677988 0.0
9.4 23.09849800749296 23.09849800749296 23.09849800749296 23.09849800749296 23.09849800749296 23.09849800749296 23.09849800749296 23.09849800749296 23.09849800749296 23.09849800749296 0.0
9.5 23.003956884307932 23.003956884307932 23.003956884307932 23.003956884307932 23.003956884307932 23.003956884307932 23.003956884307932 23.003956884307932 23.003956884307932 23.003956884307932 0.0
9.6 22.909415761122904 22.909415761122904 22.909415761122904 22.909415761122904 22.909415761122904 22.909415761122904 22.909415761122904 22.909415761122904 22.909415761122904 22.909415761122904 0.0
9.7 22.814874637937876 22.814874637937876 22.814874637937876 22.814874637937876 22.814874637937876 22.814874637937876 22.814874637937876 22.814874637937876 22.814874637937876 22.814874637937876 0.0
9.8 22.72033351475285 22.72033351475285 22.72033351475285 22.72033351475285 22.72033351475285 22.72033351475285 22.72033351475285 22.72033351475285 22.72033351475285 22.72033351475285 0.0
9.9 22.62579239156782 22.62579239156782 22.62579239156782 22.62579239156782 22.62579239156782 22.62579239156782 22.62579239156782 22.62579239156782 22.62579239156782 22.62579239156782 0.0
10.0 22.531251268382793 22.531251268382793 22.531251268382793 22.531251268382793 22.531251268382793 22.531251268382793 22.531251268382793 22.531251268382793 22.531251268382793 22.531251268382793 0.0
10.1 22.436710145197765 22.436710145197765 22.436710145197765 22.436710145197765 22.436710145197765 22.436710145197765 22.436710145197765 22.436710145197765 22.436710145197765 22.436710145197765 0.0
10.2 22.342169022012737 22.342169022012737 22.342169022012737 22.342169022012737 22.342169022012737 22.342169022012737 22.342169022012737 22.342169022012737 22.342169022012737 22.342169022012737 0.0
10.3 22.24762789882771 22.24762789882771 22.24762789882771 22.24762789882771 22.24762789882771 22.24762789882771 22.24762789882771 22.24762789882771 22.24762789882771 22.24762789882771 0.0
10.4 22.15308677564268 22.15308677564268 22.15308677564268 22.15308677564268 22.15308677564268 22.15308677564268 22.15308677564268 22.15308677564268 22.15308677564268 22.15308677564268 0.0
10.5 22.058545652457653 22.058545652457653 22.058545652457653 22.058545652457653 22.058545652457653 22.058545652457653 22.058545652457653 22.058545652457653 22.058545652457653 22.058545652457653 0.0
10.6 21.964004529272625 21.964004529272625 21.964004529272625 21.964004529272625 21.964004529272625 21.964004529272625 21.964004529272625 21.964004529272625 21.964004529272625 21.964004529272625 0.0
10.7 21.869463406087597 21.869463406087597 21.869463406087597 21.869463406087597 21.869463406087597 21.869463406087597 21.869463406087597 21.869463406087597 21.869463406087597 21.869463406087597 0.0
10.8 21.77492228290257 21.77492228290257 21.77492228290257 21.77492228290257 21.77492228290257 21.77492228290257 21.77492228290257 21.77492228290257 21.77492228290257 21.77492228290257 0.0
10.9 21.68038115971754 21.68038115971754 21.68038115971754 21.68038115971754 21.68038115971754 21.68038115971754 21.68038115971754 21.68038115971754 21.68038115971754 21.68038115971754 0.0
11.0 21.585840036532513 21.585840036532513 21.585840036532513 21.585840036532513 21.585840036532513 21.585840036532513 21.585840036532513 21.585840036532513 21.585840036532513 21.585840036532513 0.0
11.1 21.491298913347485 21.491298913347485 21.491298913347485 21.491298913347485 21.491298913347485 21.491298913347485 21.491298913347485 21.491298913347485 21.491298913347485 21.491298913347485 0.0
11.2 21.396757790162457 21.396757790162457 21.396757790162457 21.396757790162457 21.396757790162457 21.396757790162457 21.396757790162457 21.396757790162457 21.396757790162457 21.396757790162457 0.0
11.3 21.30221666697743 21.30221666697743 21.30221666697743 21.30221666697743 21.30221666697743 21.30221666697743 21.30221666697743 21.30221666697743 21.30221666697743 21.30221666697743 0.0
11.4 21.2076755437924 21.2076755437924 21.2076755437924 21.2076755437924 21.2076755437924 21.2076755437924 21.2076755437924 21.2076755437924 21.2076755437924 21.2076755437924 0.0
11.5 21.113134420607373 21.113134420607373 21.113134420607373 21.113134420607373 21.113134420607373 21.113134420607373 21.113134420607373 21.113134420607373 21.113134420607373 21.113134420607373 0.0
11.6 21.018593297422346 21.018593297422346 21.018593297422346 21.018593297422346 21.018593297422346 21.018593297422346 21.018593297422346 21.018593297422346 21.018593297422346 21.018593297422346 0.0
11.7 20.924052174237318 20.924052174237318 20.924052174237318 20.924052174237318 20.924052174237318 20.924052174237318 20.924052174237318 20.924052174237318 20.924052174237318 20.924052174237318 0.0
11.8 20.82951105105229 20.82951105105229 20.82951105105229 20.82951105105229 20.82951105105229 20.82951105105229 20.82951105105229 20.82951105105229 20.82951105105229 20.82951105105229 0.0
11.9 20.73496992786726 20.73496992786726 20.73496992786726 20.73496992786726 20.73496992786726 20.73496992786726 20.73496992786726 20.73496992786726 20.73496992786726 20.73496992786726 0.0
12.0 20.640428804682234 20.640428804682234 20.640428804682234 20.640428804682234 20.640428804682234 20.640428804682234 20.640428804682234 20.640428804682234 20.640428804682234 20.640428804682234 0.0
12.1 20.545887681497206 20.545887681497206 20.545887681497206 20.545887681497206 20.545887681497206 20.545887681497206 20.545887681497206 20.545887681497206 20.545887681497206 20.545887681497206 0.0
12.2 20.451346558312178 20.451346558312178 20.451346558312178 20.451346558312178 20.451346558312178 20.451346558312178 20.451346558312178 20.451346558312178 20.451346558312178 20.451346558312178 0.0
12.3 20.35680543512715 20.35680543512715 20.35680543512715 20.35680543512715 20.35680543512715 20.35680543512715 20.35680543512715 20.35680543512715 20.35680543512715 20.35680543512715 0.0
12.4 20.262264311942122 20.262264311942122 20.262264311942122 20.262264311942122 20.262264311942122 20.262264311942122 20.262264311942122 20.262264311942122 20.262264311942122 20.262264311942122 0.0
12.5 20.167723188757094 20.167723188757094 20.167723188757094 20.167723188757094 20.167723188757094 20.167723188757094 20.167723188757094 20.167723188757094 20.167723188757094 20.167723188757094 0.0
12.6 20.073182065572066 20.073182065572066 20.073182065572066 20.073182065572066 20.073182065572066 20.073182065572066 20.073182065572066 20.073182065572066 20.073182065572066 20.073182065572066 0.0
12.7 19.978640942387038 19.978640942387038 19.978640942387038 19.978640942387038 19.978640942387038 19.978640942387038 19.978640942387038 19.978640942387038 19.978640942387038 19.978640942387038 0.0
12.8 19.88409981920201 19.88409981920201 19.88409981920201 19.88409981920201 19.88409981920201 19.88409981920201 19.88409981920201 19.88409981920201 19.88409981920201 19.88409981920201 0.0
12.9 19.789558696016982 19.789558696016982 19.789558696016982 19.789558696016982 19.789558696016982 19.789558696016982 19.789558696016982 19.789558696016982 19.789558696016982 19.789558696016982 0.0
13.0 19.789558696016982 19.695017572831954 19.695017572831954 19.695017572831954 19.695017572831954 19.695017572831954 19.695017572831954 19.695017572831954 19.695017572831954 19.695017572831954 0.0
13.1 19.789558696016982 19.600476449646926 19.600476449646926 19.600476449646926 19.600476449646926 19.600476449646926 19.600476449646926 19.600476449646926 19.600476449646926 19.600476449646926 0.0
13.2 19.789558696016982 19.5059353264619 19.5059353264619 19.5059353264619 19.5059353264619 19.5059353264619 19.5059353264619 19.5059353264619 19.5059353264619 19.5059353264619 0.0
13.3 19.789558696016982 19.41139420327687 19.41139420327687 19.41139420327687 19.41139420327687 19.41139420327687 19.41139420327687 19.41139420327687 19.41139420327687 19.41139420327687 0.0
13.4 19.789558696016982 19.316853080091843 19.316853080091843 19.316853080091843 19.316853080091843 19.316853080091843 19.316853080091843 19.316853080091843 19.316853080091843 19.316853080091843 0.0
13.5 19.789558696016982 19.222311956906815 19.222311956906815 19.222311956906815 19.222311956906815 19.222311956906815 19.222311956906815 19.222311956906815 19.222311956906815 19.222311956906815 0.0
13.6 19.789558696016982 19.127770833721787 19.127770833721787 19.127770833721787 19.127770833721787 19.127770833721787 19.127770833721787 19.127770833721787 19.127770833721787 19.127770833721787 0.0
13.7 19.789558696016982 19.03322971053676 19.03322971053676 19.03322971053676 19.03322971053676 19.03322971053676 19.03322971053676 19.03322971053676 19.03322971053676 19.03322971053676 0.0
13.8 19.789558696016982 18.93868858735173 18.93868858735173 18.93868858735173 18.93868858735173 18.93868858735173 18.93868858735173 18.93868858735173 18.93868858735173 18.93868858735173 0.0
13.9 19.789558696016982 18.844147464166703 18.844147464166703 18.844147464166703 18.844147464166703 18.844147464166703 18.844147464166703 18.844147464166703 18.844147464166703 18.844147464166703 0.0
14.0 19.789558696016982 18.749606340981675 18.749606340981675 18.749606340981675 18.749606340981675 18.749606340981675 18.749606340981675 18.749606340981675 18.749606340981675 18.749606340981675 0.0
14.1 19.789558696016982 18.655065217796647 18.655065217796647 18.655065217796647 18.655065217796647 18.655065217796647 18.655065217796647 18.655065217796647 18.655065217796647 18.655065217796647 0.0
14.2 19.789558696016982 18.56052409461162 18.56052409461162 18.56052409461162 18.56052409461162 18.56052409461162 18.56052409461162 18.56052409461162 18.56052409461162 18.56052409461162 0.0
14.3 19.789558696016982 18.46598297142659 18.46598297142659 18.46598297142659 18.46598297142659 18.46598297142659 18.46598297142659 18.46598297142659 18.46598297142659 18.46598297142659 0.0
14.4 20.389558696016984 18.371441848241563 18.371441848241563 18.371441848241563 18.371441848241563 18.371441848241563 18.371441848241563 18.371441848241563 18.371441848241563 18.371441848241563 0.0
14.5 20.989558696016985 18.276900725056535 18.276900725056535 18.276900725056535 18.276900725056535 18.276900725056535 18.276900725056535 18.276900725056535 18.276900725056535 18.276900725056535 0.0
14.6 21.589558696016987 18.276900725056535 18.182359601871507 18.182359601871507 18.182359601871507 18.182359601871507 18.182359601871507 18.182359601871507 18.182359601871507 18.182359601871507 0.0
14.7 22.189558696016988 18.276900725056535 18.08781847868648 18.08781847868648 18.08781847868648 18.08781847868648 18.08781847868648 18.08781847868648 18.08781847868648 18.08781847868648 0.0
14.8 22.78955869601699 18.276900725056535 17.99327735550145 17.99327735550145 17.99327735550145 17.99327735550145 17.99327735550145 17.99327735550145 17.99327735550145 17.99327735550145 0.0
14.9 23.38955869601699 18.276900725056535 17.898736232316423 17.898736232316423 17.898736232316423 17.898736232316423 17.898736232316423 17.898736232316423 17.898736232316423 17.898736232316423 0.0
15.0 23.989558696016992 18.276900725056535 17.804195109131395 17.804195109131395 17.804195109131395 17.804195109131395 17.804195109131395 17.804195109131395 17.804195109131395 17.804195109131395 0.0
15.1 24.589558696016994 18.276900725056535 17.709653985946368 17.709653985946368 17.709653985946368 17.709653985946368 17.709653985946368 17.709653985946368 17.709653985946368 17.709653985946368 0.0
15.2 25.189558696016995 18.276900725056535 17.61511286276134 17.61511286276134 17.61511286276134 17.61511286276134 17.61511286276134 17.61511286276134 17.61511286276134 17.61511286276134 0.0
15.3 25.789558696016996 18.276900725056535 17.52057173957631 17.52057173957631 17.52057173957631 17.52057173957631 17.52057173957631 17.52057173957631 17.52057173957631 17.52057173957631 0.0
15.4 26.389558696016998 18.276900725056535 17.426030616391284 17.426030616391284 17.426030616391284 17.426030616391284 17.426030616391284 17.426030616391284 17.426030616391284 17.426030616391284 0.0
15.5 26.989558696017 18.276900725056535 17.331489493206256 17.331489493206256 17.331489493206256 17.331489493206256 17.331489493206256 17.331489493206256 17.331489493206256 17.331489493206256 0.0
15.6 27.589558696017 18.276900725056535 17.236948370021228 17.236948370021228 17.236948370021228 17.236948370021228 17.236948370021228 17.236948370021228 17.236948370021228 17.236948370021228 0.0
15.7 28.189558696017002 18.276900725056535 17.1424072468362 17.1424072468362 17.1424072468362 17.1424072468362 17.1424072468362 17.1424072468362 17.1424072468362 17.1424072468362 0.0
15.8 28.789558696017004 18.276900725056535 17.047866123651172 17.047866123651172 17.047866123651172 17.047866123651172 17.047866123651172 17.047866123651172 17.047866123651172 17.047866123651172 0.0
15.9 29.389558696017005 18.276900725056535 16.953325000466144 16.953325000466144 16.953325000466144 16.953325000466144 16.953325000466144 16.953325000466144 16.953325000466144 16.953325000466144 0.0
16.0 29.989558696017006 18.876900725056537 16.858783877281116 16.858783877281116 16.858783877281116 16.858783877281116 16.858783877281116 16.858783877281116 16.858783877281116 16.858783877281116 0.0
16.1 30.0 19.476900725056538 16.764242754096088 16.764242754096088 16.764242754096088 16.764242754096088 16.764242754096088 16.764242754096088 16.764242754096088 16.764242754096088 0.0
16.2 30.0 20.07690072505654 16.764242754096088 16.66970163091106 16.66970163091106 16.66970163091106 16.66970163091106 16.66970163091106 16.66970163091106 16.66970163091106 0.0
16.3 30.0 20.67690072505654 16.764242754096088 16.575160507726032 16.575160507726032 16.575160507726032 16.575160507726032 16.575160507726032 16.575160507726032 16.575160507726032 0.0
16.4 30.0 21.276900725056542 16.764242754096088 16.480619384541004 16.480619384541004 16.480619384541004 16.480619384541004 16.480619384541004 16.480619384541004 16.480619384541004 0.0
16.5 30.0 21.876900725056544 16.764242754096088 16.386078261355976 16.386078261355976 16.386078261355976 16.386078261355976 16.386078261355976 16.386078261355976 16.386078261355976 0.0
16.6 30.0 22.476900725056545 16.764242754096088 16.29153713817095 16.29153713817095 16.29153713817095 16.29153713817095 16.29153713817095 16.29153713817095 16.29153713817095 0.0
16.7 30.0 23.076900725056547 16.764242754096088 16.19699601498592 16.19699601498592 16.19699601498592 16.19699601498592 16.19699601498592 16.19699601498592 16.19699601498592 0.0
16.8 30.0 23.676900725056548 16.764242754096088 16.102454891800893 16.102454891800893 16.102454891800893 16.102454891800893 16.102454891800893 16.102454891800893 16.102454891800893 0.0
16.9 30.0 24.27690072505655 16.764242754096088 16.007913768615865 16.007913768615865 16.007913768615865 16.007913768615865 16.007913768615865 16.007913768615865 16.007913768615865 0.0
17.0 30.0 24.87690072505655 16.764242754096088 15.913372645430838 15.913372645430838 15.913372645430838 15.913372645430838 15.913372645430838 15.913372645430838 15.913372645430838 0.0
17.1 30.0 25.476900725056552 16.764242754096088 15.818831522245812 15.818831522245812 15.818831522245812 15.818831522245812 15.818831522245812 15.818831522245812 15.818831522245812 0.0
17.2 30.0 26.076900725056554 16.764242754096088 15.724290399060786 15.724290399060786 15.724290399060786 15.724290399060786 15.724290399060786 15.724290399060786 15.724290399060786 0.0
17.3 30.0 26.676900725056555 16.764242754096088 15.62974927587576 15.62974927587576 15.62974927587576 15.62974927587576 15.62974927587576 15.62974927587576 15.62974927587576 0.0
17.4 30.0 27.276900725056556 16.764242754096088 15.535208152690734 15.535208152690734 15.535208152690734 15.535208152690734 15.535208152690734 15.535208152690734 15.535208152690734 0.0
17.5 30.0 27.876900725056558 16.764242754096088 15.440667029505708 15.440667029505708 15.440667029505708 15.440667029505708 15.440667029505708 15.440667029505708 15.440667029505708 0.0
17.6 30.0 28.47690072505656 17.36424275409609 15.346125906320681 15.346125906320681 15.346125906320681 15.346125906320681 15.346125906320681 15.346125906320681 15.346125906320681 0.0
17.7 30.0 29.07690072505656 17.96424275409609 15.251584783135655 15.251584783135655 15.251584783135655 15.251584783135655 15.251584783135655 15.251584783135655 15.251584783135655 0.0
17.8 30.0 29.676900725056562 18.564242754096092 15.251584783135655 15.157043659950629 15.157043659950629 15.157043659950629 15.157043659950629 15.157043659950629 15.157043659950629 0.0
17.9 30.0 30.0 19.164242754096094 15.251584783135655 15.062502536765603 15.062502536765603 15.062502536765603 15.062502536765603 15.062502536765603 15.062502536765603 0.0
18.0 30.0 30.0 19.764242754096095 15.251584783135655 14.967961413580577 14.967961413580577 14.967961413580577 14.967961413580577 14.967961413580577 14.967961413580577 0.0
18.1 30.0 30.0 20.364242754096097 15.251584783135655 14.87342029039555 14.87342029039555 14.87342029039555 14.87342029039555 14.87342029039555 14.87342029039555 0.0
18.2 30.0 30.0 20.964242754096098 15.251584783135655 14.778879167210524 14.778879167210524 14.778879167210524 14.778879167210524 14.778879167210524 14.778879167210524 0.0
18.3 30.0 30.0 21.5642427540961 15.251584783135655 14.684338044025498 14.684338044025498 14.684338044025498 14.684338044025498 14.684338044025498 14.684338044025498 0.0
18.4 30.0 30.0 22.1642427540961 15.251584783135655 14.589796920840472 14.589796920840472 14.589796920840472 14.589796920840472 14.589796920840472 14.589796920840472 0.0
18.5 30.0 30.0 22.764242754096102 15.251584783135655 14.495255797655446 14.495255797655446 14.495255797655446 14.495255797655446 14.495255797655446 14.495255797655446 0.0
18.6 30.0 30.0 23.364242754096104 15.251584783135655 14.40071467447042 14.40071467447042 14.40071467447042 14.40071467447042 14.40071467447042 14.40071467447042 0.0
18.7 30.0 30.0 23.964242754096105 15.251584783135655 14.306173551285394 14.306173551285394 14.306173551285394 14.306173551285394 14.306173551285394 14.306173551285394 0.0
18.8 30.0 30.0 24.564242754096107 15.251584783135655 14.211632428100367 14.211632428100367 14.211632428100367 14.211632428100367 14.211632428100367 14.211632428100367 0.0
18.9 30.0 30.0 25.164242754096108 15.251584783135655 14.117091304915341 14.117091304915341 14.117091304915341 14.117091304915341 14.117091304915341 14.117091304915341 0.0
19.0 30.0 30.0 25.76424275409611 15.251584783135655 14.022550181730315 14.022550181730315 14.022550181730315 14.022550181730315 14.022550181730315 14.022550181730315 0.0
19.1 30.0 30.0 26.36424275409611 15.251584783135655 13.928009058545289 13.928009058545289 13.928009058545289 13.928009058545289 13.928009058545289 13.928009058545289 0.0
19.2 30.0 30.0 26.964242754096112 15.851584783135655 13.833467935360263 13.833467935360263 13.833467935360263 13.833467935360263 13.833467935360263 13.833467935360263 0.0
19.3 30.0 30.0 27.564242754096114 16.451584783135655 13.738926812175237 13.738926812175237 13.738926812175237 13.738926812175237 13.738926812175237 13.738926812175237 0.0
19.4 30.0 30.0 28.164242754096115 17.051584783135656 13.738926812175237 13.64438568899021 13.64438568899021 13.64438568899021 13.64438568899021 13.64438568899021 0.0
19.5 30.0 30.0 28.764242754096117 17.651584783135657 13.738926812175237 13.549844565805184 13.549844565805184 13.549844565805184 13.549844565805184 13.549844565805184 0.0
19.6 30.0 30.0 29.364242754096118 18.25158478313566 13.738926812175237 13.455303442620158 13.455303442620158 13.455303442620158 13.455303442620158 13.455303442620158 0.0
19.7 30.0 30.0 29.96424275409612 18.85158478313566 13.738926812175237 13.360762319435132 13.360762319435132 13.360762319435132 13.360762319435132 13.360762319435132 0.0
19.8 30.0 30.0 30.0 19.45158478313566 13.738926812175237 13.266221196250106 13.266221196250106 13.266221196250106 13.266221196250106 13.266221196250106 0.0
19.9 30.0 30.0 30.0 20.051584783135663 13.738926812175237 13.17168007306508 13.17168007306508 13.17168007306508 13.17168007306508 13.17168007306508 0.0
20.0 30.0 30.0 30.0 20.651584783135664 13.738926812175237 13.077138949880053 13.077138949880053 13.077138949880053 13.077138949880053 13.077138949880053 0.0
20.1 30.0 30.0 30.0 21.251584783135666 13.738926812175237 12.982597826695027 12.982597826695027 12.982597826695027 12.982597826695027 12.982597826695027 0.0
20.2 30.0 30.0 30.0 21.851584783135667 13.738926812175237 12.888056703510001 12.888056703510001 12.888056703510001 12.888056703510001 12.888056703510001 0.0
20.3 30.0 30.0 30.0 22.45158478313567 13.738926812175237 12.793515580324975 12.793515580324975 12.793515580324975 12.793515580324975 12.793515580324975 0.0
20.4 30.0 30.0 30.0 23.05158478313567 13.738926812175237 12.698974457139949 12.698974457139949 12.698974457139949 12.698974457139949 12.698974457139949 0.0
20.5 30.0 30.0 30.0 23.65158478313567 13.738926812175237 12.604433333954923 12.604433333954923 12.604433333954923 12.604433333954923 12.604433333954923 0.0
20.6 30.0 30.0 30.0 24.251584783135673 13.738926812175237 12.509892210769896 12.509892210769896 12.509892210769896 12.509892210769896 12.509892210769896 0.0
20.7 30.0 30.0 30.0 24.851584783135674 13.738926812175237 12.41535108758487 12.41535108758487 12.41535108758487 12.41535108758487 12.41535108758487 0.0
20.8 30.0 30.0 30.0 25.451584783135676 14.338926812175236 12.320809964399844 12.320809964399844 12.320809964399844 12.320809964399844 12.320809964399844 0.0
20.9 30.0 30.0 30.0 26.051584783135677 14.938926812175236 12.226268841214818 12.226268841214818 12.226268841214818 12.226268841214818 12.226268841214818 0.0
21.0 30.0 30.0 30.0 26.65158478313568 15.538926812175236 12.226268841214818 12.131727718029792 12.131727718029792 12.131727718029792 12.131727718029792 0.0
21.1 30.0 30.0 30.0 27.25158478313568 16.138926812175235 12.226268841214818 12.037186594844766 12.037186594844766 12.037186594844766 12.037186594844766 0.0
21.2 30.0 30.0 30.0 27.85158478313568 16.738926812175237 12.226268841214818 11.94264547165974 11.94264547165974 11.94264547165974 11.94264547165974 0.0
21.3 30.0 30.0 30.0 28.451584783135683 17.338926812175238 12.226268841214818 11.848104348474713 11.848104348474713 11.848104348474713 11.848104348474713 0.0
21.4 30.0 30.0 30.0 29.051584783135684 17.93892681217524 12.226268841214818 11.753563225289687 11.753563225289687 11.753563225289687 11.753563225289687 0.0
21.5 30.0 30.0 30.0 29.651584783135686 18.53892681217524 12.226268841214818 11.659022102104661 11.659022102104661 11.659022102104661 11.659022102104661 0.0
21.6 30.0 30.0 30.0 30.0 19.138926812175242 12.226268841214818 11.564480978919635 11.564480978919635 11.564480978919635 11.564480978919635 0.0
21.7 30.0 30.0 30.0 30.0 19.738926812175244 12.226268841214818 11.469939855734609 11.469939855734609 11.469939855734609 11.469939855734609 0.0
21.8 30.0 30.0 30.0 30.0 20.338926812175245 12.226268841214818 11.375398732549582 11.375398732549582 11.375398732549582 11.375398732549582 0.0
21.9 30.0 30.0 30.0 30.0 20.938926812175247 12.226268841214818 11.280857609364556 11.280857609364556 11.280857609364556 11.280857609364556 0.0
22.0 30.0 30.0 30.0 30.0 21.538926812175248 12.226268841214818 11.18631648617953 11.18631648617953 11.18631648617953 11.18631648617953 0.0
22.1 30.0 30.0 30.0 30.0 22.13892681217525 12.226268841214818 11.091775362994504 11.091775362994504 11.091775362994504 11.091775362994504 0.0
22.2 30.0 30.0 30.0 30.0 22.73892681217525 12.226268841214818 10.997234239809478 10.997234239809478 10.997234239809478 10.997234239809478 0.0
22.3 30.0 30.0 30.0 30.0 23.338926812175252 12.226268841214818 10.902693116624452 10.902693116624452 10.902693116624452 10.902693116624452 0.0
22.4 30.0 30.0 30.0 30.0 23.938926812175254 12.826268841214818 10.808151993439425 10.808151993439425 10.808151993439425 10.808151993439425 0.0
22.5 30.0 30.0 30.0 30.0 24.538926812175255 13.426268841214817 10.7136108702544 10.7136108702544 10.7136108702544 10.7136108702544 0.0
22.6 30.0 30.0 30.0 30.0 25.138926812175256 14.026268841214817 10.7136108702544 10.619069747069373 10.619069747069373 10.619069747069373 0.0
22.7 30.0 30.0 30.0 30.0 25.738926812175258 14.626268841214817 10.7136108702544 10.524528623884347 10.524528623884347 10.524528623884347 0.0
22.8 30.0 30.0 30.0 30.0 26.33892681217526 15.226268841214816 10.7136108702544 10.42998750069932 10.42998750069932 10.42998750069932 0.0
22.9 30.0 30.0 30.0 30.0 26.93892681217526 15.826268841214816 10.7136108702544 10.335446377514295 10.335446377514295 10.335446377514295 0.0
23.0 30.0 30.0 30.0 30.0 27.538926812175262 16.426268841214817 10.7136108702544 10.240905254329268 10.240905254329268 10.240905254329268 0.0
23.1 30.0 30.0 30.0 30.0 28.138926812175264 17.02626884121482 10.7136108702544 10.146364131144242 10.146364131144242 10.146364131144242 0.0
23.2 30.0 30.0 30.0 30.0 28.738926812175265 17.62626884121482 10.7136108702544 10.051823007959216 10.051823007959216 10.051823007959216 0.0
23.3 30.0 30.0 30.0 30.0 29.338926812175266 18.22626884121482 10.7136108702544 9.95728188477419 9.95728188477419 9.95728188477419 0.0
23.4 30.0 30.0 30.0 30.0 29.938926812175268 18.826268841214823 10.7136108702544 9.862740761589164 9.862740761589164 9.862740761589164 0.0
23.5 30.0 30.0 30.0 30.0 30.0 19.426268841214824 10.7136108702544 9.768199638404138 9.768199638404138 9.768199638404138 0.0
23.6 30.0 30.0 30.0 30.0 30.0 20.026268841214826 10.7136108702544 9.673658515219111 9.673658515219111 9.673658515219111 0.0
23.7 30.0 30.0 30.0 30.0 30.0 20.626268841214827 10.7136108702544 9.579117392034085 9.579117392034085 9.579117392034085 0.0
23.8 30.0 30.0 30.0 30.0 30.0 21.22626884121483 10.7136108702544 9.48457626884906 9.48457626884906 9.48457626884906 0.0
23.9 30.0 30.0 30.0 30.0 30.0 21.82626884121483 10.7136108702544 9.390035145664033 9.390035145664033 9.390035145664033 0.0
24.0 30.0 30.0 30.0 30.0 30.0 22.42626884121483 11.313610870254399 9.295494022479007 9.295494022479007 9.295494022479007 0.0
24.1 30.0 30.0 30.0 30.0 30.0 23.026268841214833 11.913610870254399 9.20095289929398 9.20095289929398 9.20095289929398 0.0
24.2 30.0 30.0 30.0 30.0 30.0 23.626268841214834 12.513610870254398 9.20095289929398 9.106411776108954 9.106411776108954 0.0
24.3 30.0 30.0 30.0 30.0 30.0 24.226268841214836 13.113610870254398 9.20095289929398 9.011870652923928 9.011870652923928 0.0
24.4 30.0 30.0 30.0 30.0 30.0 24.826268841214837 13.713610870254398 9.20095289929398 8.917329529738902 8.917329529738902 0.0
24.5 30.0 30.0 30.0 30.0 30.0 25.42626884121484 14.313610870254397 9.20095289929398 8.822788406553876 8.822788406553876 0.0
24.6 30.0 30.0 30.0 30.0 30.0 26.02626884121484 14.913610870254397 9.20095289929398 8.72824728336885 8.72824728336885 0.0
24.7 30.0 30.0 30.0 30.0 30.0 26.62626884121484 15.513610870254396 9.20095289929398 8.633706160183824 8.633706160183824 0.0
24.8 30.0 30.0 30.0 30.0 30.0 27.226268841214843 16.113610870254398 9.20095289929398 8.539165036998797 8.539165036998797 0.0
24.9 30.0 30.0 30.0 30.0 30.0 27.826268841214844 16.7136108702544 9.20095289929398 8.444623913813771 8.444623913813771 0.0
25.0 30.0 30.0 30.0 30.0 30.0 28.426268841214846 17.3136108702544 9.20095289929398 8.350082790628745 8.350082790628745 0.0
25.1 30.0 30.0 30.0 30.0 30.0 29.026268841214847 17.913610870254402 9.20095289929398 8.255541667443719 8.255541667443719 0.0
25.2 30.0 30.0 30.0 30.0 30.0 29.62626884121485 18.513610870254404 9.20095289929398 8.161000544258693 8.161000544258693 0.0
25.3 30.0 30.0 30.0 30.0 30.0 30.0 19.113610870254405 9.20095289929398 8.066459421073667 8.066459421073667 0.0
25.4 30.0 30.0 30.0 30.0 30.0 30.0 19.713610870254406 9.20095289929398 7.97191829788864 7.97191829788864 0.0
25.5 30.0 30.0 30.0 30.0 30.0 30.0 20.313610870254408 9.20095289929398 7.8773771747036125 7.8773771747036125 0.0
25.6 30.0 30.0 30.0 30.0 30.0 30.0 20.91361087025441 9.80095289929398 7.7828360515185855 7.7828360515185855 0.0
25.7 30.0 30.0 30.0 30.0 30.0 30.0 21.51361087025441 10.40095289929398 7.688294928333558 7.688294928333558 0.0
25.8 30.0 30.0 30.0 30.0 30.0 30.0 22.113610870254412 11.00095289929398 7.688294928333558 7.593753805148531 0.0
25.9 30.0 30.0 30.0 30.0 30.0 30.0 22.713610870254413 11.60095289929398 7.688294928333558 7.499212681963504 0.0
26.0 30.0 30.0 30.0 30.0 30.0 30.0 23.313610870254415 12.200952899293979 7.688294928333558 7.404671558778477 0.0
26.1 30.0 30.0 30.0 30.0 30.0 30.0 23.913610870254416 12.800952899293979 7.688294928333558 7.31013043559345 0.0
26.2 30.0 30.0 30.0 30.0 30.0 30.0 24.513610870254418 13.400952899293978 7.688294928333558 7.215589312408423 0.0
26.3 30.0 30.0 30.0 30.0 30.0 30.0 25.11361087025442 14.000952899293978 7.688294928333558 7.121048189223396 0.0
26.4 30.0 30.0 30.0 30.0 30.0 30.0 25.71361087025442 14.600952899293977 7.688294928333558 7.026507066038369 0.0
26.5 30.0 30.0 30.0 30.0 30.0 30.0 26.313610870254422 15.200952899293977 7.688294928333558 6.931965942853342 0.0
26.6 30.0 30.0 30.0 30.0 30.0 30.0 26.913610870254423 15.800952899293977 7.688294928333558 6.837424819668315 0.0
26.7 30.0 30.0 30.0 30.0 30.0 30.0 27.513610870254425 16.400952899293976 7.688294928333558 6.742883696483288 0.0
26.8 30.0 30.0 30.0 30.0 30.0 30.0 28.113610870254426 17.000952899293978 7.688294928333558 6.648342573298261 0.0
26.9 30.0 30.0 30.0 30.0 30.0 30.0 28.713610870254428 17.60095289929398 7.688294928333558 6.553801450113234 0.0
27.0 30.0 30.0 30.0 30.0 30.0 30.0 29.31361087025443 18.20095289929398 7.688294928333558 6.459260326928207 0.0
27.1 30.0 30.0 30.0 30.0 30.0 30.0 29.91361087025443 18.800952899293982 7.688294928333558 6.36471920374318 0.0
27.2 30.0 30.0 30.0 30.0 30.0 30.0 30.0 19.400952899293983 8.288294928333558 6.270178080558153 0.0
27.3 30.0 30.0 30.0 30.0 30.0 30.0 30.0 20.000952899293985 8.888294928333558 6.175636957373126 0.0
27.4 30.0 30.0 30.0 30.0 30.0 30.0 30.0 20.600952899293986 9.488294928333557 6.175636957373126 0.0
27.5 30.0 30.0 30.0 30.0 30.0 30.0 30.0 21.200952899293988 10.088294928333557 6.175636957373126 0.0
27.6 30.0 30.0 30.0 30.0 30.0 30.0 30.0 21.80095289929399 10.688294928333557 6.175636957373126 0.0
27.7 30.0 30.0 30.0 30.0 30.0 30.0 30.0 22.40095289929399 11.288294928333556 6.175636957373126 0.0
27.8 30.0 30.0 30.0 30.0 30.0 30.0 30.0 23.000952899293992 11.888294928333556 6.175636957373126 0.0
27.9 30.0 30.0 30.0 30.0 30.0 30.0 30.0 23.600952899293993 12.488294928333556 6.175636957373126 0.0
28.0 30.0 30.0 30.0 30.0 30.0 30.0 30.0 24.200952899293995 13.088294928333555 6.175636957373126 0.0
28.1 30.0 30.0 30.0 30.0 30.0 30.0 30.0 24.800952899293996 13.688294928333555 6.175636957373126 0.0
28.2 30.0 30.0 30.0 30.0 30.0 30.0 30.0 25.400952899293998 14.288294928333555 6.175636957373126 0.0
28.3 30.0 30.0 30.0 30.0 30.0 30.0 30.0 26.000952899294 14.888294928333554 6.175636957373126 0.0
28.4 30.0 30.0 30.0 30.0 30.0 30.0 30.0 26.600952899294 15.488294928333554 6.175636957373126 0.0
28.5 30.0 30.0 30.0 30.0 30.0 30.0 30.0 27.200952899294002 16.088294928333553 6.175636957373126 0.0
28.6 30.0 30.0 30.0 30.0 30.0 30.0 30.0 27.800952899294003 16.688294928333555 6.175636957373126 0.0
28.7 30.0 30.0 30.0 30.0 30.0 30.0 30.0 28.400952899294005 17.288294928333556 6.175636957373126 0.0
28.8 30.0 30.0 30.0 30.0 30.0 30.0 30.0 29.000952899294006 17.888294928333558 6.775636957373125 0.0
28.9 30.0 30.0 30.0 30.0 30.0 30.0 30.0 29.600952899294008 18.48829492833356 7.375636957373125 0.0
29.0 30.0 30.0 30.0 30.0 30.0 30.0 30.0 30.0 19.08829492833356 7.9756369573731245 0.0
29.1 30.0 30.0 30.0 30.0 30.0 30.0 30.0 30.0 19.688294928333562 8.575636957373124 0.0
29.2 30.0 30.0 30.0 30.0 30.0 30.0 30.0 30.0 20.288294928333563 9.175636957373124 0.0
29.3 30.0 30.0 30.0 30.0 30.0 30.0 30.0 30.0 20.888294928333565 9.775636957373123 0.0
29.4 30.0 30.0 30.0 30.0 30.0 30.0 30.0 30.0 21.488294928333566 10.375636957373123 0.0
29.5 30.0 30.0 30.0 30.0 30.0 30.0 30.0 30.0 22.088294928333568 10.975636957373123 0.0
29.6 30.0 30.0 30.0 30.0 30.0 30.0 30.0 30.0 22.68829492833357 11.575636957373122 0.0
29.7 30.0 30.0 30.0 30.0 30.0 30.0 30.0 30.0 23.28829492833357 12.175636957373122 0.0
29.8 30.0 30.0 30.0 30.0 30.0 30.0 30.0 30.0 23.888294928333572 12.775636957373122 0.0
29.9 30.0 30.0 30.0 30.0 30.0 30.0 30.0 30.0 24.488294928333573 13.375636957373121 0.0
30.0 30.0 30.0 30.0 30.0 30.0 30.0 30.0 30.0 25.088294928333575 13.975636957373121 0.0
30.1 30.0 30.0 30.0 30.0 30.0 30.0 30.0 30.0 25.688294928333576 14.57563695737312 0.0
30.2 30.0 30.0 30.0 30.0 30.0 30.0 30.0 30.0 26.288294928333578 15.17563695737312 0.0
30.3 30.0 30.0 30.0 30.0 30.0 30.0 30.0 30.0 26.88829492833358 15.77563695737312 0.0
30.4 30.0 30.0 30.0 30.0 30.0 30.0 30.0 30.0 27.48829492833358 16.37563695737312 0.0
30.5 30.0 30.0 30.0 30.0 30.0 30.0 30.0 30.0 28.088294928333582 16.975636957373123 0.0
30.6 30.0 30.0 30.0 30.0 30.0 30.0 30.0 30.0 28.688294928333583 17.575636957373124 0.0
30.7 30.0 30.0 30.0 30.0 30.0 30.0 30.0 30.0 29.288294928333585 18.175636957373126 0.0
30.8 30.0 30.0 30.0 30.0 30.0 30.0 30.0 30.0 29.888294928333586 18.775636957373127 0.0
30.9 30.0 30.0 30.0 30.0 30.0 30.0 30.0 30.0 30.0 19.37563695737313 0.0
31.0 30.0 30.0 30.0 30.0 30.0 30.0 30.0 30.0 30.0 19.97563695737313 0.0
31.1 30.0 30.0 30.0 30.0 30.0 30.0 30.0 30.0 30.0 20.57563695737313 0.0
31.2 30.0 30.0 30.0 30.0 30.0 30.0 30.0 30.0 30.0 21.175636957373133 0.0
31.3 30.0 30.0 30.0 30.0 30.0 30.0 30.0 30.0 30.0 21.775636957373134 0.0
31.4 30.0 30.0 30.0 30.0 30.0 30.0 30.0 30.0 30.0 22.375636957373136 0.0
31.5 30.0 30.0 30.0 30.0 30.0 30.0 30.0 30.0 30.0 22.975636957373137 0.0
31.6 30.0 30.0 30.0 30.0 30.0 30.0 30.0 30.0 30.0 23.57563695737314 0.0
31.7 30.0 30.0 30.0 30.0 30.0 30.0 30.0 30.0 30.0 24.17563695737314 0.0
31.8 30.0 30.0 30.0 30.0 30.0 30.0 30.0 30.0 30.0 24.77563695737314 0.0
31.9 30.0 30.0 30.0 30.0 30.0 30.0 30.0 30.0 30.0 25.375636957373143 0.0
32.0 30.0 30.0 30.0 30.0 30.0 30.0 30.0 30.0 30.0 25.975636957373144 0.0
32.1 30.0 30.0 30.0 30.0 30.0 30.0 30.0 30.0 30.0 26.575636957373145 0.0
32.2 30.0 30.0 30.0 30.0 30.0 30.0 30.0 30.0 30.0 27.175636957373147 0.0
32.3 30.0 30.0 30.0 30.0 30.0 30.0 30.0 30.0 30.0 27.77563695737315 0.0
32.4 30.0 30.0 30.0 30.0 30.0 30.0 30.0 30.0 30.0 28.37563695737315 0.0
32.5 30.0 30.0 30.0 30.0 30.0 30.0 30.0 30.0 30.0 28.97563695737315 0.0
32.6 30.0 30.0 30.0 30.0 30.0 30.0 30.0 30.0 30.0 29.575636957373153 0.0
32.7 30.0 30.0 30.0 30.0 30.0 30.0 30.0 30.0 30.0 30.0 0.0
32.8 30.0 30.0 30.0 30.0 30.0 30.0 30.0 30.0 30.0 30.0 0.0
32.9 30.0 30.0 30.0 30.0 30.0 30.0 30.0 30.0 30.0 30.0 0.0
33.0 30.0 30.0 30.0 30.0 30.0 30.0 30.0 30.0 30.0 30.0 0.0
33.1 30.0 30.0 30.0 30.0 30.0 30.0 30.0 30.0 30.0 30.0 0.0
33.2 30.0 30.0 30.0 30.0 30.0 30.0 30.0 30.0 30.0 30.0 0.0
33.3 30.0 30.0 30.0 30.0 30.0 30.0 30.0 30.0 30.0 30.0 0.0
33.4 30.0 30.0 30.0 30.0 30.0 30.0 30.0 30.0 30.0 30.0 0.0
33.5 30.0 30.0 30.0 30.0 30.0 30.0 30.0 30.0 30.0 30.0 0.0
33.6 30.0 30.0 30.0 30.0 30.0 30.0 30.0 30.0 30.0 30.0 0.0
33.7 30.0 30.0 30.0 30.0 30.0 30.0 30.0 30.0 30.0 30.0 0.0
33.8 30.0 30.0 30.0 30.0 30.0 30.0 30.0 30.0 30.0 30.0 0.0
33.9 30.0 30.0 30.0 30.0 30.0 30.0 30.0 30.0 30.0 30.0 0.0
34.0 30.0 30.0 30.0 30.0 30.0 30.0 30.0 30.0 30.0 30.0 0.0
34.1 30.0 30.0 30.0 30.0 30.0 30.0 30.0 30.0 30.0 30.0 0.0
34.2 30.0 30.0 30.0 30.0 30.0 30.0 30.0 30.0 30.0 30.0 0.0
34.3 30.0 30.0 30.0 30.0 30.0 30.0 30.0 30.0 30.0 30.0 0.0
34.4 30.0 30.0 30.0 30.0 30.0 30.0 30.0 30.0 30.0 30.0 0.0
34.5 30.0 30.0 30.0 30.0 30.0 30.0 30.0 30.0 30.0 30.0 0.0
34.6 30.0 30.0 30.0 30.0 30.0 30.0 30.0 30.0 30.0 30.0 0.0
34.7 30.0 30.0 30.0 30.0 30.0 30.0 30.0 30.0 30.0 30.0 0.0
34.8 30.0 30.0 30.0 30.0 30.0 30.0 30.0 30.0 30.0 30.0 0.0
34.9 30.0 30.0 30.0 30.0 30.0 30.0 30.0 30.0 30.0 30.0 0.0
35.0 30.0 30.0 30.0 30.0 30.0 30.0 30.0 30.0 30.0 30.0 0.0
35.1 30.0 30.0 30.0 30.0 30.0 30.0 30.0 30.0 30.0 30.0 0.0
35.2 30.0 30.0 30.0 30.0 30.0 30.0 30.0 30.0 30.0 30.0 0.0
35.3 30.0 30.0 30.0 30.0 30.0 30.0 30.0 30.0 30.0 30.0 0.0
35.4 30.0 30.0 30.0 30.0 30.0 30.0 30.0 30.0 30.0 30.0 0.0
35.5 30.0 30.0 30.0 30.0 30.0 30.0 30.0 30.0 30.0 30.0 0.0
35.6 30.0 30.0 30.0 30.0 30.0 30.0 30.0 30.0 30.0 30.0 0.0
35.7 30.0 30.0 30.0 30.0 30.0 30.0 30.0 30.0 30.0 30.0 0.0
35.8 30.0 30.0 30.0 30.0 30.0 30.0 30.0 30.0 30.0 30.0 0.0
35.9 30.0 30.0 30.0 30.0 30.0 30.0 30.0 30.0 30.0 30.0 0.0
36.0 30.0 30.0 30.0 30.0 30.0 30.0 30.0 30.0 30.0 30.0 0.0
36.1 30.0 30.0 30.0 30.0 30.0 30.0 30.0 30.0 30.0 30.0 0.0
36.2 30.0 30.0 30.0 30.0 30.0 30.0 30.0 30.0 30.0 30.0 0.0
36.3 30.0 30.0 30.0 30.0 30.0 30.0 30.0 30.0 30.0 30.0 0.0
36.4 30.0 30.0 30.0 30.0 30.0 30.0 30.0 30.0 30.0 30.0 0.0
36.5 30.0 30.0 30.0 30.0 30.0 30.0 30.0 30.0 30.0 30.0 0.0
36.6 30.0 30.0 30.0 30.0 30.0 30.0 30.0 30.0 30.0 30.0 0.0
36.7 30.0 30.0 30.0 30.0 30.0 30.0 30.0 30.0 30.0 30.0 0.0
36.8 30.0 30.0 30.0 30.0 30.0 30.0 30.0 30.0 30.0 30.0 0.0
36.9 30.0 30.0 30.0 30.0 30.0 30.0 30.0 30.0 30.0 30.0 0.0
37.0 30.0 30.0 30.0 30.0 30.0 30.0 30.0 30.0 30.0 30.0 0.0
37.1 30.0 30.0 30.0 30.0 30.0 30.0 30.0 30.0 30.0 30.0 0.0
37.2 30.0 30.0 30.0 30.0 30.0 30.0 30.0 30.0 30.0 30.0 0.0
37.3 30.0 30.0 30.0 30.0 30.0 30.0 30.0 30.0 30.0 30.0 0.0
37.4 30.0 30.0 30.0 30.0 30.0 30.0 30.0 30.0 30.0 30.0 0.0
37.5 30.0 30.0 30.0 30.0 30.0 30.0 30.0 30.0 30.0 30.0 0.0
37.6 30.0 30.0 30.0 30.0 30.0 30.0 30.0 30.0 30.0 30.0 0.0
37.7 30.0 30.0 30.0 30.0 30.0 30.0 30.0 30.0 30.0 30.0 0.0
37.8 30.0 30.0 30.0 30.0 30.0 30.0 30.0 30.0 30.0 30.0 0.0
37.9 30.0 30.0 30.0 30.0 30.0 30.0 30.0 30.0 30.0 30.0 0.0
38.0 30.0 30.0 30.0 30.0 30.0 30.0 30.0 30.0 30.0 30.0 0.0
38.1 30.0 30.0 30.0 30.0 30.0 30.0 30.0 30.0 30.0 30.0 0.0
38.2 30.0 30.0 30.0 30.0 30.0 30.0 30.0 30.0 30.0 30.0 0.0
38.3 30.0 30.0 30.0 30.0 30.0 30.0 30.0 30.0 30.0 30.0 0.0
38.4 30.0 30.0 30.0 30.0 30.0 30.0 30.0 30.0 30.0 30.0 0.0
38.5 30.0 30.0 30.0 30.0 30.0 30.0 30.0 30.0 30.0 30.0 0.0
38.6 30.0 30.0 30.0 30.0 30.0 30.0 30.0 30.0 30.0 30.0 0.0
38.7 30.0 30.0 30.0 30.0 30.0 30.0 30.0 30.0 30.0 30.0 0.0
38.8 30.0 30.0 30.0 30.0 30.0 30.0 30.0 30.0 30.0 30.0 0.0
38.9 30.0 30.0 30.0 30.0 30.0 30.0 30.0 30.0 30.0 30.0 0.0
39.0 30.0 30.0 30.0 30.0 30.0 30.0 30.0 30.0 30.0 30.0 0.0
39.1 30.0 30.0 30.0 30.0 30.0 30.0 30.0 30.0 30.0 30.0 0.0
39.2 30.0 30.0 30.0 30.0 30.0 30.0 30.0 30.0 30.0 30.0 0.0
39.3 30.0 30.0 30.0 30.0 30.0 30.0 30.0 30.0 30.0 30.0 0.0
39.4 30.0 30.0 30.0 30.0 30.0 30.0 30.0 30.0 30.0 30.0 0.0
39.5 30.0 30.0 30.0 30.0 30.0 30.0 30.0 30.0 30.0 30.0 0.0
39.6 30.0 30.0 30.0 30.0 30.0 30.0 30.0 30.0 30.0 30.0 0.0
39.7 30.0 30.0 30.0 30.0 30.0 30.0 30.0 30.0 30.0 30.0 0.0
39.8 30.0 30.0 30.0 30.0 30.0 30.0 30.0 30.0 30.0 30.0 0.0
39.9 30.0 30.0 30.0 30.0 30.0 30.0 30.0 30.0 30.0 30.0 0.0
40.0 30.0 30.0 30.0 30.0 30.0 30.0 30.0 30.0 30.0 30.0 0.0
40.1 30.0 30.0 30.0 30.0 30.0 30.0 30.0 30.0 30.0 30.0 0.0
40.2 30.0 30.0 30.0 30.0 30.0 30.0 30.0 30.0 30.0 30.0 0.0
40.3 30.0 30.0 30.0 30.0 30.0 30.0 30.0 30.0 30.0 30.0 0.0
40.4 30.0 30.0 30.0 30.0 30.0 30.0 30.0 30.0 30.0 30.0 0.0
40.5 30.0 30.0 30.0 30.0 30.0 30.0 30.0 30.0 30.0 30.0 0.0
40.6 30.0 30.0 30.0 30.0 30.0 30.0 30.0 30.0 30.0 30.0 0.0
40.7 30.0 30.0 30.0 30.0 30.0 30.0 30.0 30.0 30.0 30.0 0.0
40.8 30.0 30.0 30.0 30.0 30.0 30.0 30.0 30.0 30.0 30.0 0.0
40.9 30.0 30.0 30.0 30.0 30.0 30.0 30.0 30.0 30.0 30.0 0.0
41.0 30.0 30.0 30.0 30.0 30.0 30.0 30.0 30.0 30.0 30.0 0.0
41.1 30.0 30.0 30.0 30.0 30.0 30.0 30.0 30.0 30.0 30.0 0.0
41.2 30.0 30.0 30.0 30.0 30.0 30.0 30.0 30.0 30.0 30.0 0.0
41.3 30.0 30.0 30.0 30.0 30.0 30.0 30.0 30.0 30.0 30.0 0.0
41.4 30.0 30.0 30.0 30.0 30.0 30.0 30.0 30.0 30.0 30.0 0.0
41.5 30.0 30.0 30.0 30.0 30.0 30.0 30.0 30.0 30.0 30.0 0.0
41.6 30.0 30.0 30.0 30.0 30.0 30.0 30.0 30.0 30.0 30.0 0.0
41.7 30.0 30.0 30.0 30.0 30.0 30.0 30.0 30.0 30.0 30.0 0.0
41.8 30.0 30.0 30.0 30.0 30.0 30.0 30.0 30.0 30.0 30.0 0.0
41.9 30.0 30.0 30.0 30.0 30.0 30.0 30.0 30.0 30.0 30.0 0.0
42.0 30.0 30.0 30.0 30.0 30.0 30.0 30.0 30.0 30.0 30.0 0.0
42.1 30.0 30.0 30.0 30.0 30.0 30.0 30.0 30.0 30.0 30.0 0.0
42.2 30.0 30.0 30.0 30.0 30.0 30.0 30.0 30.0 30.0 30.0 0.0
42.3 30.0 30.0 30.0 30.0 30.0 30.0 30.0 30.0 30.0 30.0 0.0
42.4 30.0 30.0 30.0 30.0 30.0 30.0 30.0 30.0 30.0 30.0 0.0
42.5 30.0 30.0 30.0 30.0 30.0 30.0 30.0 30.0 30.0 30.0 0.0
42.6 30.0 30.0 30.0 30.0 30.0 30.0 30.0 30.0 30.0 30.0 0.0
42.7 30.0 30.0 30.0 30.0 30.0 30.0 30.0 30.0 30.0 30.0 0.0
42.8 30.0 30.0 30.0 30.0 30.0 30.0 30.0 30.0 30.0 30.0 0.0
42.9 30.0 30.0 30.0 30.0 30.0 30.0 30.0 30.0 30.0 30.0 0.0
43.0 30.0 30.0 30.0 30.0 30.0 30.0 30.0 30.0 30.0 30.0 0.0
43.1 30.0 30.0 30.0 30.0 30.0 30.0 30.0 30.0 30.0 30.0 0.0
43.2 30.0 30.0 30.0 30.0 30.0 30.0 30.0 30.0 30.0 30.0 0.0
43.3 30.0 30.0 30.0 30.0 30.0 30.0 30.0 30.0 30.0 30.0 0.0
43.4 30.0 30.0 30.0 30.0 30.0 30.0 30.0 30.0 30.0 30.0 0.0
43.5 30.0 30.0 30.0 30.0 30.0 30.0 30.0 30.0 30.0 30.0 0.0
43.6 30.0 30.0 30.0 30.0 30.0 30.0 30.0 30.0 30.0 30.0 0.0
43.7 30.0 30.0 30.0 30.0 30.0 30.0 30.0 30.0 30.0 30.0 0.0
43.8 30.0 30.0 30.0 30.0 30.0 30.0 30.0 30.0 30.0 30.0 0.0
43.9 30.0 30.0 30.0 30.0 30.0 30.0 30.0 30.0 30.0 30.0 0.0
44.0 30.0 30.0 30.0 30.0 30.0 30.0 30.0 30.0 30.0 30.0 0.0
44.1 30.0 30.0 30.0 30.0 30.0 30.0 30.0 30.0 30.0 30.0 0.0
44.2 30.0 30.0 30.0 30.0 30.0 30.0 30.0 30.0 30.0 30.0 0.0
44.3 30.0 30.0 30.0 30.0 30.0 30.0 30.0 30.0 30.0 30.0 0.0
44.4 30.0 30.0 30.0 30.0 30.0 30.0 30.0 30.0 30.0 30.0 0.0
44.5 30.0 30.0 30.0 30.0 30.0 30.0 30.0 30.0 30.0 30.0 0.0
44.6 30.0 30.0 30.0 30.0 30.0 30.0 30.0 30.0 30.0 30.0 0.0
44.7 30.0 30.0 30.0 30.0 30.0 30.0 30.0 30.0 30.0 30.0 0.0
44.8 30.0 30.0 30.0 30.0 30.0 30.0 30.0 30.0 30.0 30.0 0.0
44.9 30.0 30.0 30.0 30.0 30.0 30.0 30.0 30.0 30.0 30.0 0.0
45.0 30.0 30.0 30.0 30.0 30.0 30.0 30.0 30.0 30.0 30.0 0.0
45.1 30.0 30.0 30.0 30.0 30.0 30.0 30.0 30.0 30.0 30.0 0.0
45.2 30.0 30.0 30.0 30.0 30.0 30.0 30.0 30.0 30.0 30.0 0.0
45.3 30.0 30.0 30.0 30.0 30.0 30.0 30.0 30.0 30.0 30.0 0.0
45.4 30.0 30.0 30.0 30.0 30.0 30.0 30.0 30.0 30.0 30.0 0.0
45.5 30.0 30.0 30.0 30.0 30.0 30.0 30.0 30.0 30.0 30.0 0.0
45.6 30.0 30.0 30.0 30.0 30.0 30.0 30.0 30.0 30.0 30.0 0.0
45.7 30.0 30.0 30.0 30.0 30.0 30.0 30.0 30.0 30.0 30.0 0.0
45.8 30.0 30.0 30.0 30.0 30.0 30.0 30.0 30.0 30.0 30.0 0.0
45.9 30.0 30.0 30.0 30.0 30.0 30.0 30.0 30.0 30.0 30.0 0.0
46.0 30.0 30.0 30.0 30.0 30.0 30.0 30.0 30.0 30.0 30.0 0.0
46.1 30.0 30.0 30.0 30.0 30.0 30.0 30.0 30.0 30.0 30.0 0.0
46.2 30.0 30.0 30.0 30.0 30.0 30.0 30.0 30.0 30.0 30.0 0.0
46.3 30.0 30.0 30.0 30.0 30.0 30.0 30.0 30.0 30.0 30.0 0.0
46.4 30.0 30.0 30.0 30.0 30.0 30.0 30.0 30.0 30.0 30.0 0.0
46.5 30.0 30.0 30.0 30.0 30.0 30.0 30.0 30.0 30.0 30.0 0.0
46.6 30.0 30.0 30.0 30.0 30.0 30.0 30.0 30.0 30.0 30.0 0.0
46.7 30.0 30.0 30.0 30.0 30.0 30.0 30.0 30.0 30.0 30.0 0.0
46.8 30.0 30.0 30.0 30.0 30.0 30.0 30.0 30.0 30.0 30.0 0.0
46.9 30.0 30.0 30.0 30.0 30.0 30.0 30.0 30.0 30.0 30.0 0.0
47.0 30.0 30.0 30.0 30.0 30.0 30.0 30.0 30.0 30.0 30.0 0.0
47.1 30.0 30.0 30.0 30.0 30.0 30.0 30.0 30.0 30.0 30.0 0.0
47.2 30.0 30.0 30.0 30.0 30.0 30.0 30.0 30.0 30.0 30.0 0.0
47.3 30.0 30.0 30.0 30.0 30.0 30.0 30.0 30.0 30.0 30.0 0.0
47.4 30.0 30.0 30.0 30.0 30.0 30.0 30.0 30.0 30.0 30.0 0.0
47.5 30.0 30.0 30.0 30.0 30.0 30.0 30.0 30.0 30.0 30.0 0.0
47.6 30.0 30.0 30.0 30.0 30.0 30.0 30.0 30.0 30.0 30.0 0.0
47.7 30.0 30.0 30.0 30.0 30.0 30.0 30.0 30.0 30.0 30.0 0.0
47.8 30.0 30.0 30.0 30.0 30.0 30.0 30.0 30.0 30.0 30.0 0.0
47.9 30.0 30.0 30.0 30.0 30.0 30.0 30.0 30.0 30.0 30.0 0.0
48.0 30.0 30.0 30.0 30.0 30.0 30.0 30.0 30.0 30.0 30.0 0.0
48.1 30.0 30.0 30.0 30.0 30.0 30.0 30.0 30.0 30.0 30.0 0.0
48.2 30.0 30.0 30.0 30.0 30.0 30.0 30.0 30.0 30.0 30.0 0.0
48.3 30.0 30.0 30.0 30.0 30.0 30.0 30.0 30.0 30.0 30.0 0.0
48.4 30.0 30.0 30.0 30.0 30.0 30.0 30.0 30.0 30.0 30.0 0.0
48.5 30.0 30.0 30.0 30.0 30.0 30.0 30.0 30.0 30.0 30.0 0.0
48.6 30.0 30.0 30.0 30.0 30.0 30.0 30.0 30.0 30.0 30.0 0.0
48.7 30.0 30.0 30.0 30.0 30.0 30.0 30.0 30.0 30.0 30.0 0.0
48.8 30.0 30.0 30.0 30.0 30.0 30.0 30.0 30.0 30.0 30.0 0.0
48.9 30.0 30.0 30.0 30.0 30.0 30.0 30.0 30.0 30.0 30.0 0.0
49.0 30.0 30.0 30.0 30.0 30.0 30.0 30.0 30.0 30.0 30.0 0.0
49.1 30.0 30.0 30.0 30.0 30.0 30.0 30.0 30.0 30.0 30.0 0.0
49.2 30.0 30.0 30.0 30.0 30.0 30.0 30.0 30.0 30.0 30.0 0.0
49.3 30.0 30.0 30.0 30.0 30.0 30.0 30.0 30.0 30.0 30.0 0.0
49.4 30.0 30.0 30.0 30.0 30.0 30.0 30.0 30.0 30.0 30.0 0.0
49.5 30.0 30.0 30.0 30.0 30.0 30.0 30.0 30.0 30.0 30.0 0.0
49.6 30.0 30.0 30.0 30.0 30.0 30.0 30.0 30.0 30.0 30.0 0.0
49.7 30.0 30.0 30.0 30.0 30.0 30.0 30.0 30.0 30.0 30.0 0.0
49.8 30.0 30.0 30.0 30.0 30.0 30.0 30.0 30.0 30.0 30.0 0.0
49.9 30.0 30.0 30.0 30.0 30.0 30.0 30.0 30.0 30.0 30.0 0.0
50.0 30.0 30.0 30.0 30.0 30.0 30.0 30.0 30.0 30.0 30.0 0.0
50.1 30.0 30.0 30.0 30.0 30.0 30.0 30.0 30.0 30.0 30.0 0.0
50.2 30.0 30.0 30.0 30.0 30.0 30.0 30.0 30.0 30.0 30.0 0.0
50.3 30.0 30.0 30.0 30.0 30.0 30.0 30.0 30.0 30.0 30.0 0.0
50.4 30.0 30.0 30.0 30.0 30.0 30.0 30.0 30.0 30.0 30.0 0.0
50.5 30.0 30.0 30.0 30.0 30.0 30.0 30.0 30.0 30.0 30.0 0.0
50.6 30.0 30.0 30.0 30.0 30.0 30.0 30.0 30.0 30.0 30.0 0.0
50.7 30.0 30.0 30.0 30.0 30.0 30.0 30.0 30.0 30.0 30.0 0.0
50.8 30.0 30.0 30.0 30.0 30.0 30.0 30.0 30.0 30.0 30.0 0.0
50.9 30.0 30.0 30.0 30.0 30.0 30.0 30.0 30.0 30.0 30.0 0.0
51.0 30.0 30.0 30.0 30.0 30.0 30.0 30.0 30.0 30.0 30.0 0.0
51.1 30.0 30.0 30.0 30.0 30.0 30.0 30.0 30.0 30.0 30.0 0.0
51.2 30.0 30.0 30.0 30.0 30.0 30.0 30.0 30.0 30.0 30.0 0.0
51.3 30.0 30.0 30.0 30.0 30.0 30.0 30.0 30.0 30.0 30.0 0.0
51.4 30.0 30.0 30.0 30.0 30.0 30.0 30.0 30.0 30.0 30.0 0.0
51.5 30.0 30.0 30.0 30.0 30.0 30.0 30.0 30.0 30.0 30.0 0.0
51.6 30.0 30.0 30.0 30.0 30.0 30.0 30.0 30.0 30.0 30.0 0.0
51.7 30.0 30.0 30.0 30.0 30.0 30.0 30.0 30.0 30.0 30.0 0.0
51.8 30.0 30.0 30.0 30.0 30.0 30.0 30.0 30.0 30.0 30.0 0.0
51.9 30.0 30.0 30.0 30.0 30.0 30.0 30.0 30.0 30.0 30.0 0.0
52.0 30.0 30.0 30.0 30.0 30.0 30.0 30.0 30.0 30.0 30.0 0.0
52.1 30.0 30.0 30.0 30.0 30.0 30.0 30.0 30.0 30.0 30.0 0.0
52.2 30.0 30.0 30.0 30.0 30.0 30.0 30.0 30.0 30.0 30.0 0.0
52.3 30.0 30.0 30.0 30.0 30.0 30.0 30.0 30.0 30.0 30.0 0.0
52.4 30.0 30.0 30.0 30.0 30.0 30.0 30.0 30.0 30.0 30.0 0.0
52.5 30.0 30.0 30.0 30.0 30.0 30.0 30.0 30.0 30.0 30.0 0.0
52.6 30.0 30.0 30.0 30.0 30.0 30.0 30.0 30.0 30.0 30.0 0.0
52.7 30.0 30.0 30.0 30.0 30.0 30.0 30.0 30.0 30.0 30.0 0.0
52.8 30.0 30.0 30.0 30.0 30.0 30.0 30.0 30.0 30.0 30.0 0.0
52.9 30.0 30.0 30.0 30.0 30.0 30.0 30.0 30.0 30.0 30.0 0.0
53.0 30.0 30.0 30.0 30.0 30.0 30.0 30.0 30.0 30.0 30.0 0.0
53.1 30.0 30.0 30.0 30.0 30.0 30.0 30.0 30.0 30.0 30.0 0.0
53.2 30.0 30.0 30.0 30.0 30.0 30.0 30.0 30.0 30.0 30.0 0.0
53.3 30.0 30.0 30.0 30.0 30.0 30.0 30.0 30.0 30.0 30.0 0.0
53.4 30.0 30.0 30.0 30.0 30.0 30.0 30.0 30.0 30.0 30.0 0.0
53.5 30.0 30.0 30.0 30.0 30.0 30.0 30.0 30.0 30.0 30.0 0.0
53.6 30.0 30.0 30.0 30.0 30.0 30.0 30.0 30.0 30.0 30.0 0.0
53.7 30.0 30.0 30.0 30.0 30.0 30.0 30.0 30.0 30.0 30.0 0.0
53.8 30.0 30.0 30.0 30.0 30.0 30.0 30.0 30.0 30.0 30.0 0.0
53.9 30.0 30.0 30.0 30.0 30.0 30.0 30.0 30.0 30.0 30.0 0.0
54.0 30.0 30.0 30.0 30.0 30.0 30.0 30.0 30.0 30.0 30.0 0.0
54.1 30.0 30.0 30.0 30.0 30.0 30.0 30.0 30.0 30.0 30.0 0.0
54.2 30.0 30.0 30.0 30.0 30.0 30.0 30.0 30.0 30.0 30.0 0.0
54.3 30.0 30.0 30.0 30.0 30.0 30.0 30.0 30.0 30.0 30.0 0.0
54.4 30.0 30.0 30.0 30.0 30.0 30.0 30.0 30.0 30.0 30.0 0.0
54.5 30.0 30.0 30.0 30.0 30.0 30.0 30.0 30.0 30.0 30.0 0.0
54.6 30.0 30.0 30.0 30.0 30.0 30.0 30.0 30.0 30.0 30.0 0.0
54.7 30.0 30.0 30.0 30.0 30.0 30.0 30.0 30.0 30.0 30.0 0.0
54.8 30.0 30.0 30.0 30.0 30.0 30.0 30.0 30.0 30.0 30.0 0.0
54.9 30.0 30.0 30.0 30.0 30.0 30.0 30.0 30.0 30.0 30.0 0.0
55.0 30.0 30.0 30.0 30.0 30.0 30.0 30.0 30.0 30.0 30.0 0.0
55.1 30.0 30.0 30.0 30.0 30.0 30.0 30.0 30.0 30.0 30.0 0.0
55.2 30.0 30.0 30.0 30.0 30.0 30.0 30.0 30.0 30.0 30.0 0.0
55.3 30.0 30.0 30.0 30.0 30.0 30.0 30.0 30.0 30.0 30.0 0.0
55.4 30.0 30.0 30.0 30.0 30.0 30.0 30.0 30.0 30.0 30.0 0.0
55.5 30.0 30.0 30.0 30.0 30.0 30.0 30.0 30.0 30.0 30.0 0.0
55.6 30.0 30.0 30.0 30.0 30.0 30.0 30.0 30.0 30.0 30.0 0.0
55.7 30.0 30.0 30.0 30.0 30.0 30.0 30.0 30.0 30.0 30.0 0.0
55.8 30.0 30.0 30.0 30.0 30.0 30.0 30.0 30.0 30.0 30.0 0.0
55.9 30.0 30.0 30.0 30.0 30.0 30.0 30.0 30.0 30.0 30.0 0.0
56.0 30.0 30.0 30.0 30.0 30.0 30.0 30.0 30.0 30.0 30.0 0.0
56.1 30.0 30.0 30.0 30.0 30.0 30.0 30.0 30.0 30.0 30.0 0.0
56.2 30.0 30.0 30.0 30.0 30.0 30.0 30.0 30.0 30.0 30.0 0.0
56.3 30.0 30.0 30.0 30.0 30.0 30.0 30.0 30.0 30.0 30.0 0.0
56.4 30.0 30.0 30.0 30.0 30.0 30.0 30.0 30.0 30.0 30.0 0.0
56.5 30.0 30.0 30.0 30.0 30.0 30.0 30.0 30.0 30.0 30.0 0.0
56.6 30.0 30.0 30.0 30.0 30.0 30.0 30.0 30.0 30.0 30.0 0.0
56.7 30.0 30.0 30.0 30.0 30.0 30.0 30.0 30.0 30.0 30.0 0.0
56.8 30.0 30.0 30.0 30.0 30.0 30.0 30.0 30.0 30.0 30.0 0.0
56.9 30.0 30.0 30.0 30.0 30.0 30.0 30.0 30.0 30.0 30.0 0.0
57.0 30.0 30.0 30.0 30.0 30.0 30.0 30.0 30.0 30.0 30.0 0.0
57.1 30.0 30.0 30.0 30.0 30.0 30.0 30.0 30.0 30.0 30.0 0.0
57.2 30.0 30.0 30.0 30.0 30.0 30.0 30.0 30.0 30.0 30.0 0.0
57.3 30.0 30.0 30.0 30.0 30.0 30.0 30.0 30.0 30.0 30.0 0.0
57.4 30.0 30.0 30.0 30.0 30.0 30.0 30.0 30.0 30.0 30.0 0.0
57.5 30.0 30.0 30.0 30.0 30.0 30.0 30.0 30.0 30.0 30.0 0.0
57.6 30.0 30.0 30.0 30.0 30.0 30.0 30.0 30.0 30.0 30.0 0.0
57.7 30.0 30.0 30.0 30.0 30.0 30.0 30.0 30.0 30.0 30.0 0.0
57.8 30.0 30.0 30.0 30.0 30.0 30.0 30.0 30.0 30.0 30.0 0.0
57.9 30.0 30.0 30.0 30.0 30.0 30.0 30.0 30.0 30.0 30.0 0.0
58.0 30.0 30.0 30.0 30.0 30.0 30.0 30.0 30.0 30.0 30.0 0.0
58.1 30.0 30.0 30.0 30.0 30.0 30.0 30.0 30.0 30.0 30.0 0.0
58.2 30.0 30.0 30.0 30.0 30.0 30.0 30.0 30.0 30.0 30.0 0.0
58.3 30.0 30.0 30.0 30.0 30.0 30.0 30.0 30.0 30.0 30.0 0.0
58.4 30.0 30.0 30.0 30.0 30.0 30.0 30.0 30.0 30.0 30.0 0.0
58.5 30.0 30.0 30.0 30.0 30.0 30.0 30.0 30.0 30.0 30.0 0.0
58.6 30.0 30.0 30.0 30.0 30.0 30.0 30.0 30.0 30.0 30.0 0.0
58.7 30.0 30.0 30.0 30.0 30.0 30.0 30.0 30.0 30.0 30.0 0.0
58.8 30.0 30.0 30.0 30.0 30.0 30.0 30.0 30.0 30.0 30.0 0.0
58.9 30.0 30.0 30.0 30.0 30.0 30.0 30.0 30.0 30.0 30.0 0.0
59.0 30.0 30.0 30.0 30.0 30.0 30.0 30.0 30.0 30.0 30.0 0.0
59.1 30.0 30.0 30.0 30.0 30.0 30.0 30.0 30.0 30.0 30.0 0.0
59.2 30.0 30.0 30.0 30.0 30.0 30.0 30.0 30.0 30.0 30.0 0.0
59.3 30.0 30.0 30.0 30.0 30.0 30.0 30.0 30.0 30.0 30.0 0.0
59.4 30.0 30.0 30.0 30.0 30.0 30.0 30.0 30.0 30.0 30.0 0.0
59.5 30.0 30.0 30.0 30.0 30.0 30.0 30.0 30.0 30.0 30.0 0.0
59.6 30.0 30.0 30.0 30.0 30.0 30.0 30.0 30.0 30.0 30.0 0.0
59.7 30.0 30.0 30.0 30.0 30.0 30.0 30.0 30.0 30.0 30.0 0.0
59.8 30.0 30.0 30.0 30.0 30.0 30.0 30.0 30.0 30.0 30.0 0.0
59.9 30.0 30.0 30.0 30.0 30.0 30.0 30.0 30.0 30.0 30.0 0.0
60.0 30.0 30.0 30.0 30.0 30.0 30.0 30.0 30.0 30.0 30.0 0.0
60.1 30.0 30.0 30.0 30.0 30.0 30.0 30.0 30.0 30.0 30.0 0.0
60.2 30.0 30.0 30.0 30.0 30.0 30.0 30.0 30.0 30.0 30.0 0.0
60.3 30.0 30.0 30.0 30.0 30.0 30.0 30.0 30.0 30.0 30.0 0.0
60.4 30.0 30.0 30.0 30.0 30.0 30.0 30.0 30.0 30.0 30.0 0.0
60.5 30.0 30.0 30.0 30.0 30.0 30.0 30.0 30.0 30.0 30.0 0.0
60.6 30.0 30.0 30.0 30.0 30.0 30.0 30.0 30.0 30.0 30.0 0.0
60.7 30.0 30.0 30.0 30.0 30.0 30.0 30.0 30.0 30.0 30.0 0.0
60.8 30.0 30.0 30.0 30.0 30.0 30.0 30.0 30.0 30.0 30.0 0.0
60.9 30.0 30.0 30.0 30.0 30.0 30.0 30.0 30.0 30.0 30.0 0.0
61.0 30.0 30.0 30.0 30.0 30.0 30.0 30.0 30.0 30.0 30.0 0.0
61.1 30.0 30.0 30.0 30.0 30.0 30.0 30.0 30.0 30.0 30.0 0.0
61.2 30.0 30.0 30.0 30.0 30.0 30.0 30.0 30.0 30.0 30.0 0.0
61.3 30.0 30.0 30.0 30.0 30.0 30.0 30.0 30.0 30.0 30.0 0.0
61.4 30.0 30.0 30.0 30.0 30.0 30.0 30.0 30.0 30.0 30.0 0.0
61.5 30.0 30.0 30.0 30.0 30.0 30.0 30.0 30.0 30.0 30.0 0.0
61.6 30.0 30.0 30.0 30.0 30.0 30.0 30.0 30.0 30.0 30.0 0.0
61.7 30.0 30.0 30.0 30.0 30.0 30.0 30.0 30.0 30.0 30.0 0.0
61.8 30.0 30.0 30.0 30.0 30.0 30.0 30.0 30.0 30.0 30.0 0.0
61.9 30.0 30.0 30.0 30.0 30.0 30.0 30.0 30.0 30.0 30.0 0.0
62.0 30.0 30.0 30.0 30.0 30.0 30.0 30.0 30.0 30.0 30.0 0.0
62.1 30.0 30.0 30.0 30.0 30.0 30.0 30.0 30.0 30.0 30.0 0.0
62.2 30.0 30.0 30.0 30.0 30.0 30.0 30.0 30.0 30.0 30.0 0.0
62.3 30.0 30.0 30.0 30.0 30.0 30.0 30.0 30.0 30.0 30.0 0.0
62.4 30.0 30.0 30.0 30.0 30.0 30.0 30.0 30.0 30.0 30.0 0.0
62.5 30.0 30.0 30.0 30.0 30.0 30.0 30.0 30.0 30.0 30.0 0.0
62.6 30.0 30.0 30.0 30.0 30.0 30.0 30.0 30.0 30.0 30.0 0.0
62.7 30.0 30.0 30.0 30.0 30.0 30.0 30.0 30.0 30.0 30.0 0.0
62.8 30.0 30.0 30.0 30.0 30.0 30.0 30.0 30.0 30.0 30.0 0.0
62.9 30.0 30.0 30.0 30.0 30.0 30.0 30.0 30.0 30.0 30.0 0.0
63.0 30.0 30.0 30.0 30.0 30.0 30.0 30.0 30.0 30.0 30.0 0.0
63.1 30.0 30.0 30.0 30.0 30.0 30.0 30.0 30.0 30.0 30.0 0.0
63.2 30.0 30.0 30.0 30.0 30.0 30.0 30.0 30.0 30.0 30.0 0.0
63.3 30.0 30.0 30.0 30.0 30.0 30.0 30.0 30.0 30.0 30.0 0.0
63.4 30.0 30.0 30.0 30.0 30.0 30.0 30.0 30.0 30.0 30.0 0.0
63.5 30.0 30.0 30.0 30.0 30.0 30.0 30.0 30.0 30.0 30.0 0.0
63.6 30.0 30.0 30.0 30.0 30.0 30.0 30.0 30.0 30.0 30.0 0.0
63.7 30.0 30.0 30.0 30.0 30.0 30.0 30.0 30.0 30.0 30.0 0.0
63.8 30.0 30.0 30.0 30.0 30.0 30.0 30.0 30.0 30.0 30.0 0.0
63.9 30.0 30.0 30.0 30.0 30.0 30.0 30.0 30.0 30.0 30.0 0.0
64.0 30.0 30.0 30.0 30.0 30.0 30.0 30.0 30.0 30.0 30.0 0.0
64.1 30.0 30.0 30.0 30.0 30.0 30.0 30.0 30.0 30.0 30.0 0.0
64.2 30.0 30.0 30.0 30.0 30.0 30.0 30.0 30.0 30.0 30.0 0.0
64.3 30.0 30.0 30.0 30.0 30.0 30.0 30.0 30.0 30.0 30.0 0.0
64.4 30.0 30.0 30.0 30.0 30.0 30.0 30.0 30.0 30.0 30.0 0.0
64.5 30.0 30.0 30.0 30.0 30.0 30.0 30.0 30.0 30.0 30.0 0.0
64.6 30.0 30.0 30.0 30.0 30.0 30.0 30.0 30.0 30.0 30.0 0.0
64.7 30.0 30.0 30.0 30.0 30.0 30.0 30.0 30.0 30.0 30.0 0.0
64.8 30.0 30.0 30.0 30.0 30.0 30.0 30.0 30.0 30.0 30.0 0.0
64.9 30.0 30.0 30.0 30.0 30.0 30.0 30.0 30.0 30.0 30.0 0.0
65.0 30.0 30.0 30.0 30.0 30.0 30.0 30.0 30.0 30.0 30.0 0.0
65.1 30.0 30.0 30.0 30.0 30.0 30.0 30.0 30.0 30.0 30.0 0.0
65.2 30.0 30.0 30.0 30.0 30.0 30.0 30.0 30.0 30.0 30.0 0.0
65.3 30.0 30.0 30.0 30.0 30.0 30.0 30.0 30.0 30.0 30.0 0.0
65.4 30.0 30.0 30.0 30.0 30.0 30.0 30.0 30.0 30.0 30.0 0.0
65.5 30.0 30.0 30.0 30.0 30.0 30.0 30.0 30.0 30.0 30.0 0.0
65.6 30.0 30.0 30.0 30.0 30.0 30.0 30.0 30.0 30.0 30.0 0.0
65.7 30.0 30.0 30.0 30.0 30.0 30.0 30.0 30.0 30.0 30.0 0.0
65.8 30.0 30.0 30.0 30.0 30.0 30.0 30.0 30.0 30.0 30.0 0.0
65.9 30.0 30.0 30.0 30.0 30.0 30.0 30.0 30.0 30.0 30.0 0.0
66.0 30.0 30.0 30.0 30.0 30.0 30.0 30.0 30.0 30.0 30.0 0.0
66.1 30.0 30.0 30.0 30.0 30.0 30.0 30.0 30.0 30.0 30.0 0.0
66.2 30.0 30.0 30.0 30.0 30.0 30.0 30.0 30.0 30.0 30.0 0.0
66.3 30.0 30.0 30.0 30.0 30.0 30.0 30.0 30.0 30.0 30.0 0.0
66.4 30.0 30.0 30.0 30.0 30.0 30.0 30.0 30.0 30.0 30.0 0.0
66.5 30.0 30.0 30.0 30.0 30.0 30.0 30.0 30.0 30.0 30.0 0.0
66.6 30.0 30.0 30.0 30.0 30.0 30.0 30.0 30.0 30.0 30.0 0.0
66.7 30.0 30.0 30.0 30.0 30.0 30.0 30.0 30.0 30.0 30.0 0.0
66.8 30.0 30.0 30.0 30.0 30.0 30.0 30.0 30.0 30.0 30.0 0.0
66.9 30.0 30.0 30.0 30.0 30.0 30.0 30.0 30.0 30.0 30.0 0.0
67.0 30.0 30.0 30.0 30.0 30.0 30.0 30.0 30.0 30.0 30.0 0.0
67.1 30.0 30.0 30.0 30.0 30.0 30.0 30.0 30.0 30.0 30.0 0.0
67.2 30.0 30.0 30.0 30.0 30.0 30.0 30.0 30.0 30.0 30.0 0.0
67.3 30.0 30.0 30.0 30.0 30.0 30.0 30.0 30.0 30.0 30.0 0.0
67.4 30.0 30.0 30.0 30.0 30.0 30.0 30.0 30.0 30.0 30.0 0.0
67.5 30.0 30.0 30.0 30.0 30.0 30.0 30.0 30.0 30.0 30.0 0.0
67.6 30.0 30.0 30.0 30.0 30.0 30.0 30.0 30.0 30.0 30.0 0.0
67.7 30.0 30.0 30.0 30.0 30.0 30.0 30.0 30.0 30.0 30.0 0.0
67.8 30.0 30.0 30.0 30.0 30.0 30.0 30.0 30.0 30.0 30.0 0.0
67.9 30.0 30.0 30.0 30.0 30.0 30.0 30.0 30.0 30.0 30.0 0.0
68.0 30.0 30.0 30.0 30.0 30.0 30.0 30.0 30.0 30.0 30.0 0.0
68.1 30.0 30.0 30.0 30.0 30.0 30.0 30.0 30.0 30.0 30.0 0.0
68.2 30.0 30.0 30.0 30.0 30.0 30.0 30.0 30.0 30.0 30.0 0.0
68.3 30.0 30.0 30.0 30.0 30.0 30.0 30.0 30.0 30.0 30.0 0.0
68.4 30.0 30.0 30.0 30.0 30.0 30.0 30.0 30.0 30.0 30.0 0.0
68.5 30.0 30.0 30.0 30.0 30.0 30.0 30.0 30.0 30.0 30.0 0.0
68.6 30.0 30.0 30.0 30.0 30.0 30.0 30.0 30.0 30.0 30.0 0.0
68.7 30.0 30.0 30.0 30.0 30.0 30.0 30.0 30.0 30.0 30.0 0.0
68.8 30.0 30.0 30.0 30.0 30.0 30.0 30.0 30.0 30.0 30.0 0.0
68.9 30.0 30.0 30.0 30.0 30.0 30.0 30.0 30.0 30.0 30.0 0.0
69.0 30.0 30.0 30.0 30.0 30.0 30.0 30.0 30.0 30.0 30.0 0.0
69.1 30.0 30.0 30.0 30.0 30.0 30.0 30.0 30.0 30.0 30.0 0.0
69.2 30.0 30.0 30.0 30.0 30.0 30.0 30.0 30.0 30.0 30.0 0.0
69.3 30.0 30.0 30.0 30.0 30.0 30.0 30.0 30.0 30.0 30.0 0.0
69.4 30.0 30.0 30.0 30.0 30.0 30.0 30.0 30.0 30.0 30.0 0.0
69.5 30.0 30.0 30.0 30.0 30.0 30.0 30.0 30.0 30.0 30.0 0.0
69.6 30.0 30.0 30.0 30.0 30.0 30.0 30.0 30.0 30.0 30.0 0.0
69.7 30.0 30.0 30.0 30.0 30.0 30.0 30.0 30.0 30.0 30.0 0.0
69.8 30.0 30.0 30.0 30.0 30.0 30.0 30.0 30.0 30.0 30.0 0.0
69.9 30.0 30.0 30.0 30.0 30.0 30.0 30.0 30.0 30.0 30.0 0.0
70.0 30.0 30.0 30.0 30.0 30.0 30.0 30.0 30.0 30.0 30.0 0.0
70.1 30.0 30.0 30.0 30.0 30.0 30.0 30.0 30.0 30.0 30.0 0.0
70.2 30.0 30.0 30.0 30.0 30.0 30.0 30.0 30.0 30.0 30.0 0.0
70.3 30.0 30.0 30.0 30.0 30.0 30.0 30.0 30.0 30.0 30.0 0.0
70.4 30.0 30.0 30.0 30.0 30.0 30.0 30.0 30.0 30.0 30.0 0.0
70.5 30.0 30.0 30.0 30.0 30.0 30.0 30.0 30.0 30.0 30.0 0.0
70.6 30.0 30.0 30.0 30.0 30.0 30.0 30.0 30.0 30.0 30.0 0.0
70.7 30.0 30.0 30.0 30.0 30.0 30.0 30.0 30.0 30.0 30.0 0.0
70.8 30.0 30.0 30.0 30.0 30.0 30.0 30.0 30.0 30.0 30.0 0.0
70.9 30.0 30.0 30.0 30.0 30.0 30.0 30.0 30.0 30.0 30.0 0.0
71.0 30.0 30.0 30.0 30.0 30.0 30.0 30.0 30.0 30.0 30.0 0.0
71.1 30.0 30.0 30.0 30.0 30.0 30.0 30.0 30.0 30.0 30.0 0.0
71.2 30.0 30.0 30.0 30.0 30.0 30.0 30.0 30.0 30.0 30.0 0.0
71.3 30.0 30.0 30.0 30.0 30.0 30.0 30.0 30.0 30.0 30.0 0.0
71.4 30.0 30.0 30.0 30.0 30.0 30.0 30.0 30.0 30.0 30.0 0.0
71.5 30.0 30.0 30.0 30.0 30.0 30.0 30.0 30.0 30.0 30.0 0.0
71.6 30.0 30.0 30.0 30.0 30.0 30.0 30.0 30.0 30.0 30.0 0.0
71.7 30.0 30.0 30.0 30.0 30.0 30.0 30.0 30.0 30.0 30.0 0.0
71.8 30.0 30.0 30.0 30.0 30.0 30.0 30.0 30.0 30.0 30.0 0.0
71.9 30.0 30.0 30.0 30.0 30.0 30.0 30.0 30.0 30.0 30.0 0.0
72.0 30.0 30.0 30.0 30.0 30.0 30.0 30.0 30.0 30.0 30.0 0.0
72.1 30.0 30.0 30.0 30.0 30.0 30.0 30.0 30.0 30.0 30.0 0.0
72.2 30.0 30.0 30.0 30.0 30.0 30.0 30.0 30.0 30.0 30.0 0.0
72.3 30.0 30.0 30.0 30.0 30.0 30.0 30.0 30.0 30.0 30.0 0.0
72.4 30.0 30.0 30.0 30.0 30.0 30.0 30.0 30.0 30.0 30.0 0.0
72.5 30.0 30.0 30.0 30.0 30.0 30.0 30.0 30.0 30.0 30.0 0.0
72.6 30.0 30.0 30.0 30.0 30.0 30.0 30.0 30.0 30.0 30.0 0.0
72.7 30.0 30.0 30.0 30.0 30.0 30.0 30.0 30.0 30.0 30.0 0.0
72.8 30.0 30.0 30.0 30.0 30.0 30.0 30.0 30.0 30.0 30.0 0.0
72.9 30.0 30.0 30.0 30.0 30.0 30.0 30.0 30.0 30.0 30.0 0.0
73.0 30.0 30.0 30.0 30.0 30.0 30.0 30.0 30.0 30.0 30.0 0.0
73.1 30.0 30.0 30.0 30.0 30.0 30.0 30.0 30.0 30.0 30.0 0.0
73.2 30.0 30.0 30.0 30.0 30.0 30.0 30.0 30.0 30.0 30.0 0.0
73.3 30.0 30.0 30.0 30.0 30.0 30.0 30.0 30.0 30.0 30.0 0.0
73.4 30.0 30.0 30.0 30.0 30.0 30.0 30.0 30.0 30.0 30.0 0.0
73.5 30.0 30.0 30.0 30.0 30.0 30.0 30.0 30.0 30.0 30.0 0.0
73.6 30.0 30.0 30.0 30.0 30.0 30.0 30.0 30.0 30.0 30.0 0.0
73.7 30.0 30.0 30.0 30.0 30.0 30.0 30.0 30.0 30.0 30.0 0.0
73.8 30.0 30.0 30.0 30.0 30.0 30.0 30.0 30.0 30.0 30.0 0.0
73.9 30.0 30.0 30.0 30.0 30.0 30.0 30.0 30.0 30.0 30.0 0.0
74.0 30.0 30.0 30.0 30.0 30.0 30.0 30.0 30.0 30.0 30.0 0.0
74.1 30.0 30.0 30.0 30.0 30.0 30.0 30.0 30.0 30.0 30.0 0.0
74.2 30.0 30.0 30.0 30.0 30.0 30.0 30.0 30.0 30.0 30.0 0.0
74.3 30.0 30.0 30.0 30.0 30.0 30.0 30.0 30.0 30.0 30.0 0.0
74.4 30.0 30.0 30.0 30.0 30.0 30.0 30.0 30.0 30.0 30.0 0.0
74.5 30.0 30.0 30.0 30.0 30.0 30.0 30.0 30.0 30.0 30.0 0.0
74.6 30.0 30.0 30.0 30.0 30.0 30.0 30.0 30.0 30.0 30.0 0.0
74.7 30.0 30.0 30.0 30.0 30.0 30.0 30.0 30.0 30.0 30.0 0.0
74.8 30.0 30.0 30.0 30.0 30.0 30.0 30.0 30.0 30.0 30.0 0.0
74.9 30.0 30.0 30.0 30.0 30.0 30.0 30.0 30.0 30.0 30.0 0.0
75.0 30.0 30.0 30.0 30.0 30.0 30.0 30.0 30.0 30.0 30.0 0.0
75.1 30.0 30.0 30.0 30.0 30.0 30.0 30.0 30.0 30.0 30.0 0.0
75.2 30.0 30.0 30.0 30.0 30.0 30.0 30.0 30.0 30.0 30.0 0.0
75.3 30.0 30.0 30.0 30.0 30.0 30.0 30.0 30.0 30.0 30.0 0.0
75.4 30.0 30.0 30.0 30.0 30.0 30.0 30.0 30.0 30.0 30.0 0.0
75.5 30.0 30.0 30.0 30.0 30.0 30.0 30.0 30.0 30.0 30.0 0.0
75.6 30.0 30.0 30.0 30.0 30.0 30.0 30.0 30.0 30.0 30.0 0.0
75.7 30.0 30.0 30.0 30.0 30.0 30.0 30.0 30.0 30.0 30.0 0.0
75.8 30.0 30.0 30.0 30.0 30.0 30.0 30.0 30.0 30.0 30.0 0.0
75.9 30.0 30.0 30.0 30.0 30.0 30.0 30.0 30.0 30.0 30.0 0.0
76.0 30.0 30.0 30.0 30.0 30.0 30.0 30.0 30.0 30.0 30.0 0.0
76.1 30.0 30.0 30.0 30.0 30.0 30.0 30.0 30.0 30.0 30.0 0.0
76.2 30.0 30.0 30.0 30.0 30.0 30.0 30.0 30.0 30.0 30.0 0.0
76.3 30.0 30.0 30.0 30.0 30.0 30.0 30.0 30.0 30.0 30.0 0.0
76.4 30.0 30.0 30.0 30.0 30.0 30.0 30.0 30.0 30.0 30.0 0.0
76.5 30.0 30.0 30.0 30.0 30.0 30.0 30.0 30.0 30.0 30.0 0.0
76.6 30.0 30.0 30.0 30.0 30.0 30.0 30.0 30.0 30.0 30.0 0.0
76.7 30.0 30.0 30.0 30.0 30.0 30.0 30.0 30.0 30.0 30.0 0.0
76.8 30.0 30.0 30.0 30.0 30.0 30.0 30.0 30.0 30.0 30.0 0.0
76.9 30.0 30.0 30.0 30.0 30.0 30.0 30.0 30.0 30.0 30.0 0.0
77.0 30.0 30.0 30.0 30.0 30.0 30.0 30.0 30.0 30.0 30.0 0.0
77.1 30.0 30.0 30.0 30.0 30.0 30.0 30.0 30.0 30.0 30.0 0.0
77.2 30.0 30.0 30.0 30.0 30.0 30.0 30.0 30.0 30.0 30.0 0.0
77.3 30.0 30.0 30.0 30.0 30.0 30.0 30.0 30.0 30.0 30.0 0.0
77.4 30.0 30.0 30.0 30.0 30.0 30.0 30.0 30.0 30.0 30.0 0.0
77.5 30.0 30.0 30.0 30.0 30.0 30.0 30.0 30.0 30.0 30.0 0.0
77.6 30.0 30.0 30.0 30.0 30.0 30.0 30.0 30.0 30.0 30.0 0.0
77.7 30.0 30.0 30.0 30.0 30.0 30.0 30.0 30.0 30.0 30.0 0.0
77.8 30.0 30.0 30.0 30.0 30.0 30.0 30.0 30.0 30.0 30.0 0.0
77.9 30.0 30.0 30.0 30.0 30.0 30.0 30.0 30.0 30.0 30.0 0.0
78.0 30.0 30.0 30.0 30.0 30.0 30.0 30.0 30.0 30.0 30.0 0.0
78.1 30.0 30.0 30.0 30.0 30.0 30.0 30.0 30.0 30.0 30.0 0.0
78.2 30.0 30.0 30.0 30.0 30.0 30.0 30.0 30.0 30.0 30.0 0.0
78.3 30.0 30.0 30.0 30.0 30.0 30.0 30.0 30.0 30.0 30.0 0.0
78.4 30.0 30.0 30.0 30.0 30.0 30.0 30.0 30.0 30.0 30.0 0.0
78.5 30.0 30.0 30.0 30.0 30.0 30.0 30.0 30.0 30.0 30.0 0.0
78.6 30.0 30.0 30.0 30.0 30.0 30.0 30.0 30.0 30.0 30.0 0.0
78.7 30.0 30.0 30.0 30.0 30.0 30.0 30.0 30.0 30.0 30.0 0.0
78.8 30.0 30.0 30.0 30.0 30.0 30.0 30.0 30.0 30.0 30.0 0.0
78.9 30.0 30.0 30.0 30.0 30.0 30.0 30.0 30.0 30.0 30.0 0.0
79.0 30.0 30.0 30.0 30.0 30.0 30.0 30.0 30.0 30.0 30.0 0.0
79.1 30.0 30.0 30.0 30.0 30.0 30.0 30.0 30.0 30.0 30.0 0.0
79.2 30.0 30.0 30.0 30.0 30.0 30.0 30.0 30.0 30.0 30.0 0.0
79.3 30.0 30.0 30.0 30.0 30.0 30.0 30.0 30.0 30.0 30.0 0.0
79.4 30.0 30.0 30.0 30.0 30.0 30.0 30.0 30.0 30.0 30.0 0.0
79.5 30.0 30.0 30.0 30.0 30.0 30.0 30.0 30.0 30.0 30.0 0.0
79.6 30.0 30.0 30.0 30.0 30.0 30.0 30.0 30.0 30.0 30.0 0.0
79.7 30.0 30.0 30.0 30.0 30.0 30.0 30.0 30.0 30.0 30.0 0.0
79.8 30.0 30.0 30.0 30.0 30.0 30.0 30.0 30.0 30.0 30.0 0.0
79.9 30.0 30.0 30.0 30.0 30.0 30.0 30.0 30.0 30.0 30.0 0.0
80.0 30.0 30.0 30.0 30.0 30.0 30.0 30.0 30.0 30.0 30.0 0.0
80.1 30.0 30.0 30.0 30.0 30.0 30.0 30.0 30.0 30.0 30.0 0.0
80.2 30.0 30.0 30.0 30.0 30.0 30.0 30.0 30.0 30.0 30.0 0.0
80.3 30.0 30.0 30.0 30.0 30.0 30.0 30.0 30.0 30.0 30.0 0.0
80.4 30.0 30.0 30.0 30.0 30.0 30.0 30.0 30.0 30.0 30.0 0.0
80.5 30.0 30.0 30.0 30.0 30.0 30.0 30.0 30.0 30.0 30.0 0.0
80.6 30.0 30.0 30.0 30.0 30.0 30.0 30.0 30.0 30.0 30.0 0.0
80.7 30.0 30.0 30.0 30.0 30.0 30.0 30.0 30.0 30.0 30.0 0.0
80.8 30.0 30.0 30.0 30.0 30.0 30.0 30.0 30.0 30.0 30.0 0.0
80.9 30.0 30.0 30.0 30.0 30.0 30.0 30.0 30.0 30.0 30.0 0.0
81.0 30.0 30.0 30.0 30.0 30.0 30.0 30.0 30.0 30.0 30.0 0.0
81.1 30.0 30.0 30.0 30.0 30.0 30.0 30.0 30.0 30.0 30.0 0.0
81.2 30.0 30.0 30.0 30.0 30.0 30.0 30.0 30.0 30.0 30.0 0.0
81.3 30.0 30.0 30.0 30.0 30.0 30.0 30.0 30.0 30.0 30.0 0.0
81.4 30.0 30.0 30.0 30.0 30.0 30.0 30.0 30.0 30.0 30.0 0.0
81.5 30.0 30.0 30.0 30.0 30.0 30.0 30.0 30.0 30.0 30.0 0.0
81.6 30.0 30.0 30.0 30.0 30.0 30.0 30.0 30.0 30.0 30.0 0.0
81.7 30.0 30.0 30.0 30.0 30.0 30.0 30.0 30.0 30.0 30.0 0.0
81.8 30.0 30.0 30.0 30.0 30.0 30.0 30.0 30.0 30.0 30.0 0.0
81.9 30.0 30.0 30.0 30.0 30.0 30.0 30.0 30.0 30.0 30.0 0.0
82.0 30.0 30.0 30.0 30.0 30.0 30.0 30.0 30.0 30.0 30.0 0.0
82.1 30.0 30.0 30.0 30.0 30.0 30.0 30.0 30.0 30.0 30.0 0.0
82.2 30.0 30.0 30.0 30.0 30.0 30.0 30.0 30.0 30.0 30.0 0.0
82.3 30.0 30.0 30.0 30.0 30.0 30.0 30.0 30.0 30.0 30.0 0.0
82.4 30.0 30.0 30.0 30.0 30.0 30.0 30.0 30.0 30.0 30.0 0.0
82.5 30.0 30.0 30.0 30.0 30.0 30.0 30.0 30.0 30.0 30.0 0.0
82.6 30.0 30.0 30.0 30.0 30.0 30.0 30.0 30.0 30.0 30.0 0.0
82.7 30.0 30.0 30.0 30.0 30.0 30.0 30.0 30.0 30.0 30.0 0.0
82.8 30.0 30.0 30.0 30.0 30.0 30.0 30.0 30.0 30.0 30.0 0.0
82.9 30.0 30.0 30.0 30.0 30.0 30.0 30.0 30.0 30.0 30.0 0.0
83.0 30.0 30.0 30.0 30.0 30.0 30.0 30.0 30.0 30.0 30.0 0.0
83.1 30.0 30.0 30.0 30.0 30.0 30.0 30.0 30.0 30.0 30.0 0.0
83.2 30.0 30.0 30.0 30.0 30.0 30.0 30.0 30.0 30.0 30.0 0.0
83.3 30.0 30.0 30.0 30.0 30.0 30.0 30.0 30.0 30.0 30.0 0.0
83.4 30.0 30.0 30.0 30.0 30.0 30.0 30.0 30.0 30.0 30.0 0.0
83.5 30.0 30.0 30.0 30.0 30.0 30.0 30.0 30.0 30.0 30.0 0.0
83.6 30.0 30.0 30.0 30.0 30.0 30.0 30.0 30.0 30.0 30.0 0.0
83.7 30.0 30.0 30.0 30.0 30.0 30.0 30.0 30.0 30.0 30.0 0.0
83.8 30.0 30.0 30.0 30.0 30.0 30.0 30.0 30.0 30.0 30.0 0.0
83.9 30.0 30.0 30.0 30.0 30.0 30.0 30.0 30.0 30.0 30.0 0.0
84.0 30.0 30.0 30.0 30.0 30.0 30.0 30.0 30.0 30.0 30.0 0.0
84.1 30.0 30.0 30.0 30.0 30.0 30.0 30.0 30.0 30.0 30.0 0.0
84.2 30.0 30.0 30.0 30.0 30.0 30.0 30.0 30.0 30.0 30.0 0.0
84.3 30.0 30.0 30.0 30.0 30.0 30.0 30.0 30.0 30.0 30.0 0.0
84.4 30.0 30.0 30.0 30.0 30.0 30.0 30.0 30.0 30.0 30.0 0.0
84.5 30.0 30.0 30.0 30.0 30.0 30.0 30.0 30.0 30.0 30.0 0.0
84.6 30.0 30.0 30.0 30.0 30.0 30.0 30.0 30.0 30.0 30.0 0.0
84.7 30.0 30.0 30.0 30.0 30.0 30.0 30.0 30.0 30.0 30.0 0.0
84.8 30.0 30.0 30.0 30.0 30.0 30.0 30.0 30.0 30.0 30.0 0.0
84.9 30.0 30.0 30.0 30.0 30.0 30.0 30.0 30.0 30.0 30.0 0.0
85.0 30.0 30.0 30.0 30.0 30.0 30.0 30.0 30.0 30.0 30.0 0.0
85.1 30.0 30.0 30.0 30.0 30.0 30.0 30.0 30.0 30.0 30.0 0.0
85.2 30.0 30.0 30.0 30.0 30.0 30.0 30.0 30.0 30.0 30.0 0.0
85.3 30.0 30.0 30.0 30.0 30.0 30.0 30.0 30.0 30.0 30.0 0.0
85.4 30.0 30.0 30.0 30.0 30.0 30.0 30.0 30.0 30.0 30.0 0.0
85.5 30.0 30.0 30.0 30.0 30.0 30.0 30.0 30.0 30.0 30.0 0.0
85.6 30.0 30.0 30.0 30.0 30.0 30.0 30.0 30.0 30.0 30.0 0.0
85.7 30.0 30.0 30.0 30.0 30.0 30.0 30.0 30.0 30.0 30.0 0.0
85.8 30.0 30.0 30.0 30.0 30.0 30.0 30.0 30.0 30.0 30.0 0.0
85.9 30.0 30.0 30.0 30.0 30.0 30.0 30.0 30.0 30.0 30.0 0.0
86.0 30.0 30.0 30.0 30.0 30.0 30.0 30.0 30.0 30.0 30.0 0.0
86.1 30.0 30.0 30.0 30.0 30.0 30.0 30.0 30.0 30.0 30.0 0.0
86.2 30.0 30.0 30.0 30.0 30.0 30.0 30.0 30.0 30.0 30.0 0.0
86.3 30.0 30.0 30.0 30.0 30.0 30.0 30.0 30.0 30.0 30.0 0.0
86.4 30.0 30.0 30.0 30.0 30.0 30.0 30.0 30.0 30.0 30.0 0.0
86.5 30.0 30.0 30.0 30.0 30.0 30.0 30.0 30.0 30.0 30.0 0.0
86.6 30.0 30.0 30.0 30.0 30.0 30.0 30.0 30.0 30.0 30.0 0.0
86.7 30.0 30.0 30.0 30.0 30.0 30.0 30.0 30.0 30.0 30.0 0.0
86.8 30.0 30.0 30.0 30.0 30.0 30.0 30.0 30.0 30.0 30.0 0.0
86.9 30.0 30.0 30.0 30.0 30.0 30.0 30.0 30.0 30.0 30.0 0.0
87.0 30.0 30.0 30.0 30.0 30.0 30.0 30.0 30.0 30.0 30.0 0.0
87.1 30.0 30.0 30.0 30.0 30.0 30.0 30.0 30.0 30.0 30.0 0.0
87.2 30.0 30.0 30.0 30.0 30.0 30.0 30.0 30.0 30.0 30.0 0.0
87.3 30.0 30.0 30.0 30.0 30.0 30.0 30.0 30.0 30.0 30.0 0.0
87.4 30.0 30.0 30.0 30.0 30.0 30.0 30.0 30.0 30.0 30.0 0.0
87.5 30.0 30.0 30.0 30.0 30.0 30.0 30.0 30.0 30.0 30.0 0.0
87.6 30.0 30.0 30.0 30.0 30.0 30.0 30.0 30.0 30.0 30.0 0.0
87.7 30.0 30.0 30.0 30.0 30.0 30.0 30.0 30.0 30.0 30.0 0.0
87.8 30.0 30.0 30.0 30.0 30.0 30.0 30.0 30.0 30.0 30.0 0.0
87.9 30.0 30.0 30.0 30.0 30.0 30.0 30.0 30.0 30.0 30.0 0.0
88.0 30.0 30.0 30.0 30.0 30.0 30.0 30.0 30.0 30.0 30.0 0.0
88.1 30.0 30.0 30.0 30.0 30.0 30.0 30.0 30.0 30.0 30.0 0.0
88.2 30.0 30.0 30.0 30.0 30.0 30.0 30.0 30.0 30.0 30.0 0.0
88.3 30.0 30.0 30.0 30.0 30.0 30.0 30.0 30.0 30.0 30.0 0.0
88.4 30.0 30.0 30.0 30.0 30.0 30.0 30.0 30.0 30.0 30.0 0.0
88.5 30.0 30.0 30.0 30.0 30.0 30.0 30.0 30.0 30.0 30.0 0.0
88.6 30.0 30.0 30.0 30.0 30.0 30.0 30.0 30.0 30.0 30.0 0.0
88.7 30.0 30.0 30.0 30.0 30.0 30.0 30.0 30.0 30.0 30.0 0.0
88.8 30.0 30.0 30.0 30.0 30.0 30.0 30.0 30.0 30.0 30.0 0.0
88.9 30.0 30.0 30.0 30.0 30.0 30.0 30.0 30.0 30.0 30.0 0.0
89.0 30.0 30.0 30.0 30.0 30.0 30.0 30.0 30.0 30.0 30.0 0.0
89.1 30.0 30.0 30.0 30.0 30.0 30.0 30.0 30.0 30.0 30.0 0.0
89.2 30.0 30.0 30.0 30.0 30.0 30.0 30.0 30.0 30.0 30.0 0.0
89.3 30.0 30.0 30.0 30.0 30.0 30.0 30.0 30.0 30.0 30.0 0.0
89.4 30.0 30.0 30.0 30.0 30.0 30.0 30.0 30.0 30.0 30.0 0.0
89.5 30.0 30.0 30.0 30.0 30.0 30.0 30.0 30.0 30.0 30.0 0.0
89.6 30.0 30.0 30.0 30.0 30.0 30.0 30.0 30.0 30.0 30.0 0.0
89.7 30.0 30.0 30.0 30.0 30.0 30.0 30.0 30.0 30.0 30.0 0.0
89.8 30.0 30.0 30.0 30.0 30.0 30.0 30.0 30.0 30.0 30.0 0.0
89.9 30.0 30.0 30.0 30.0 30.0 30.0 30.0 30.0 30.0 30.0 0.0
90.0 30.0 30.0 30.0 30.0 30.0 30.0 30.0 30.0 30.0 30.0 0.0
90.1 30.0 30.0 30.0 30.0 30.0 30.0 30.0 30.0 30.0 30.0 0.0
90.2 30.0 30.0 30.0 30.0 30.0 30.0 30.0 30.0 30.0 30.0 0.0
90.3 30.0 30.0 30.0 30.0 30.0 30.0 30.0 30.0 30.0 30.0 0.0
90.4 30.0 30.0 30.0 30.0 30.0 30.0 30.0 30.0 30.0 30.0 0.0
90.5 30.0 30.0 30.0 30.0 30.0 30.0 30.0 30.0 30.0 30.0 0.0
90.6 30.0 30.0 30.0 30.0 30.0 30.0 30.0 30.0 30.0 30.0 0.0
90.7 30.0 30.0 30.0 30.0 30.0 30.0 30.0 30.0 30.0 30.0 0.0
90.8 30.0 30.0 30.0 30.0 30.0 30.0 30.0 30.0 30.0 30.0 0.0
90.9 30.0 30.0 30.0 30.0 30.0 30.0 30.0 30.0 30.0 30.0 0.0
91.0 30.0 30.0 30.0 30.0 30.0 30.0 30.0 30.0 30.0 30.0 0.0
91.1 30.0 30.0 30.0 30.0 30.0 30.0 30.0 30.0 30.0 30.0 0.0
91.2 30.0 30.0 30.0 30.0 30.0 30.0 30.0 30.0 30.0 30.0 0.0
91.3 30.0 30.0 30.0 30.0 30.0 30.0 30.0 30.0 30.0 30.0 0.0
91.4 30.0 30.0 30.0 30.0 30.0 30.0 30.0 30.0 30.0 30.0 0.0
91.5 30.0 30.0 30.0 30.0 30.0 30.0 30.0 30.0 30.0 30.0 0.0
91.6 30.0 30.0 30.0 30.0 30.0 30.0 30.0 30.0 30.0 30.0 0.0
91.7 30.0 30.0 30.0 30.0 30.0 30.0 30.0 30.0 30.0 30.0 0.0
91.8 30.0 30.0 30.0 30.0 30.0 30.0 30.0 30.0 30.0 30.0 0.0
91.9 30.0 30.0 30.0 30.0 30.0 30.0 30.0 30.0 30.0 30.0 0.0
92.0 30.0 30.0 30.0 30.0 30.0 30.0 30.0 30.0 30.0 30.0 0.0
92.1 30.0 30.0 30.0 30.0 30.0 30.0 30.0 30.0 30.0 30.0 0.0
92.2 30.0 30.0 30.0 30.0 30.0 30.0 30.0 30.0 30.0 30.0 0.0
92.3 30.0 30.0 30.0 30.0 30.0 30.0 30.0 30.0 30.0 30.0 0.0
92.4 30.0 30.0 30.0 30.0 30.0 30.0 30.0 30.0 30.0 30.0 0.0
92.5 30.0 30.0 30.0 30.0 30.0 30.0 30.0 30.0 30.0 30.0 0.0
92.6 30.0 30.0 30.0 30.0 30.0 30.0 30.0 30.0 30.0 30.0 0.0
92.7 30.0 30.0 30.0 30.0 30.0 30.0 30.0 30.0 30.0 30.0 0.0
92.8 30.0 30.0 30.0 30.0 30.0 30.0 30.0 30.0 30.0 30.0 0.0
92.9 30.0 30.0 30.0 30.0 30.0 30.0 30.0 30.0 30.0 30.0 0.0
93.0 30.0 30.0 30.0 30.0 30.0 30.0 30.0 30.0 30.0 30.0 0.0
93.1 30.0 30.0 30.0 30.0 30.0 30.0 30.0 30.0 30.0 30.0 0.0
93.2 30.0 30.0 30.0 30.0 30.0 30.0 30.0 30.0 30.0 30.0 0.0
93.3 30.0 30.0 30.0 30.0 30.0 30.0 30.0 30.0 30.0 30.0 0.0
93.4 30.0 30.0 30.0 30.0 30.0 30.0 30.0 30.0 30.0 30.0 0.0
93.5 30.0 30.0 30.0 30.0 30.0 30.0 30.0 30.0 30.0 30.0 0.0
93.6 30.0 30.0 30.0 30.0 30.0 30.0 30.0 30.0 30.0 30.0 0.0
93.7 30.0 30.0 30.0 30.0 30.0 30.0 30.0 30.0 30.0 30.0 0.0
93.8 30.0 30.0 30.0 30.0 30.0 30.0 30.0 30.0 30.0 30.0 0.0
93.9 30.0 30.0 30.0 30.0 30.0 30.0 30.0 30.0 30.0 30.0 0.0
94.0 30.0 30.0 30.0 30.0 30.0 30.0 30.0 30.0 30.0 30.0 0.0
94.1 30.0 30.0 30.0 30.0 30.0 30.0 30.0 30.0 30.0 30.0 0.0
94.2 30.0 30.0 30.0 30.0 30.0 30.0 30.0 30.0 30.0 30.0 0.0
94.3 30.0 30.0 30.0 30.0 30.0 30.0 30.0 30.0 30.0 30.0 0.0
94.4 30.0 30.0 30.0 30.0 30.0 30.0 30.0 30.0 30.0 30.0 0.0
94.5 30.0 30.0 30.0 30.0 30.0 30.0 30.0 30.0 30.0 30.0 0.0
94.6 30.0 30.0 30.0 30.0 30.0 30.0 30.0 30.0 30.0 30.0 0.0
94.7 30.0 30.0 30.0 30.0 30.0 30.0 30.0 30.0 30.0 30.0 0.0
94.8 30.0 30.0 30.0 30.0 30.0 30.0 30.0 30.0 30.0 30.0 0.0
94.9 30.0 30.0 30.0 30.0 30.0 30.0 30.0 30.0 30.0 30.0 0.0
95.0 30.0 30.0 30.0 30.0 30.0 30.0 30.0 30.0 30.0 30.0 0.0
95.1 30.0 30.0 30.0 30.0 30.0 30.0 30.0 30.0 30.0 30.0 0.0
95.2 30.0 30.0 30.0 30.0 30.0 30.0 30.0 30.0 30.0 30.0 0.0
95.3 30.0 30.0 30.0 30.0 30.0 30.0 30.0 30.0 30.0 30.0 0.0
95.4 30.0 30.0 30.0 30.0 30.0 30.0 30.0 30.0 30.0 30.0 0.0
95.5 30.0 30.0 30.0 30.0 30.0 30.0 30.0 30.0 30.0 30.0 0.0
95.6 30.0 30.0 30.0 30.0 30.0 30.0 30.0 30.0 30.0 30.0 0.0
95.7 30.0 30.0 30.0 30.0 30.0 30.0 30.0 30.0 30.0 30.0 0.0
95.8 30.0 30.0 30.0 30.0 30.0 30.0 30.0 30.0 30.0 30.0 0.0
95.9 30.0 30.0 30.0 30.0 30.0 30.0 30.0 30.0 30.0 30.0 0.0
96.0 30.0 30.0 30.0 30.0 30.0 30.0 30.0 30.0 30.0 30.0 0.0
96.1 30.0 30.0 30.0 30.0 30.0 30.0 30.0 30.0 30.0 30.0 0.0
96.2 30.0 30.0 30.0 30.0 30.0 30.0 30.0 30.0 30.0 30.0 0.0
96.3 30.0 30.0 30.0 30.0 30.0 30.0 30.0 30.0 30.0 30.0 0.0
96.4 30.0 30.0 30.0 30.0 30.0 30.0 30.0 30.0 30.0 30.0 0.0
96.5 30.0 30.0 30.0 30.0 30.0 30.0 30.0 30.0 30.0 30.0 0.0
96.6 30.0 30.0 30.0 30.0 30.0 30.0 30.0 30.0 30.0 30.0 0.0
96.7 30.0 30.0 30.0 30.0 30.0 30.0 30.0 30.0 30.0 30.0 0.0
96.8 30.0 30.0 30.0 30.0 30.0 30.0 30.0 30.0 30.0 30.0 0.0
96.9 30.0 30.0 30.0 30.0 30.0 30.0 30.0 30.0 30.0 30.0 0.0
97.0 30.0 30.0 30.0 30.0 30.0 30.0 30.0 30.0 30.0 30.0 0.0
97.1 30.0 30.0 30.0 30.0 30.0 30.0 30.0 30.0 30.0 30.0 0.0
97.2 30.0 30.0 30.0 30.0 30.0 30.0 30.0 30.0 30.0 30.0 0.0
97.3 30.0 30.0 30.0 30.0 30.0 30.0 30.0 30.0 30.0 30.0 0.0
97.4 30.0 30.0 30.0 30.0 30.0 30.0 30.0 30.0 30.0 30.0 0.0
97.5 30.0 30.0 30.0 30.0 30.0 30.0 30.0 30.0 30.0 30.0 0.0
97.6 30.0 30.0 30.0 30.0 30.0 30.0 30.0 30.0 30.0 30.0 0.0
97.7 30.0 30.0 30.0 30.0 30.0 30.0 30.0 30.0 30.0 30.0 0.0
97.8 30.0 30.0 30.0 30.0 30.0 30.0 30.0 30.0 30.0 30.0 0.0
97.9 30.0 30.0 30.0 30.0 30.0 30.0 30.0 30.0 30.0 30.0 0.0
98.0 30.0 30.0 30.0 30.0 30.0 30.0 30.0 30.0 30.0 30.0 0.0
98.1 30.0 30.0 30.0 30.0 30.0 30.0 30.0 30.0 30.0 30.0 0.0
98.2 30.0 30.0 30.0 30.0 30.0 30.0 30.0 30.0 30.0 30.0 0.0
98.3 30.0 30.0 30.0 30.0 30.0 30.0 30.0 30.0 30.0 30.0 0.0
98.4 30.0 30.0 30.0 30.0 30.0 30.0 30.0 30.0 30.0 30.0 0.0
98.5 30.0 30.0 30.0 30.0 30.0 30.0 30.0 30.0 30.0 30.0 0.0
98.6 30.0 30.0 30.0 30.0 30.0 30.0 30.0 30.0 30.0 30.0 0.0
98.7 30.0 30.0 30.0 30.0 30.0 30.0 30.0 30.0 30.0 30.0 0.0
98.8 30.0 30.0 30.0 30.0 30.0 30.0 30.0 30.0 30.0 30.0 0.0
98.9 30.0 30.0 30.0 30.0 30.0 30.0 30.0 30.0 30.0 30.0 0.0
99.0 30.0 30.0 30.0 30.0 30.0 30.0 30.0 30.0 30.0 30.0 0.0
99.1 30.0 30.0 30.0 30.0 30.0 30.0 30.0 30.0 30.0 30.0 0.0
99.2 30.0 30.0 30.0 30.0 30.0 30.0 30.0 30.0 30.0 30.0 0.0
99.3 30.0 30.0 30.0 30.0 30.0 30.0 30.0 30.0 30.0 30.0 0.0
99.4 30.0 30.0 30.0 30.0 30.0 30.0 30.0 30.0 30.0 30.0 0.0
99.5 30.0 30.0 30.0 30.0 30.0 30.0 30.0 30.0 30.0 30.0 0.0
99.6 30.0 30.0 30.0 30.0 30.0 30.0 30.0 30.0 30.0 30.0 0.0
99.7 30.0 30.0 30.0 30.0 30.0 30.0 30.0 30.0 30.0 30.0 0.0
99.8 30.0 30.0 30.0 30.0 30.0 30.0 30.0 30.0 30.0 30.0 0.0
99.9 30.0 30.0 30.0 30.0 30.0 30.0 30.0 30.0 30.0 30.0 0.0
