0.0 0.0 -1073741824.0 -1073741824.0 -1073741824.0 -1073741824.0 -1073741824.0 -1073741824.0 -1073741824.0 -1073741824.0 -1073741824.0 -1073741824.0
0.1 0.6000000000000001 -1073741824.0 -1073741824.0 -1073741824.0 -1073741824.0 -1073741824.0 -1073741824.0 -1073741824.0 -1073741824.0 -1073741824.0 -1073741824.0
0.2 30.0 0.0 0.0 0.0 0.0 0.0 0.0 0.0 0.0 0.0 0.0
0.3 30.0 30.0 30.0 30.0 30.0 30.0 30.0 30.0 30.0 30.0 0.0
0.4 30.0 30.0 30.0 30.0 30.0 30.0 30.0 30.0 30.0 30.0 0.0
0.5 30.0 30.0 30.0 30.0 30.0 30.0 30.0 30.0 30.0 30.0 0.0
0.6 30.0 30.0 30.0 30.0 30.0 30.0 30.0 30.0 30.0 30.0 0.0
0.7 30.0 30.0 30.0 30.0 30.0 30.0 30.0 30.0 30.0 30.0 0.0
0.8 30.0 30.0 30.0 30.0 30.0 30.0 30.0 30.0 30.0 30.0 0.0
0.9 30.0 30.0 30.0 30.0 30.0 30.0 30.0 30.0 30.0 30.0 0.0
1.0 30.0 30.0 30.0 30.0 30.0 30.0 30.0 30.0 30.0 30.0 0.0
1.1 30.0 30.0 30.0 30.0 30.0 30.0 30.0 30.0 30.0 30.0 0.0
1.2 30.0 30.0 30.0 30.0 30.0 30.0 30.0 30.0 30.0 30.0 0.0
1.3 30.0 30.0 30.0 30.0 30.0 30.0 30.0 30.0 30.0 30.0 0.0
1.4 30.0 30.0 30.0 30.0 30.0 30.0 30.0 30.0 30.0 30.0 0.0
1.5 30.0 30.0 30.0 30.0 30.0 30.0 30.0 30.0 30.0 30.0 0.0
1.6 30.0 30.0 30.0 30.0 30.0 30.0 30.0 30.0 30.0 30.0 0.0
1.7 30.0 30.0 30.0 30.0 30.0 30.0 30.0 30.0 30.0 30.0 0.0
1.8 30.0 30.0 30.0 30.0 30.0 30.0 30.0 30.0 30.0 30.0 0.0
1.9 30.0 30.0 30.0 30.0 30.0 30.0 30.0 30.0 30.0 30.0 0.0
2.0 30.0 30.0 30.0 30.0 30.0 30.0 30.0 30.0 30.0 30.0 0.0
2.1 30.0 30.0 30.0 30.0 30.0 30.0 30.0 30.0 30.0 30.0 0.0
2.2 29.908510564738865 29.908510564738865 29.908510564738865 29.908510564738865 29.908510564738865 29.908510564738865 29.908510564738865 29.908510564738865 29.908510564738865 29.908510564738865 0.0
2.3 29.81702112947773 29.81702112947773 29.81702112947773 29.81702112947773 29.81702112947773 29.81702112947773 29.81702112947773 29.81702112947773 29.81702112947773 29.81702112947773 0.0
2.4 29.725531694216595 29.725531694216595 29.725531694216595 29.725531694216595 29.725531694216595 29.725531694216595 29.725531694216595 29.725531694216595 29.725531694216595 29.725531694216595 0.0
2.5 29.63404225895546 29.63404225895546 29.63404225895546 29.63404225895546 29.63404225895546 29.63404225895546 29.63404225895546 29.63404225895546 29.63404225895546 29.63404225895546 0.0
2.6 29.542552823694326 29.542552823694326 29.542552823694326 29.542552823694326 29.542552823694326 29.542552823694326 29.542552823694326 29.542552823694326 29.542552823694326 29.542552823694326 0.0
2.7 29.45106338843319 29.45106338843319 29.45106338843319 29.45106338843319 29.45106338843319 29.45106338843319 29.45106338843319 29.45106338843319 29.45106338843319 29.45106338843319 0.0
2.8 29.359573953172056 29.359573953172056 29.359573953172056 29.359573953172056 29.359573953172056 29.359573953172056 29.359573953172056 29.359573953172056 29.359573953172056 29.359573953172056 0.0
2.9 29.26808451791092 29.26808451791092 29.26808451791092 29.26808451791092 29.26808451791092 29.26808451791092 29.26808451791092 29.26808451791092 29.26808451791092 29.26808451791092 0.0
3.0 29.176595082649786 29.176595082649786 29.176595082649786 29.176595082649786 29.176595082649786 29.176595082649786 29.176595082649786 29.176595082649786 29.176595082649786 29.176595082649786 0.0
3.1 29.08510564738865 29.08510564738865 29.08510564738865 29.08510564738865 29.08510564738865 29.08510564738865 29.08510564738865 29.08510564738865 29.08510564738865 29.08510564738865 0.0
3.2 28.993616212127517 28.993616212127517 28.993616212127517 28.993616212127517 28.993616212127517 28.993616212127517 28.993616212127517 28.993616212127517 28.993616212127517 28.993616212127517 0.0
3.3 28.902126776866382 28.902126776866382 28.902126776866382 28.902126776866382 28.902126776866382 28.902126776866382 28.902126776866382 28.902126776866382 28.902126776866382 28.902126776866382 0.0
3.4 28.810637341605247 28.810637341605247 28.810637341605247 28.810637341605247 28.810637341605247 28.810637341605247 28.810637341605247 28.810637341605247 28.810637341605247 28.810637341605247 0.0
3.5 28.719147906344112 28.719147906344112 28.719147906344112 28.719147906344112 28.719147906344112 28.719147906344112 28.719147906344112 28.719147906344112 28.719147906344112 28.719147906344112 0.0
3.6 28.627658471082977 28.627658471082977 28.627658471082977 28.627658471082977 28.627658471082977 28.627658471082977 28.627658471082977 28.627658471082977 28.627658471082977 28.627658471082977 0.0
3.7 28.536169035821842 28.536169035821842 28.536169035821842 28.536169035821842 28.536169035821842 28.536169035821842 28.536169035821842 28.536169035821842 28.536169035821842 28.536169035821842 0.0
3.8 28.444679600560708 28.444679600560708 28.444679600560708 28.444679600560708 28.444679600560708 28.444679600560708 28.444679600560708 28.444679600560708 28.444679600560708 28.444679600560708 0.0
3.9 28.353190165299573 28.353190165299573 28.353190165299573 28.353190165299573 28.353190165299573 28.353190165299573 28.353190165299573 28.353190165299573 28.353190165299573 28.353190165299573 0.0
4.0 28.261700730038438 28.261700730038438 28.261700730038438 28.261700730038438 28.261700730038438 28.261700730038438 28.261700730038438 28.261700730038438 28.261700730038438 28.261700730038438 0.0
4.1 28.170211294777303 28.170211294777303 28.170211294777303 28.170211294777303 28.170211294777303 28.170211294777303 28.170211294777303 28.170211294777303 28.170211294777303 28.170211294777303 0.0
4.2 28.07872185951617 28.07872185951617 28.07872185951617 28.07872185951617 28.07872185951617 28.07872185951617 28.07872185951617 28.07872185951617 28.07872185951617 28.07872185951617 0.0
4.3 27.987232424255033 27.987232424255033 27.987232424255033 27.987232424255033 27.987232424255033 27.987232424255033 27.987232424255033 27.987232424255033 27.987232424255033 27.987232424255033 0.0
4.4 27.8957429889939 27.8957429889939 27.8957429889939 27.8957429889939 27.8957429889939 27.8957429889939 27.8957429889939 27.8957429889939 27.8957429889939 27.8957429889939 0.0
4.5 27.804253553732764 27.804253553732764 27.804253553732764 27.804253553732764 27.804253553732764 27.804253553732764 27.804253553732764 27.804253553732764 27.804253553732764 27.804253553732764 0.0
4.6 27.71276411847163 27.71276411847163 27.71276411847163 27.71276411847163 27.71276411847163 27.71276411847163 27.71276411847163 27.71276411847163 27.71276411847163 27.71276411847163 0.0
4.7 27.621274683210494 27.621274683210494 27.621274683210494 27.621274683210494 27.621274683210494 27.621274683210494 27.621274683210494 27.621274683210494 27.621274683210494 27.621274683210494 0.0
4.8 27.52978524794936 27.52978524794936 27.52978524794936 27.52978524794936 27.52978524794936 27.52978524794936 27.52978524794936 27.52978524794936 27.52978524794936 27.52978524794936 0.0
4.9 27.438295812688224 27.438295812688224 27.438295812688224 27.438295812688224 27.438295812688224 27.438295812688224 27.438295812688224 27.438295812688224 27.438295812688224 27.438295812688224 0.0
5.0 27.34680637742709 27.34680637742709 27.34680637742709 27.34680637742709 27.34680637742709 27.34680637742709 27.34680637742709 27.34680637742709 27.34680637742709 27.34680637742709 0.0
5.1 27.255316942165955 27.255316942165955 27.255316942165955 27.255316942165955 27.255316942165955 27.255316942165955 27.255316942165955 27.255316942165955 27.255316942165955 27.255316942165955 0.0
5.2 27.16382750690482 27.16382750690482 27.16382750690482 27.16382750690482 27.16382750690482 27.16382750690482 27.16382750690482 27.16382750690482 27.16382750690482 27.16382750690482 0.0
5.3 27.072338071643685 27.072338071643685 27.072338071643685 27.072338071643685 27.072338071643685 27.072338071643685 27.072338071643685 27.072338071643685 27.072338071643685 27.072338071643685 0.0
5.4 26.98084863638255 26.98084863638255 26.98084863638255 26.98084863638255 26.98084863638255 26.98084863638255 26.98084863638255 26.98084863638255 26.98084863638255 26.98084863638255 0.0
5.5 26.889359201121415 26.889359201121415 26.889359201121415 26.889359201121415 26.889359201121415 26.889359201121415 26.889359201121415 26.889359201121415 26.889359201121415 26.889359201121415 0.0
5.6 26.79786976586028 26.79786976586028 26.79786976586028 26.79786976586028 26.79786976586028 26.79786976586028 26.79786976586028 26.79786976586028 26.79786976586028 26.79786976586028 0.0
5.7 26.706380330599146 26.706380330599146 26.706380330599146 26.706380330599146 26.706380330599146 26.706380330599146 26.706380330599146 26.706380330599146 26.706380330599146 26.706380330599146 0.0
5.8 26.61489089533801 26.61489089533801 26.61489089533801 26.61489089533801 26.61489089533801 26.61489089533801 26.61489089533801 26.61489089533801 26.61489089533801 26.61489089533801 0.0
5.9 26.523401460076876 26.523401460076876 26.523401460076876 26.523401460076876 26.523401460076876 26.523401460076876 26.523401460076876 26.523401460076876 26.523401460076876 26.523401460076876 0.0
6.0 26.43191202481574 26.43191202481574 26.43191202481574 26.43191202481574 26.43191202481574 26.43191202481574 26.43191202481574 26.43191202481574 26.43191202481574 26.43191202481574 0.0
6.1 26.340422589554606 26.340422589554606 26.340422589554606 26.340422589554606 26.340422589554606 26.340422589554606 26.340422589554606 26.340422589554606 26.340422589554606 26.340422589554606 0.0
6.2 26.24893315429347 26.24893315429347 26.24893315429347 26.24893315429347 26.24893315429347 26.24893315429347 26.24893315429347 26.24893315429347 26.24893315429347 26.24893315429347 0.0
6.3 26.157443719032337 26.157443719032337 26.157443719032337 26.157443719032337 26.157443719032337 26.157443719032337 26.157443719032337 26.157443719032337 26.157443719032337 26.157443719032337 0.0
6.4 26.0659542837712 26.0659542837712 26.0659542837712 26.0659542837712 26.0659542837712 26.0659542837712 26.0659542837712 26.0659542837712 26.0659542837712 26.0659542837712 0.0
6.5 25.974464848510067 25.974464848510067 25.974464848510067 25.974464848510067 25.974464848510067 25.974464848510067 25.974464848510067 25.974464848510067 25.974464848510067 25.974464848510067 0.0
6.6 25.882975413248932 25.882975413248932 25.882975413248932 25.882975413248932 25.882975413248932 25.882975413248932 25.882975413248932 25.882975413248932 25.882975413248932 25.882975413248932 0.0
6.7 25.791485977987797 25.791485977987797 25.791485977987797 25.791485977987797 25.791485977987797 25.791485977987797 25.791485977987797 25.791485977987797 25.791485977987797 25.791485977987797 0.0
6.8 25.699996542726662 25.699996542726662 25.699996542726662 25.699996542726662 25.699996542726662 25.699996542726662 25.699996542726662 25.699996542726662 25.699996542726662 25.699996542726662 0.0
6.9 25.608507107465527 25.608507107465527 25.608507107465527 25.608507107465527 25.608507107465527 25.608507107465527 25.608507107465527 25.608507107465527 25.608507107465527 25.608507107465527 0.0
7.0 25.517017672204393 25.517017672204393 25.517017672204393 25.517017672204393 25.517017672204393 25.517017672204393 25.517017672204393 25.517017672204393 25.517017672204393 25.517017672204393 0.0
7.1 25.425528236943258 25.425528236943258 25.425528236943258 25.425528236943258 25.425528236943258 25.425528236943258 25.425528236943258 25.425528236943258 25.425528236943258 25.425528236943258 0.0
7.2 25.334038801682123 25.334038801682123 25.334038801682123 25.334038801682123 25.334038801682123 25.334038801682123 25.334038801682123 25.334038801682123 25.334038801682123 25.334038801682123 0.0
7.3 25.242549366420988 25.242549366420988 25.242549366420988 25.242549366420988 25.242549366420988 25.242549366420988 25.242549366420988 25.242549366420988 25.242549366420988 25.242549366420988 0.0
7.4 25.151059931159853 25.151059931159853 25.151059931159853 25.151059931159853 25.151059931159853 25.151059931159853 25.151059931159853 25.151059931159853 25.151059931159853 25.151059931159853 0.0
7.5 25.05957049589872 25.05957049589872 25.05957049589872 25.05957049589872 25.05957049589872 25.05957049589872 25.05957049589872 25.05957049589872 25.05957049589872 25.05957049589872 0.0
7.6 24.968081060637584 24.968081060637584 24.968081060637584 24.968081060637584 24.968081060637584 24.968081060637584 24.968081060637584 24.968081060637584 24.968081060637584 24.968081060637584 0.0
7.7 24.87659162537645 24.87659162537645 24.87659162537645 24.87659162537645 24.87659162537645 24.87659162537645 24.87659162537645 24.87659162537645 24.87659162537645 24.87659162537645 0.0
7.8 24.785102190115314 24.785102190115314 24.785102190115314 24.785102190115314 24.785102190115314 24.785102190115314 24.785102190115314 24.785102190115314 24.785102190115314 24.785102190115314 0.0
7.9 24.69361275485418 24.69361275485418 24.69361275485418 24.69361275485418 24.69361275485418 24.69361275485418 24.69361275485418 24.69361275485418 24.69361275485418 24.69361275485418 0.0
8.0 24.602123319593044 24.602123319593044 24.602123319593044 24.602123319593044 24.602123319593044 24.602123319593044 24.602123319593044 24.602123319593044 24.602123319593044 24.602123319593044 0.0
8.1 24.51063388433191 24.51063388433191 24.51063388433191 24.51063388433191 24.51063388433191 24.51063388433191 24.51063388433191 24.51063388433191 24.51063388433191 24.51063388433191 0.0
8.2 24.419144449070775 24.419144449070775 24.419144449070775 24.419144449070775 24.419144449070775 24.419144449070775 24.419144449070775 24.419144449070775 24.419144449070775 24.419144449070775 0.0
8.3 24.32765501380964 24.32765501380964 24.32765501380964 24.32765501380964 24.32765501380964 24.32765501380964 24.32765501380964 24.32765501380964 24.32765501380964 24.32765501380964 0.0
8.4 24.236165578548505 24.236165578548505 24.236165578548505 24.236165578548505 24.236165578548505 24.236165578548505 24.236165578548505 24.236165578548505 24.236165578548505 24.236165578548505 0.0
8.5 24.14467614328737 24.14467614328737 24.14467614328737 24.14467614328737 24.14467614328737 24.14467614328737 24.14467614328737 24.14467614328737 24.14467614328737 24.14467614328737 0.0
8.6 24.053186708026235 24.053186708026235 24.053186708026235 24.053186708026235 24.053186708026235 24.053186708026235 24.053186708026235 24.053186708026235 24.053186708026235 24.053186708026235 0.0
8.7 23.9616972727651 23.9616972727651 23.9616972727651 23.9616972727651 23.9616972727651 23.9616972727651 23.9616972727651 23.9616972727651 23.9616972727651 23.9616972727651 0.0
8.8 23.870207837503965 23.870207837503965 23.870207837503965 23.870207837503965 23.870207837503965 23.870207837503965 23.870207837503965 23.870207837503965 23.870207837503965 23.870207837503965 0.0
8.9 23.77871840224283 23.77871840224283 23.77871840224283 23.77871840224283 23.77871840224283 23.77871840224283 23.77871840224283 23.77871840224283 23.77871840224283 23.77871840224283 0.0
9.0 23.687228966981696 23.687228966981696 23.687228966981696 23.687228966981696 23.687228966981696 23.687228966981696 23.687228966981696 23.687228966981696 23.687228966981696 23.687228966981696 0.0
9.1 23.59573953172056 23.59573953172056 23.59573953172056 23.59573953172056 23.59573953172056 23.59573953172056 23.59573953172056 23.59573953172056 23.59573953172056 23.59573953172056 0.0
9.2 23.504250096459426 23.504250096459426 23.504250096459426 23.504250096459426 23.504250096459426 23.504250096459426 23.504250096459426 23.504250096459426 23.504250096459426 23.504250096459426 0.0
9.3 23.41276066119829 23.41276066119829 23.41276066119829 23.41276066119829 23.41276066119829 23.41276066119829 23.41276066119829 23.41276066119829 23.41276066119829 23.41276066119829 0.0
9.4 23.321271225937156 23.321271225937156 23.321271225937156 23.321271225937156 23.321271225937156 23.321271225937156 23.321271225937156 23.321271225937156 23.321271225937156 23.321271225937156 0.0
9.5 23.22978179067602 23.22978179067602 23.22978179067602 23.22978179067602 23.22978179067602 23.22978179067602 23.22978179067602 23.22978179067602 23.22978179067602 23.22978179067602 0.0
9.6 23.138292355414887 23.138292355414887 23.138292355414887 23.138292355414887 23.138292355414887 23.138292355414887 23.138292355414887 23.138292355414887 23.138292355414887 23.138292355414887 0.0
9.7 23.046802920153752 23.046802920153752 23.046802920153752 23.046802920153752 23.046802920153752 23.046802920153752 23.046802920153752 23.046802920153752 23.046802920153752 23.046802920153752 0.0
9.8 22.955313484892617 22.955313484892617 22.955313484892617 22.955313484892617 22.955313484892617 22.955313484892617 22.955313484892617 22.955313484892617 22.955313484892617 22.955313484892617 0.0
9.9 22.863824049631482 22.863824049631482 22.863824049631482 22.863824049631482 22.863824049631482 22.863824049631482 22.863824049631482 22.863824049631482 22.863824049631482 22.863824049631482 0.0
10.0 22.772334614370347 22.772334614370347 22.772334614370347 22.772334614370347 22.772334614370347 22.772334614370347 22.772334614370347 22.772334614370347 22.772334614370347 22.772334614370347 0.0
10.1 22.680845179109212 22.680845179109212 22.680845179109212 22.680845179109212 22.680845179109212 22.680845179109212 22.680845179109212 22.680845179109212 22.680845179109212 22.680845179109212 0.0
10.2 22.589355743848078 22.589355743848078 22.589355743848078 22.589355743848078 22.589355743848078 22.589355743848078 22.589355743848078 22.589355743848078 22.589355743848078 22.589355743848078 0.0
10.3 22.497866308586943 22.497866308586943 22.497866308586943 22.497866308586943 22.497866308586943 22.497866308586943 22.497866308586943 22.497866308586943 22.497866308586943 22.497866308586943 0.0
10.4 22.406376873325808 22.406376873325808 22.406376873325808 22.406376873325808 22.406376873325808 22.406376873325808 22.406376873325808 22.406376873325808 22.406376873325808 22.406376873325808 0.0
10.5 22.314887438064673 22.314887438064673 22.314887438064673 22.314887438064673 22.314887438064673 22.314887438064673 22.314887438064673 22.314887438064673 22.314887438064673 22.314887438064673 0.0
10.6 22.22339800280354 22.22339800280354 22.22339800280354 22.22339800280354 22.22339800280354 22.22339800280354 22.22339800280354 22.22339800280354 22.22339800280354 22.22339800280354 0.0
10.7 22.131908567542403 22.131908567542403 22.131908567542403 22.131908567542403 22.131908567542403 22.131908567542403 22.131908567542403 22.131908567542403 22.131908567542403 22.131908567542403 0.0
10.8 22.04041913228127 22.04041913228127 22.04041913228127 22.04041913228127 22.04041913228127 22.04041913228127 22.04041913228127 22.04041913228127 22.04041913228127 22.04041913228127 0.0
10.9 21.948929697020134 21.948929697020134 21.948929697020134 21.948929697020134 21.948929697020134 21.948929697020134 21.948929697020134 21.948929697020134 21.948929697020134 21.948929697020134 0.0
11.0 21.857440261759 21.857440261759 21.857440261759 21.857440261759 21.857440261759 21.857440261759 21.857440261759 21.857440261759 21.857440261759 21.857440261759 0.0
11.1 21.765950826497864 21.765950826497864 21.765950826497864 21.765950826497864 21.765950826497864 21.765950826497864 21.765950826497864 21.765950826497864 21.765950826497864 21.765950826497864 0.0
11.2 21.67446139123673 21.67446139123673 21.67446139123673 21.67446139123673 21.67446139123673 21.67446139123673 21.67446139123673 21.67446139123673 21.67446139123673 21.67446139123673 0.0
11.3 21.582971955975594 21.582971955975594 21.582971955975594 21.582971955975594 21.582971955975594 21.582971955975594 21.582971955975594 21.582971955975594 21.582971955975594 21.582971955975594 0.0
11.4 21.49148252071446 21.49148252071446 21.49148252071446 21.49148252071446 21.49148252071446 21.49148252071446 21.49148252071446 21.49148252071446 21.49148252071446 21.49148252071446 0.0
11.5 21.399993085453325 21.399993085453325 21.399993085453325 21.399993085453325 21.399993085453325 21.399993085453325 21.399993085453325 21.399993085453325 21.399993085453325 21.399993085453325 0.0
11.6 21.30850365019219 21.30850365019219 21.30850365019219 21.30850365019219 21.30850365019219 21.30850365019219 21.30850365019219 21.30850365019219 21.30850365019219 21.30850365019219 0.0
11.7 21.217014214931055 21.217014214931055 21.217014214931055 21.217014214931055 21.217014214931055 21.217014214931055 21.217014214931055 21.217014214931055 21.217014214931055 21.217014214931055 0.0
11.8 21.12552477966992 21.12552477966992 21.12552477966992 21.12552477966992 21.12552477966992 21.12552477966992 21.12552477966992 21.12552477966992 21.12552477966992 21.12552477966992 0.0
11.9 21.034035344408785 21.034035344408785 21.034035344408785 21.034035344408785 21.034035344408785 21.034035344408785 21.034035344408785 21.034035344408785 21.034035344408785 21.034035344408785 0.0
12.0 20.94254590914765 20.94254590914765 20.94254590914765 20.94254590914765 20.94254590914765 20.94254590914765 20.94254590914765 20.94254590914765 20.94254590914765 20.94254590914765 0.0
12.1 20.851056473886516 20.851056473886516 20.851056473886516 20.851056473886516 20.851056473886516 20.851056473886516 20.851056473886516 20.851056473886516 20.851056473886516 20.851056473886516 0.0
12.2 20.75956703862538 20.75956703862538 20.75956703862538 20.75956703862538 20.75956703862538 20.75956703862538 20.75956703862538 20.75956703862538 20.75956703862538 20.75956703862538 0.0
12.3 20.668077603364246 20.668077603364246 20.668077603364246 20.668077603364246 20.668077603364246 20.668077603364246 20.668077603364246 20.668077603364246 20.668077603364246 20.668077603364246 0.0
12.4 20.57658816810311 20.57658816810311 20.57658816810311 20.57658816810311 20.57658816810311 20.57658816810311 20.57658816810311 20.57658816810311 20.57658816810311 20.57658816810311 0.0
12.5 20.485098732841976 20.485098732841976 20.485098732841976 20.485098732841976 20.485098732841976 20.485098732841976 20.485098732841976 20.485098732841976 20.485098732841976 20.485098732841976 0.0
12.6 20.39360929758084 20.39360929758084 20.39360929758084 20.39360929758084 20.39360929758084 20.39360929758084 20.39360929758084 20.39360929758084 20.39360929758084 20.39360929758084 0.0
12.7 20.302119862319707 20.302119862319707 20.302119862319707 20.302119862319707 20.302119862319707 20.302119862319707 20.302119862319707 20.302119862319707 20.302119862319707 20.302119862319707 0.0
12.8 20.21063042705857 20.21063042705857 20.21063042705857 20.21063042705857 20.21063042705857 20.21063042705857 20.21063042705857 20.21063042705857 20.21063042705857 20.21063042705857 0.0
12.9 20.119140991797437 20.119140991797437 20.119140991797437 20.119140991797437 20.119140991797437 20.119140991797437 20.119140991797437 20.119140991797437 20.119140991797437 20.119140991797437 0.0
13.0 20.027651556536302 20.027651556536302 20.027651556536302 20.027651556536302 20.027651556536302 20.027651556536302 20.027651556536302 20.027651556536302 20.027651556536302 20.027651556536302 0.0
13.1 19.936162121275167 19.936162121275167 19.936162121275167 19.936162121275167 19.936162121275167 19.936162121275167 19.936162121275167 19.936162121275167 19.936162121275167 19.936162121275167 0.0
13.2 19.936162121275167 19.844672686014032 19.844672686014032 19.844672686014032 19.844672686014032 19.844672686014032 19.844672686014032 19.844672686014032 19.844672686014032 19.844672686014032 0.0
13.3 19.936162121275167 19.753183250752897 19.753183250752897 19.753183250752897 19.753183250752897 19.753183250752897 19.753183250752897 19.753183250752897 19.753183250752897 19.753183250752897 0.0
13.4 19.936162121275167 19.661693815491763 19.661693815491763 19.661693815491763 19.661693815491763 19.661693815491763 19.661693815491763 19.661693815491763 19.661693815491763 19.661693815491763 0.0
13.5 19.936162121275167 19.570204380230628 19.570204380230628 19.570204380230628 19.570204380230628 19.570204380230628 19.570204380230628 19.570204380230628 19.570204380230628 19.570204380230628 0.0
13.6 19.936162121275167 19.478714944969493 19.478714944969493 19.478714944969493 19.478714944969493 19.478714944969493 19.478714944969493 19.478714944969493 19.478714944969493 19.478714944969493 0.0
13.7 19.936162121275167 19.387225509708358 19.387225509708358 19.387225509708358 19.387225509708358 19.387225509708358 19.387225509708358 19.387225509708358 19.387225509708358 19.387225509708358 0.0
13.8 19.936162121275167 19.295736074447223 19.295736074447223 19.295736074447223 19.295736074447223 19.295736074447223 19.295736074447223 19.295736074447223 19.295736074447223 19.295736074447223 0.0
13.9 19.936162121275167 19.20424663918609 19.20424663918609 19.20424663918609 19.20424663918609 19.20424663918609 19.20424663918609 19.20424663918609 19.20424663918609 19.20424663918609 0.0
14.0 19.936162121275167 19.112757203924954 19.112757203924954 19.112757203924954 19.112757203924954 19.112757203924954 19.112757203924954 19.112757203924954 19.112757203924954 19.112757203924954 0.0
14.1 19.936162121275167 19.02126776866382 19.02126776866382 19.02126776866382 19.02126776866382 19.02126776866382 19.02126776866382 19.02126776866382 19.02126776866382 19.02126776866382 0.0
14.2 19.936162121275167 18.929778333402684 18.929778333402684 18.929778333402684 18.929778333402684 18.929778333402684 18.929778333402684 18.929778333402684 18.929778333402684 18.929778333402684 0.0
14.3 19.936162121275167 18.83828889814155 18.83828889814155 18.83828889814155 18.83828889814155 18.83828889814155 18.83828889814155 18.83828889814155 18.83828889814155 18.83828889814155 0.0
14.4 19.936162121275167 18.746799462880414 18.746799462880414 18.746799462880414 18.746799462880414 18.746799462880414 18.746799462880414 18.746799462880414 18.746799462880414 18.746799462880414 0.0
14.5 19.936162121275167 18.65531002761928 18.65531002761928 18.65531002761928 18.65531002761928 18.65531002761928 18.65531002761928 18.65531002761928 18.65531002761928 18.65531002761928 0.0
14.6 20.53616212127517 18.563820592358145 18.563820592358145 18.563820592358145 18.563820592358145 18.563820592358145 18.563820592358145 18.563820592358145 18.563820592358145 18.563820592358145 0.0
14.7 21.13616212127517 18.47233115709701 18.47233115709701 18.47233115709701 18.47233115709701 18.47233115709701 18.47233115709701 18.47233115709701 18.47233115709701 18.47233115709701 0.0
14.8 21.73616212127517 18.47233115709701 18.380841721835875 18.380841721835875 18.380841721835875 18.380841721835875 18.380841721835875 18.380841721835875 18.380841721835875 18.380841721835875 0.0
14.9 22.336162121275173 18.47233115709701 18.28935228657474 18.28935228657474 18.28935228657474 18.28935228657474 18.28935228657474 18.28935228657474 18.28935228657474 18.28935228657474 0.0
15.0 22.936162121275174 18.47233115709701 18.197862851313605 18.197862851313605 18.197862851313605 18.197862851313605 18.197862851313605 18.197862851313605 18.197862851313605 18.197862851313605 0.0
15.1 23.536162121275176 18.47233115709701 18.10637341605247 18.10637341605247 18.10637341605247 18.10637341605247 18.10637341605247 18.10637341605247 18.10637341605247 18.10637341605247 0.0
15.2 24.136162121275177 18.47233115709701 18.014883980791335 18.014883980791335 18.014883980791335 18.014883980791335 18.014883980791335 18.014883980791335 18.014883980791335 18.014883980791335 0.0
15.3 24.73616212127518 18.47233115709701 17.9233945455302 17.9233945455302 17.9233945455302 17.9233945455302 17.9233945455302 17.9233945455302 17.9233945455302 17.9233945455302 0.0
15.4 25.33616212127518 18.47233115709701 17.831905110269066 17.831905110269066 17.831905110269066 17.831905110269066 17.831905110269066 17.831905110269066 17.831905110269066 17.831905110269066 0.0
15.5 25.93616212127518 18.47233115709701 17.74041567500793 17.74041567500793 17.74041567500793 17.74041567500793 17.74041567500793 17.74041567500793 17.74041567500793 17.74041567500793 0.0
15.6 26.536162121275183 18.47233115709701 17.648926239746796 17.648926239746796 17.648926239746796 17.648926239746796 17.648926239746796 17.648926239746796 17.648926239746796 17.648926239746796 0.0
15.7 27.136162121275184 18.47233115709701 17.55743680448566 17.55743680448566 17.55743680448566 17.55743680448566 17.55743680448566 17.55743680448566 17.55743680448566 17.55743680448566 0.0
15.8 27.736162121275186 18.47233115709701 17.465947369224526 17.465947369224526 17.465947369224526 17.465947369224526 17.465947369224526 17.465947369224526 17.465947369224526 17.465947369224526 0.0
15.9 28.336162121275187 18.47233115709701 17.37445793396339 17.37445793396339 17.37445793396339 17.37445793396339 17.37445793396339 17.37445793396339 17.37445793396339 17.37445793396339 0.0
16.0 28.93616212127519 18.47233115709701 17.282968498702257 17.282968498702257 17.282968498702257 17.282968498702257 17.282968498702257 17.282968498702257 17.282968498702257 17.282968498702257 0.0
16.1 29.53616212127519 18.47233115709701 17.191479063441122 17.191479063441122 17.191479063441122 17.191479063441122 17.191479063441122 17.191479063441122 17.191479063441122 17.191479063441122 0.0
16.2 30.0 19.07233115709701 17.099989628179987 17.099989628179987 17.099989628179987 17.099989628179987 17.099989628179987 17.099989628179987 17.099989628179987 17.099989628179987 0.0
16.3 30.0 19.672331157097013 17.008500192918852 17.008500192918852 17.008500192918852 17.008500192918852 17.008500192918852 17.008500192918852 17.008500192918852 17.008500192918852 0.0
16.4 30.0 20.272331157097014 17.008500192918852 16.917010757657717 16.917010757657717 16.917010757657717 16.917010757657717 16.917010757657717 16.917010757657717 16.917010757657717 0.0
16.5 30.0 20.872331157097015 17.008500192918852 16.825521322396582 16.825521322396582 16.825521322396582 16.825521322396582 16.825521322396582 16.825521322396582 16.825521322396582 0.0
16.6 30.0 21.472331157097017 17.008500192918852 16.734031887135448 16.734031887135448 16.734031887135448 16.734031887135448 16.734031887135448 16.734031887135448 16.734031887135448 0.0
16.7 30.0 22.072331157097018 17.008500192918852 16.642542451874313 16.642542451874313 16.642542451874313 16.642542451874313 16.642542451874313 16.642542451874313 16.642542451874313 0.0
16.8 30.0 22.67233115709702 17.008500192918852 16.551053016613178 16.551053016613178 16.551053016613178 16.551053016613178 16.551053016613178 16.551053016613178 16.551053016613178 0.0
16.9 30.0 23.27233115709702 17.008500192918852 16.459563581352043 16.459563581352043 16.459563581352043 16.459563581352043 16.459563581352043 16.459563581352043 16.459563581352043 0.0
17.0 30.0 23.872331157097022 17.008500192918852 16.36807414609091 16.36807414609091 16.36807414609091 16.36807414609091 16.36807414609091 16.36807414609091 16.36807414609091 0.0
17.1 30.0 24.472331157097024 17.008500192918852 16.276584710829773 16.276584710829773 16.276584710829773 16.276584710829773 16.276584710829773 16.276584710829773 16.276584710829773 0.0
17.2 30.0 25.072331157097025 17.008500192918852 16.18509527556864 16.18509527556864 16.18509527556864 16.18509527556864 16.18509527556864 16.18509527556864 16.18509527556864 0.0
17.3 30.0 25.672331157097027 17.008500192918852 16.093605840307504 16.093605840307504 16.093605840307504 16.093605840307504 16.093605840307504 16.093605840307504 16.093605840307504 0.0
17.4 30.0 26.272331157097028 17.008500192918852 16.00211640504637 16.00211640504637 16.00211640504637 16.00211640504637 16.00211640504637 16.00211640504637 16.00211640504637 0.0
17.5 30.0 26.87233115709703 17.008500192918852 15.910626969785232 15.910626969785232 15.910626969785232 15.910626969785232 15.910626969785232 15.910626969785232 15.910626969785232 0.0
17.6 30.0 27.47233115709703 17.008500192918852 15.819137534524096 15.819137534524096 15.819137534524096 15.819137534524096 15.819137534524096 15.819137534524096 15.819137534524096 0.0
17.7 30.0 28.072331157097032 17.008500192918852 15.727648099262959 15.727648099262959 15.727648099262959 15.727648099262959 15.727648099262959 15.727648099262959 15.727648099262959 0.0
17.8 30.0 28.672331157097034 17.608500192918854 15.636158664001822 15.636158664001822 15.636158664001822 15.636158664001822 15.636158664001822 15.636158664001822 15.636158664001822 0.0
17.9 30.0 29.272331157097035 18.208500192918855 15.544669228740686 15.544669228740686 15.544669228740686 15.544669228740686 15.544669228740686 15.544669228740686 15.544669228740686 0.0
18.0 30.0 29.872331157097037 18.808500192918856 15.544669228740686 15.45317979347955 15.45317979347955 15.45317979347955 15.45317979347955 15.45317979347955 15.45317979347955 0.0
18.1 30.0 30.0 19.408500192918858 15.544669228740686 15.361690358218413 15.361690358218413 15.361690358218413 15.361690358218413 15.361690358218413 15.361690358218413 0.0
18.2 30.0 30.0 20.00850019291886 15.544669228740686 15.270200922957276 15.270200922957276 15.270200922957276 15.270200922957276 15.270200922957276 15.270200922957276 0.0
18.3 30.0 30.0 20.60850019291886 15.544669228740686 15.17871148769614 15.17871148769614 15.17871148769614 15.17871148769614 15.17871148769614 15.17871148769614 0.0
18.4 30.0 30.0 21.208500192918862 15.544669228740686 15.087222052435003 15.087222052435003 15.087222052435003 15.087222052435003 15.087222052435003 15.087222052435003 0.0
18.5 30.0 30.0 21.808500192918864 15.544669228740686 14.995732617173866 14.995732617173866 14.995732617173866 14.995732617173866 14.995732617173866 14.995732617173866 0.0
18.6 30.0 30.0 22.408500192918865 15.544669228740686 14.90424318191273 14.90424318191273 14.90424318191273 14.90424318191273 14.90424318191273 14.90424318191273 0.0
18.7 30.0 30.0 23.008500192918866 15.544669228740686 14.812753746651593 14.812753746651593 14.812753746651593 14.812753746651593 14.812753746651593 14.812753746651593 0.0
18.8 30.0 30.0 23.608500192918868 15.544669228740686 14.721264311390456 14.721264311390456 14.721264311390456 14.721264311390456 14.721264311390456 14.721264311390456 0.0
18.9 30.0 30.0 24.20850019291887 15.544669228740686 14.62977487612932 14.62977487612932 14.62977487612932 14.62977487612932 14.62977487612932 14.62977487612932 0.0
19.0 30.0 30.0 24.80850019291887 15.544669228740686 14.538285440868183 14.538285440868183 14.538285440868183 14.538285440868183 14.538285440868183 14.538285440868183 0.0
19.1 30.0 30.0 25.408500192918872 15.544669228740686 14.446796005607046 14.446796005607046 14.446796005607046 14.446796005607046 14.446796005607046 14.446796005607046 0.0
19.2 30.0 30.0 26.008500192918873 15.544669228740686 14.35530657034591 14.35530657034591 14.35530657034591 14.35530657034591 14.35530657034591 14.35530657034591 0.0
19.3 30.0 30.0 26.608500192918875 15.544669228740686 14.263817135084773 14.263817135084773 14.263817135084773 14.263817135084773 14.263817135084773 14.263817135084773 0.0
19.4 30.0 30.0 27.208500192918876 16.144669228740685 14.172327699823636 14.172327699823636 14.172327699823636 14.172327699823636 14.172327699823636 14.172327699823636 0.0
19.5 30.0 30.0 27.808500192918878 16.744669228740687 14.0808382645625 14.0808382645625 14.0808382645625 14.0808382645625 14.0808382645625 14.0808382645625 0.0
19.6 30.0 30.0 28.40850019291888 17.34466922874069 14.0808382645625 13.989348829301363 13.989348829301363 13.989348829301363 13.989348829301363 13.989348829301363 0.0
19.7 30.0 30.0 29.00850019291888 17.94466922874069 14.0808382645625 13.897859394040227 13.897859394040227 13.897859394040227 13.897859394040227 13.897859394040227 0.0
19.8 30.0 30.0 29.608500192918882 18.54466922874069 14.0808382645625 13.80636995877909 13.80636995877909 13.80636995877909 13.80636995877909 13.80636995877909 0.0
19.9 30.0 30.0 30.0 19.144669228740693 14.0808382645625 13.714880523517953 13.714880523517953 13.714880523517953 13.714880523517953 13.714880523517953 0.0
20.0 30.0 30.0 30.0 19.744669228740694 14.0808382645625 13.623391088256817 13.623391088256817 13.623391088256817 13.623391088256817 13.623391088256817 0.0
20.1 30.0 30.0 30.0 20.344669228740695 14.0808382645625 13.53190165299568 13.53190165299568 13.53190165299568 13.53190165299568 13.53190165299568 0.0
20.2 30.0 30.0 30.0 20.944669228740697 14.0808382645625 13.440412217734544 13.440412217734544 13.440412217734544 13.440412217734544 13.440412217734544 0.0
20.3 30.0 30.0 30.0 21.5446692287407 14.0808382645625 13.348922782473407 13.348922782473407 13.348922782473407 13.348922782473407 13.348922782473407 0.0
20.4 30.0 30.0 30.0 22.1446692287407 14.0808382645625 13.25743334721227 13.25743334721227 13.25743334721227 13.25743334721227 13.25743334721227 0.0
20.5 30.0 30.0 30.0 22.7446692287407 14.0808382645625 13.165943911951134 13.165943911951134 13.165943911951134 13.165943911951134 13.165943911951134 0.0
20.6 30.0 30.0 30.0 23.344669228740702 14.0808382645625 13.074454476689997 13.074454476689997 13.074454476689997 13.074454476689997 13.074454476689997 0.0
20.7 30.0 30.0 30.0 23.944669228740704 14.0808382645625 12.98296504142886 12.98296504142886 12.98296504142886 12.98296504142886 12.98296504142886 0.0
20.8 30.0 30.0 30.0 24.544669228740705 14.0808382645625 12.891475606167724 12.891475606167724 12.891475606167724 12.891475606167724 12.891475606167724 0.0
20.9 30.0 30.0 30.0 25.144669228740707 14.0808382645625 12.799986170906587 12.799986170906587 12.799986170906587 12.799986170906587 12.799986170906587 0.0
21.0 30.0 30.0 30.0 25.744669228740708 14.6808382645625 12.70849673564545 12.70849673564545 12.70849673564545 12.70849673564545 12.70849673564545 0.0
21.1 30.0 30.0 30.0 26.34466922874071 15.2808382645625 12.617007300384314 12.617007300384314 12.617007300384314 12.617007300384314 12.617007300384314 0.0
21.2 30.0 30.0 30.0 26.94466922874071 15.880838264562499 12.617007300384314 12.525517865123177 12.525517865123177 12.525517865123177 12.525517865123177 0.0
21.3 30.0 30.0 30.0 27.544669228740712 16.4808382645625 12.617007300384314 12.43402842986204 12.43402842986204 12.43402842986204 12.43402842986204 0.0
21.4 30.0 30.0 30.0 28.144669228740714 17.0808382645625 12.617007300384314 12.342538994600904 12.342538994600904 12.342538994600904 12.342538994600904 0.0
21.5 30.0 30.0 30.0 28.744669228740715 17.680838264562503 12.617007300384314 12.251049559339767 12.251049559339767 12.251049559339767 12.251049559339767 0.0
21.6 30.0 30.0 30.0 29.344669228740717 18.280838264562504 12.617007300384314 12.15956012407863 12.15956012407863 12.15956012407863 12.15956012407863 0.0
21.7 30.0 30.0 30.0 29.944669228740718 18.880838264562506 12.617007300384314 12.068070688817494 12.068070688817494 12.068070688817494 12.068070688817494 0.0
21.8 30.0 30.0 30.0 30.0 19.480838264562507 12.617007300384314 11.976581253556358 11.976581253556358 11.976581253556358 11.976581253556358 0.0
21.9 30.0 30.0 30.0 30.0 20.08083826456251 12.617007300384314 11.885091818295221 11.885091818295221 11.885091818295221 11.885091818295221 0.0
22.0 30.0 30.0 30.0 30.0 20.68083826456251 12.617007300384314 11.793602383034084 11.793602383034084 11.793602383034084 11.793602383034084 0.0
22.1 30.0 30.0 30.0 30.0 21.28083826456251 12.617007300384314 11.702112947772948 11.702112947772948 11.702112947772948 11.702112947772948 0.0
22.2 30.0 30.0 30.0 30.0 21.880838264562513 12.617007300384314 11.610623512511811 11.610623512511811 11.610623512511811 11.610623512511811 0.0
22.3 30.0 30.0 30.0 30.0 22.480838264562514 12.617007300384314 11.519134077250675 11.519134077250675 11.519134077250675 11.519134077250675 0.0
22.4 30.0 30.0 30.0 30.0 23.080838264562516 12.617007300384314 11.427644641989538 11.427644641989538 11.427644641989538 11.427644641989538 0.0
22.5 30.0 30.0 30.0 30.0 23.680838264562517 12.617007300384314 11.336155206728401 11.336155206728401 11.336155206728401 11.336155206728401 0.0
22.6 30.0 30.0 30.0 30.0 24.28083826456252 13.217007300384314 11.244665771467265 11.244665771467265 11.244665771467265 11.244665771467265 0.0
22.7 30.0 30.0 30.0 30.0 24.88083826456252 13.817007300384313 11.153176336206128 11.153176336206128 11.153176336206128 11.153176336206128 0.0
22.8 30.0 30.0 30.0 30.0 25.48083826456252 14.417007300384313 11.153176336206128 11.061686900944991 11.061686900944991 11.061686900944991 0.0
22.9 30.0 30.0 30.0 30.0 26.080838264562523 15.017007300384313 11.153176336206128 10.970197465683855 10.970197465683855 10.970197465683855 0.0
23.0 30.0 30.0 30.0 30.0 26.680838264562524 15.617007300384312 11.153176336206128 10.878708030422718 10.878708030422718 10.878708030422718 0.0
23.1 30.0 30.0 30.0 30.0 27.280838264562526 16.217007300384314 11.153176336206128 10.787218595161582 10.787218595161582 10.787218595161582 0.0
23.2 30.0 30.0 30.0 30.0 27.880838264562527 16.817007300384315 11.153176336206128 10.695729159900445 10.695729159900445 10.695729159900445 0.0
23.3 30.0 30.0 30.0 30.0 28.48083826456253 17.417007300384316 11.153176336206128 10.604239724639308 10.604239724639308 10.604239724639308 0.0
23.4 30.0 30.0 30.0 30.0 29.08083826456253 18.017007300384318 11.153176336206128 10.512750289378172 10.512750289378172 10.512750289378172 0.0
23.5 30.0 30.0 30.0 30.0 29.68083826456253 18.61700730038432 11.153176336206128 10.421260854117035 10.421260854117035 10.421260854117035 0.0
23.6 30.0 30.0 30.0 30.0 30.0 19.21700730038432 11.153176336206128 10.329771418855898 10.329771418855898 10.329771418855898 0.0
23.7 30.0 30.0 30.0 30.0 30.0 19.817007300384322 11.153176336206128 10.238281983594762 10.238281983594762 10.238281983594762 0.0
23.8 30.0 30.0 30.0 30.0 30.0 20.417007300384324 11.153176336206128 10.146792548333625 10.146792548333625 10.146792548333625 0.0
23.9 30.0 30.0 30.0 30.0 30.0 21.017007300384325 11.153176336206128 10.055303113072489 10.055303113072489 10.055303113072489 0.0
24.0 30.0 30.0 30.0 30.0 30.0 21.617007300384326 11.153176336206128 9.963813677811352 9.963813677811352 9.963813677811352 0.0
24.1 30.0 30.0 30.0 30.0 30.0 22.217007300384328 11.153176336206128 9.872324242550215 9.872324242550215 9.872324242550215 0.0
24.2 30.0 30.0 30.0 30.0 30.0 22.81700730038433 11.753176336206128 9.780834807289079 9.780834807289079 9.780834807289079 0.0
24.3 30.0 30.0 30.0 30.0 30.0 23.41700730038433 12.353176336206127 9.689345372027942 9.689345372027942 9.689345372027942 0.0
24.4 30.0 30.0 30.0 30.0 30.0 24.017007300384332 12.953176336206127 9.689345372027942 9.597855936766805 9.597855936766805 0.0
24.5 30.0 30.0 30.0 30.0 30.0 24.617007300384333 13.553176336206127 9.689345372027942 9.506366501505669 9.506366501505669 0.0
24.6 30.0 30.0 30.0 30.0 30.0 25.217007300384335 14.153176336206126 9.689345372027942 9.414877066244532 9.414877066244532 0.0
24.7 30.0 30.0 30.0 30.0 30.0 25.817007300384336 14.753176336206126 9.689345372027942 9.323387630983396 9.323387630983396 0.0
24.8 30.0 30.0 30.0 30.0 30.0 26.417007300384338 15.353176336206126 9.689345372027942 9.231898195722259 9.231898195722259 0.0
24.9 30.0 30.0 30.0 30.0 30.0 27.01700730038434 15.953176336206125 9.689345372027942 9.140408760461122 9.140408760461122 0.0
25.0 30.0 30.0 30.0 30.0 30.0 27.61700730038434 16.553176336206125 9.689345372027942 9.048919325199986 9.048919325199986 0.0
25.1 30.0 30.0 30.0 30.0 30.0 28.217007300384342 17.153176336206126 9.689345372027942 8.95742988993885 8.95742988993885 0.0
25.2 30.0 30.0 30.0 30.0 30.0 28.817007300384343 17.753176336206128 9.689345372027942 8.865940454677713 8.865940454677713 0.0
25.3 30.0 30.0 30.0 30.0 30.0 29.417007300384345 18.35317633620613 9.689345372027942 8.774451019416576 8.774451019416576 0.0
25.4 30.0 30.0 30.0 30.0 30.0 30.0 18.95317633620613 9.689345372027942 8.68296158415544 8.68296158415544 0.0
25.5 30.0 30.0 30.0 30.0 30.0 30.0 19.553176336206132 9.689345372027942 8.591472148894303 8.591472148894303 0.0
25.6 30.0 30.0 30.0 30.0 30.0 30.0 20.153176336206133 9.689345372027942 8.499982713633166 8.499982713633166 0.0
25.7 30.0 30.0 30.0 30.0 30.0 30.0 20.753176336206135 9.689345372027942 8.40849327837203 8.40849327837203 0.0
25.8 30.0 30.0 30.0 30.0 30.0 30.0 21.353176336206136 10.289345372027942 8.317003843110893 8.317003843110893 0.0
25.9 30.0 30.0 30.0 30.0 30.0 30.0 21.953176336206138 10.889345372027941 8.225514407849756 8.225514407849756 0.0
26.0 30.0 30.0 30.0 30.0 30.0 30.0 22.55317633620614 11.489345372027941 8.225514407849756 8.13402497258862 0.0
26.1 30.0 30.0 30.0 30.0 30.0 30.0 23.15317633620614 12.08934537202794 8.225514407849756 8.042535537327483 0.0
26.2 30.0 30.0 30.0 30.0 30.0 30.0 23.753176336206142 12.68934537202794 8.225514407849756 7.951046102066346 0.0
26.3 30.0 30.0 30.0 30.0 30.0 30.0 24.353176336206143 13.28934537202794 8.225514407849756 7.85955666680521 0.0
26.4 30.0 30.0 30.0 30.0 30.0 30.0 24.953176336206145 13.88934537202794 8.225514407849756 7.768067231544073 0.0
26.5 30.0 30.0 30.0 30.0 30.0 30.0 25.553176336206146 14.48934537202794 8.225514407849756 7.6765777962829365 0.0
26.6 30.0 30.0 30.0 30.0 30.0 30.0 26.153176336206148 15.089345372027939 8.225514407849756 7.5850883610218 0.0
26.7 30.0 30.0 30.0 30.0 30.0 30.0 26.75317633620615 15.689345372027939 8.225514407849756 7.493598925760663 0.0
26.8 30.0 30.0 30.0 30.0 30.0 30.0 27.35317633620615 16.289345372027938 8.225514407849756 7.402109490499527 0.0
26.9 30.0 30.0 30.0 30.0 30.0 30.0 27.953176336206152 16.88934537202794 8.225514407849756 7.31062005523839 0.0
27.0 30.0 30.0 30.0 30.0 30.0 30.0 28.553176336206153 17.48934537202794 8.225514407849756 7.219130619977253 0.0
27.1 30.0 30.0 30.0 30.0 30.0 30.0 29.153176336206155 18.089345372027942 8.225514407849756 7.127641184716117 0.0
27.2 30.0 30.0 30.0 30.0 30.0 30.0 29.753176336206156 18.689345372027944 8.225514407849756 7.03615174945498 0.0
27.3 30.0 30.0 30.0 30.0 30.0 30.0 30.0 19.289345372027945 8.225514407849756 6.9446623141938435 0.0
27.4 30.0 30.0 30.0 30.0 30.0 30.0 30.0 19.889345372027947 8.825514407849756 6.853172878932707 0.0
27.5 30.0 30.0 30.0 30.0 30.0 30.0 30.0 20.489345372027948 9.425514407849755 6.76168344367157 0.0
27.6 30.0 30.0 30.0 30.0 30.0 30.0 30.0 21.08934537202795 10.025514407849755 6.76168344367157 0.0
27.7 30.0 30.0 30.0 30.0 30.0 30.0 30.0 21.68934537202795 10.625514407849755 6.76168344367157 0.0
27.8 30.0 30.0 30.0 30.0 30.0 30.0 30.0 22.289345372027952 11.225514407849754 6.76168344367157 0.0
27.9 30.0 30.0 30.0 30.0 30.0 30.0 30.0 22.889345372027954 11.825514407849754 6.76168344367157 0.0
28.0 30.0 30.0 30.0 30.0 30.0 30.0 30.0 23.489345372027955 12.425514407849754 6.76168344367157 0.0
28.1 30.0 30.0 30.0 30.0 30.0 30.0 30.0 24.089345372027957 13.025514407849753 6.76168344367157 0.0
28.2 30.0 30.0 30.0 30.0 30.0 30.0 30.0 24.689345372027958 13.625514407849753 6.76168344367157 0.0
28.3 30.0 30.0 30.0 30.0 30.0 30.0 30.0 25.28934537202796 14.225514407849753 6.76168344367157 0.0
28.4 30.0 30.0 30.0 30.0 30.0 30.0 30.0 25.88934537202796 14.825514407849752 6.76168344367157 0.0
28.5 30.0 30.0 30.0 30.0 30.0 30.0 30.0 26.489345372027962 15.425514407849752 6.76168344367157 0.0
28.6 30.0 30.0 30.0 30.0 30.0 30.0 30.0 27.089345372027964 16.02551440784975 6.76168344367157 0.0
28.7 30.0 30.0 30.0 30.0 30.0 30.0 30.0 27.689345372027965 16.625514407849753 6.76168344367157 0.0
28.8 30.0 30.0 30.0 30.0 30.0 30.0 30.0 28.289345372027967 17.225514407849754 6.76168344367157 0.0
28.9 30.0 30.0 30.0 30.0 30.0 30.0 30.0 28.889345372027968 17.825514407849756 6.76168344367157 0.0
29.0 30.0 30.0 30.0 30.0 30.0 30.0 30.0 29.48934537202797 18.425514407849757 7.36168344367157 0.0
29.1 30.0 30.0 30.0 30.0 30.0 30.0 30.0 30.0 19.02551440784976 7.9616834436715695 0.0
29.2 30.0 30.0 30.0 30.0 30.0 30.0 30.0 30.0 19.62551440784976 8.56168344367157 0.0
29.3 30.0 30.0 30.0 30.0 30.0 30.0 30.0 30.0 20.22551440784976 9.161683443671569 0.0
29.4 30.0 30.0 30.0 30.0 30.0 30.0 30.0 30.0 20.825514407849763 9.761683443671568 0.0
29.5 30.0 30.0 30.0 30.0 30.0 30.0 30.0 30.0 21.425514407849764 10.361683443671568 0.0
29.6 30.0 30.0 30.0 30.0 30.0 30.0 30.0 30.0 22.025514407849766 10.961683443671568 0.0
29.7 30.0 30.0 30.0 30.0 30.0 30.0 30.0 30.0 22.625514407849767 11.561683443671567 0.0
29.8 30.0 30.0 30.0 30.0 30.0 30.0 30.0 30.0 23.22551440784977 12.161683443671567 0.0
29.9 30.0 30.0 30.0 30.0 30.0 30.0 30.0 30.0 23.82551440784977 12.761683443671567 0.0
30.0 30.0 30.0 30.0 30.0 30.0 30.0 30.0 30.0 24.42551440784977 13.361683443671566 0.0
30.1 30.0 30.0 30.0 30.0 30.0 30.0 30.0 30.0 25.025514407849773 13.961683443671566 0.0
30.2 30.0 30.0 30.0 30.0 30.0 30.0 30.0 30.0 25.625514407849774 14.561683443671566 0.0
30.3 30.0 30.0 30.0 30.0 30.0 30.0 30.0 30.0 26.225514407849776 15.161683443671565 0.0
30.4 30.0 30.0 30.0 30.0 30.0 30.0 30.0 30.0 26.825514407849777 15.761683443671565 0.0
30.5 30.0 30.0 30.0 30.0 30.0 30.0 30.0 30.0 27.42551440784978 16.361683443671566 0.0
30.6 30.0 30.0 30.0 30.0 30.0 30.0 30.0 30.0 28.02551440784978 16.961683443671568 0.0
30.7 30.0 30.0 30.0 30.0 30.0 30.0 30.0 30.0 28.62551440784978 17.56168344367157 0.0
30.8 30.0 30.0 30.0 30.0 30.0 30.0 30.0 30.0 29.225514407849783 18.16168344367157 0.0
30.9 30.0 30.0 30.0 30.0 30.0 30.0 30.0 30.0 29.825514407849784 18.761683443671572 0.0
31.0 30.0 30.0 30.0 30.0 30.0 30.0 30.0 30.0 30.0 19.361683443671573 0.0
31.1 30.0 30.0 30.0 30.0 30.0 30.0 30.0 30.0 30.0 19.961683443671575 0.0
31.2 30.0 30.0 30.0 30.0 30.0 30.0 30.0 30.0 30.0 20.561683443671576 0.0
31.3 30.0 30.0 30.0 30.0 30.0 30.0 30.0 30.0 30.0 21.161683443671578 0.0
31.4 30.0 30.0 30.0 30.0 30.0 30.0 30.0 30.0 30.0 21.76168344367158 0.0
31.5 30.0 30.0 30.0 30.0 30.0 30.0 30.0 30.0 30.0 22.36168344367158 0.0
31.6 30.0 30.0 30.0 30.0 30.0 30.0 30.0 30.0 30.0 22.961683443671582 0.0
31.7 30.0 30.0 30.0 30.0 30.0 30.0 30.0 30.0 30.0 23.561683443671583 0.0
31.8 30.0 30.0 30.0 30.0 30.0 30.0 30.0 30.0 30.0 24.161683443671585 0.0
31.9 30.0 30.0 30.0 30.0 30.0 30.0 30.0 30.0 30.0 24.761683443671586 0.0
32.0 30.0 30.0 30.0 30.0 30.0 30.0 30.0 30.0 30.0 25.361683443671588 0.0
32.1 30.0 30.0 30.0 30.0 30.0 30.0 30.0 30.0 30.0 25.96168344367159 0.0
32.2 30.0 30.0 30.0 30.0 30.0 30.0 30.0 30.0 30.0 26.56168344367159 0.0
32.3 30.0 30.0 30.0 30.0 30.0 30.0 30.0 30.0 30.0 27.161683443671592 0.0
32.4 30.0 30.0 30.0 30.0 30.0 30.0 30.0 30.0 30.0 27.761683443671593 0.0
32.5 30.0 30.0 30.0 30.0 30.0 30.0 30.0 30.0 30.0 28.361683443671595 0.0
32.6 30.0 30.0 30.0 30.0 30.0 30.0 30.0 30.0 30.0 28.961683443671596 0.0
32.7 30.0 30.0 30.0 30.0 30.0 30.0 30.0 30.0 30.0 29.561683443671598 0.0
32.8 30.0 30.0 30.0 30.0 30.0 30.0 30.0 30.0 30.0 30.0 0.0
32.9 30.0 30.0 30.0 30.0 30.0 30.0 30.0 30.0 30.0 30.0 0.0
33.0 30.0 30.0 30.0 30.0 30.0 30.0 30.0 30.0 30.0 30.0 0.0
33.1 30.0 30.0 30.0 30.0 30.0 30.0 30.0 30.0 30.0 30.0 0.0
33.2 30.0 30.0 30.0 30.0 30.0 30.0 30.0 30.0 30.0 30.0 0.0
33.3 30.0 30.0 30.0 30.0 30.0 30.0 30.0 30.0 30.0 30.0 0.0
33.4 30.0 30.0 30.0 30.0 30.0 30.0 30.0 30.0 30.0 30.0 0.0
33.5 30.0 30.0 30.0 30.0 30.0 30.0 30.0 30.0 30.0 30.0 0.0
33.6 30.0 30.0 30.0 30.0 30.0 30.0 30.0 30.0 30.0 30.0 0.0
33.7 30.0 30.0 30.0 30.0 30.0 30.0 30.0 30.0 30.0 30.0 0.0
33.8 30.0 30.0 30.0 30.0 30.0 30.0 30.0 30.0 30.0 30.0 0.0
33.9 30.0 30.0 30.0 30.0 30.0 30.0 30.0 30.0 30.0 30.0 0.0
34.0 30.0 30.0 30.0 30.0 30.0 30.0 30.0 30.0 30.0 30.0 0.0
34.1 30.0 30.0 30.0 30.0 30.0 30.0 30.0 30.0 30.0 30.0 0.0
34.2 30.0 30.0 30.0 30.0 30.0 30.0 30.0 30.0 30.0 30.0 0.0
34.3 30.0 30.0 30.0 30.0 30.0 30.0 30.0 30.0 30.0 30.0 0.0
34.4 30.0 30.0 30.0 30.0 30.0 30.0 30.0 30.0 30.0 30.0 0.0
34.5 30.0 30.0 30.0 30.0 30.0 30.0 30.0 30.0 30.0 30.0 0.0
34.6 30.0 30.0 30.0 30.0 30.0 30.0 30.0 30.0 30.0 30.0 0.0
34.7 30.0 30.0 30.0 30.0 30.0 30.0 30.0 30.0 30.0 30.0 0.0
34.8 30.0 30.0 30.0 30.0 30.0 30.0 30.0 30.0 30.0 30.0 0.0
34.9 30.0 30.0 30.0 30.0 30.0 30.0 30.0 30.0 30.0 30.0 0.0
35.0 30.0 30.0 30.0 30.0 30.0 30.0 30.0 30.0 30.0 30.0 0.0
35.1 30.0 30.0 30.0 30.0 30.0 30.0 30.0 30.0 30.0 30.0 0.0
35.2 30.0 30.0 30.0 30.0 30.0 30.0 30.0 30.0 30.0 30.0 0.0
35.3 30.0 30.0 30.0 30.0 30.0 30.0 30.0 30.0 30.0 30.0 0.0
35.4 30.0 30.0 30.0 30.0 30.0 30.0 30.0 30.0 30.0 30.0 0.0
35.5 30.0 30.0 30.0 30.0 30.0 30.0 30.0 30.0 30.0 30.0 0.0
35.6 30.0 30.0 30.0 30.0 30.0 30.0 30.0 30.0 30.0 30.0 0.0
35.7 30.0 30.0 30.0 30.0 30.0 30.0 30.0 30.0 30.0 30.0 0.0
35.8 30.0 30.0 30.0 30.0 30.0 30.0 30.0 30.0 30.0 30.0 0.0
35.9 30.0 30.0 30.0 30.0 30.0 30.0 30.0 30.0 30.0 30.0 0.0
36.0 30.0 30.0 30.0 30.0 30.0 30.0 30.0 30.0 30.0 30.0 0.0
36.1 30.0 30.0 30.0 30.0 30.0 30.0 30.0 30.0 30.0 30.0 0.0
36.2 30.0 30.0 30.0 30.0 30.0 30.0 30.0 30.0 30.0 30.0 0.0
36.3 30.0 30.0 30.0 30.0 30.0 30.0 30.0 30.0 30.0 30.0 0.0
36.4 30.0 30.0 30.0 30.0 30.0 30.0 30.0 30.0 30.0 30.0 0.0
36.5 30.0 30.0 30.0 30.0 30.0 30.0 30.0 30.0 30.0 30.0 0.0
36.6 30.0 30.0 30.0 30.0 30.0 30.0 30.0 30.0 30.0 30.0 0.0
36.7 30.0 30.0 30.0 30.0 30.0 30.0 30.0 30.0 30.0 30.0 0.0
36.8 30.0 30.0 30.0 30.0 30.0 30.0 30.0 30.0 30.0 30.0 0.0
36.9 30.0 30.0 30.0 30.0 30.0 30.0 30.0 30.0 30.0 30.0 0.0
37.0 30.0 30.0 30.0 30.0 30.0 30.0 30.0 30.0 30.0 30.0 0.0
37.1 30.0 30.0 30.0 30.0 30.0 30.0 30.0 30.0 30.0 30.0 0.0
37.2 30.0 30.0 30.0 30.0 30.0 30.0 30.0 30.0 30.0 30.0 0.0
37.3 30.0 30.0 30.0 30.0 30.0 30.0 30.0 30.0 30.0 30.0 0.0
37.4 30.0 30.0 30.0 30.0 30.0 30.0 30.0 30.0 30.0 30.0 0.0
37.5 30.0 30.0 30.0 30.0 30.0 30.0 30.0 30.0 30.0 30.0 0.0
37.6 30.0 30.0 30.0 30.0 30.0 30.0 30.0 30.0 30.0 30.0 0.0
37.7 30.0 30.0 30.0 30.0 30.0 30.0 30.0 30.0 30.0 30.0 0.0
37.8 30.0 30.0 30.0 30.0 30.0 30.0 30.0 30.0 30.0 30.0 0.0
37.9 30.0 30.0 30.0 30.0 30.0 30.0 30.0 30.0 30.0 30.0 0.0
38.0 30.0 30.0 30.0 30.0 30.0 30.0 30.0 30.0 30.0 30.0 0.0
38.1 30.0 30.0 30.0 30.0 30.0 30.0 30.0 30.0 30.0 30.0 0.0
38.2 30.0 30.0 30.0 30.0 30.0 30.0 30.0 30.0 30.0 30.0 0.0
38.3 30.0 30.0 30.0 30.0 30.0 30.0 30.0 30.0 30.0 30.0 0.0
38.4 30.0 30.0 30.0 30.0 30.0 30.0 30.0 30.0 30.0 30.0 0.0
38.5 30.0 30.0 30.0 30.0 30.0 30.0 30.0 30.0 30.0 30.0 0.0
38.6 30.0 30.0 30.0 30.0 30.0 30.0 30.0 30.0 30.0 30.0 0.0
38.7 30.0 30.0 30.0 30.0 30.0 30.0 30.0 30.0 30.0 30.0 0.0
38.8 30.0 30.0 30.0 30.0 30.0 30.0 30.0 30.0 30.0 30.0 0.0
38.9 30.0 30.0 30.0 30.0 30.0 30.0 30.0 30.0 30.0 30.0 0.0
39.0 30.0 30.0 30.0 30.0 30.0 30.0 30.0 30.0 30.0 30.0 0.0
39.1 30.0 30.0 30.0 30.0 30.0 30.0 30.0 30.0 30.0 30.0 0.0
39.2 30.0 30.0 30.0 30.0 30.0 30.0 30.0 30.0 30.0 30.0 0.0
39.3 30.0 30.0 30.0 30.0 30.0 30.0 30.0 30.0 30.0 30.0 0.0
39.4 30.0 30.0 30.0 30.0 30.0 30.0 30.0 30.0 30.0 30.0 0.0
39.5 30.0 30.0 30.0 30.0 30.0 30.0 30.0 30.0 30.0 30.0 0.0
39.6 30.0 30.0 30.0 30.0 30.0 30.0 30.0 30.0 30.0 30.0 0.0
39.7 30.0 30.0 30.0 30.0 30.0 30.0 30.0 30.0 30.0 30.0 0.0
39.8 30.0 30.0 30.0 30.0 30.0 30.0 30.0 30.0 30.0 30.0 0.0
39.9 30.0 30.0 30.0 30.0 30.0 30.0 30.0 30.0 30.0 30.0 0.0
40.0 30.0 30.0 30.0 30.0 30.0 30.0 30.0 30.0 30.0 30.0 0.0
40.1 30.0 30.0 30.0 30.0 30.0 30.0 30.0 30.0 30.0 30.0 0.0
40.2 30.0 30.0 30.0 30.0 30.0 30.0 30.0 30.0 30.0 30.0 0.0
40.3 30.0 30.0 30.0 30.0 30.0 30.0 30.0 30.0 30.0 30.0 0.0
40.4 30.0 30.0 30.0 30.0 30.0 30.0 30.0 30.0 30.0 30.0 0.0
40.5 30.0 30.0 30.0 30.0 30.0 30.0 30.0 30.0 30.0 30.0 0.0
40.6 30.0 30.0 30.0 30.0 30.0 30.0 30.0 30.0 30.0 30.0 0.0
40.7 30.0 30.0 30.0 30.0 30.0 30.0 30.0 30.0 30.0 30.0 0.0
40.8 30.0 30.0 30.0 30.0 30.0 30.0 30.0 30.0 30.0 30.0 0.0
40.9 30.0 30.0 30.0 30.0 30.0 30.0 30.0 30.0 30.0 30.0 0.0
41.0 30.0 30.0 30.0 30.0 30.0 30.0 30.0 30.0 30.0 30.0 0.0
41.1 30.0 30.0 30.0 30.0 30.0 30.0 30.0 30.0 30.0 30.0 0.0
41.2 30.0 30.0 30.0 30.0 30.0 30.0 30.0 30.0 30.0 30.0 0.0
41.3 30.0 30.0 30.0 30.0 30.0 30.0 30.0 30.0 30.0 30.0 0.0
41.4 30.0 30.0 30.0 30.0 30.0 30.0 30.0 30.0 30.0 30.0 0.0
41.5 30.0 30.0 30.0 30.0 30.0 30.0 30.0 30.0 30.0 30.0 0.0
41.6 30.0 30.0 30.0 30.0 30.0 30.0 30.0 30.0 30.0 30.0 0.0
41.7 30.0 30.0 30.0 30.0 30.0 30.0 30.0 30.0 30.0 30.0 0.0
41.8 30.0 30.0 30.0 30.0 30.0 30.0 30.0 30.0 30.0 30.0 0.0
41.9 30.0 30.0 30.0 30.0 30.0 30.0 30.0 30.0 30.0 30.0 0.0
42.0 30.0 30.0 30.0 30.0 30.0 30.0 30.0 30.0 30.0 30.0 0.0
42.1 30.0 30.0 30.0 30.0 30.0 30.0 30.0 30.0 30.0 30.0 0.0
42.2 30.0 30.0 30.0 30.0 30.0 30.0 30.0 30.0 30.0 30.0 0.0
42.3 30.0 30.0 30.0 30.0 30.0 30.0 30.0 30.0 30.0 30.0 0.0
42.4 30.0 30.0 30.0 30.0 30.0 30.0 30.0 30.0 30.0 30.0 0.0
42.5 30.0 30.0 30.0 30.0 30.0 30.0 30.0 30.0 30.0 30.0 0.0
42.6 30.0 30.0 30.0 30.0 30.0 30.0 30.0 30.0 30.0 30.0 0.0
42.7 30.0 30.0 30.0 30.0 30.0 30.0 30.0 30.0 30.0 30.0 0.0
42.8 30.0 30.0 30.0 30.0 30.0 30.0 30.0 30.0 30.0 30.0 0.0
42.9 30.0 30.0 30.0 30.0 30.0 30.0 30.0 30.0 30.0 30.0 0.0
43.0 30.0 30.0 30.0 30.0 30.0 30.0 30.0 30.0 30.0 30.0 0.0
43.1 30.0 30.0 30.0 30.0 30.0 30.0 30.0 30.0 30.0 30.0 0.0
43.2 30.0 30.0 30.0 30.0 30.0 30.0 30.0 30.0 30.0 30.0 0.0
43.3 30.0 30.0 30.0 30.0 30.0 30.0 30.0 30.0 30.0 30.0 0.0
43.4 30.0 30.0 30.0 30.0 30.0 30.0 30.0 30.0 30.0 30.0 0.0
43.5 30.0 30.0 30.0 30.0 30.0 30.0 30.0 30.0 30.0 30.0 0.0
43.6 30.0 30.0 30.0 30.0 30.0 30.0 30.0 30.0 30.0 30.0 0.0
43.7 30.0 30.0 30.0 30.0 30.0 30.0 30.0 30.0 30.0 30.0 0.0
43.8 30.0 30.0 30.0 30.0 30.0 30.0 30.0 30.0 30.0 30.0 0.0
43.9 30.0 30.0 30.0 30.0 30.0 30.0 30.0 30.0 30.0 30.0 0.0
44.0 30.0 30.0 30.0 30.0 30.0 30.0 30.0 30.0 30.0 30.0 0.0
44.1 30.0 30.0 30.0 30.0 30.0 30.0 30.0 30.0 30.0 30.0 0.0
44.2 30.0 30.0 30.0 30.0 30.0 30.0 30.0 30.0 30.0 30.0 0.0
44.3 30.0 30.0 30.0 30.0 30.0 30.0 30.0 30.0 30.0 30.0 0.0
44.4 30.0 30.0 30.0 30.0 30.0 30.0 30.0 30.0 30.0 30.0 0.0
44.5 30.0 30.0 30.0 30.0 30.0 30.0 30.0 30.0 30.0 30.0 0.0
44.6 30.0 30.0 30.0 30.0 30.0 30.0 30.0 30.0 30.0 30.0 0.0
44.7 30.0 30.0 30.0 30.0 30.0 30.0 30.0 30.0 30.0 30.0 0.0
44.8 30.0 30.0 30.0 30.0 30.0 30.0 30.0 30.0 30.0 30.0 0.0
44.9 30.0 30.0 30.0 30.0 30.0 30.0 30.0 30.0 30.0 30.0 0.0
45.0 30.0 30.0 30.0 30.0 30.0 30.0 30.0 30.0 30.0 30.0 0.0
45.1 30.0 30.0 30.0 30.0 30.0 30.0 30.0 30.0 30.0 30.0 0.0
45.2 30.0 30.0 30.0 30.0 30.0 30.0 30.0 30.0 30.0 30.0 0.0
45.3 30.0 30.0 30.0 30.0 30.0 30.0 30.0 30.0 30.0 30.0 0.0
45.4 30.0 30.0 30.0 30.0 30.0 30.0 30.0 30.0 30.0 30.0 0.0
45.5 30.0 30.0 30.0 30.0 30.0 30.0 30.0 30.0 30.0 30.0 0.0
45.6 30.0 30.0 30.0 30.0 30.0 30.0 30.0 30.0 30.0 30.0 0.0
45.7 30.0 30.0 30.0 30.0 30.0 30.0 30.0 30.0 30.0 30.0 0.0
45.8 30.0 30.0 30.0 30.0 30.0 30.0 30.0 30.0 30.0 30.0 0.0
45.9 30.0 30.0 30.0 30.0 30.0 30.0 30.0 30.0 30.0 30.0 0.0
46.0 30.0 30.0 30.0 30.0 30.0 30.0 30.0 30.0 30.0 30.0 0.0
46.1 30.0 30.0 30.0 30.0 30.0 30.0 30.0 30.0 30.0 30.0 0.0
46.2 30.0 30.0 30.0 30.0 30.0 30.0 30.0 30.0 30.0 30.0 0.0
46.3 30.0 30.0 30.0 30.0 30.0 30.0 30.0 30.0 30.0 30.0 0.0
46.4 30.0 30.0 30.0 30.0 30.0 30.0 30.0 30.0 30.0 30.0 0.0
46.5 30.0 30.0 30.0 30.0 30.0 30.0 30.0 30.0 30.0 30.0 0.0
46.6 30.0 30.0 30.0 30.0 30.0 30.0 30.0 30.0 30.0 30.0 0.0
46.7 30.0 30.0 30.0 30.0 30.0 30.0 30.0 30.0 30.0 30.0 0.0
46.8 30.0 30.0 30.0 30.0 30.0 30.0 30.0 30.0 30.0 30.0 0.0
46.9 30.0 30.0 30.0 30.0 30.0 30.0 30.0 30.0 30.0 30.0 0.0
47.0 30.0 30.0 30.0 30.0 30.0 30.0 30.0 30.0 30.0 30.0 0.0
47.1 30.0 30.0 30.0 30.0 30.0 30.0 30.0 30.0 30.0 30.0 0.0
47.2 30.0 30.0 30.0 30.0 30.0 30.0 30.0 30.0 30.0 30.0 0.0
47.3 30.0 30.0 30.0 30.0 30.0 30.0 30.0 30.0 30.0 30.0 0.0
47.4 30.0 30.0 30.0 30.0 30.0 30.0 30.0 30.0 30.0 30.0 0.0
47.5 30.0 30.0 30.0 30.0 30.0 30.0 30.0 30.0 30.0 30.0 0.0
47.6 30.0 30.0 30.0 30.0 30.0 30.0 30.0 30.0 30.0 30.0 0.0
47.7 30.0 30.0 30.0 30.0 30.0 30.0 30.0 30.0 30.0 30.0 0.0
47.8 30.0 30.0 30.0 30.0 30.0 30.0 30.0 30.0 30.0 30.0 0.0
47.9 30.0 30.0 30.0 30.0 30.0 30.0 30.0 30.0 30.0 30.0 0.0
48.0 30.0 30.0 30.0 30.0 30.0 30.0 30.0 30.0 30.0 30.0 0.0
48.1 30.0 30.0 30.0 30.0 30.0 30.0 30.0 30.0 30.0 30.0 0.0
48.2 30.0 30.0 30.0 30.0 30.0 30.0 30.0 30.0 30.0 30.0 0.0
48.3 30.0 30.0 30.0 30.0 30.0 30.0 30.0 30.0 30.0 30.0 0.0
48.4 30.0 30.0 30.0 30.0 30.0 30.0 30.0 30.0 30.0 30.0 0.0
48.5 30.0 30.0 30.0 30.0 30.0 30.0 30.0 30.0 30.0 30.0 0.0
48.6 30.0 30.0 30.0 30.0 30.0 30.0 30.0 30.0 30.0 30.0 0.0
48.7 30.0 30.0 30.0 30.0 30.0 30.0 30.0 30.0 30.0 30.0 0.0
48.8 30.0 30.0 30.0 30.0 30.0 30.0 30.0 30.0 30.0 30.0 0.0
48.9 30.0 30.0 30.0 30.0 30.0 30.0 30.0 30.0 30.0 30.0 0.0
49.0 30.0 30.0 30.0 30.0 30.0 30.0 30.0 30.0 30.0 30.0 0.0
49.1 30.0 30.0 30.0 30.0 30.0 30.0 30.0 30.0 30.0 30.0 0.0
49.2 30.0 30.0 30.0 30.0 30.0 30.0 30.0 30.0 30.0 30.0 0.0
49.3 30.0 30.0 30.0 30.0 30.0 30.0 30.0 30.0 30.0 30.0 0.0
49.4 30.0 30.0 30.0 30.0 30.0 30.0 30.0 30.0 30.0 30.0 0.0
49.5 30.0 30.0 30.0 30.0 30.0 30.0 30.0 30.0 30.0 30.0 0.0
49.6 30.0 30.0 30.0 30.0 30.0 30.0 30.0 30.0 30.0 30.0 0.0
49.7 30.0 30.0 30.0 30.0 30.0 30.0 30.0 30.0 30.0 30.0 0.0
49.8 30.0 30.0 30.0 30.0 30.0 30.0 30.0 30.0 30.0 30.0 0.0
49.9 30.0 30.0 30.0 30.0 30.0 30.0 30.0 30.0 30.0 30.0 0.0
50.0 30.0 30.0 30.0 30.0 30.0 30.0 30.0 30.0 30.0 30.0 0.0
50.1 30.0 30.0 30.0 30.0 30.0 30.0 30.0 30.0 30.0 30.0 0.0
50.2 30.0 30.0 30.0 30.0 30.0 30.0 30.0 30.0 30.0 30.0 0.0
50.3 30.0 30.0 30.0 30.0 30.0 30.0 30.0 30.0 30.0 30.0 0.0
50.4 30.0 30.0 30.0 30.0 30.0 30.0 30.0 30.0 30.0 30.0 0.0
50.5 30.0 30.0 30.0 30.0 30.0 30.0 30.0 30.0 30.0 30.0 0.0
50.6 30.0 30.0 30.0 30.0 30.0 30.0 30.0 30.0 30.0 30.0 0.0
50.7 30.0 30.0 30.0 30.0 30.0 30.0 30.0 30.0 30.0 30.0 0.0
50.8 30.0 30.0 30.0 30.0 30.0 30.0 30.0 30.0 30.0 30.0 0.0
50.9 30.0 30.0 30.0 30.0 30.0 30.0 30.0 30.0 30.0 30.0 0.0
51.0 30.0 30.0 30.0 30.0 30.0 30.0 30.0 30.0 30.0 30.0 0.0
51.1 30.0 30.0 30.0 30.0 30.0 30.0 30.0 30.0 30.0 30.0 0.0
51.2 30.0 30.0 30.0 30.0 30.0 30.0 30.0 30.0 30.0 30.0 0.0
51.3 30.0 30.0 30.0 30.0 30.0 30.0 30.0 30.0 30.0 30.0 0.0
51.4 30.0 30.0 30.0 30.0 30.0 30.0 30.0 30.0 30.0 30.0 0.0
51.5 30.0 30.0 30.0 30.0 30.0 30.0 30.0 30.0 30.0 30.0 0.0
51.6 30.0 30.0 30.0 30.0 30.0 30.0 30.0 30.0 30.0 30.0 0.0
51.7 30.0 30.0 30.0 30.0 30.0 30.0 30.0 30.0 30.0 30.0 0.0
51.8 30.0 30.0 30.0 30.0 30.0 30.0 30.0 30.0 30.0 30.0 0.0
51.9 30.0 30.0 30.0 30.0 30.0 30.0 30.0 30.0 30.0 30.0 0.0
52.0 30.0 30.0 30.0 30.0 30.0 30.0 30.0 30.0 30.0 30.0 0.0
52.1 30.0 30.0 30.0 30.0 30.0 30.0 30.0 30.0 30.0 30.0 0.0
52.2 30.0 30.0 30.0 30.0 30.0 30.0 30.0 30.0 30.0 30.0 0.0
52.3 30.0 30.0 30.0 30.0 30.0 30.0 30.0 30.0 30.0 30.0 0.0
52.4 30.0 30.0 30.0 30.0 30.0 30.0 30.0 30.0 30.0 30.0 0.0
52.5 30.0 30.0 30.0 30.0 30.0 30.0 30.0 30.0 30.0 30.0 0.0
52.6 30.0 30.0 30.0 30.0 30.0 30.0 30.0 30.0 30.0 30.0 0.0
52.7 30.0 30.0 30.0 30.0 30.0 30.0 30.0 30.0 30.0 30.0 0.0
52.8 30.0 30.0 30.0 30.0 30.0 30.0 30.0 30.0 30.0 30.0 0.0
52.9 30.0 30.0 30.0 30.0 30.0 30.0 30.0 30.0 30.0 30.0 0.0
53.0 30.0 30.0 30.0 30.0 30.0 30.0 30.0 30.0 30.0 30.0 0.0
53.1 30.0 30.0 30.0 30.0 30.0 30.0 30.0 30.0 30.0 30.0 0.0
53.2 30.0 30.0 30.0 30.0 30.0 30.0 30.0 30.0 30.0 30.0 0.0
53.3 30.0 30.0 30.0 30.0 30.0 30.0 30.0 30.0 30.0 30.0 0.0
53.4 30.0 30.0 30.0 30.0 30.0 30.0 30.0 30.0 30.0 30.0 0.0
53.5 30.0 30.0 30.0 30.0 30.0 30.0 30.0 30.0 30.0 30.0 0.0
53.6 30.0 30.0 30.0 30.0 30.0 30.0 30.0 30.0 30.0 30.0 0.0
53.7 30.0 30.0 30.0 30.0 30.0 30.0 30.0 30.0 30.0 30.0 0.0
53.8 30.0 30.0 30.0 30.0 30.0 30.0 30.0 30.0 30.0 30.0 0.0
53.9 30.0 30.0 30.0 30.0 30.0 30.0 30.0 30.0 30.0 30.0 0.0
54.0 30.0 30.0 30.0 30.0 30.0 30.0 30.0 30.0 30.0 30.0 0.0
54.1 30.0 30.0 30.0 30.0 30.0 30.0 30.0 30.0 30.0 30.0 0.0
54.2 30.0 30.0 30.0 30.0 30.0 30.0 30.0 30.0 30.0 30.0 0.0
54.3 30.0 30.0 30.0 30.0 30.0 30.0 30.0 30.0 30.0 30.0 0.0
54.4 30.0 30.0 30.0 30.0 30.0 30.0 30.0 30.0 30.0 30.0 0.0
54.5 30.0 30.0 30.0 30.0 30.0 30.0 30.0 30.0 30.0 30.0 0.0
54.6 30.0 30.0 30.0 30.0 30.0 30.0 30.0 30.0 30.0 30.0 0.0
54.7 30.0 30.0 30.0 30.0 30.0 30.0 30.0 30.0 30.0 30.0 0.0
54.8 30.0 30.0 30.0 30.0 30.0 30.0 30.0 30.0 30.0 30.0 0.0
54.9 30.0 30.0 30.0 30.0 30.0 30.0 30.0 30.0 30.0 30.0 0.0
55.0 30.0 30.0 30.0 30.0 30.0 30.0 30.0 30.0 30.0 30.0 0.0
55.1 30.0 30.0 30.0 30.0 30.0 30.0 30.0 30.0 30.0 30.0 0.0
55.2 30.0 30.0 30.0 30.0 30.0 30.0 30.0 30.0 30.0 30.0 0.0
55.3 30.0 30.0 30.0 30.0 30.0 30.0 30.0 30.0 30.0 30.0 0.0
55.4 30.0 30.0 30.0 30.0 30.0 30.0 30.0 30.0 30.0 30.0 0.0
55.5 30.0 30.0 30.0 30.0 30.0 30.0 30.0 30.0 30.0 30.0 0.0
55.6 30.0 30.0 30.0 30.0 30.0 30.0 30.0 30.0 30.0 30.0 0.0
55.7 30.0 30.0 30.0 30.0 30.0 30.0 30.0 30.0 30.0 30.0 0.0
55.8 30.0 30.0 30.0 30.0 30.0 30.0 30.0 30.0 30.0 30.0 0.0
55.9 30.0 30.0 30.0 30.0 30.0 30.0 30.0 30.0 30.0 30.0 0.0
56.0 30.0 30.0 30.0 30.0 30.0 30.0 30.0 30.0 30.0 30.0 0.0
56.1 30.0 30.0 30.0 30.0 30.0 30.0 30.0 30.0 30.0 30.0 0.0
56.2 30.0 30.0 30.0 30.0 30.0 30.0 30.0 30.0 30.0 30.0 0.0
56.3 30.0 30.0 30.0 30.0 30.0 30.0 30.0 30.0 30.0 30.0 0.0
56.4 30.0 30.0 30.0 30.0 30.0 30.0 30.0 30.0 30.0 30.0 0.0
56.5 30.0 30.0 30.0 30.0 30.0 30.0 30.0 30.0 30.0 30.0 0.0
56.6 30.0 30.0 30.0 30.0 30.0 30.0 30.0 30.0 30.0 30.0 0.0
56.7 30.0 30.0 30.0 30.0 30.0 30.0 30.0 30.0 30.0 30.0 0.0
56.8 30.0 30.0 30.0 30.0 30.0 30.0 30.0 30.0 30.0 30.0 0.0
56.9 30.0 30.0 30.0 30.0 30.0 30.0 30.0 30.0 30.0 30.0 0.0
57.0 30.0 30.0 30.0 30.0 30.0 30.0 30.0 30.0 30.0 30.0 0.0
57.1 30.0 30.0 30.0 30.0 30.0 30.0 30.0 30.0 30.0 30.0 0.0
57.2 30.0 30.0 30.0 30.0 30.0 30.0 30.0 30.0 30.0 30.0 0.0
57.3 30.0 30.0 30.0 30.0 30.0 30.0 30.0 30.0 30.0 30.0 0.0
57.4 30.0 30.0 30.0 30.0 30.0 30.0 30.0 30.0 30.0 30.0 0.0
57.5 30.0 30.0 30.0 30.0 30.0 30.0 30.0 30.0 30.0 30.0 0.0
57.6 30.0 30.0 30.0 30.0 30.0 30.0 30.0 30.0 30.0 30.0 0.0
57.7 30.0 30.0 30.0 30.0 30.0 30.0 30.0 30.0 30.0 30.0 0.0
57.8 30.0 30.0 30.0 30.0 30.0 30.0 30.0 30.0 30.0 30.0 0.0
57.9 30.0 30.0 30.0 30.0 30.0 30.0 30.0 30.0 30.0 30.0 0.0
58.0 30.0 30.0 30.0 30.0 30.0 30.0 30.0 30.0 30.0 30.0 0.0
58.1 30.0 30.0 30.0 30.0 30.0 30.0 30.0 30.0 30.0 30.0 0.0
58.2 30.0 30.0 30.0 30.0 30.0 30.0 30.0 30.0 30.0 30.0 0.0
58.3 30.0 30.0 30.0 30.0 30.0 30.0 30.0 30.0 30.0 30.0 0.0
58.4 30.0 30.0 30.0 30.0 30.0 30.0 30.0 30.0 30.0 30.0 0.0
58.5 30.0 30.0 30.0 30.0 30.0 30.0 30.0 30.0 30.0 30.0 0.0
58.6 30.0 30.0 30.0 30.0 30.0 30.0 30.0 30.0 30.0 30.0 0.0
58.7 30.0 30.0 30.0 30.0 30.0 30.0 30.0 30.0 30.0 30.0 0.0
58.8 30.0 30.0 30.0 30.0 30.0 30.0 30.0 30.0 30.0 30.0 0.0
58.9 30.0 30.0 30.0 30.0 30.0 30.0 30.0 30.0 30.0 30.0 0.0
59.0 30.0 30.0 30.0 30.0 30.0 30.0 30.0 30.0 30.0 30.0 0.0
59.1 30.0 30.0 30.0 30.0 30.0 30.0 30.0 30.0 30.0 30.0 0.0
59.2 30.0 30.0 30.0 30.0 30.0 30.0 30.0 30.0 30.0 30.0 0.0
59.3 30.0 30.0 30.0 30.0 30.0 30.0 30.0 30.0 30.0 30.0 0.0
59.4 30.0 30.0 30.0 30.0 30.0 30.0 30.0 30.0 30.0 30.0 0.0
59.5 30.0 30.0 30.0 30.0 30.0 30.0 30.0 30.0 30.0 30.0 0.0
59.6 30.0 30.0 30.0 30.0 30.0 30.0 30.0 30.0 30.0 30.0 0.0
59.7 30.0 30.0 30.0 30.0 30.0 30.0 30.0 30.0 30.0 30.0 0.0
59.8 30.0 30.0 30.0 30.0 30.0 30.0 30.0 30.0 30.0 30.0 0.0
59.9 30.0 30.0 30.0 30.0 30.0 30.0 30.0 30.0 30.0 30.0 0.0
60.0 30.0 30.0 30.0 30.0 30.0 30.0 30.0 30.0 30.0 30.0 0.0
60.1 30.0 30.0 30.0 30.0 30.0 30.0 30.0 30.0 30.0 30.0 0.0
60.2 30.0 30.0 30.0 30.0 30.0 30.0 30.0 30.0 30.0 30.0 0.0
60.3 30.0 30.0 30.0 30.0 30.0 30.0 30.0 30.0 30.0 30.0 0.0
60.4 30.0 30.0 30.0 30.0 30.0 30.0 30.0 30.0 30.0 30.0 0.0
60.5 30.0 30.0 30.0 30.0 30.0 30.0 30.0 30.0 30.0 30.0 0.0
60.6 30.0 30.0 30.0 30.0 30.0 30.0 30.0 30.0 30.0 30.0 0.0
60.7 30.0 30.0 30.0 30.0 30.0 30.0 30.0 30.0 30.0 30.0 0.0
60.8 30.0 30.0 30.0 30.0 30.0 30.0 30.0 30.0 30.0 30.0 0.0
60.9 30.0 30.0 30.0 30.0 30.0 30.0 30.0 30.0 30.0 30.0 0.0
61.0 30.0 30.0 30.0 30.0 30.0 30.0 30.0 30.0 30.0 30.0 0.0
61.1 30.0 30.0 30.0 30.0 30.0 30.0 30.0 30.0 30.0 30.0 0.0
61.2 30.0 30.0 30.0 30.0 30.0 30.0 30.0 30.0 30.0 30.0 0.0
61.3 30.0 30.0 30.0 30.0 30.0 30.0 30.0 30.0 30.0 30.0 0.0
61.4 30.0 30.0 30.0 30.0 30.0 30.0 30.0 30.0 30.0 30.0 0.0
61.5 30.0 30.0 30.0 30.0 30.0 30.0 30.0 30.0 30.0 30.0 0.0
61.6 30.0 30.0 30.0 30.0 30.0 30.0 30.0 30.0 30.0 30.0 0.0
61.7 30.0 30.0 30.0 30.0 30.0 30.0 30.0 30.0 30.0 30.0 0.0
61.8 30.0 30.0 30.0 30.0 30.0 30.0 30.0 30.0 30.0 30.0 0.0
61.9 30.0 30.0 30.0 30.0 30.0 30.0 30.0 30.0 30.0 30.0 0.0
62.0 30.0 30.0 30.0 30.0 30.0 30.0 30.0 30.0 30.0 30.0 0.0
62.1 30.0 30.0 30.0 30.0 30.0 30.0 30.0 30.0 30.0 30.0 0.0
62.2 30.0 30.0 30.0 30.0 30.0 30.0 30.0 30.0 30.0 30.0 0.0
62.3 30.0 30.0 30.0 30.0 30.0 30.0 30.0 30.0 30.0 30.0 0.0
62.4 30.0 30.0 30.0 30.0 30.0 30.0 30.0 30.0 30.0 30.0 0.0
62.5 30.0 30.0 30.0 30.0 30.0 30.0 30.0 30.0 30.0 30.0 0.0
62.6 30.0 30.0 30.0 30.0 30.0 30.0 30.0 30.0 30.0 30.0 0.0
62.7 30.0 30.0 30.0 30.0 30.0 30.0 30.0 30.0 30.0 30.0 0.0
62.8 30.0 30.0 30.0 30.0 30.0 30.0 30.0 30.0 30.0 30.0 0.0
62.9 30.0 30.0 30.0 30.0 30.0 30.0 30.0 30.0 30.0 30.0 0.0
63.0 30.0 30.0 30.0 30.0 30.0 30.0 30.0 30.0 30.0 30.0 0.0
63.1 30.0 30.0 30.0 30.0 30.0 30.0 30.0 30.0 30.0 30.0 0.0
63.2 30.0 30.0 30.0 30.0 30.0 30.0 30.0 30.0 30.0 30.0 0.0
63.3 30.0 30.0 30.0 30.0 30.0 30.0 30.0 30.0 30.0 30.0 0.0
63.4 30.0 30.0 30.0 30.0 30.0 30.0 30.0 30.0 30.0 30.0 0.0
63.5 30.0 30.0 30.0 30.0 30.0 30.0 30.0 30.0 30.0 30.0 0.0
63.6 30.0 30.0 30.0 30.0 30.0 30.0 30.0 30.0 30.0 30.0 0.0
63.7 30.0 30.0 30.0 30.0 30.0 30.0 30.0 30.0 30.0 30.0 0.0
63.8 30.0 30.0 30.0 30.0 30.0 30.0 30.0 30.0 30.0 30.0 0.0
63.9 30.0 30.0 30.0 30.0 30.0 30.0 30.0 30.0 30.0 30.0 0.0
64.0 30.0 30.0 30.0 30.0 30.0 30.0 30.0 30.0 30.0 30.0 0.0
64.1 30.0 30.0 30.0 30.0 30.0 30.0 30.0 30.0 30.0 30.0 0.0
64.2 30.0 30.0 30.0 30.0 30.0 30.0 30.0 30.0 30.0 30.0 0.0
64.3 30.0 30.0 30.0 30.0 30.0 30.0 30.0 30.0 30.0 30.0 0.0
64.4 30.0 30.0 30.0 30.0 30.0 30.0 30.0 30.0 30.0 30.0 0.0
64.5 30.0 30.0 30.0 30.0 30.0 30.0 30.0 30.0 30.0 30.0 0.0
64.6 30.0 30.0 30.0 30.0 30.0 30.0 30.0 30.0 30.0 30.0 0.0
64.7 30.0 30.0 30.0 30.0 30.0 30.0 30.0 30.0 30.0 30.0 0.0
64.8 30.0 30.0 30.0 30.0 30.0 30.0 30.0 30.0 30.0 30.0 0.0
64.9 30.0 30.0 30.0 30.0 30.0 30.0 30.0 30.0 30.0 30.0 0.0
65.0 30.0 30.0 30.0 30.0 30.0 30.0 30.0 30.0 30.0 30.0 0.0
65.1 30.0 30.0 30.0 30.0 30.0 30.0 30.0 30.0 30.0 30.0 0.0
65.2 30.0 30.0 30.0 30.0 30.0 30.0 30.0 30.0 30.0 30.0 0.0
65.3 30.0 30.0 30.0 30.0 30.0 30.0 30.0 30.0 30.0 30.0 0.0
65.4 30.0 30.0 30.0 30.0 30.0 30.0 30.0 30.0 30.0 30.0 0.0
65.5 30.0 30.0 30.0 30.0 30.0 30.0 30.0 30.0 30.0 30.0 0.0
65.6 30.0 30.0 30.0 30.0 30.0 30.0 30.0 30.0 30.0 30.0 0.0
65.7 30.0 30.0 30.0 30.0 30.0 30.0 30.0 30.0 30.0 30.0 0.0
65.8 30.0 30.0 30.0 30.0 30.0 30.0 30.0 30.0 30.0 30.0 0.0
65.9 30.0 30.0 30.0 30.0 30.0 30.0 30.0 30.0 30.0 30.0 0.0
66.0 30.0 30.0 30.0 30.0 30.0 30.0 30.0 30.0 30.0 30.0 0.0
66.1 30.0 30.0 30.0 30.0 30.0 30.0 30.0 30.0 30.0 30.0 0.0
66.2 30.0 30.0 30.0 30.0 30.0 30.0 30.0 30.0 30.0 30.0 0.0
66.3 30.0 30.0 30.0 30.0 30.0 30.0 30.0 30.0 30.0 30.0 0.0
66.4 30.0 30.0 30.0 30.0 30.0 30.0 30.0 30.0 30.0 30.0 0.0
66.5 30.0 30.0 30.0 30.0 30.0 30.0 30.0 30.0 30.0 30.0 0.0
66.6 30.0 30.0 30.0 30.0 30.0 30.0 30.0 30.0 30.0 30.0 0.0
66.7 30.0 30.0 30.0 30.0 30.0 30.0 30.0 30.0 30.0 30.0 0.0
66.8 30.0 30.0 30.0 30.0 30.0 30.0 30.0 30.0 30.0 30.0 0.0
66.9 30.0 30.0 30.0 30.0 30.0 30.0 30.0 30.0 30.0 30.0 0.0
67.0 30.0 30.0 30.0 30.0 30.0 30.0 30.0 30.0 30.0 30.0 0.0
67.1 30.0 30.0 30.0 30.0 30.0 30.0 30.0 30.0 30.0 30.0 0.0
67.2 30.0 30.0 30.0 30.0 30.0 30.0 30.0 30.0 30.0 30.0 0.0
67.3 30.0 30.0 30.0 30.0 30.0 30.0 30.0 30.0 30.0 30.0 0.0
67.4 30.0 30.0 30.0 30.0 30.0 30.0 30.0 30.0 30.0 30.0 0.0
67.5 30.0 30.0 30.0 30.0 30.0 30.0 30.0 30.0 30.0 30.0 0.0
67.6 30.0 30.0 30.0 30.0 30.0 30.0 30.0 30.0 30.0 30.0 0.0
67.7 30.0 30.0 30.0 30.0 30.0 30.0 30.0 30.0 30.0 30.0 0.0
67.8 30.0 30.0 30.0 30.0 30.0 30.0 30.0 30.0 30.0 30.0 0.0
67.9 30.0 30.0 30.0 30.0 30.0 30.0 30.0 30.0 30.0 30.0 0.0
68.0 30.0 30.0 30.0 30.0 30.0 30.0 30.0 30.0 30.0 30.0 0.0
68.1 30.0 30.0 30.0 30.0 30.0 30.0 30.0 30.0 30.0 30.0 0.0
68.2 30.0 30.0 30.0 30.0 30.0 30.0 30.0 30.0 30.0 30.0 0.0
68.3 30.0 30.0 30.0 30.0 30.0 30.0 30.0 30.0 30.0 30.0 0.0
68.4 30.0 30.0 30.0 30.0 30.0 30.0 30.0 30.0 30.0 30.0 0.0
68.5 30.0 30.0 30.0 30.0 30.0 30.0 30.0 30.0 30.0 30.0 0.0
68.6 30.0 30.0 30.0 30.0 30.0 30.0 30.0 30.0 30.0 30.0 0.0
68.7 30.0 30.0 30.0 30.0 30.0 30.0 30.0 30.0 30.0 30.0 0.0
68.8 30.0 30.0 30.0 30.0 30.0 30.0 30.0 30.0 30.0 30.0 0.0
68.9 30.0 30.0 30.0 30.0 30.0 30.0 30.0 30.0 30.0 30.0 0.0
69.0 30.0 30.0 30.0 30.0 30.0 30.0 30.0 30.0 30.0 30.0 0.0
69.1 30.0 30.0 30.0 30.0 30.0 30.0 30.0 30.0 30.0 30.0 0.0
69.2 30.0 30.0 30.0 30.0 30.0 30.0 30.0 30.0 30.0 30.0 0.0
69.3 30.0 30.0 30.0 30.0 30.0 30.0 30.0 30.0 30.0 30.0 0.0
69.4 30.0 30.0 30.0 30.0 30.0 30.0 30.0 30.0 30.0 30.0 0.0
69.5 30.0 30.0 30.0 30.0 30.0 30.0 30.0 30.0 30.0 30.0 0.0
69.6 30.0 30.0 30.0 30.0 30.0 30.0 30.0 30.0 30.0 30.0 0.0
69.7 30.0 30.0 30.0 30.0 30.0 30.0 30.0 30.0 30.0 30.0 0.0
69.8 30.0 30.0 30.0 30.0 30.0 30.0 30.0 30.0 30.0 30.0 0.0
69.9 30.0 30.0 30.0 30.0 30.0 30.0 30.0 30.0 30.0 30.0 0.0
70.0 30.0 30.0 30.0 30.0 30.0 30.0 30.0 30.0 30.0 30.0 0.0
70.1 30.0 30.0 30.0 30.0 30.0 30.0 30.0 30.0 30.0 30.0 0.0
70.2 30.0 30.0 30.0 30.0 30.0 30.0 30.0 30.0 30.0 30.0 0.0
70.3 30.0 30.0 30.0 30.0 30.0 30.0 30.0 30.0 30.0 30.0 0.0
70.4 30.0 30.0 30.0 30.0 30.0 30.0 30.0 30.0 30.0 30.0 0.0
70.5 30.0 30.0 30.0 30.0 30.0 30.0 30.0 30.0 30.0 30.0 0.0
70.6 30.0 30.0 30.0 30.0 30.0 30.0 30.0 30.0 30.0 30.0 0.0
70.7 30.0 30.0 30.0 30.0 30.0 30.0 30.0 30.0 30.0 30.0 0.0
70.8 30.0 30.0 30.0 30.0 30.0 30.0 30.0 30.0 30.0 30.0 0.0
70.9 30.0 30.0 30.0 30.0 30.0 30.0 30.0 30.0 30.0 30.0 0.0
71.0 30.0 30.0 30.0 30.0 30.0 30.0 30.0 30.0 30.0 30.0 0.0
71.1 30.0 30.0 30.0 30.0 30.0 30.0 30.0 30.0 30.0 30.0 0.0
71.2 30.0 30.0 30.0 30.0 30.0 30.0 30.0 30.0 30.0 30.0 0.0
71.3 30.0 30.0 30.0 30.0 30.0 30.0 30.0 30.0 30.0 30.0 0.0
71.4 30.0 30.0 30.0 30.0 30.0 30.0 30.0 30.0 30.0 30.0 0.0
71.5 30.0 30.0 30.0 30.0 30.0 30.0 30.0 30.0 30.0 30.0 0.0
71.6 30.0 30.0 30.0 30.0 30.0 30.0 30.0 30.0 30.0 30.0 0.0
71.7 30.0 30.0 30.0 30.0 30.0 30.0 30.0 30.0 30.0 30.0 0.0
71.8 30.0 30.0 30.0 30.0 30.0 30.0 30.0 30.0 30.0 30.0 0.0
71.9 30.0 30.0 30.0 30.0 30.0 30.0 30.0 30.0 30.0 30.0 0.0
72.0 30.0 30.0 30.0 30.0 30.0 30.0 30.0 30.0 30.0 30.0 0.0
72.1 30.0 30.0 30.0 30.0 30.0 30.0 30.0 30.0 30.0 30.0 0.0
72.2 30.0 30.0 30.0 30.0 30.0 30.0 30.0 30.0 30.0 30.0 0.0
72.3 30.0 30.0 30.0 30.0 30.0 30.0 30.0 30.0 30.0 30.0 0.0
72.4 30.0 30.0 30.0 30.0 30.0 30.0 30.0 30.0 30.0 30.0 0.0
72.5 30.0 30.0 30.0 30.0 30.0 30.0 30.0 30.0 30.0 30.0 0.0
72.6 30.0 30.0 30.0 30.0 30.0 30.0 30.0 30.0 30.0 30.0 0.0
72.7 30.0 30.0 30.0 30.0 30.0 30.0 30.0 30.0 30.0 30.0 0.0
72.8 30.0 30.0 30.0 30.0 30.0 30.0 30.0 30.0 30.0 30.0 0.0
72.9 30.0 30.0 30.0 30.0 30.0 30.0 30.0 30.0 30.0 30.0 0.0
73.0 30.0 30.0 30.0 30.0 30.0 30.0 30.0 30.0 30.0 30.0 0.0
73.1 30.0 30.0 30.0 30.0 30.0 30.0 30.0 30.0 30.0 30.0 0.0
73.2 30.0 30.0 30.0 30.0 30.0 30.0 30.0 30.0 30.0 30.0 0.0
73.3 30.0 30.0 30.0 30.0 30.0 30.0 30.0 30.0 30.0 30.0 0.0
73.4 30.0 30.0 30.0 30.0 30.0 30.0 30.0 30.0 30.0 30.0 0.0
73.5 30.0 30.0 30.0 30.0 30.0 30.0 30.0 30.0 30.0 30.0 0.0
73.6 30.0 30.0 30.0 30.0 30.0 30.0 30.0 30.0 30.0 30.0 0.0
73.7 30.0 30.0 30.0 30.0 30.0 30.0 30.0 30.0 30.0 30.0 0.0
73.8 30.0 30.0 30.0 30.0 30.0 30.0 30.0 30.0 30.0 30.0 0.0
73.9 30.0 30.0 30.0 30.0 30.0 30.0 30.0 30.0 30.0 30.0 0.0
74.0 30.0 30.0 30.0 30.0 30.0 30.0 30.0 30.0 30.0 30.0 0.0
74.1 30.0 30.0 30.0 30.0 30.0 30.0 30.0 30.0 30.0 30.0 0.0
74.2 30.0 30.0 30.0 30.0 30.0 30.0 30.0 30.0 30.0 30.0 0.0
74.3 30.0 30.0 30.0 30.0 30.0 30.0 30.0 30.0 30.0 30.0 0.0
74.4 30.0 30.0 30.0 30.0 30.0 30.0 30.0 30.0 30.0 30.0 0.0
74.5 30.0 30.0 30.0 30.0 30.0 30.0 30.0 30.0 30.0 30.0 0.0
74.6 30.0 30.0 30.0 30.0 30.0 30.0 30.0 30.0 30.0 30.0 0.0
74.7 30.0 30.0 30.0 30.0 30.0 30.0 30.0 30.0 30.0 30.0 0.0
74.8 30.0 30.0 30.0 30.0 30.0 30.0 30.0 30.0 30.0 30.0 0.0
74.9 30.0 30.0 30.0 30.0 30.0 30.0 30.0 30.0 30.0 30.0 0.0
75.0 30.0 30.0 30.0 30.0 30.0 30.0 30.0 30.0 30.0 30.0 0.0
75.1 30.0 30.0 30.0 30.0 30.0 30.0 30.0 30.0 30.0 30.0 0.0
75.2 30.0 30.0 30.0 30.0 30.0 30.0 30.0 30.0 30.0 30.0 0.0
75.3 30.0 30.0 30.0 30.0 30.0 30.0 30.0 30.0 30.0 30.0 0.0
75.4 30.0 30.0 30.0 30.0 30.0 30.0 30.0 30.0 30.0 30.0 0.0
75.5 30.0 30.0 30.0 30.0 30.0 30.0 30.0 30.0 30.0 30.0 0.0
75.6 30.0 30.0 30.0 30.0 30.0 30.0 30.0 30.0 30.0 30.0 0.0
75.7 30.0 30.0 30.0 30.0 30.0 30.0 30.0 30.0 30.0 30.0 0.0
75.8 30.0 30.0 30.0 30.0 30.0 30.0 30.0 30.0 30.0 30.0 0.0
75.9 30.0 30.0 30.0 30.0 30.0 30.0 30.0 30.0 30.0 30.0 0.0
76.0 30.0 30.0 30.0 30.0 30.0 30.0 30.0 30.0 30.0 30.0 0.0
76.1 30.0 30.0 30.0 30.0 30.0 30.0 30.0 30.0 30.0 30.0 0.0
76.2 30.0 30.0 30.0 30.0 30.0 30.0 30.0 30.0 30.0 30.0 0.0
76.3 30.0 30.0 30.0 30.0 30.0 30.0 30.0 30.0 30.0 30.0 0.0
76.4 30.0 30.0 30.0 30.0 30.0 30.0 30.0 30.0 30.0 30.0 0.0
76.5 30.0 30.0 30.0 30.0 30.0 30.0 30.0 30.0 30.0 30.0 0.0
76.6 30.0 30.0 30.0 30.0 30.0 30.0 30.0 30.0 30.0 30.0 0.0
76.7 30.0 30.0 30.0 30.0 30.0 30.0 30.0 30.0 30.0 30.0 0.0
76.8 30.0 30.0 30.0 30.0 30.0 30.0 30.0 30.0 30.0 30.0 0.0
76.9 30.0 30.0 30.0 30.0 30.0 30.0 30.0 30.0 30.0 30.0 0.0
77.0 30.0 30.0 30.0 30.0 30.0 30.0 30.0 30.0 30.0 30.0 0.0
77.1 30.0 30.0 30.0 30.0 30.0 30.0 30.0 30.0 30.0 30.0 0.0
77.2 30.0 30.0 30.0 30.0 30.0 30.0 30.0 30.0 30.0 30.0 0.0
77.3 30.0 30.0 30.0 30.0 30.0 30.0 30.0 30.0 30.0 30.0 0.0
77.4 30.0 30.0 30.0 30.0 30.0 30.0 30.0 30.0 30.0 30.0 0.0
77.5 30.0 30.0 30.0 30.0 30.0 30.0 30.0 30.0 30.0 30.0 0.0
77.6 30.0 30.0 30.0 30.0 30.0 30.0 30.0 30.0 30.0 30.0 0.0
77.7 30.0 30.0 30.0 30.0 30.0 30.0 30.0 30.0 30.0 30.0 0.0
77.8 30.0 30.0 30.0 30.0 30.0 30.0 30.0 30.0 30.0 30.0 0.0
77.9 30.0 30.0 30.0 30.0 30.0 30.0 30.0 30.0 30.0 30.0 0.0
78.0 30.0 30.0 30.0 30.0 30.0 30.0 30.0 30.0 30.0 30.0 0.0
78.1 30.0 30.0 30.0 30.0 30.0 30.0 30.0 30.0 30.0 30.0 0.0
78.2 30.0 30.0 30.0 30.0 30.0 30.0 30.0 30.0 30.0 30.0 0.0
78.3 30.0 30.0 30.0 30.0 30.0 30.0 30.0 30.0 30.0 30.0 0.0
78.4 30.0 30.0 30.0 30.0 30.0 30.0 30.0 30.0 30.0 30.0 0.0
78.5 30.0 30.0 30.0 30.0 30.0 30.0 30.0 30.0 30.0 30.0 0.0
78.6 30.0 30.0 30.0 30.0 30.0 30.0 30.0 30.0 30.0 30.0 0.0
78.7 30.0 30.0 30.0 30.0 30.0 30.0 30.0 30.0 30.0 30.0 0.0
78.8 30.0 30.0 30.0 30.0 30.0 30.0 30.0 30.0 30.0 30.0 0.0
78.9 30.0 30.0 30.0 30.0 30.0 30.0 30.0 30.0 30.0 30.0 0.0
79.0 30.0 30.0 30.0 30.0 30.0 30.0 30.0 30.0 30.0 30.0 0.0
79.1 30.0 30.0 30.0 30.0 30.0 30.0 30.0 30.0 30.0 30.0 0.0
79.2 30.0 30.0 30.0 30.0 30.0 30.0 30.0 30.0 30.0 30.0 0.0
79.3 30.0 30.0 30.0 30.0 30.0 30.0 30.0 30.0 30.0 30.0 0.0
79.4 30.0 30.0 30.0 30.0 30.0 30.0 30.0 30.0 30.0 30.0 0.0
79.5 30.0 30.0 30.0 30.0 30.0 30.0 30.0 30.0 30.0 30.0 0.0
79.6 30.0 30.0 30.0 30.0 30.0 30.0 30.0 30.0 30.0 30.0 0.0
79.7 30.0 30.0 30.0 30.0 30.0 30.0 30.0 30.0 30.0 30.0 0.0
79.8 30.0 30.0 30.0 30.0 30.0 30.0 30.0 30.0 30.0 30.0 0.0
79.9 30.0 30.0 30.0 30.0 30.0 30.0 30.0 30.0 30.0 30.0 0.0
80.0 30.0 30.0 30.0 30.0 30.0 30.0 30.0 30.0 30.0 30.0 0.0
80.1 30.0 30.0 30.0 30.0 30.0 30.0 30.0 30.0 30.0 30.0 0.0
80.2 30.0 30.0 30.0 30.0 30.0 30.0 30.0 30.0 30.0 30.0 0.0
80.3 30.0 30.0 30.0 30.0 30.0 30.0 30.0 30.0 30.0 30.0 0.0
80.4 30.0 30.0 30.0 30.0 30.0 30.0 30.0 30.0 30.0 30.0 0.0
80.5 30.0 30.0 30.0 30.0 30.0 30.0 30.0 30.0 30.0 30.0 0.0
80.6 30.0 30.0 30.0 30.0 30.0 30.0 30.0 30.0 30.0 30.0 0.0
80.7 30.0 30.0 30.0 30.0 30.0 30.0 30.0 30.0 30.0 30.0 0.0
80.8 30.0 30.0 30.0 30.0 30.0 30.0 30.0 30.0 30.0 30.0 0.0
80.9 30.0 30.0 30.0 30.0 30.0 30.0 30.0 30.0 30.0 30.0 0.0
81.0 30.0 30.0 30.0 30.0 30.0 30.0 30.0 30.0 30.0 30.0 0.0
81.1 30.0 30.0 30.0 30.0 30.0 30.0 30.0 30.0 30.0 30.0 0.0
81.2 30.0 30.0 30.0 30.0 30.0 30.0 30.0 30.0 30.0 30.0 0.0
81.3 30.0 30.0 30.0 30.0 30.0 30.0 30.0 30.0 30.0 30.0 0.0
81.4 30.0 30.0 30.0 30.0 30.0 30.0 30.0 30.0 30.0 30.0 0.0
81.5 30.0 30.0 30.0 30.0 30.0 30.0 30.0 30.0 30.0 30.0 0.0
81.6 30.0 30.0 30.0 30.0 30.0 30.0 30.0 30.0 30.0 30.0 0.0
81.7 30.0 30.0 30.0 30.0 30.0 30.0 30.0 30.0 30.0 30.0 0.0
81.8 30.0 30.0 30.0 30.0 30.0 30.0 30.0 30.0 30.0 30.0 0.0
81.9 30.0 30.0 30.0 30.0 30.0 30.0 30.0 30.0 30.0 30.0 0.0
82.0 30.0 30.0 30.0 30.0 30.0 30.0 30.0 30.0 30.0 30.0 0.0
82.1 30.0 30.0 30.0 30.0 30.0 30.0 30.0 30.0 30.0 30.0 0.0
82.2 30.0 30.0 30.0 30.0 30.0 30.0 30.0 30.0 30.0 30.0 0.0
82.3 30.0 30.0 30.0 30.0 30.0 30.0 30.0 30.0 30.0 30.0 0.0
82.4 30.0 30.0 30.0 30.0 30.0 30.0 30.0 30.0 30.0 30.0 0.0
82.5 30.0 30.0 30.0 30.0 30.0 30.0 30.0 30.0 30.0 30.0 0.0
82.6 30.0 30.0 30.0 30.0 30.0 30.0 30.0 30.0 30.0 30.0 0.0
82.7 30.0 30.0 30.0 30.0 30.0 30.0 30.0 30.0 30.0 30.0 0.0
82.8 30.0 30.0 30.0 30.0 30.0 30.0 30.0 30.0 30.0 30.0 0.0
82.9 30.0 30.0 30.0 30.0 30.0 30.0 30.0 30.0 30.0 30.0 0.0
83.0 30.0 30.0 30.0 30.0 30.0 30.0 30.0 30.0 30.0 30.0 0.0
83.1 30.0 30.0 30.0 30.0 30.0 30.0 30.0 30.0 30.0 30.0 0.0
83.2 30.0 30.0 30.0 30.0 30.0 30.0 30.0 30.0 30.0 30.0 0.0
83.3 30.0 30.0 30.0 30.0 30.0 30.0 30.0 30.0 30.0 30.0 0.0
83.4 30.0 30.0 30.0 30.0 30.0 30.0 30.0 30.0 30.0 30.0 0.0
83.5 30.0 30.0 30.0 30.0 30.0 30.0 30.0 30.0 30.0 30.0 0.0
83.6 30.0 30.0 30.0 30.0 30.0 30.0 30.0 30.0 30.0 30.0 0.0
83.7 30.0 30.0 30.0 30.0 30.0 30.0 30.0 30.0 30.0 30.0 0.0
83.8 30.0 30.0 30.0 30.0 30.0 30.0 30.0 30.0 30.0 30.0 0.0
83.9 30.0 30.0 30.0 30.0 30.0 30.0 30.0 30.0 30.0 30.0 0.0
84.0 30.0 30.0 30.0 30.0 30.0 30.0 30.0 30.0 30.0 30.0 0.0
84.1 30.0 30.0 30.0 30.0 30.0 30.0 30.0 30.0 30.0 30.0 0.0
84.2 30.0 30.0 30.0 30.0 30.0 30.0 30.0 30.0 30.0 30.0 0.0
84.3 30.0 30.0 30.0 30.0 30.0 30.0 30.0 30.0 30.0 30.0 0.0
84.4 30.0 30.0 30.0 30.0 30.0 30.0 30.0 30.0 30.0 30.0 0.0
84.5 30.0 30.0 30.0 30.0 30.0 30.0 30.0 30.0 30.0 30.0 0.0
84.6 30.0 30.0 30.0 30.0 30.0 30.0 30.0 30.0 30.0 30.0 0.0
84.7 30.0 30.0 30.0 30.0 30.0 30.0 30.0 30.0 30.0 30.0 0.0
84.8 30.0 30.0 30.0 30.0 30.0 30.0 30.0 30.0 30.0 30.0 0.0
84.9 30.0 30.0 30.0 30.0 30.0 30.0 30.0 30.0 30.0 30.0 0.0
85.0 30.0 30.0 30.0 30.0 30.0 30.0 30.0 30.0 30.0 30.0 0.0
85.1 30.0 30.0 30.0 30.0 30.0 30.0 30.0 30.0 30.0 30.0 0.0
85.2 30.0 30.0 30.0 30.0 30.0 30.0 30.0 30.0 30.0 30.0 0.0
85.3 30.0 30.0 30.0 30.0 30.0 30.0 30.0 30.0 30.0 30.0 0.0
85.4 30.0 30.0 30.0 30.0 30.0 30.0 30.0 30.0 30.0 30.0 0.0
85.5 30.0 30.0 30.0 30.0 30.0 30.0 30.0 30.0 30.0 30.0 0.0
85.6 30.0 30.0 30.0 30.0 30.0 30.0 30.0 30.0 30.0 30.0 0.0
85.7 30.0 30.0 30.0 30.0 30.0 30.0 30.0 30.0 30.0 30.0 0.0
85.8 30.0 30.0 30.0 30.0 30.0 30.0 30.0 30.0 30.0 30.0 0.0
85.9 30.0 30.0 30.0 30.0 30.0 30.0 30.0 30.0 30.0 30.0 0.0
86.0 30.0 30.0 30.0 30.0 30.0 30.0 30.0 30.0 30.0 30.0 0.0
86.1 30.0 30.0 30.0 30.0 30.0 30.0 30.0 30.0 30.0 30.0 0.0
86.2 30.0 30.0 30.0 30.0 30.0 30.0 30.0 30.0 30.0 30.0 0.0
86.3 30.0 30.0 30.0 30.0 30.0 30.0 30.0 30.0 30.0 30.0 0.0
86.4 30.0 30.0 30.0 30.0 30.0 30.0 30.0 30.0 30.0 30.0 0.0
86.5 30.0 30.0 30.0 30.0 30.0 30.0 30.0 30.0 30.0 30.0 0.0
86.6 30.0 30.0 30.0 30.0 30.0 30.0 30.0 30.0 30.0 30.0 0.0
86.7 30.0 30.0 30.0 30.0 30.0 30.0 30.0 30.0 30.0 30.0 0.0
86.8 30.0 30.0 30.0 30.0 30.0 30.0 30.0 30.0 30.0 30.0 0.0
86.9 30.0 30.0 30.0 30.0 30.0 30.0 30.0 30.0 30.0 30.0 0.0
87.0 30.0 30.0 30.0 30.0 30.0 30.0 30.0 30.0 30.0 30.0 0.0
87.1 30.0 30.0 30.0 30.0 30.0 30.0 30.0 30.0 30.0 30.0 0.0
87.2 30.0 30.0 30.0 30.0 30.0 30.0 30.0 30.0 30.0 30.0 0.0
87.3 30.0 30.0 30.0 30.0 30.0 30.0 30.0 30.0 30.0 30.0 0.0
87.4 30.0 30.0 30.0 30.0 30.0 30.0 30.0 30.0 30.0 30.0 0.0
87.5 30.0 30.0 30.0 30.0 30.0 30.0 30.0 30.0 30.0 30.0 0.0
87.6 30.0 30.0 30.0 30.0 30.0 30.0 30.0 30.0 30.0 30.0 0.0
87.7 30.0 30.0 30.0 30.0 30.0 30.0 30.0 30.0 30.0 30.0 0.0
87.8 30.0 30.0 30.0 30.0 30.0 30.0 30.0 30.0 30.0 30.0 0.0
87.9 30.0 30.0 30.0 30.0 30.0 30.0 30.0 30.0 30.0 30.0 0.0
88.0 30.0 30.0 30.0 30.0 30.0 30.0 30.0 30.0 30.0 30.0 0.0
88.1 30.0 30.0 30.0 30.0 30.0 30.0 30.0 30.0 30.0 30.0 0.0
88.2 30.0 30.0 30.0 30.0 30.0 30.0 30.0 30.0 30.0 30.0 0.0
88.3 30.0 30.0 30.0 30.0 30.0 30.0 30.0 30.0 30.0 30.0 0.0
88.4 30.0 30.0 30.0 30.0 30.0 30.0 30.0 30.0 30.0 30.0 0.0
88.5 30.0 30.0 30.0 30.0 30.0 30.0 30.0 30.0 30.0 30.0 0.0
88.6 30.0 30.0 30.0 30.0 30.0 30.0 30.0 30.0 30.0 30.0 0.0
88.7 30.0 30.0 30.0 30.0 30.0 30.0 30.0 30.0 30.0 30.0 0.0
88.8 30.0 30.0 30.0 30.0 30.0 30.0 30.0 30.0 30.0 30.0 0.0
88.9 30.0 30.0 30.0 30.0 30.0 30.0 30.0 30.0 30.0 30.0 0.0
89.0 30.0 30.0 30.0 30.0 30.0 30.0 30.0 30.0 30.0 30.0 0.0
89.1 30.0 30.0 30.0 30.0 30.0 30.0 30.0 30.0 30.0 30.0 0.0
89.2 30.0 30.0 30.0 30.0 30.0 30.0 30.0 30.0 30.0 30.0 0.0
89.3 30.0 30.0 30.0 30.0 30.0 30.0 30.0 30.0 30.0 30.0 0.0
89.4 30.0 30.0 30.0 30.0 30.0 30.0 30.0 30.0 30.0 30.0 0.0
89.5 30.0 30.0 30.0 30.0 30.0 30.0 30.0 30.0 30.0 30.0 0.0
89.6 30.0 30.0 30.0 30.0 30.0 30.0 30.0 30.0 30.0 30.0 0.0
89.7 30.0 30.0 30.0 30.0 30.0 30.0 30.0 30.0 30.0 30.0 0.0
89.8 30.0 30.0 30.0 30.0 30.0 30.0 30.0 30.0 30.0 30.0 0.0
89.9 30.0 30.0 30.0 30.0 30.0 30.0 30.0 30.0 30.0 30.0 0.0
90.0 30.0 30.0 30.0 30.0 30.0 30.0 30.0 30.0 30.0 30.0 0.0
90.1 30.0 30.0 30.0 30.0 30.0 30.0 30.0 30.0 30.0 30.0 0.0
90.2 30.0 30.0 30.0 30.0 30.0 30.0 30.0 30.0 30.0 30.0 0.0
90.3 30.0 30.0 30.0 30.0 30.0 30.0 30.0 30.0 30.0 30.0 0.0
90.4 30.0 30.0 30.0 30.0 30.0 30.0 30.0 30.0 30.0 30.0 0.0
90.5 30.0 30.0 30.0 30.0 30.0 30.0 30.0 30.0 30.0 30.0 0.0
90.6 30.0 30.0 30.0 30.0 30.0 30.0 30.0 30.0 30.0 30.0 0.0
90.7 30.0 30.0 30.0 30.0 30.0 30.0 30.0 30.0 30.0 30.0 0.0
90.8 30.0 30.0 30.0 30.0 30.0 30.0 30.0 30.0 30.0 30.0 0.0
90.9 30.0 30.0 30.0 30.0 30.0 30.0 30.0 30.0 30.0 30.0 0.0
91.0 30.0 30.0 30.0 30.0 30.0 30.0 30.0 30.0 30.0 30.0 0.0
91.1 30.0 30.0 30.0 30.0 30.0 30.0 30.0 30.0 30.0 30.0 0.0
91.2 30.0 30.0 30.0 30.0 30.0 30.0 30.0 30.0 30.0 30.0 0.0
91.3 30.0 30.0 30.0 30.0 30.0 30.0 30.0 30.0 30.0 30.0 0.0
91.4 30.0 30.0 30.0 30.0 30.0 30.0 30.0 30.0 30.0 30.0 0.0
91.5 30.0 30.0 30.0 30.0 30.0 30.0 30.0 30.0 30.0 30.0 0.0
91.6 30.0 30.0 30.0 30.0 30.0 30.0 30.0 30.0 30.0 30.0 0.0
91.7 30.0 30.0 30.0 30.0 30.0 30.0 30.0 30.0 30.0 30.0 0.0
91.8 30.0 30.0 30.0 30.0 30.0 30.0 30.0 30.0 30.0 30.0 0.0
91.9 30.0 30.0 30.0 30.0 30.0 30.0 30.0 30.0 30.0 30.0 0.0
92.0 30.0 30.0 30.0 30.0 30.0 30.0 30.0 30.0 30.0 30.0 0.0
92.1 30.0 30.0 30.0 30.0 30.0 30.0 30.0 30.0 30.0 30.0 0.0
92.2 30.0 30.0 30.0 30.0 30.0 30.0 30.0 30.0 30.0 30.0 0.0
92.3 30.0 30.0 30.0 30.0 30.0 30.0 30.0 30.0 30.0 30.0 0.0
92.4 30.0 30.0 30.0 30.0 30.0 30.0 30.0 30.0 30.0 30.0 0.0
92.5 30.0 30.0 30.0 30.0 30.0 30.0 30.0 30.0 30.0 30.0 0.0
92.6 30.0 30.0 30.0 30.0 30.0 30.0 30.0 30.0 30.0 30.0 0.0
92.7 30.0 30.0 30.0 30.0 30.0 30.0 30.0 30.0 30.0 30.0 0.0
92.8 30.0 30.0 30.0 30.0 30.0 30.0 30.0 30.0 30.0 30.0 0.0
92.9 30.0 30.0 30.0 30.0 30.0 30.0 30.0 30.0 30.0 30.0 0.0
93.0 30.0 30.0 30.0 30.0 30.0 30.0 30.0 30.0 30.0 30.0 0.0
93.1 30.0 30.0 30.0 30.0 30.0 30.0 30.0 30.0 30.0 30.0 0.0
93.2 30.0 30.0 30.0 30.0 30.0 30.0 30.0 30.0 30.0 30.0 0.0
93.3 30.0 30.0 30.0 30.0 30.0 30.0 30.0 30.0 30.0 30.0 0.0
93.4 30.0 30.0 30.0 30.0 30.0 30.0 30.0 30.0 30.0 30.0 0.0
93.5 30.0 30.0 30.0 30.0 30.0 30.0 30.0 30.0 30.0 30.0 0.0
93.6 30.0 30.0 30.0 30.0 30.0 30.0 30.0 30.0 30.0 30.0 0.0
93.7 30.0 30.0 30.0 30.0 30.0 30.0 30.0 30.0 30.0 30.0 0.0
93.8 30.0 30.0 30.0 30.0 30.0 30.0 30.0 30.0 30.0 30.0 0.0
93.9 30.0 30.0 30.0 30.0 30.0 30.0 30.0 30.0 30.0 30.0 0.0
94.0 30.0 30.0 30.0 30.0 30.0 30.0 30.0 30.0 30.0 30.0 0.0
94.1 30.0 30.0 30.0 30.0 30.0 30.0 30.0 30.0 30.0 30.0 0.0
94.2 30.0 30.0 30.0 30.0 30.0 30.0 30.0 30.0 30.0 30.0 0.0
94.3 30.0 30.0 30.0 30.0 30.0 30.0 30.0 30.0 30.0 30.0 0.0
94.4 30.0 30.0 30.0 30.0 30.0 30.0 30.0 30.0 30.0 30.0 0.0
94.5 30.0 30.0 30.0 30.0 30.0 30.0 30.0 30.0 30.0 30.0 0.0
94.6 30.0 30.0 30.0 30.0 30.0 30.0 30.0 30.0 30.0 30.0 0.0
94.7 30.0 30.0 30.0 30.0 30.0 30.0 30.0 30.0 30.0 30.0 0.0
94.8 30.0 30.0 30.0 30.0 30.0 30.0 30.0 30.0 30.0 30.0 0.0
94.9 30.0 30.0 30.0 30.0 30.0 30.0 30.0 30.0 30.0 30.0 0.0
95.0 30.0 30.0 30.0 30.0 30.0 30.0 30.0 30.0 30.0 30.0 0.0
95.1 30.0 30.0 30.0 30.0 30.0 30.0 30.0 30.0 30.0 30.0 0.0
95.2 30.0 30.0 30.0 30.0 30.0 30.0 30.0 30.0 30.0 30.0 0.0
95.3 30.0 30.0 30.0 30.0 30.0 30.0 30.0 30.0 30.0 30.0 0.0
95.4 30.0 30.0 30.0 30.0 30.0 30.0 30.0 30.0 30.0 30.0 0.0
95.5 30.0 30.0 30.0 30.0 30.0 30.0 30.0 30.0 30.0 30.0 0.0
95.6 30.0 30.0 30.0 30.0 30.0 30.0 30.0 30.0 30.0 30.0 0.0
95.7 30.0 30.0 30.0 30.0 30.0 30.0 30.0 30.0 30.0 30.0 0.0
95.8 30.0 30.0 30.0 30.0 30.0 30.0 30.0 30.0 30.0 30.0 0.0
95.9 30.0 30.0 30.0 30.0 30.0 30.0 30.0 30.0 30.0 30.0 0.0
96.0 30.0 30.0 30.0 30.0 30.0 30.0 30.0 30.0 30.0 30.0 0.0
96.1 30.0 30.0 30.0 30.0 30.0 30.0 30.0 30.0 30.0 30.0 0.0
96.2 30.0 30.0 30.0 30.0 30.0 30.0 30.0 30.0 30.0 30.0 0.0
96.3 30.0 30.0 30.0 30.0 30.0 30.0 30.0 30.0 30.0 30.0 0.0
96.4 30.0 30.0 30.0 30.0 30.0 30.0 30.0 30.0 30.0 30.0 0.0
96.5 30.0 30.0 30.0 30.0 30.0 30.0 30.0 30.0 30.0 30.0 0.0
96.6 30.0 30.0 30.0 30.0 30.0 30.0 30.0 30.0 30.0 30.0 0.0
96.7 30.0 30.0 30.0 30.0 30.0 30.0 30.0 30.0 30.0 30.0 0.0
96.8 30.0 30.0 30.0 30.0 30.0 30.0 30.0 30.0 30.0 30.0 0.0
96.9 30.0 30.0 30.0 30.0 30.0 30.0 30.0 30.0 30.0 30.0 0.0
97.0 30.0 30.0 30.0 30.0 30.0 30.0 30.0 30.0 30.0 30.0 0.0
97.1 30.0 30.0 30.0 30.0 30.0 30.0 30.0 30.0 30.0 30.0 0.0
97.2 30.0 30.0 30.0 30.0 30.0 30.0 30.0 30.0 30.0 30.0 0.0
97.3 30.0 30.0 30.0 30.0 30.0 30.0 30.0 30.0 30.0 30.0 0.0
97.4 30.0 30.0 30.0 30.0 30.0 30.0 30.0 30.0 30.0 30.0 0.0
97.5 30.0 30.0 30.0 30.0 30.0 30.0 30.0 30.0 30.0 30.0 0.0
97.6 30.0 30.0 30.0 30.0 30.0 30.0 30.0 30.0 30.0 30.0 0.0
97.7 30.0 30.0 30.0 30.0 30.0 30.0 30.0 30.0 30.0 30.0 0.0
97.8 30.0 30.0 30.0 30.0 30.0 30.0 30.0 30.0 30.0 30.0 0.0
97.9 30.0 30.0 30.0 30.0 30.0 30.0 30.0 30.0 30.0 30.0 0.0
98.0 30.0 30.0 30.0 30.0 30.0 30.0 30.0 30.0 30.0 30.0 0.0
98.1 30.0 30.0 30.0 30.0 30.0 30.0 30.0 30.0 30.0 30.0 0.0
98.2 30.0 30.0 30.0 30.0 30.0 30.0 30.0 30.0 30.0 30.0 0.0
98.3 30.0 30.0 30.0 30.0 30.0 30.0 30.0 30.0 30.0 30.0 0.0
98.4 30.0 30.0 30.0 30.0 30.0 30.0 30.0 30.0 30.0 30.0 0.0
98.5 30.0 30.0 30.0 30.0 30.0 30.0 30.0 30.0 30.0 30.0 0.0
98.6 30.0 30.0 30.0 30.0 30.0 30.0 30.0 30.0 30.0 30.0 0.0
98.7 30.0 30.0 30.0 30.0 30.0 30.0 30.0 30.0 30.0 30.0 0.0
98.8 30.0 30.0 30.0 30.0 30.0 30.0 30.0 30.0 30.0 30.0 0.0
98.9 30.0 30.0 30.0 30.0 30.0 30.0 30.0 30.0 30.0 30.0 0.0
99.0 30.0 30.0 30.0 30.0 30.0 30.0 30.0 30.0 30.0 30.0 0.0
99.1 30.0 30.0 30.0 30.0 30.0 30.0 30.0 30.0 30.0 30.0 0.0
99.2 30.0 30.0 30.0 30.0 30.0 30.0 30.0 30.0 30.0 30.0 0.0
99.3 30.0 30.0 30.0 30.0 30.0 30.0 30.0 30.0 30.0 30.0 0.0
99.4 30.0 30.0 30.0 30.0 30.0 30.0 30.0 30.0 30.0 30.0 0.0
99.5 30.0 30.0 30.0 30.0 30.0 30.0 30.0 30.0 30.0 30.0 0.0
99.6 30.0 30.0 30.0 30.0 30.0 30.0 30.0 30.0 30.0 30.0 0.0
99.7 30.0 30.0 30.0 30.0 30.0 30.0 30.0 30.0 30.0 30.0 0.0
99.8 30.0 30.0 30.0 30.0 30.0 30.0 30.0 30.0 30.0 30.0 0.0
99.9 30.0 30.0 30.0 30.0 30.0 30.0 30.0 30.0 30.0 30.0 0.0
