0.0 30.0 30.0 30.0 30.0 30.0 30.0 30.0 30.0 30.0 30.0 30.0
0.1 30.0 30.0 30.0 30.0 30.0 30.0 30.0 30.0 30.0 30.0 30.0
0.2 30.0 30.0 30.0 30.0 30.0 30.0 30.0 30.0 30.0 30.0 30.0
0.3 30.0 30.0 30.0 30.0 30.0 30.0 30.0 30.0 30.0 30.0 30.0
0.4 30.0 30.0 30.0 30.0 30.0 30.0 30.0 30.0 30.0 30.0 30.0
0.5 30.0 30.0 30.0 30.0 30.0 30.0 30.0 30.0 30.0 30.0 30.0
0.6 30.0 30.0 30.0 30.0 30.0 30.0 30.0 30.0 30.0 30.0 30.0
0.7 30.0 30.0 30.0 30.0 30.0 30.0 30.0 30.0 30.0 30.0 30.0
0.8 30.0 30.0 30.0 30.0 30.0 30.0 30.0 30.0 30.0 30.0 30.0
0.9 30.0 30.0 30.0 30.0 30.0 30.0 30.0 30.0 30.0 30.0 30.0
1.0 30.0 30.0 30.0 30.0 30.0 30.0 30.0 30.0 30.0 30.0 30.0
1.1 30.0 30.0 30.0 30.0 30.0 30.0 30.0 30.0 30.0 30.0 30.0
1.2 30.0 30.0 30.0 30.0 30.0 30.0 30.0 30.0 30.0 30.0 30.0
1.3 30.0 30.0 30.0 30.0 30.0 30.0 30.0 30.0 30.0 30.0 30.0
1.4 30.0 30.0 30.0 30.0 30.0 30.0 30.0 30.0 30.0 30.0 30.0
1.5 30.0 30.0 30.0 30.0 30.0 30.0 30.0 30.0 30.0 30.0 30.0
1.6 30.0 30.0 30.0 30.0 30.0 30.0 30.0 30.0 30.0 30.0 30.0
1.7 30.0 30.0 30.0 30.0 30.0 30.0 30.0 30.0 30.0 30.0 30.0
1.8 30.0 30.0 30.0 30.0 30.0 30.0 30.0 30.0 30.0 30.0 30.0
1.9 30.0 30.0 30.0 30.0 30.0 30.0 30.0 30.0 30.0 30.0 30.0
2.0 30.0 30.0 30.0 30.0 30.0 30.0 30.0 30.0 30.0 30.0 30.0
2.1 30.0 30.0 30.0 30.0 30.0 30.0 30.0 30.0 30.0 30.0 30.0
2.2 30.0 30.0 30.0 30.0 30.0 30.0 30.0 30.0 30.0 30.0 30.0
2.3 30.0 30.0 30.0 30.0 30.0 30.0 30.0 30.0 30.0 30.0 30.0
2.4 30.0 30.0 30.0 30.0 30.0 30.0 30.0 30.0 30.0 30.0 30.0
2.5 30.0 30.0 30.0 30.0 30.0 30.0 30.0 30.0 30.0 30.0 30.0
2.6 30.0 30.0 30.0 30.0 30.0 30.0 30.0 30.0 30.0 30.0 30.0
2.7 30.0 30.0 30.0 30.0 30.0 30.0 30.0 30.0 30.0 30.0 30.0
2.8 30.0 30.0 30.0 30.0 30.0 30.0 30.0 30.0 30.0 30.0 30.0
2.9 30.0 30.0 30.0 30.0 30.0 30.0 30.0 30.0 30.0 30.0 30.0
3.0 30.0 30.0 30.0 30.0 30.0 30.0 30.0 30.0 30.0 30.0 30.0
3.1 30.0 30.0 30.0 30.0 30.0 30.0 30.0 30.0 30.0 30.0 30.0
3.2 30.0 30.0 30.0 30.0 30.0 30.0 30.0 30.0 30.0 30.0 30.0
3.3 30.0 30.0 30.0 30.0 30.0 30.0 30.0 30.0 30.0 30.0 30.0
3.4 30.0 30.0 30.0 30.0 30.0 30.0 30.0 30.0 30.0 30.0 30.0
3.5 30.0 30.0 30.0 30.0 30.0 30.0 30.0 30.0 30.0 30.0 30.0
3.6 30.0 30.0 30.0 30.0 30.0 30.0 30.0 30.0 30.0 30.0 30.0
3.7 30.0 30.0 30.0 30.0 30.0 30.0 30.0 30.0 30.0 30.0 30.0
3.8 30.0 30.0 30.0 30.0 30.0 30.0 30.0 30.0 30.0 30.0 30.0
3.9 30.0 30.0 30.0 30.0 30.0 30.0 30.0 30.0 30.0 30.0 30.0
4.0 30.0 30.0 30.0 30.0 30.0 30.0 30.0 30.0 30.0 30.0 30.0
4.1 30.0 30.0 30.0 30.0 30.0 30.0 30.0 30.0 30.0 30.0 30.0
4.2 30.0 30.0 30.0 30.0 30.0 30.0 30.0 30.0 30.0 30.0 30.0
4.3 30.0 30.0 30.0 30.0 30.0 30.0 30.0 30.0 30.0 30.0 30.0
4.4 30.0 30.0 30.0 30.0 30.0 30.0 30.0 30.0 30.0 30.0 30.0
4.5 30.0 30.0 30.0 30.0 30.0 30.0 30.0 30.0 30.0 30.0 30.0
4.6 30.0 30.0 30.0 30.0 30.0 30.0 30.0 30.0 30.0 30.0 30.0
4.7 30.0 30.0 30.0 30.0 30.0 30.0 30.0 30.0 30.0 30.0 30.0
4.8 30.0 30.0 30.0 30.0 30.0 30.0 30.0 30.0 30.0 30.0 30.0
4.9 30.0 30.0 30.0 30.0 30.0 30.0 30.0 30.0 30.0 30.0 30.0
5.0 30.0 30.0 30.0 30.0 30.0 30.0 30.0 30.0 30.0 30.0 30.0
5.1 30.0 30.0 30.0 30.0 30.0 30.0 30.0 30.0 30.0 30.0 30.0
5.2 30.0 30.0 30.0 30.0 30.0 30.0 30.0 30.0 30.0 30.0 30.0
5.3 30.0 30.0 30.0 30.0 30.0 30.0 30.0 30.0 30.0 30.0 30.0
5.4 30.0 30.0 30.0 30.0 30.0 30.0 30.0 30.0 30.0 30.0 30.0
5.5 30.0 30.0 30.0 30.0 30.0 30.0 30.0 30.0 30.0 30.0 30.0
5.6 30.0 30.0 30.0 30.0 30.0 30.0 30.0 30.0 30.0 30.0 30.0
5.7 30.0 30.0 30.0 30.0 30.0 30.0 30.0 30.0 30.0 30.0 30.0
5.8 30.0 30.0 30.0 30.0 30.0 30.0 30.0 30.0 30.0 30.0 30.0
5.9 30.0 30.0 30.0 30.0 30.0 30.0 30.0 30.0 30.0 30.0 30.0
6.0 30.0 30.0 30.0 30.0 30.0 30.0 30.0 30.0 30.0 30.0 30.0
6.1 30.0 30.0 30.0 30.0 30.0 30.0 30.0 30.0 30.0 30.0 30.0
6.2 30.0 30.0 30.0 30.0 30.0 30.0 30.0 30.0 30.0 30.0 30.0
6.3 30.0 30.0 30.0 30.0 30.0 30.0 30.0 30.0 30.0 30.0 30.0
6.4 30.0 30.0 30.0 30.0 30.0 30.0 30.0 30.0 30.0 30.0 30.0
6.5 30.0 30.0 30.0 30.0 30.0 30.0 30.0 30.0 30.0 30.0 30.0
6.6 30.0 30.0 30.0 30.0 30.0 30.0 30.0 30.0 30.0 30.0 30.0
6.7 30.0 30.0 30.0 30.0 30.0 30.0 30.0 30.0 30.0 30.0 30.0
6.8 30.0 30.0 30.0 30.0 30.0 30.0 30.0 30.0 30.0 30.0 30.0
6.9 30.0 29.910425531915614 30.0 30.0 30.0 30.0 30.0 30.0 30.0 30.0 30.0
7.0 30.0 29.686799456768473 30.0 30.0 30.0 30.0 30.0 30.0 30.0 30.0 30.0
7.1 30.0 29.465060326333724 30.0 30.0 30.0 30.0 30.0 30.0 30.0 30.0 30.0
7.2 30.0 29.246254667065617 30.0 30.0 30.0 30.0 30.0 30.0 30.0 30.0 30.0
7.3 30.0 29.032205652564187 30.0 30.0 30.0 30.0 30.0 30.0 30.0 30.0 30.0
7.4 30.0 28.822809877508472 30.0 30.0 30.0 30.0 30.0 30.0 30.0 30.0 30.0
7.5 30.0 28.613920988619597 30.0 30.0 30.0 30.0 30.0 30.0 30.0 30.0 30.0
7.6 30.0 28.40916718887253 30.0 30.0 30.0 30.0 30.0 30.0 30.0 30.0 30.0
7.7 30.0 28.208963473564268 30.0 30.0 30.0 30.0 30.0 30.0 30.0 30.0 30.0
7.8 30.0 28.346542063040616 30.0 30.0 30.0 30.0 30.0 30.0 30.0 30.0 30.0
7.9 30.0 28.507730017195247 30.0 30.0 30.0 30.0 30.0 30.0 30.0 30.0 30.0
8.0 30.0 28.687558239035333 30.0 30.0 30.0 30.0 30.0 30.0 30.0 30.0 30.0
8.1 30.0 28.883751359077298 30.0 30.0 30.0 30.0 30.0 30.0 30.0 30.0 30.0
8.2 30.0 28.083751359077297 30.0 30.0 30.0 30.0 30.0 30.0 30.0 30.0 30.0
8.3 30.0 27.283751359077296 30.0 30.0 30.0 30.0 30.0 30.0 30.0 30.0 30.0
8.4 30.0 26.483751359077296 30.0 30.0 30.0 30.0 30.0 30.0 30.0 30.0 30.0
8.5 30.0 25.683751359077295 30.0 30.0 30.0 30.0 30.0 30.0 30.0 30.0 30.0
8.6 30.0 25.28375135907741 30.0 30.0 30.0 30.0 30.0 30.0 30.0 30.0 30.0
8.7 30.0 25.14024522836823 30.0 30.0 30.0 30.0 30.0 30.0 30.0 30.0 30.0
8.8 30.0 25.00023924718855 30.0 30.0 30.0 30.0 30.0 30.0 30.0 30.0 30.0
8.9 30.0 24.86364804603764 30.0 30.0 30.0 30.0 30.0 30.0 30.0 30.0 30.0
9.0 30.0 24.72864804603767 30.0 30.0 30.0 30.0 30.0 30.0 30.0 30.0 30.0
9.1 30.0 24.595431844886768 30.0 30.0 30.0 30.0 30.0 30.0 30.0 30.0 30.0
9.2 30.0 24.465546048764615 30.0 30.0 30.0 30.0 30.0 30.0 30.0 30.0 30.0
9.3 30.0 24.338907397545533 30.0 30.0 30.0 30.0 30.0 30.0 30.0 30.0 30.0
9.4 30.0 24.2154347126069 30.0 30.0 30.0 30.0 30.0 30.0 30.0 30.0 30.0
9.5 30.0 24.095048844791727 30.0 30.0 30.0 30.0 30.0 30.0 30.0 30.0 30.0
9.6 30.0 23.97710012684301 30.0 30.0 30.0 30.0 30.0 30.0 30.0 30.0 30.0
9.7 30.0 24.238245120500874 30.0 30.0 30.0 30.0 30.0 30.0 30.0 30.0 30.0
9.8 30.0 24.522288992488352 30.0 30.0 30.0 30.0 30.0 30.0 30.0 30.0 30.0
9.9 30.0 24.823640748952297 30.0 30.0 30.0 30.0 30.0 30.0 30.0 30.0 30.0
10.0 30.0 25.135259267270545 30.0 30.0 30.0 30.0 30.0 30.0 30.0 30.0 30.0
10.1 30.0 24.335259267270544 30.0 30.0 30.0 30.0 30.0 30.0 30.0 30.0 30.0
10.2 30.0 23.535259267270543 30.0 30.0 30.0 30.0 30.0 30.0 30.0 30.0 30.0
10.3 30.0 22.735259267270543 30.0 30.0 30.0 30.0 30.0 30.0 30.0 30.0 30.0
10.4 30.0 21.935259267270542 30.0 30.0 30.0 30.0 30.0 30.0 30.0 30.0 30.0
10.5 30.0 21.5908148228263 30.0 30.0 30.0 30.0 30.0 30.0 30.0 30.0 30.0
10.6 30.0 21.52995885552561 30.0 30.0 30.0 30.0 30.0 30.0 30.0 30.0 30.0
10.7 30.0 21.470793331761005 30.0 30.0 30.0 30.0 30.0 30.0 30.0 30.0 30.0
10.8 30.0 21.413271294767636 30.0 30.0 30.0 30.0 30.0 30.0 30.0 30.0 30.0
10.9 30.0 21.357347092135196 30.0 30.0 30.0 30.0 30.0 30.0 30.0 30.0 30.0
11.0 30.0 21.302976339575913 30.0 30.0 30.0 30.0 30.0 30.0 30.0 30.0 30.0
11.1 30.0 21.25011588569884 30.0 30.0 30.0 30.0 30.0 30.0 30.0 30.0 30.0
11.2 30.0 21.198723777762797 30.0 30.0 30.0 30.0 30.0 30.0 30.0 30.0 30.0
11.3 30.0 21.148759228380495 30.0 30.0 30.0 30.0 30.0 30.0 30.0 30.0 30.0
11.4 30.0 21.1001825831477 30.0 30.0 30.0 30.0 30.0 30.0 30.0 30.0 30.0
11.5 30.0 21.05295528917139 30.0 30.0 30.0 30.0 30.0 30.0 30.0 30.0 30.0
11.6 30.0 21.423706531138848 30.0 30.0 30.0 30.0 30.0 30.0 30.0 30.0 30.0
11.7 30.0 21.811614286212414 30.0 30.0 30.0 30.0 30.0 30.0 30.0 30.0 30.0
11.8 30.0 22.211300386585037 30.0 30.0 30.0 30.0 30.0 30.0 30.0 30.0 30.0
11.9 30.0 22.621231945185865 30.0 30.0 30.0 30.0 30.0 30.0 30.0 30.0 30.0
12.0 30.0 21.821231945185865 30.0 30.0 30.0 30.0 30.0 30.0 30.0 30.0 30.0
12.1 30.0 21.021231945185864 30.0 30.0 30.0 30.0 30.0 30.0 30.0 30.0 30.0
12.2 30.0 20.221231945185863 30.0 30.0 30.0 30.0 30.0 30.0 30.0 30.0 30.0
12.3 30.0 19.421231945185863 30.0 30.0 30.0 30.0 30.0 30.0 30.0 30.0 30.0
12.4 30.0 19.11820164215569 30.0 30.0 30.0 30.0 30.0 30.0 30.0 30.0 30.0
12.5 30.0 19.126740986332777 30.0 30.0 30.0 30.0 30.0 30.0 30.0 30.0 30.0
12.6 30.0 19.135021562504534 30.0 30.0 30.0 30.0 30.0 30.0 30.0 30.0 30.0
12.7 30.0 19.143051212125645 30.0 30.0 30.0 30.0 30.0 30.0 30.0 30.0 30.0
12.8 30.0 19.150837539030974 30.0 30.0 30.0 30.0 30.0 30.0 30.0 30.0 30.0
12.9 30.0 19.158387916636144 30.0 30.0 30.0 30.0 30.0 30.0 30.0 30.0 30.0
13.0 30.0 19.165709494919906 30.0 30.0 30.0 30.0 30.0 30.0 30.0 30.0 30.0
13.1 30.0 19.172809207195044 30.0 30.0 30.0 30.0 30.0 30.0 30.0 30.0 30.0
13.2 30.0 19.179693776673975 30.0 30.0 30.0 30.0 30.0 30.0 30.0 30.0 30.0
13.3 30.0 19.186369722835416 30.0 30.0 30.0 30.0 30.0 30.0 30.0 30.0 30.0
13.4 30.0 19.19284336759798 30.0 30.0 30.0 30.0 30.0 30.0 30.0 30.0 30.0
13.5 30.0 19.640323169503983 30.0 30.0 30.0 30.0 30.0 30.0 30.0 30.0 30.0
13.6 30.0 20.10659041696089 30.0 30.0 30.0 30.0 30.0 30.0 30.0 30.0 30.0
13.7 30.0 20.577830690761992 30.0 30.0 30.0 30.0 30.0 30.0 30.0 30.0 30.0
13.8 30.0 21.056840096830758 30.0 30.0 30.0 30.0 30.0 30.0 30.0 30.0 30.0
13.9 30.0 20.256840096830757 30.0 30.0 30.0 30.0 30.0 30.0 30.0 30.0 30.0
14.0 30.0 19.456840096830756 30.0 30.0 30.0 30.0 30.0 30.0 30.0 30.0 30.0
14.1 30.0 18.656840096830756 30.0 30.0 30.0 30.0 30.0 30.0 30.0 30.0 30.0
14.2 30.0 17.856840096830755 30.0 30.0 30.0 30.0 30.0 30.0 30.0 30.0 30.0
14.3 30.0 17.585872354895564 29.712094449544427 30.0 30.0 30.0 30.0 30.0 30.0 30.0 30.0
14.4 30.0 17.6430053327146 29.321631616445003 30.0 30.0 30.0 30.0 30.0 30.0 30.0 30.0
14.5 30.0 17.69791141606732 29.09476578129682 30.0 30.0 30.0 30.0 30.0 30.0 30.0 30.0
14.6 30.0 17.751101684315252 28.873267508873557 30.0 30.0 30.0 30.0 30.0 30.0 30.0 30.0
14.7 30.0 17.802629756680382 28.653740566335152 30.0 30.0 30.0 30.0 30.0 30.0 30.0 30.0
14.8 30.0 17.85254757678417 28.437796272610196 30.0 30.0 30.0 30.0 30.0 30.0 30.0 30.0
14.9 30.0 17.900905465009636 28.226972791420387 30.0 30.0 30.0 30.0 30.0 30.0 30.0 30.0
15.0 30.0 17.94775216922816 28.0211462628548 30.0 30.0 30.0 30.0 30.0 30.0 30.0 30.0
15.1 30.0 17.99313491393975 27.816109436992026 30.0 30.0 30.0 30.0 30.0 30.0 30.0 30.0
15.2 30.0 18.037099447879122 27.61555138836938 30.0 30.0 30.0 30.0 30.0 30.0 30.0 30.0
15.3 30.0 18.07969009013292 27.419841565782473 30.0 30.0 30.0 30.0 30.0 30.0 30.0 30.0
15.4 30.0 18.58395129679147 27.228860717008313 30.0 30.0 30.0 30.0 30.0 30.0 30.0 30.0
15.5 30.0 19.099589136282624 27.288696817532436 30.0 30.0 30.0 30.0 30.0 30.0 30.0 30.0
15.6 30.0 19.61726036356014 27.37211869541984 30.0 30.0 30.0 30.0 30.0 30.0 30.0 30.0
15.7 30.0 20.14198834278519 27.47595597403538 30.0 30.0 30.0 30.0 30.0 30.0 30.0 30.0
15.8 30.0 19.34198834278519 27.598717160693017 30.0 30.0 30.0 30.0 30.0 30.0 30.0 30.0
15.9 30.0 18.54198834278519 26.96615902115814 30.0 30.0 30.0 30.0 30.0 30.0 30.0 30.0
16.0 30.0 17.741988342785188 26.337587592586726 30.0 30.0 30.0 30.0 30.0 30.0 30.0 30.0
16.1 30.0 16.941988342785187 25.710502173715657 30.0 30.0 30.0 30.0 30.0 30.0 30.0 30.0
16.2 30.0 16.688655009452024 25.08611192981328 30.0 30.0 30.0 30.0 30.0 30.0 30.0 30.0
16.3 30.0 16.779033175803633 24.75311192981337 30.0 30.0 30.0 30.0 30.0 30.0 30.0 30.0
16.4 30.0 16.86425684188085 24.59894904413894 30.0 30.0 30.0 30.0 30.0 30.0 30.0 30.0
16.5 30.0 16.946055008271774 24.449799993168142 30.0 30.0 30.0 30.0 30.0 30.0 30.0 30.0
16.6 30.0 17.02521452413404 24.305150405900957 30.0 30.0 30.0 30.0 30.0 30.0 30.0 30.0
16.7 30.0 17.10182050722654 24.16471075468445 30.0 30.0 30.0 30.0 30.0 30.0 30.0 30.0
16.8 30.0 17.17595532957405 24.02835663962158 30.0 30.0 30.0 30.0 30.0 30.0 30.0 30.0
16.9 30.0 17.24769870603936 23.89329988574655 30.0 30.0 30.0 30.0 30.0 30.0 30.0 30.0
17.0 30.0 17.317127780038174 23.761530904363525 30.0 30.0 30.0 30.0 30.0 30.0 30.0 30.0
17.1 30.0 17.384317206488568 23.633674684610934 30.0 30.0 30.0 30.0 30.0 30.0 30.0 30.0
17.2 30.0 17.449339232085745 23.50961367120928 30.0 30.0 30.0 30.0 30.0 30.0 30.0 30.0
17.3 30.0 17.983755530080423 23.389233878861003 30.0 30.0 30.0 30.0 30.0 30.0 30.0 30.0
17.4 30.0 18.53019458886339 23.548234377301736 30.0 30.0 30.0 30.0 30.0 30.0 30.0 30.0
17.5 30.0 19.077764449806956 23.731152687395234 30.0 30.0 30.0 30.0 30.0 30.0 30.0 30.0
17.6 30.0 19.626131246877073 23.934760855705825 30.0 30.0 30.0 30.0 30.0 30.0 30.0 30.0
17.7 30.0 18.826131246877072 24.154640283579752 30.0 30.0 30.0 30.0 30.0 30.0 30.0 30.0
17.8 30.0 18.02613124687707 23.539255668195118 30.0 30.0 30.0 30.0 30.0 30.0 30.0 30.0
17.9 30.0 17.22613124687707 22.928729352405643 30.0 30.0 30.0 30.0 30.0 30.0 30.0 30.0
18.0 30.0 16.42613124687707 22.323323947000166 30.0 30.0 30.0 30.0 30.0 30.0 30.0 30.0
18.1 30.0 16.18526020531471 21.719990867351537 30.0 30.0 30.0 30.0 30.0 30.0 30.0 30.0
18.2 30.0 16.292418198470866 21.43576418329793 30.0 30.0 30.0 30.0 30.0 30.0 30.0 30.0
18.3 30.0 16.396004258521796 21.352425679917328 30.0 30.0 30.0 30.0 30.0 30.0 30.0 30.0
18.4 30.0 16.496137449904406 21.27229511824025 30.0 30.0 30.0 30.0 30.0 30.0 30.0 30.0
18.5 30.0 16.592932868240975 21.195253622665625 30.0 30.0 30.0 30.0 30.0 30.0 30.0 30.0
18.6 30.0 16.686501772632884 21.121186611896487 30.0 30.0 30.0 30.0 30.0 30.0 30.0 30.0
18.7 30.0 16.77695171354513 21.049983646579168 30.0 30.0 30.0 30.0 30.0 30.0 30.0 30.0
18.8 30.0 16.86230966750996 20.981538282279452 30.0 30.0 30.0 30.0 30.0 30.0 30.0 30.0
18.9 30.0 16.944170645977454 20.91626717483595 30.0 30.0 30.0 30.0 30.0 30.0 30.0 30.0
19.0 30.0 17.023390947720074 20.8536833975849 30.0 30.0 30.0 30.0 30.0 30.0 30.0 30.0
19.1 30.0 17.100055755858154 20.793312462851016 30.0 30.0 30.0 30.0 30.0 30.0 30.0 30.0
19.2 30.0 17.656302271116992 20.733789727534077 30.0 30.0 30.0 30.0 30.0 30.0 30.0 30.0
19.3 30.0 18.217042825144595 20.97618422496746 30.0 30.0 30.0 30.0 30.0 30.0 30.0 30.0
19.4 30.0 18.77964629028731 21.242216191322544 30.0 30.0 30.0 30.0 30.0 30.0 30.0 30.0
19.5 30.0 19.345549449682164 21.528170430833413 30.0 30.0 30.0 30.0 30.0 30.0 30.0 30.0
19.6 30.0 18.545549449682163 21.826833422827406 30.0 30.0 30.0 30.0 30.0 30.0 30.0 30.0
19.7 30.0 17.745549449682162 21.226833422827365 30.0 30.0 30.0 30.0 30.0 30.0 30.0 30.0
19.8 30.0 16.94554944968216 20.632547708541605 30.0 30.0 30.0 30.0 30.0 30.0 30.0 30.0
19.9 30.0 16.14554944968216 20.043046345440438 30.0 30.0 30.0 30.0 30.0 30.0 30.0 30.0
20.0 30.0 15.911066691061675 19.45481105132285 30.0 30.0 30.0 30.0 30.0 30.0 30.0 30.0
20.1 30.0 16.030328911657634 19.21526792709536 30.0 30.0 30.0 30.0 30.0 30.0 30.0 30.0
20.2 30.0 16.142651281269103 19.188802472993395 30.0 30.0 30.0 30.0 30.0 30.0 30.0 30.0
20.3 30.0 15.342651281269102 18.388802472993394 29.2 29.2 29.2 29.2 29.2 29.2 29.2 29.2
20.4 30.0 14.542651281269102 17.588802472993393 28.4 28.4 28.4 28.4 28.4 28.4 28.4 28.4
20.5 30.0 13.7426512812691 16.788802472993392 27.599999999999998 27.599999999999998 27.599999999999998 27.599999999999998 27.599999999999998 27.599999999999998 27.599999999999998 27.599999999999998
20.6 30.0 12.9426512812691 15.988802472993392 26.799999999999997 26.799999999999997 26.799999999999997 26.799999999999997 26.799999999999997 26.799999999999997 26.799999999999997 26.799999999999997
20.7 30.0 12.9426512812691 15.988802472993392 26.799999999999997 26.799999999999997 26.799999999999997 26.799999999999997 26.799999999999997 26.799999999999997 26.799999999999997 26.799999999999997
20.8 30.0 12.9426512812691 15.988802472993392 26.799999999999997 26.799999999999997 26.799999999999997 26.799999999999997 26.799999999999997 26.799999999999997 26.799999999999997 26.799999999999997
20.9 30.0 12.9426512812691 15.988802472993392 26.799999999999997 26.799999999999997 26.799999999999997 26.799999999999997 26.799999999999997 26.799999999999997 26.799999999999997 26.799999999999997
21.0 30.0 12.9426512812691 15.988802472993392 26.799999999999997 26.799999999999997 26.799999999999997 26.799999999999997 26.799999999999997 26.799999999999997 26.799999999999997 26.799999999999997
21.1 30.0 12.9426512812691 15.988802472993392 26.799999999999997 26.799999999999997 26.799999999999997 26.799999999999997 26.799999999999997 26.799999999999997 26.799999999999997 26.799999999999997
21.2 30.0 12.9426512812691 15.988802472993392 26.799999999999997 26.799999999999997 26.799999999999997 26.799999999999997 26.799999999999997 26.799999999999997 26.799999999999997 26.799999999999997
21.3 30.0 12.9426512812691 15.988802472993392 26.799999999999997 26.799999999999997 26.799999999999997 26.799999999999997 26.799999999999997 26.799999999999997 26.799999999999997 26.799999999999997
21.4 30.0 12.9426512812691 15.988802472993392 26.799999999999997 26.799999999999997 26.799999999999997 26.799999999999997 26.799999999999997 26.799999999999997 26.799999999999997 26.799999999999997
21.5 30.0 12.9426512812691 15.988802472993392 26.799999999999997 26.799999999999997 26.799999999999997 26.799999999999997 26.799999999999997 26.799999999999997 26.799999999999997 26.799999999999997
21.6 30.0 12.9426512812691 15.988802472993392 26.799999999999997 26.799999999999997 26.799999999999997 26.799999999999997 26.799999999999997 26.799999999999997 26.799999999999997 26.799999999999997
21.7 30.0 12.9426512812691 15.988802472993392 26.799999999999997 26.799999999999997 26.799999999999997 26.799999999999997 26.799999999999997 26.799999999999997 26.799999999999997 26.799999999999997
21.8 30.0 12.9426512812691 15.909238096839468 26.799999999999997 26.799999999999997 26.799999999999997 26.799999999999997 26.799999999999997 26.799999999999997 26.799999999999997 26.799999999999997
21.9 30.0 12.9426512812691 15.806941999750885 26.799999999999997 26.799999999999997 26.799999999999997 26.799999999999997 26.799999999999997 26.799999999999997 26.799999999999997 26.799999999999997
22.0 30.0 12.9426512812691 15.708173354286046 26.799999999999997 26.799999999999997 26.799999999999997 26.799999999999997 26.799999999999997 26.799999999999997 26.799999999999997 26.799999999999997
22.1 30.0 12.9426512812691 15.61281052418196 26.799999999999997 26.799999999999997 26.799999999999997 26.799999999999997 26.799999999999997 26.799999999999997 26.799999999999997 26.799999999999997
22.2 30.0 12.9426512812691 15.520736067529832 26.799999999999997 26.799999999999997 26.799999999999997 26.799999999999997 26.799999999999997 26.799999999999997 26.799999999999997 26.799999999999997
22.3 30.0 12.9426512812691 15.431836592141565 26.799999999999997 26.799999999999997 26.799999999999997 26.799999999999997 26.799999999999997 26.799999999999997 26.799999999999997 26.799999999999997
22.4 30.0 12.9426512812691 15.346002615904537 26.799999999999997 26.799999999999997 26.799999999999997 26.799999999999997 26.799999999999997 26.799999999999997 26.799999999999997 26.799999999999997
22.5 30.0 12.9426512812691 15.263128431951516 26.799999999999997 26.799999999999997 26.799999999999997 26.799999999999997 26.799999999999997 26.799999999999997 26.799999999999997 26.799999999999997
22.6 30.0 12.9426512812691 15.182508834853946 26.799999999999997 26.799999999999997 26.799999999999997 26.799999999999997 26.799999999999997 26.799999999999997 26.799999999999997 26.799999999999997
22.7 30.0 12.9426512812691 15.102513922225866 26.799999999999997 26.799999999999997 26.799999999999997 26.799999999999997 26.799999999999997 26.799999999999997 26.799999999999997 26.799999999999997
22.8 30.0 12.9426512812691 15.025375970763154 26.799999999999997 26.799999999999997 26.799999999999997 26.799999999999997 26.799999999999997 26.799999999999997 26.799999999999997 26.799999999999997
22.9 30.0 12.9426512812691 14.950992946138362 26.799999999999997 26.799999999999997 26.799999999999997 26.799999999999997 26.799999999999997 26.799999999999997 26.799999999999997 26.799999999999997
23.0 30.0 12.9426512812691 14.879266458107342 26.799999999999997 26.799999999999997 26.799999999999997 26.799999999999997 26.799999999999997 26.799999999999997 26.799999999999997 26.799999999999997
23.1 30.0 12.9426512812691 14.810101630363155 26.643109763137737 26.799999999999997 26.799999999999997 26.799999999999997 26.799999999999997 26.799999999999997 26.799999999999997 26.799999999999997
23.2 30.0 12.9426512812691 14.743406975038312 26.337517732922763 26.799999999999997 26.799999999999997 26.799999999999997 26.799999999999997 26.799999999999997 26.799999999999997 26.799999999999997
23.3 30.0 12.9426512812691 14.67909427168935 26.032884053072053 26.799999999999997 26.799999999999997 26.799999999999997 26.799999999999997 26.799999999999997 26.799999999999997 26.799999999999997
23.4 30.0 12.9426512812691 14.61707845060282 25.734993137794437 26.799999999999997 26.799999999999997 26.799999999999997 26.799999999999997 26.799999999999997 26.799999999999997 26.799999999999997
23.5 30.0 12.9426512812691 14.557277480269521 25.43989054440527 26.799999999999997 26.799999999999997 26.799999999999997 26.799999999999997 26.799999999999997 26.799999999999997 26.799999999999997
23.6 30.0 12.9426512812691 14.499612258876574 25.148206872938655 26.799999999999997 26.799999999999997 26.799999999999997 26.799999999999997 26.799999999999997 26.799999999999997 26.799999999999997
23.7 30.0 12.9426512812691 14.44400650967624 24.863168614423255 26.799999999999997 26.799999999999997 26.799999999999997 26.799999999999997 26.799999999999997 26.799999999999997 26.799999999999997
23.8 30.0 12.9426512812691 14.390030631204757 24.57924619002495 26.799999999999997 26.799999999999997 26.799999999999997 26.799999999999997 26.799999999999997 26.799999999999997 26.799999999999997
23.9 30.0 12.9426512812691 14.33642398861462 24.300475889962136 26.799999999999997 26.799999999999997 26.799999999999997 26.799999999999997 26.799999999999997 26.799999999999997 26.799999999999997
24.0 30.0 12.9426512812691 14.284802777231391 24.02859176932764 26.799999999999997 26.799999999999997 26.799999999999997 26.799999999999997 26.799999999999997 26.799999999999997 26.799999999999997
24.1 30.0 12.9426512812691 14.235093462566038 23.756982594551157 26.799999999999997 26.799999999999997 26.799999999999997 26.799999999999997 26.799999999999997 26.799999999999997 26.799999999999997
24.2 30.0 12.9426512812691 14.187225233629086 23.491163428364114 26.799999999999997 26.799999999999997 26.799999999999997 26.799999999999997 26.799999999999997 26.799999999999997 26.799999999999997
24.3 30.0 12.9426512812691 14.141129902060262 23.23173527229572 26.799999999999997 26.799999999999997 26.799999999999997 26.799999999999997 26.799999999999997 26.799999999999997 26.799999999999997
24.4 30.0 12.9426512812691 14.09674180499395 22.972722358226967 26.799999999999997 26.799999999999997 26.799999999999997 26.799999999999997 26.799999999999997 26.799999999999997 26.799999999999997
24.5 30.0 12.9426512812691 14.053997711522713 22.719286089717446 26.799999999999997 26.799999999999997 26.799999999999997 26.799999999999997 26.799999999999997 26.799999999999997 26.799999999999997
24.6 30.0 13.5426512812691 14.012836732624471 22.472129827422492 27.4 27.4 27.4 27.4 27.4 27.4 27.4
24.7 30.0 14.1426512812691 14.350978012203948 22.226537937999527 28.0 28.0 28.0 28.0 28.0 28.0 28.0
24.8 30.0 14.742651281269099 14.707526102851439 22.169047176568572 28.6 28.6 28.6 28.6 28.6 28.6 28.6
24.9 30.0 15.342651281269099 15.085303833554441 22.13951535414003 29.200000000000003 29.200000000000003 29.200000000000003 29.200000000000003 29.200000000000003 29.200000000000003 29.200000000000003
25.0 30.0 15.942651281269098 15.475465726500412 22.132644749601347 29.800000000000004 29.800000000000004 29.800000000000004 29.800000000000004 29.800000000000004 29.800000000000004 29.800000000000004
25.1 30.0 16.542651281269098 15.884679021492529 22.149974500315615 30.0 30.0 30.0 30.0 30.0 30.0 30.0
25.2 30.0 17.1426512812691 16.308543838811016 22.190778746964956 30.0 30.0 30.0 30.0 30.0 30.0 30.0
25.3 30.0 17.7426512812691 16.74776912960201 22.257798759389388 30.0 30.0 30.0 30.0 30.0 30.0 30.0
25.4 30.0 18.342651281269102 17.192600236161184 22.34629811576868 30.0 30.0 30.0 30.0 30.0 30.0 30.0
25.5 30.0 18.942651281269104 17.653770573940708 22.45654091503108 30.0 30.0 30.0 30.0 30.0 30.0 30.0
25.6 30.0 19.542651281269105 18.123505948584278 22.58642452887902 30.0 30.0 30.0 30.0 30.0 30.0 30.0
25.7 30.0 20.142651281269107 18.603454150565153 22.740931362085885 30.0 30.0 30.0 30.0 30.0 30.0 30.0
25.8 30.0 20.742651281269108 19.090782890321954 22.915269187944407 30.0 30.0 30.0 30.0 30.0 30.0 30.0
25.9 30.0 21.34265128126911 19.5837559932816 23.10958694364927 30.0 30.0 30.0 30.0 30.0 30.0 30.0
26.0 30.0 21.94265128126911 20.08997858116666 23.32206692999116 30.0 30.0 30.0 30.0 30.0 30.0 30.0
26.1 30.0 22.542651281269112 20.598416409205825 23.553021605416422 30.0 30.0 30.0 30.0 30.0 30.0 30.0
26.2 30.0 23.142651281269114 21.111985013209313 23.80318418246179 30.0 30.0 30.0 30.0 30.0 30.0 30.0
26.3 30.0 23.742651281269115 21.6341115336107 24.069604601501325 30.0 30.0 30.0 30.0 30.0 30.0 30.0
26.4 30.0 24.342651281269116 22.159819399257305 24.348952301405312 30.0 30.0 30.0 30.0 30.0 30.0 30.0
26.5 30.0 24.942651281269118 22.690494761468404 24.649076788163043 30.0 30.0 30.0 30.0 30.0 30.0 30.0
26.6 30.0 25.54265128126912 23.226502788124797 24.961541927829124 30.0 30.0 30.0 30.0 30.0 30.0 30.0
26.7 30.0 26.14265128126912 23.76281428794906 25.28592457160475 30.0 30.0 30.0 30.0 30.0 30.0 30.0
26.8 30.0 26.742651281269122 24.30680613761513 25.6274483487391 30.0 30.0 30.0 30.0 30.0 30.0 30.0
26.9 30.0 27.342651281269124 24.85489614462266 25.978922814615522 30.0 30.0 30.0 30.0 30.0 30.0 30.0
27.0 30.0 27.942651281269125 25.401979227986516 26.344960188064412 30.0 30.0 30.0 30.0 30.0 30.0 30.0
27.1 30.0 28.542651281269126 25.95290048573167 26.71871912843963 30.0 30.0 30.0 30.0 30.0 30.0 30.0
27.2 30.0 29.142651281269128 26.510563313431074 27.10629217107041 30.0 30.0 30.0 30.0 30.0 30.0 30.0
27.3 30.0 29.74265128126913 27.068115388991654 27.502968370413672 30.0 30.0 30.0 30.0 30.0 30.0 30.0
27.4 30.0 30.0 27.62604883864057 27.91124940477909 30.0 30.0 30.0 30.0 30.0 30.0 30.0
27.5 30.0 30.0 27.896409151240565 28.325502798248863 30.0 30.0 30.0 30.0 30.0 30.0 30.0
27.6 30.0 30.0 27.94421803416693 28.52023962005757 30.0 30.0 30.0 30.0 30.0 30.0 30.0
27.7 30.0 30.0 27.990940351572213 28.543561407471064 30.0 30.0 30.0 30.0 30.0 30.0 30.0
27.8 30.0 30.0 28.035787447057857 28.566582246046185 30.0 30.0 30.0 30.0 30.0 30.0 30.0
27.9 30.0 30.0 28.079436614901045 28.589466554814678 30.0 30.0 30.0 30.0 30.0 30.0 30.0
28.0 30.0 30.0 28.122115801236536 28.612081908916934 30.0 30.0 30.0 30.0 30.0 30.0 30.0
28.1 30.0 30.0 28.163846561209013 28.634388695896103 30.0 30.0 30.0 30.0 30.0 30.0 30.0
28.2 30.0 30.0 28.204649970959892 28.656389461770576 30.0 30.0 30.0 30.0 30.0 30.0 30.0
28.3 30.0 30.0 28.24454663827194 28.67808679178096 30.0 30.0 30.0 30.0 30.0 30.0 30.0
28.4 30.0 30.0 28.28355671297704 28.699483307390153 30.0 30.0 30.0 30.0 30.0 30.0 30.0
28.5 30.0 30.0 28.32169989713311 28.720581663396022 30.0 30.0 30.0 30.0 30.0 30.0 30.0
28.6 30.0 30.0 28.3589954549746 28.741384545155988 30.0 30.0 30.0 30.0 30.0 30.0 30.0
28.7 30.0 30.0 28.395462222641857 28.76189466591754 30.0 30.0 30.0 30.0 30.0 30.0 30.0
28.8 30.0 30.0 28.43111861769424 28.782114764252633 30.0 30.0 30.0 30.0 30.0 30.0 30.0
28.9 30.0 30.0 28.465982648412115 28.802003088514 30.0 30.0 30.0 30.0 30.0 30.0 30.0
29.0 30.0 30.0 28.500071922891824 28.821225276231953 30.0 30.0 30.0 30.0 30.0 30.0 30.0
29.1 30.0 30.0 28.53340365793871 28.840181173046012 30.0 30.0 30.0 30.0 30.0 30.0 30.0
29.2 30.0 30.0 28.56599468776229 28.858873199383716 30.0 30.0 30.0 30.0 30.0 30.0 30.0
29.3 30.0 30.0 28.597861472478726 28.87730379790986 30.0 30.0 30.0 30.0 30.0 30.0 30.0
29.4 30.0 30.0 28.629020106423596 28.89547543138047 30.0 30.0 30.0 30.0 30.0 30.0 30.0
29.5 30.0 30.0 28.659486326280863 28.913390580578547 30.0 30.0 30.0 30.0 30.0 30.0 30.0
29.6 30.0 30.0 28.68927551903014 28.931051742333082 30.0 30.0 30.0 30.0 30.0 30.0 30.0
29.7 30.0 30.0 28.718402729718317 28.948461427614014 30.0 30.0 30.0 30.0 30.0 30.0 30.0
29.8 30.0 30.0 28.746882669057896 28.96562215970516 30.0 30.0 30.0 30.0 30.0 30.0 30.0
29.9 30.0 30.0 28.77472972085664 28.982536472449475 30.0 30.0 30.0 30.0 30.0 30.0 30.0
30.0 30.0 30.0 28.80191538516719 28.999206908566098 30.0 30.0 30.0 30.0 30.0 30.0 30.0
30.1 30.0 30.0 28.827960702880983 29.015644345797323 30.0 30.0 30.0 30.0 30.0 30.0 30.0
30.2 30.0 30.0 28.85343981803579 29.031947558727325 30.0 30.0 30.0 30.0 30.0 30.0 30.0
30.3 30.0 30.0 28.878365039382846 29.048007132746452 30.0 30.0 30.0 30.0 30.0 30.0 30.0
30.4 30.0 30.0 28.90274840809194 29.063825956118826 30.0 30.0 30.0 30.0 30.0 30.0 30.0
30.5 30.0 30.0 28.92660170356823 29.07940690667317 30.0 30.0 30.0 30.0 30.0 30.0 30.0
30.6 30.0 30.0 28.9499364491428 29.09475285089153 30.0 30.0 30.0 30.0 30.0 30.0 30.0
30.7 30.0 30.0 28.97276391763967 29.109866643042324 30.0 30.0 30.0 30.0 30.0 30.0 30.0
30.8 30.0 30.0 28.99509513682139 29.124751124357207 30.0 30.0 30.0 30.0 30.0 30.0 30.0
30.9 30.0 30.0 29.01694089471661 29.139409122248573 30.0 30.0 30.0 30.0 30.0 30.0 30.0
31.0 30.0 30.0 29.03831174483146 29.153843449568036 30.0 30.0 30.0 30.0 30.0 30.0 30.0
31.1 30.0 30.0 29.059218011248202 29.16805690390277 30.0 30.0 30.0 30.0 30.0 30.0 30.0
31.2 30.0 30.0 29.079669793612375 29.182052266910297 30.0 30.0 30.0 30.0 30.0 30.0 30.0
31.3 30.0 30.0 29.09967697201207 29.195832303688853 30.0 30.0 30.0 30.0 30.0 30.0 30.0
31.4 30.0 30.0 29.119249211750894 29.209399762182624 30.0 30.0 30.0 30.0 30.0 30.0 30.0
31.5 30.0 30.0 29.138395968017225 29.222757372621018 30.0 30.0 30.0 30.0 30.0 30.0 30.0
31.6 30.0 30.0 29.157126490451656 29.23590784699019 30.0 30.0 30.0 30.0 30.0 30.0 30.0
31.7 30.0 30.0 29.175449827615797 29.248853878535783 30.0 30.0 30.0 30.0 30.0 30.0 30.0
31.8 30.0 30.0 29.193374831363254 29.26159814129646 30.0 30.0 30.0 30.0 30.0 30.0 30.0
31.9 30.0 30.0 29.21091016111627 29.274143289665428 30.0 30.0 30.0 30.0 30.0 30.0 30.0
32.0 30.0 30.0 29.228064288048575 29.28649195798185 30.0 30.0 30.0 30.0 30.0 30.0 30.0
32.1 30.0 30.0 29.24484549917793 29.29864676014772 30.0 30.0 30.0 30.0 30.0 30.0 30.0
32.2 30.0 30.0 29.26126190136969 29.31061028927136 30.0 30.0 30.0 30.0 30.0 30.0 30.0
32.3 30.0 30.0 29.277321425252953 29.32238511733661 30.0 30.0 30.0 30.0 30.0 30.0 30.0
32.4 30.0 30.0 29.293031829051824 29.333973794895535 30.0 30.0 30.0 30.0 30.0 30.0 30.0
32.5 30.0 30.0 29.308400702333305 29.34537885078499 30.0 30.0 30.0 30.0 30.0 30.0 30.0
32.6 30.0 30.0 29.32343546967386 29.356602791865054 30.0 30.0 30.0 30.0 30.0 30.0 30.0
32.7 30.0 30.0 29.33814339424618 29.36764810277962 30.0 30.0 30.0 30.0 30.0 30.0 30.0
32.8 30.0 30.0 29.35253158132775 29.378517245737694 30.0 30.0 30.0 30.0 30.0 30.0 30.0
32.9 30.0 30.0 29.36660698173371 29.389212660314342 30.0 30.0 30.0 30.0 30.0 30.0 30.0
33.0 30.0 30.0 29.380376395174263 29.399736763271665 30.0 30.0 30.0 30.0 30.0 30.0 30.0
33.1 30.0 30.0 29.393846473540034 29.410091948396957 30.0 30.0 30.0 30.0 30.0 30.0 30.0
33.2 30.0 30.0 29.40702372411525 29.420280586360217 30.0 30.0 30.0 30.0 30.0 30.0 30.0
33.3 30.0 30.0 29.419914512721427 29.43030502458769 30.0 30.0 30.0 30.0 30.0 30.0 30.0
33.4 30.0 30.0 29.43252506679266 29.44016758715197 30.0 30.0 30.0 30.0 30.0 30.0 30.0
33.5 30.0 30.0 29.44486147838417 29.449870574678073 30.0 30.0 30.0 30.0 30.0 30.0 30.0
33.6 30.0 30.0 29.456929707114988 29.459416264265037 30.0 30.0 30.0 30.0 30.0 30.0 30.0
33.7 30.0 30.0 29.468735583047234 29.468806909420667 30.0 30.0 30.0 30.0 30.0 30.0 30.0
33.8 30.0 30.0 29.480284809502763 29.47804474001164 30.0 30.0 30.0 30.0 30.0 30.0 30.0
33.9 30.0 30.0 29.49158296581795 29.487131962226595 30.0 30.0 30.0 30.0 30.0 30.0 30.0
34.0 30.0 30.0 29.502635510039347 29.496070758551255 30.0 30.0 30.0 30.0 30.0 30.0 30.0
34.1 30.0 30.0 29.513447781560238 29.50486328775688 30.0 30.0 30.0 30.0 30.0 30.0 30.0
34.2 30.0 30.0 29.52402500370024 29.51351168489938 30.0 30.0 30.0 30.0 30.0 30.0 30.0
34.3 30.0 30.0 29.53437228622845 29.52201806133074 30.0 30.0 30.0 30.0 30.0 30.0 30.0
34.4 30.0 30.0 29.54449462783215 29.530384504720217 30.0 30.0 30.0 30.0 30.0 30.0 30.0
34.5 30.0 30.0 29.55439691853149 29.5386130790864 30.0 30.0 30.0 30.0 30.0 30.0 30.0
34.6 30.0 30.0 29.564083942041627 29.54670582483912 30.0 30.0 30.0 30.0 30.0 30.0 30.0
34.7 30.0 30.0 29.57356037808421 29.55466475882976 30.0 30.0 30.0 30.0 30.0 30.0 30.0
34.8 30.0 30.0 29.582830804647582 29.562491874412103 30.0 30.0 30.0 30.0 30.0 30.0 30.0
34.9 30.0 30.0 29.59189970019872 29.570189141510287 30.0 30.0 30.0 30.0 30.0 30.0 30.0
35.0 30.0 30.0 29.600755032105152 29.57775850669574 30.0 30.0 30.0 30.0 30.0 30.0 30.0
35.1 30.0 30.0 29.60924960589012 29.585205104655522 30.0 30.0 30.0 30.0 30.0 30.0 30.0
35.2 30.0 30.0 29.617563444062636 29.592560403161645 30.0 30.0 30.0 30.0 30.0 30.0 30.0
35.3 30.0 30.0 29.625700392061308 29.59979116518955 30.0 30.0 30.0 30.0 30.0 30.0 30.0
35.4 30.0 30.0 29.6336642135068 29.60675255109669 30.0 30.0 30.0 30.0 30.0 30.0 30.0
35.5 30.0 30.0 29.64145859194283 29.613594531009266 30.0 30.0 30.0 30.0 30.0 30.0 30.0
35.6 30.0 30.0 29.64908713253983 29.620323383414863 30.0 30.0 30.0 30.0 30.0 30.0 30.0
35.7 30.0 30.0 29.656553363762413 29.62694082493003 30.0 30.0 30.0 30.0 30.0 30.0 30.0
35.8 30.0 30.0 29.66386073900153 29.633448550335746 30.0 30.0 30.0 30.0 30.0 30.0 30.0
35.9 30.0 30.0 29.671012638171717 29.639848232729666 30.0 30.0 30.0 30.0 30.0 30.0 30.0
36.0 30.0 30.0 29.678012369274416 29.646141523681624 30.0 30.0 30.0 30.0 30.0 30.0 30.0
36.1 30.0 30.0 29.684863169928192 29.65233005339208 30.0 30.0 30.0 30.0 30.0 30.0 30.0
36.2 30.0 30.0 29.691568208865903 29.65841543085435 30.0 30.0 30.0 30.0 30.0 30.0 30.0
36.3 30.0 30.0 29.698130587400716 29.66439924401829 30.0 30.0 30.0 30.0 30.0 30.0 30.0
36.4 30.0 30.0 29.704553340860315 29.670283059958 30.0 30.0 30.0 30.0 30.0 30.0 30.0
36.5 30.0 30.0 29.710839439990917 29.676068425041155 30.0 30.0 30.0 30.0 30.0 30.0 30.0
36.6 30.0 30.0 29.716991792331548 29.681756865100308 30.0 30.0 30.0 30.0 30.0 30.0 30.0
36.7 30.0 30.0 29.723013243558587 29.687349885607343 30.0 30.0 30.0 30.0 30.0 30.0 30.0
36.8 30.0 30.0 29.728906578801976 29.692848971848907 30.0 30.0 30.0 30.0 30.0 30.0 30.0
36.9 30.0 30.0 29.734674523933833 29.698255589103347 30.0 30.0 30.0 30.0 30.0 30.0 30.0
37.0 30.0 30.0 29.74031974682886 29.703571182820518 30.0 30.0 30.0 30.0 30.0 30.0 30.0
37.1 30.0 30.0 29.74584485859845 29.708797178801863 30.0 30.0 30.0 30.0 30.0 30.0 30.0
37.2 30.0 30.0 29.75125241479848 29.71393498338213 30.0 30.0 30.0 30.0 30.0 30.0 30.0
37.3 30.0 30.0 29.756544916611272 29.718985983612278 30.0 30.0 30.0 30.0 30.0 30.0 30.0
37.4 30.0 30.0 29.761724812002484 29.723951547443615 30.0 30.0 30.0 30.0 30.0 30.0 30.0
37.5 30.0 30.0 29.766794496853517 29.728833023912387 30.0 30.0 30.0 30.0 30.0 30.0 30.0
37.6 30.0 30.0 29.771756316069382 29.733631743325752 30.0 30.0 30.0 30.0 30.0 30.0 30.0
37.7 30.0 30.0 29.776612564663687 29.738349017447675 30.0 30.0 30.0 30.0 30.0 30.0 30.0
37.8 30.0 30.0 29.781365488819752 29.7429861396861 30.0 30.0 30.0 30.0 30.0 30.0 30.0
37.9 30.0 30.0 29.786017286929955 29.74754438527991 30.0 30.0 30.0 30.0 30.0 30.0 30.0
38.0 30.0 30.0 29.790570110612325 29.752025011486815 30.0 30.0 30.0 30.0 30.0 30.0 30.0
38.1 30.0 30.0 29.795026065705667 29.756429257771405 30.0 30.0 30.0 30.0 30.0 30.0 30.0
38.2 30.0 30.0 29.79938721324389 29.760758345992347 30.0 30.0 30.0 30.0 30.0 30.0 30.0
38.3 30.0 30.0 29.803655570408935 29.765013480591605 30.0 30.0 30.0 30.0 30.0 30.0 30.0
38.4 30.0 30.0 29.807833111464078 29.76919584878146 30.0 30.0 30.0 30.0 30.0 30.0 30.0
38.5 30.0 30.0 29.81192176866699 29.77330662073301 30.0 30.0 30.0 30.0 30.0 30.0 30.0
38.6 30.0 30.0 29.815923433163395 29.77734694976375 30.0 30.0 30.0 30.0 30.0 30.0 30.0
38.7 30.0 30.0 29.819839955862086 29.78131797252471 30.0 30.0 30.0 30.0 30.0 30.0 30.0
38.8 30.0 30.0 29.82367314829055 29.78522080918832 30.0 30.0 30.0 30.0 30.0 30.0 30.0
38.9 30.0 30.0 29.82742478343333 29.789056563634116 30.0 30.0 30.0 30.0 30.0 30.0 30.0
39.0 30.0 30.0 29.83109659655175 29.79282632363584 30.0 30.0 30.0 30.0 30.0 30.0 30.0
39.1 30.0 30.0 29.834690285986774 29.79653116104644 30.0 30.0 30.0 30.0 30.0 30.0 30.0
39.2 30.0 30.0 29.838207513944464 29.800172131983427 30.0 30.0 30.0 30.0 30.0 30.0 30.0
39.3 30.0 30.0 29.8416499072648 29.803750277013158 30.0 30.0 30.0 30.0 30.0 30.0 30.0
39.4 30.0 30.0 29.845019058174024 29.807266621334517 30.0 30.0 30.0 30.0 30.0 30.0 30.0
39.5 30.0 30.0 29.84831652502136 29.810722174961825 30.0 30.0 30.0 30.0 30.0 30.0 30.0
39.6 30.0 30.0 29.85154383299962 29.814117932906758 30.0 30.0 30.0 30.0 30.0 30.0 30.0
39.7 30.0 30.0 29.854702474850654 29.81745487535976 30.0 30.0 30.0 30.0 30.0 30.0 30.0
39.8 30.0 30.0 29.857793911555984 29.820733967869916 30.0 30.0 30.0 30.0 30.0 30.0 30.0
39.9 30.0 30.0 29.860819573012243 29.823956161524833 30.0 30.0 30.0 30.0 30.0 30.0 30.0
40.0 30.0 30.0 29.863780858692795 29.827122393128434 30.0 30.0 30.0 30.0 30.0 30.0 30.0
40.1 30.0 30.0 29.86667913829512 29.83023358537823 30.0 30.0 30.0 30.0 30.0 30.0 30.0
40.2 30.0 30.0 29.869515752373953 29.83329064704207 30.0 30.0 30.0 30.0 30.0 30.0 30.0
40.3 30.0 30.0 29.87229201296171 29.836294473132472 30.0 30.0 30.0 30.0 30.0 30.0 30.0
40.4 30.0 30.0 29.875009204175324 29.839245945080833 30.0 30.0 30.0 30.0 30.0 30.0 30.0
40.5 30.0 30.0 29.877668582809907 29.842145930910547 30.0 30.0 30.0 30.0 30.0 30.0 30.0
40.6 30.0 30.0 29.880271378920376 29.84499528540792 30.0 30.0 30.0 30.0 30.0 30.0 30.0
40.7 30.0 30.0 29.88281879639016 29.847794850293035 30.0 30.0 30.0 30.0 30.0 30.0 30.0
40.8 30.0 30.0 29.885312013488228 29.850545454388346 30.0 30.0 30.0 30.0 30.0 30.0 30.0
40.9 30.0 30.0 29.887752183413994 29.85324791378686 30.0 30.0 30.0 30.0 30.0 30.0 30.0
41.0 30.0 30.0 29.89014043483074 29.8559030320183 30.0 30.0 30.0 30.0 30.0 30.0 30.0
41.1 30.0 30.0 29.892477872387513 29.858511600214786 30.0 30.0 30.0 30.0 30.0 30.0 30.0
41.2 30.0 30.0 29.894765577230366 29.86107439727377 30.0 30.0 30.0 30.0 30.0 30.0 30.0
41.3 30.0 30.0 29.89700460750211 29.863592190021464 30.0 30.0 30.0 30.0 30.0 30.0 30.0
41.4 30.0 30.0 29.899195998831875 29.866065733373233 30.0 30.0 30.0 30.0 30.0 30.0 30.0
41.5 30.0 30.0 29.90134076481416 29.868495770493695 30.0 30.0 30.0 30.0 30.0 30.0 30.0
41.6 30.0 30.0 29.903439897477703 29.87088303295466 30.0 30.0 30.0 30.0 30.0 30.0 30.0
41.7 30.0 30.0 29.905494367744186 29.87322824089237 30.0 30.0 30.0 30.0 30.0 30.0 30.0
41.8 30.0 30.0 29.907505125877275 29.875532103162797 30.0 30.0 30.0 30.0 30.0 30.0 30.0
41.9 30.0 30.0 29.909473101922487 29.87779531749544 30.0 30.0 30.0 30.0 30.0 30.0 30.0
42.0 30.0 30.0 29.911399206136945 29.880018570646413 30.0 30.0 30.0 30.0 30.0 30.0 30.0
42.1 30.0 30.0 29.913284329410676 29.882202538549006 30.0 30.0 30.0 30.0 30.0 30.0 30.0
42.2 30.0 30.0 29.915129343678565 29.88434788646369 30.0 30.0 30.0 30.0 30.0 30.0 30.0
42.3 30.0 30.0 29.916935102323656 29.88645526912601 30.0 30.0 30.0 30.0 30.0 30.0 30.0
42.4 30.0 30.0 29.918702440572083 29.8885253308934 30.0 30.0 30.0 30.0 30.0 30.0 30.0
42.5 30.0 30.0 29.920432175879046 29.890558705890655 30.0 30.0 30.0 30.0 30.0 30.0 30.0
42.6 30.0 30.0 29.922125108307192 29.892556018153254 30.0 30.0 30.0 30.0 30.0 30.0 30.0
42.7 30.0 30.0 29.92378202089644 29.89451788177014 30.0 30.0 30.0 30.0 30.0 30.0 30.0
42.8 30.0 30.0 29.925403680026303 29.896444901023912 30.0 30.0 30.0 30.0 30.0 30.0 30.0
42.9 30.0 30.0 29.926990835770418 29.898337670530466 30.0 30.0 30.0 30.0 30.0 30.0 30.0
43.0 30.0 30.0 29.928544222243396 29.900196775376703 30.0 30.0 30.0 30.0 30.0 30.0 30.0
43.1 30.0 30.0 29.93006455794034 29.902022791256893 30.0 30.0 30.0 30.0 30.0 30.0 30.0
43.2 30.0 30.0 29.9315525460693 29.903816284607295 30.0 30.0 30.0 30.0 30.0 30.0 30.0
43.3 30.0 30.0 29.933008874876368 29.905577812739853 30.0 30.0 30.0 30.0 30.0 30.0 30.0
43.4 30.0 30.0 29.934434217964082 29.907307923973924 30.0 30.0 30.0 30.0 30.0 30.0 30.0
43.5 30.0 30.0 29.935829234603187 29.90900715776616 30.0 30.0 30.0 30.0 30.0 30.0 30.0
43.6 30.0 30.0 29.93719457003712 29.910676044840315 30.0 30.0 30.0 30.0 30.0 30.0 30.0
43.7 30.0 30.0 29.938530855780982 29.912315107313763 30.0 30.0 30.0 30.0 30.0 30.0 30.0
43.8 30.0 30.0 29.939838709913335 29.913924858824178 30.0 30.0 30.0 30.0 30.0 30.0 30.0
43.9 30.0 30.0 29.941118737361943 29.915505804653712 30.0 30.0 30.0 30.0 30.0 30.0 30.0
44.0 30.0 30.0 29.942371530184055 29.91705844185174 30.0 30.0 30.0 30.0 30.0 30.0 30.0
44.1 30.0 30.0 29.94359766783974 29.918583259357046 30.0 30.0 30.0 30.0 30.0 30.0 30.0
44.2 30.0 30.0 29.944797717460194 29.920080738117562 30.0 30.0 30.0 30.0 30.0 30.0 30.0
44.3 30.0 30.0 29.94597223410993 29.92155135120912 30.0 30.0 30.0 30.0 30.0 30.0 30.0
44.4 30.0 30.0 29.947121761043785 29.92299556395255 30.0 30.0 30.0 30.0 30.0 30.0 30.0
44.5 30.0 30.0 29.94824682995777 29.924413834030062 30.0 30.0 30.0 30.0 30.0 30.0 30.0
44.6 30.0 30.0 29.949347961235254 29.925806611599164 30.0 30.0 30.0 30.0 30.0 30.0 30.0
44.7 30.0 30.0 29.950425664187648 29.92717433940564 30.0 30.0 30.0 30.0 30.0 30.0 30.0
44.8 30.0 30.0 29.95148043729004 29.928517452895456 30.0 30.0 30.0 30.0 30.0 30.0 30.0
44.9 30.0 30.0 29.952512768411545 29.929836380324875 30.0 30.0 30.0 30.0 30.0 30.0 30.0
45.0 30.0 30.0 29.95352313504104 29.931131542869238 30.0 30.0 30.0 30.0 30.0 30.0 30.0
45.1 30.0 30.0 29.954512004508253 29.93240335473011 30.0 30.0 30.0 30.0 30.0 30.0 30.0
45.2 30.0 30.0 29.95547983419952 29.93365222324222 30.0 30.0 30.0 30.0 30.0 30.0 30.0
45.3 30.0 30.0 29.956427071769777 29.93487854897691 30.0 30.0 30.0 30.0 30.0 30.0 30.0
45.4 30.0 30.0 29.957354155349137 29.93608272584702 30.0 30.0 30.0 30.0 30.0 30.0 30.0
45.5 30.0 30.0 29.958261513745963 29.93726514120737 30.0 30.0 30.0 30.0 30.0 30.0 30.0
45.6 30.0 30.0 29.959149566644946 29.938426175956806 30.0 30.0 30.0 30.0 30.0 30.0 30.0
45.7 30.0 30.0 29.960018724801465 29.939566204636538 30.0 30.0 30.0 30.0 30.0 30.0 30.0
45.8 30.0 30.0 29.960869390231238 29.940685595529246 30.0 30.0 30.0 30.0 30.0 30.0 30.0
45.9 30.0 30.0 29.961701956396574 29.94178471075481 30.0 30.0 30.0 30.0 30.0 30.0 30.0
46.0 30.0 30.0 29.962516808388177 29.942863906366675 30.0 30.0 30.0 30.0 30.0 30.0 30.0
46.1 30.0 30.0 29.96331432310335 29.943923532445588 30.0 30.0 30.0 30.0 30.0 30.0 30.0
46.2 30.0 30.0 29.96409486942029 29.944963933192806 30.0 30.0 30.0 30.0 30.0 30.0 30.0
46.3 30.0 30.0 29.96485880836881 29.94598544702157 30.0 30.0 30.0 30.0 30.0 30.0 30.0
46.4 30.0 30.0 29.965606493297084 29.946988406648074 30.0 30.0 30.0 30.0 30.0 30.0 30.0
46.5 30.0 30.0 29.966338270035447 29.947973139179844 30.0 30.0 30.0 30.0 30.0 30.0 30.0
46.6 30.0 30.0 29.96705447705593 29.94893996620491 30.0 30.0 30.0 30.0 30.0 30.0 30.0
46.7 30.0 30.0 29.967755445629205 29.949889203877397 30.0 30.0 30.0 30.0 30.0 30.0 30.0
46.8 30.0 30.0 29.968441499977555 29.950821163004257 30.0 30.0 30.0 30.0 30.0 30.0 30.0
46.9 30.0 30.0 29.969112957424844 29.951736149128937 30.0 30.0 30.0 30.0 30.0 30.0 30.0
47.0 30.0 30.0 29.969770128543484 29.952634462615016 30.0 30.0 30.0 30.0 30.0 30.0 30.0
47.1 30.0 30.0 29.970413317297925 29.953516398728105 30.0 30.0 30.0 30.0 30.0 30.0 30.0
47.2 30.0 30.0 29.971042821185236 29.95438224771711 30.0 30.0 30.0 30.0 30.0 30.0 30.0
47.3 30.0 30.0 29.971658931372797 29.9552322948937 30.0 30.0 30.0 30.0 30.0 30.0 30.0
47.4 30.0 30.0 29.972261932832964 29.956066820711143 30.0 30.0 30.0 30.0 30.0 30.0 30.0
47.5 30.0 30.0 29.972852104474775 29.956886100842027 30.0 30.0 30.0 30.0 30.0 30.0 30.0
47.6 30.0 30.0 29.97342971927319 29.957690406254397 30.0 30.0 30.0 30.0 30.0 30.0 30.0
47.7 30.0 30.0 29.97399504439499 29.958480003287644 30.0 30.0 30.0 30.0 30.0 30.0 30.0
47.8 30.0 30.0 29.974548341322805 29.959255153726183 30.0 30.0 30.0 30.0 30.0 30.0 30.0
47.9 30.0 30.0 29.975089865975477 29.96001611487357 30.0 30.0 30.0 30.0 30.0 30.0 30.0
48.0 30.0 30.0 29.975619868827074 29.960763139623573 30.0 30.0 30.0 30.0 30.0 30.0 30.0
48.1 30.0 30.0 29.976138595022217 29.96149647653235 30.0 30.0 30.0 30.0 30.0 30.0 30.0
48.2 30.0 30.0 29.976646284489867 29.96221636988789 30.0 30.0 30.0 30.0 30.0 30.0 30.0
48.3 30.0 30.0 29.977143172053907 29.96292305977953 30.0 30.0 30.0 30.0 30.0 30.0 30.0
48.4 30.0 30.0 29.977629487542107 29.963616782165587 30.0 30.0 30.0 30.0 30.0 30.0 30.0
48.5 30.0 30.0 29.97810545589224 29.964297768940945 30.0 30.0 30.0 30.0 30.0 30.0 30.0
48.6 30.0 30.0 29.97857129725621 29.964966248002764 30.0 30.0 30.0 30.0 30.0 30.0 30.0
48.7 30.0 30.0 29.979027227101824 29.96562244331595 30.0 30.0 30.0 30.0 30.0 30.0 30.0
48.8 30.0 30.0 29.979473456312455 29.966266574977087 30.0 30.0 30.0 30.0 30.0 30.0 30.0
48.9 30.0 30.0 29.97991019128458 29.966898859277602 30.0 30.0 30.0 30.0 30.0 30.0 30.0
49.0 30.0 30.0 29.980337634023158 29.967519508766454 30.0 30.0 30.0 30.0 30.0 30.0 30.0
49.1 30.0 30.0 29.98075598223541 29.96812873231078 30.0 30.0 30.0 30.0 30.0 30.0 30.0
49.2 30.0 30.0 29.981165429421846 29.968726735157137 30.0 30.0 30.0 30.0 30.0 30.0 30.0
49.3 30.0 30.0 29.981566164966065 29.96931371899042 30.0 30.0 30.0 30.0 30.0 30.0 30.0
49.4 30.0 30.0 29.98195837422212 29.969889881992813 30.0 30.0 30.0 30.0 30.0 30.0 30.0
49.5 30.0 30.0 29.98234223860034 29.97045541890148 30.0 30.0 30.0 30.0 30.0 30.0 30.0
49.6 30.0 30.0 29.982717935651408 29.971010521065136 30.0 30.0 30.0 30.0 30.0 30.0 30.0
49.7 30.0 30.0 29.983085639148218 29.97155537650072 30.0 30.0 30.0 30.0 30.0 30.0 30.0
49.8 30.0 30.0 29.983445519166384 29.97209016994811 30.0 30.0 30.0 30.0 30.0 30.0 30.0
49.9 30.0 30.0 29.983797742162874 29.972615082924445 30.0 30.0 30.0 30.0 30.0 30.0 30.0
50.0 30.0 30.0 29.98414247105306 29.97313029377778 30.0 30.0 30.0 30.0 30.0 30.0 30.0
50.1 30.0 30.0 29.984479865285977 29.973635977739715 30.0 30.0 30.0 30.0 30.0 30.0 30.0
50.2 30.0 30.0 29.984810080918233 29.974132306977204 30.0 30.0 30.0 30.0 30.0 30.0 30.0
50.3 30.0 30.0 29.985133270685925 29.97461945064386 30.0 30.0 30.0 30.0 30.0 30.0 30.0
50.4 30.0 30.0 29.985449584075628 29.975097574929887 30.0 30.0 30.0 30.0 30.0 30.0 30.0
50.5 30.0 30.0 29.98575916739321 29.975566843112084 30.0 30.0 30.0 30.0 30.0 30.0 30.0
50.6 30.0 30.0 29.986062163831644 29.976027415602097 30.0 30.0 30.0 30.0 30.0 30.0 30.0
50.7 30.0 30.0 29.98635871353739 29.976479449994685 30.0 30.0 30.0 30.0 30.0 30.0 30.0
50.8 30.0 30.0 29.986648953674923 29.976923101115023 30.0 30.0 30.0 30.0 30.0 30.0 30.0
50.9 30.0 30.0 29.9869330184903 29.977358521065003 30.0 30.0 30.0 30.0 30.0 30.0 30.0
51.0 30.0 30.0 29.98721103937349 29.977785859269154 30.0 30.0 30.0 30.0 30.0 30.0 30.0
51.1 30.0 30.0 29.987483144918716 29.978205262519868 30.0 30.0 30.0 30.0 30.0 30.0 30.0
51.2 30.0 30.0 29.987749460984272 29.978616875021427 30.0 30.0 30.0 30.0 30.0 30.0 30.0
51.3 30.0 30.0 29.98801011075058 29.97902083843389 30.0 30.0 30.0 30.0 30.0 30.0 30.0
51.4 30.0 30.0 29.988265214777154 29.979417291916285 30.0 30.0 30.0 30.0 30.0 30.0 30.0
51.5 30.0 30.0 29.98851489105845 29.979806372168344 30.0 30.0 30.0 30.0 30.0 30.0 30.0
51.6 30.0 30.0 29.988759255078534 29.98018821347255 30.0 30.0 30.0 30.0 30.0 30.0 30.0
51.7 30.0 30.0 29.988998419864078 29.980562947735336 30.0 30.0 30.0 30.0 30.0 30.0 30.0
51.8 30.0 30.0 29.989232496037214 29.980930704526667 30.0 30.0 30.0 30.0 30.0 30.0 30.0
51.9 30.0 30.0 29.989461591866224 29.981291611120593 30.0 30.0 30.0 30.0 30.0 30.0 30.0
52.0 30.0 30.0 29.98968581331585 29.98164579253379 30.0 30.0 30.0 30.0 30.0 30.0 30.0
52.1 30.0 30.0 29.98990526409636 29.981993371564023 30.0 30.0 30.0 30.0 30.0 30.0 30.0
52.2 30.0 30.0 29.990120045711326 29.98233446882805 30.0 30.0 30.0 30.0 30.0 30.0 30.0
52.3 30.0 30.0 29.990330257504656 29.982669202799105 30.0 30.0 30.0 30.0 30.0 30.0 30.0
52.4 30.0 30.0 29.99053599670666 29.98299768984291 30.0 30.0 30.0 30.0 30.0 30.0 30.0
52.5 30.0 30.0 29.990737358478835 29.98332004425435 30.0 30.0 30.0 30.0 30.0 30.0 30.0
52.6 30.0 30.0 29.990934435957982 29.983636378292605 30.0 30.0 30.0 30.0 30.0 30.0 30.0
52.7 30.0 30.0 29.99112732029927 29.983946802215907 30.0 30.0 30.0 30.0 30.0 30.0 30.0
52.8 30.0 30.0 29.991316100718425 29.98425142431612 30.0 30.0 30.0 30.0 30.0 30.0 30.0
52.9 30.0 30.0 29.991500864532934 29.98455035095251 30.0 30.0 30.0 30.0 30.0 30.0 30.0
53.0 30.0 30.0 29.991681697202406 29.984843686584878 30.0 30.0 30.0 30.0 30.0 30.0 30.0
53.1 30.0 30.0 29.991858682368328 29.985131533805898 30.0 30.0 30.0 30.0 30.0 30.0 30.0
53.2 30.0 30.0 29.99203190189238 29.985413993374095 30.0 30.0 30.0 30.0 30.0 30.0 30.0
53.3 30.0 30.0 29.992201435894657 29.985691164244532 30.0 30.0 30.0 30.0 30.0 30.0 30.0
53.4 30.0 30.0 29.99236736279054 29.985963143600593 30.0 30.0 30.0 30.0 30.0 30.0 30.0
53.5 30.0 30.0 29.992529759326864 29.986230026884446 30.0 30.0 30.0 30.0 30.0 30.0 30.0
53.6 30.0 30.0 29.992688700617734 29.986491907826764 30.0 30.0 30.0 30.0 30.0 30.0 30.0
53.7 30.0 30.0 29.99284426017906 29.98674887847686 30.0 30.0 30.0 30.0 30.0 30.0 30.0
53.8 30.0 30.0 29.992996509962513 29.987001029231518 30.0 30.0 30.0 30.0 30.0 30.0 30.0
53.9 30.0 30.0 29.99314552038882 29.987248448863877 30.0 30.0 30.0 30.0 30.0 30.0 30.0
54.0 30.0 30.0 29.99329136038055 29.987491224551047 30.0 30.0 30.0 30.0 30.0 30.0 30.0
54.1 30.0 30.0 29.993434097393767 29.98772944190257 30.0 30.0 30.0 30.0 30.0 30.0 30.0
54.2 30.0 30.0 29.99357379744917 29.98796318498725 30.0 30.0 30.0 30.0 30.0 30.0 30.0
54.3 30.0 30.0 29.993710525162978 29.988192536359925 30.0 30.0 30.0 30.0 30.0 30.0 30.0
54.4 30.0 30.0 29.993844343776512 29.988417577087862 30.0 30.0 30.0 30.0 30.0 30.0 30.0
54.5 30.0 30.0 29.993975315185537 29.98863838677699 30.0 30.0 30.0 30.0 30.0 30.0 30.0
54.6 30.0 30.0 29.99410349996878 29.988855043597106 30.0 30.0 30.0 30.0 30.0 30.0 30.0
54.7 30.0 30.0 29.994228957416304 29.989067624306653 30.0 30.0 30.0 30.0 30.0 30.0 30.0
54.8 30.0 30.0 29.99435174555638 29.98927620427833 30.0 30.0 30.0 30.0 30.0 30.0 30.0
54.9 30.0 30.0 29.994471921182793 29.989480857522228 30.0 30.0 30.0 30.0 30.0 30.0 30.0
55.0 30.0 30.0 29.994589539881055 29.98968165671027 30.0 30.0 30.0 30.0 30.0 30.0 30.0
55.1 30.0 30.0 29.994704656053752 29.98987867319979 30.0 30.0 30.0 30.0 30.0 30.0 30.0
55.2 30.0 30.0 29.994817322946187 29.990071977056072 30.0 30.0 30.0 30.0 30.0 30.0 30.0
55.3 30.0 30.0 29.99492759267076 29.990261637075456 30.0 30.0 30.0 30.0 30.0 30.0 30.0
55.4 30.0 30.0 29.99503551623097 29.99044772080743 30.0 30.0 30.0 30.0 30.0 30.0 30.0
55.5 30.0 30.0 29.995141143545204 29.99063029457663 30.0 30.0 30.0 30.0 30.0 30.0 30.0
55.6 30.0 30.0 29.995244523469783 29.990809423504146 30.0 30.0 30.0 30.0 30.0 30.0 30.0
55.7 30.0 30.0 29.995345703821478 29.990985171529196 30.0 30.0 30.0 30.0 30.0 30.0 30.0
55.8 30.0 30.0 29.995444731399697 29.99115760142933 30.0 30.0 30.0 30.0 30.0 30.0 30.0
55.9 30.0 30.0 29.99554165200824 29.991326774841294 30.0 30.0 30.0 30.0 30.0 30.0 30.0
56.0 30.0 30.0 29.995636510476196 29.991492752281268 30.0 30.0 30.0 30.0 30.0 30.0 30.0
56.1 30.0 30.0 29.995729350678847 29.99165559316439 30.0 30.0 30.0 30.0 30.0 30.0 30.0
56.2 30.0 30.0 29.995820215557988 29.991815355824308 30.0 30.0 30.0 30.0 30.0 30.0 30.0
56.3 30.0 30.0 29.995909147141848 29.991972097532013 30.0 30.0 30.0 30.0 30.0 30.0 30.0
56.4 30.0 30.0 29.99599618656436 29.992125874515253 30.0 30.0 30.0 30.0 30.0 30.0 30.0
56.5 30.0 30.0 29.99608137408431 29.992276741976553 30.0 30.0 30.0 30.0 30.0 30.0 30.0
56.6 30.0 30.0 29.996164749103805 29.992424754111536 30.0 30.0 30.0 30.0 30.0 30.0 30.0
56.7 30.0 30.0 29.996246350186688 29.99256996412678 30.0 30.0 30.0 30.0 30.0 30.0 30.0
56.8 30.0 30.0 29.99632621507631 29.992712424257114 30.0 30.0 30.0 30.0 30.0 30.0 30.0
56.9 30.0 30.0 29.996404380712953 29.99285218578347 30.0 30.0 30.0 30.0 30.0 30.0 30.0
57.0 30.0 30.0 29.99648088325097 29.992989299049132 30.0 30.0 30.0 30.0 30.0 30.0 30.0
57.1 30.0 30.0 29.996555758075417 29.993123813476984 30.0 30.0 30.0 30.0 30.0 30.0 30.0
57.2 30.0 30.0 29.996629039818494 29.993255777585524 30.0 30.0 30.0 30.0 30.0 30.0 30.0
57.3 30.0 30.0 29.99670076237552 29.993385239005267 30.0 30.0 30.0 30.0 30.0 30.0 30.0
57.4 30.0 30.0 29.996770958920706 29.993512244494255 30.0 30.0 30.0 30.0 30.0 30.0 30.0
57.5 30.0 30.0 29.996839661922426 29.993636839953727 30.0 30.0 30.0 30.0 30.0 30.0 30.0
57.6 30.0 30.0 29.996906903158138 29.993759070443755 30.0 30.0 30.0 30.0 30.0 30.0 30.0
57.7 30.0 30.0 29.99697271372927 29.993878980197668 30.0 30.0 30.0 30.0 30.0 30.0 30.0
57.8 30.0 30.0 29.99703712407545 29.993996612637297 30.0 30.0 30.0 30.0 30.0 30.0 30.0
57.9 30.0 30.0 29.997100163988726 29.994112010387216 30.0 30.0 30.0 30.0 30.0 30.0 30.0
58.0 30.0 30.0 29.9971618626273 29.994225215289177 30.0 30.0 30.0 30.0 30.0 30.0 30.0
58.1 30.0 30.0 29.9972222485289 29.99433626841601 30.0 30.0 30.0 30.0 30.0 30.0 30.0
58.2 30.0 30.0 29.997281349623997 29.994445210085686 30.0 30.0 30.0 30.0 30.0 30.0 30.0
58.3 30.0 30.0 29.997339193249015 29.99455207987413 30.0 30.0 30.0 30.0 30.0 30.0 30.0
58.4 30.0 30.0 29.997395806158572 29.994656916629484 30.0 30.0 30.0 30.0 30.0 30.0 30.0
58.5 30.0 30.0 29.997451214538184 29.994759758484445 30.0 30.0 30.0 30.0 30.0 30.0 30.0
58.6 30.0 30.0 29.997505444016056 29.994860642869604 30.0 30.0 30.0 30.0 30.0 30.0 30.0
58.7 30.0 30.0 29.99755851967528 29.994959606525537 30.0 30.0 30.0 30.0 30.0 30.0 30.0
58.8 30.0 30.0 29.997610466065147 29.995056685515816 30.0 30.0 30.0 30.0 30.0 30.0 30.0
58.9 30.0 30.0 29.99766130721267 29.995151915238697 30.0 30.0 30.0 30.0 30.0 30.0 30.0
59.0 30.0 30.0 29.99771106663371 29.995245330439307 30.0 30.0 30.0 30.0 30.0 30.0 30.0
59.1 30.0 30.0 29.997759767343602 29.995336965221775 30.0 30.0 30.0 30.0 30.0 30.0 30.0
59.2 30.0 30.0 29.997807431868214 29.99542685305982 30.0 30.0 30.0 30.0 30.0 30.0 30.0
59.3 30.0 30.0 29.997854082253983 29.995515026809148 30.0 30.0 30.0 30.0 30.0 30.0 30.0
59.4 30.0 30.0 29.997899740078388 29.995601518718058 30.0 30.0 30.0 30.0 30.0 30.0 30.0
59.5 30.0 30.0 29.997944426459693 29.99568636043857 30.0 30.0 30.0 30.0 30.0 30.0 30.0
59.6 30.0 30.0 29.99798816206695 29.995769583037035 30.0 30.0 30.0 30.0 30.0 30.0 30.0
59.7 30.0 30.0 29.998030967129342 29.995851217005082 30.0 30.0 30.0 30.0 30.0 30.0 30.0
59.8 30.0 30.0 29.998072861445706 29.99593129226966 30.0 30.0 30.0 30.0 30.0 30.0 30.0
59.9 30.0 30.0 29.99811386439369 29.996009838203292 30.0 30.0 30.0 30.0 30.0 30.0 30.0
60.0 30.0 30.0 29.998153994938495 29.996086883634455 30.0 30.0 30.0 30.0 30.0 30.0 30.0
60.1 30.0 30.0 29.998193271641927 29.996162456857046 30.0 30.0 30.0 30.0 30.0 30.0 30.0
60.2 30.0 30.0 29.998231712670865 29.996236585640283 30.0 30.0 30.0 30.0 30.0 30.0 30.0
60.3 30.0 30.0 29.998269335805535 29.996309297238206 30.0 30.0 30.0 30.0 30.0 30.0 30.0
60.4 30.0 30.0 29.998306158447956 29.996380618398835 30.0 30.0 30.0 30.0 30.0 30.0 30.0
60.5 30.0 30.0 29.998342197629874 29.99645057537372 30.0 30.0 30.0 30.0 30.0 30.0 30.0
60.6 30.0 30.0 29.998377470020777 29.996519193926623 30.0 30.0 30.0 30.0 30.0 30.0 30.0
60.7 30.0 30.0 29.998411991935257 29.99658649934268 30.0 30.0 30.0 30.0 30.0 30.0 30.0
60.8 30.0 30.0 29.998445779340848 29.996652516436953 30.0 30.0 30.0 30.0 30.0 30.0 30.0
60.9 30.0 30.0 29.998478847865474 29.99671726956273 30.0 30.0 30.0 30.0 30.0 30.0 30.0
61.0 30.0 30.0 29.998511212804516 29.99678078262043 30.0 30.0 30.0 30.0 30.0 30.0 30.0
61.1 30.0 30.0 29.99854288912787 29.996843079065656 30.0 30.0 30.0 30.0 30.0 30.0 30.0
61.2 30.0 30.0 29.998573891486814 29.99690418191731 30.0 30.0 30.0 30.0 30.0 30.0 30.0
61.3 30.0 30.0 29.99860423422118 29.99696411376516 30.0 30.0 30.0 30.0 30.0 30.0 30.0
61.4 30.0 30.0 29.99863393136544 29.99702289677846 30.0 30.0 30.0 30.0 30.0 30.0 30.0
61.5 30.0 30.0 29.998662996655575 29.997080552713005 30.0 30.0 30.0 30.0 30.0 30.0 30.0
61.6 30.0 30.0 29.99869144353527 29.99713710291891 30.0 30.0 30.0 30.0 30.0 30.0 30.0
61.7 30.0 30.0 29.99871928516221 29.997192568347934 30.0 30.0 30.0 30.0 30.0 30.0 30.0
61.8 30.0 30.0 29.998746534414057 29.99724696956094 30.0 30.0 30.0 30.0 30.0 30.0 30.0
61.9 30.0 30.0 29.998773203894576 29.997300326734845 30.0 30.0 30.0 30.0 30.0 30.0 30.0
62.0 30.0 30.0 29.998799305939414 29.997352659669648 30.0 30.0 30.0 30.0 30.0 30.0 30.0
62.1 30.0 30.0 29.998824852621535 29.9974039877958 30.0 30.0 30.0 30.0 30.0 30.0 30.0
62.2 30.0 30.0 29.998849855757207 29.997454330180194 30.0 30.0 30.0 30.0 30.0 30.0 30.0
62.3 30.0 30.0 29.998874326911338 29.997503705533244 30.0 30.0 30.0 30.0 30.0 30.0 30.0
62.4 30.0 30.0 29.998898277402585 29.997552132215862 30.0 30.0 30.0 30.0 30.0 30.0 30.0
62.5 30.0 30.0 29.998921718308885 29.997599628244856 30.0 30.0 30.0 30.0 30.0 30.0 30.0
62.6 30.0 30.0 29.99894466047248 29.997646211300143 30.0 30.0 30.0 30.0 30.0 30.0 30.0
62.7 30.0 30.0 29.998967114504946 29.99769189873051 30.0 30.0 30.0 30.0 30.0 30.0 30.0
62.8 30.0 30.0 29.998989090792037 29.997736707559838 30.0 30.0 30.0 30.0 30.0 30.0 30.0
62.9 30.0 30.0 29.99901059949861 29.997780654492885 30.0 30.0 30.0 30.0 30.0 30.0 30.0
63.0 30.0 30.0 29.999031650573095 29.997823755921583 30.0 30.0 30.0 30.0 30.0 30.0 30.0
63.1 30.0 30.0 29.999052253752396 29.99786602793026 30.0 30.0 30.0 30.0 30.0 30.0 30.0
63.2 30.0 30.0 29.999072418566186 29.99790748630168 30.0 30.0 30.0 30.0 30.0 30.0 30.0
63.3 30.0 30.0 29.99909215434133 29.997948146522507 30.0 30.0 30.0 30.0 30.0 30.0 30.0
63.4 30.0 30.0 29.99911147020645 29.99798802378837 30.0 30.0 30.0 30.0 30.0 30.0 30.0
63.5 30.0 30.0 29.99913037509568 29.998027133010236 30.0 30.0 30.0 30.0 30.0 30.0 30.0
63.6 30.0 30.0 29.99914887775324 29.998065488818447 30.0 30.0 30.0 30.0 30.0 30.0 30.0
63.7 30.0 30.0 29.999166986737173 29.998103105568827 30.0 30.0 30.0 30.0 30.0 30.0 30.0
63.8 30.0 30.0 29.999184710423645 29.998139997346993 30.0 30.0 30.0 30.0 30.0 30.0 30.0
63.9 30.0 30.0 29.99920205701039 29.99817617797413 30.0 30.0 30.0 30.0 30.0 30.0 30.0
64.0 30.0 30.0 29.9992190345208 29.998211661011297 30.0 30.0 30.0 30.0 30.0 30.0 30.0
64.1 30.0 30.0 29.999235650807584 29.99824645976433 30.0 30.0 30.0 30.0 30.0 30.0 30.0
64.2 30.0 30.0 29.999251913556368 29.998280587288907 30.0 30.0 30.0 30.0 30.0 30.0 30.0
64.3 30.0 30.0 29.99926783028924 29.998314056394694 30.0 30.0 30.0 30.0 30.0 30.0 30.0
64.4 30.0 30.0 29.999283408368186 29.998346879650295 30.0 30.0 30.0 30.0 30.0 30.0 30.0
64.5 30.0 30.0 29.99929865499862 29.99837906938729 30.0 30.0 30.0 30.0 30.0 30.0 30.0
64.6 30.0 30.0 29.99931357723271 29.998410637705064 30.0 30.0 30.0 30.0 30.0 30.0 30.0
64.7 30.0 30.0 29.99932818197245 29.99844159647504 30.0 30.0 30.0 30.0 30.0 30.0 30.0
64.8 30.0 30.0 29.999342475973076 29.998471957344506 30.0 30.0 30.0 30.0 30.0 30.0 30.0
64.9 30.0 30.0 29.999356465846027 29.99850173174127 30.0 30.0 30.0 30.0 30.0 30.0 30.0
65.0 30.0 30.0 29.999370158062064 29.998530930877486 30.0 30.0 30.0 30.0 30.0 30.0 30.0
65.1 30.0 30.0 29.99938355895437 29.99855956575356 30.0 30.0 30.0 30.0 30.0 30.0 30.0
65.2 30.0 30.0 29.99939667472135 29.998587647162406 30.0 30.0 30.0 30.0 30.0 30.0 30.0
65.3 30.0 30.0 29.99940951142942 29.998615185692916 30.0 30.0 30.0 30.0 30.0 30.0 30.0
65.4 30.0 30.0 29.99942207501604 29.99864219173412 30.0 30.0 30.0 30.0 30.0 30.0 30.0
65.5 30.0 30.0 29.999434371292296 29.998668675478488 30.0 30.0 30.0 30.0 30.0 30.0 30.0
65.6 30.0 30.0 29.99944640594563 29.998694646926037 30.0 30.0 30.0 30.0 30.0 30.0 30.0
65.7 30.0 30.0 29.999458184542537 29.99872011588762 30.0 30.0 30.0 30.0 30.0 30.0 30.0
65.8 30.0 30.0 29.99946971253098 29.998745091988518 30.0 30.0 30.0 30.0 30.0 30.0 30.0
65.9 30.0 30.0 29.999480995243122 29.99876958467177 30.0 30.0 30.0 30.0 30.0 30.0 30.0
66.0 30.0 30.0 29.99949203789752 29.998793603201985 30.0 30.0 30.0 30.0 30.0 30.0 30.0
66.1 30.0 30.0 29.999502845601867 29.998817156668046 30.0 30.0 30.0 30.0 30.0 30.0 30.0
66.2 30.0 30.0 29.999513423354987 29.998840253987062 30.0 30.0 30.0 30.0 30.0 30.0 30.0
66.3 30.0 30.0 29.999523776049582 29.99886290390688 30.0 30.0 30.0 30.0 30.0 30.0 30.0
66.4 30.0 30.0 29.999533908474042 29.9988851150099 30.0 30.0 30.0 30.0 30.0 30.0 30.0
66.5 30.0 30.0 29.999543825314973 29.99890689571567 30.0 30.0 30.0 30.0 30.0 30.0 30.0
66.6 30.0 30.0 29.999553531159325 29.99892825428404 30.0 30.0 30.0 30.0 30.0 30.0 30.0
66.7 30.0 30.0 29.999563030496326 29.99894919881843 30.0 30.0 30.0 30.0 30.0 30.0 30.0
66.8 30.0 30.0 29.999572327719804 29.998969737268418 30.0 30.0 30.0 30.0 30.0 30.0 30.0
66.9 30.0 30.0 29.99958142713002 29.99898987743271 30.0 30.0 30.0 30.0 30.0 30.0 30.0
67.0 30.0 30.0 29.999590332935814 29.99900962696196 30.0 30.0 30.0 30.0 30.0 30.0 30.0
67.1 30.0 30.0 29.999599049256314 29.9990289933617 30.0 30.0 30.0 30.0 30.0 30.0 30.0
67.2 30.0 30.0 29.999607580123204 29.999047983994753 30.0 30.0 30.0 30.0 30.0 30.0 30.0
67.3 30.0 30.0 29.999615929482335 29.999066606084185 30.0 30.0 30.0 30.0 30.0 30.0 30.0
67.4 30.0 30.0 29.999624101195476 29.999084866715823 30.0 30.0 30.0 30.0 30.0 30.0 30.0
67.5 30.0 30.0 29.99963209904235 29.999102772840622 30.0 30.0 30.0 30.0 30.0 30.0 30.0
67.6 30.0 30.0 29.999639926722285 29.999120331277584 30.0 30.0 30.0 30.0 30.0 30.0 30.0
67.7 30.0 30.0 29.99964758785584 29.999137548715968 30.0 30.0 30.0 30.0 30.0 30.0 30.0
67.8 30.0 30.0 29.999655085986564 29.999154431717702 30.0 30.0 30.0 30.0 30.0 30.0 30.0
67.9 30.0 30.0 29.999662424582624 29.999170986719946 30.0 30.0 30.0 30.0 30.0 30.0 30.0
68.0 30.0 30.0 29.999669607038282 29.999187220037342 30.0 30.0 30.0 30.0 30.0 30.0 30.0
68.1 30.0 30.0 29.9996766366758 29.999203137864125 30.0 30.0 30.0 30.0 30.0 30.0 30.0
68.2 30.0 30.0 29.99968351674653 29.999218746276902 30.0 30.0 30.0 30.0 30.0 30.0 30.0
68.3 30.0 30.0 29.99969025043273 29.999234051236275 30.0 30.0 30.0 30.0 30.0 30.0 30.0
68.4 30.0 30.0 29.99969684084904 29.999249058589147 30.0 30.0 30.0 30.0 30.0 30.0 30.0
68.5 30.0 30.0 29.99970329104371 29.999263774071412 30.0 30.0 30.0 30.0 30.0 30.0 30.0
68.6 30.0 30.0 29.999709604000277 29.999278203309153 30.0 30.0 30.0 30.0 30.0 30.0 30.0
68.7 30.0 30.0 29.9997157826386 29.999292351821556 30.0 30.0 30.0 30.0 30.0 30.0 30.0
68.8 30.0 30.0 29.999721829816526 29.999306225022263 30.0 30.0 30.0 30.0 30.0 30.0 30.0
68.9 30.0 30.0 29.999727748331043 29.99931982822181 30.0 30.0 30.0 30.0 30.0 30.0 30.0
69.0 30.0 30.0 29.99973354091973 29.999333166629214 30.0 30.0 30.0 30.0 30.0 30.0 30.0
69.1 30.0 30.0 29.999739210261826 29.999346245354186 30.0 30.0 30.0 30.0 30.0 30.0 30.0
69.2 30.0 30.0 29.999744758979666 29.99935906940876 30.0 30.0 30.0 30.0 30.0 30.0 30.0
69.3 30.0 30.0 29.99975018963968 29.99937164370946 30.0 30.0 30.0 30.0 30.0 30.0 30.0
69.4 30.0 30.0 29.99975550475371 29.999383973078682 30.0 30.0 30.0 30.0 30.0 30.0 30.0
69.5 30.0 30.0 29.999760706780204 29.99939606224671 30.0 30.0 30.0 30.0 30.0 30.0 30.0
69.6 30.0 30.0 29.999765798125352 29.999407915853293 30.0 30.0 30.0 30.0 30.0 30.0 30.0
69.7 30.0 30.0 29.999770781143972 29.999419538449953 30.0 30.0 30.0 30.0 30.0 30.0 30.0
69.8 30.0 30.0 29.99977565814096 29.999430934500634 30.0 30.0 30.0 30.0 30.0 30.0 30.0
69.9 30.0 30.0 29.99978043137205 29.999442108384205 30.0 30.0 30.0 30.0 30.0 30.0 30.0
70.0 30.0 30.0 29.999785103044992 29.999453064395674 30.0 30.0 30.0 30.0 30.0 30.0 30.0
70.1 30.0 30.0 29.999789675320617 29.999463806747745 30.0 30.0 30.0 30.0 30.0 30.0 30.0
70.2 30.0 30.0 29.999794150313782 29.999474339572664 30.0 30.0 30.0 30.0 30.0 30.0 30.0
70.3 30.0 30.0 29.999798530094367 29.999484666923408 30.0 30.0 30.0 30.0 30.0 30.0 30.0
70.4 30.0 30.0 29.999802816688128 29.99949479277557 30.0 30.0 30.0 30.0 30.0 30.0 30.0
70.5 30.0 30.0 29.999807012077756 29.9995047210284 30.0 30.0 30.0 30.0 30.0 30.0 30.0
70.6 30.0 30.0 29.99981111820377 29.999514455506418 30.0 30.0 30.0 30.0 30.0 30.0 30.0
70.7 30.0 30.0 29.999815136965367 29.99952399996088 30.0 30.0 30.0 30.0 30.0 30.0 30.0
70.8 30.0 30.0 29.999819070221402 29.999533358071236 30.0 30.0 30.0 30.0 30.0 30.0 30.0
70.9 30.0 30.0 29.999822919791153 29.999542533446174 30.0 30.0 30.0 30.0 30.0 30.0 30.0
71.0 30.0 30.0 29.999826687455197 29.999551529625414 30.0 30.0 30.0 30.0 30.0 30.0 30.0
71.1 30.0 30.0 29.999830374956183 29.999560350080657 30.0 30.0 30.0 30.0 30.0 30.0 30.0
71.2 30.0 30.0 29.999833983999707 29.99956899821707 30.0 30.0 30.0 30.0 30.0 30.0 30.0
71.3 30.0 30.0 29.999837516255077 29.99957747737429 30.0 30.0 30.0 30.0 30.0 30.0 30.0
71.4 30.0 30.0 29.999840973355997 29.99958579082815 30.0 30.0 30.0 30.0 30.0 30.0 30.0
71.5 30.0 30.0 29.99984435690163 29.999593941791133 30.0 30.0 30.0 30.0 30.0 30.0 30.0
71.6 30.0 30.0 29.999847668456884 29.999601933414503 30.0 30.0 30.0 30.0 30.0 30.0 30.0
71.7 30.0 30.0 29.999850909553587 29.99960976878866 30.0 30.0 30.0 30.0 30.0 30.0 30.0
71.8 30.0 30.0 29.999854081690756 29.999617450944893 30.0 30.0 30.0 30.0 30.0 30.0 30.0
71.9 30.0 30.0 29.999857186335678 29.999624982855952 30.0 30.0 30.0 30.0 30.0 30.0 30.0
72.0 30.0 30.0 29.99986022492429 29.999632367437673 30.0 30.0 30.0 30.0 30.0 30.0 30.0
72.1 30.0 30.0 29.99986319886205 29.999639607549682 30.0 30.0 30.0 30.0 30.0 30.0 30.0
72.2 30.0 30.0 29.999866109524525 29.99964670599674 30.0 30.0 30.0 30.0 30.0 30.0 30.0
72.3 30.0 30.0 29.999868958258052 29.999653665529486 30.0 30.0 30.0 30.0 30.0 30.0 30.0
72.4 30.0 30.0 29.99987174638024 29.999660488845787 30.0 30.0 30.0 30.0 30.0 30.0 30.0
72.5 30.0 30.0 29.999874475180636 29.999667178591633 30.0 30.0 30.0 30.0 30.0 30.0 30.0
72.6 30.0 30.0 29.999877145921506 29.99967373736192 30.0 30.0 30.0 30.0 30.0 30.0 30.0
72.7 30.0 30.0 29.99987975983811 29.999680167701715 30.0 30.0 30.0 30.0 30.0 30.0 30.0
72.8 30.0 30.0 29.999882318139406 29.99968647210706 30.0 30.0 30.0 30.0 30.0 30.0 30.0
72.9 30.0 30.0 29.9998848220088 29.99969265302579 30.0 30.0 30.0 30.0 30.0 30.0 30.0
73.0 30.0 30.0 29.999887272604344 29.999698712858756 30.0 30.0 30.0 30.0 30.0 30.0 30.0
73.1 30.0 30.0 29.999889671059524 29.999704653960517 30.0 30.0 30.0 30.0 30.0 30.0 30.0
73.2 30.0 30.0 29.99989201848383 29.999710478640072 30.0 30.0 30.0 30.0 30.0 30.0 30.0
73.3 30.0 30.0 29.999894315962944 29.999716189162186 30.0 30.0 30.0 30.0 30.0 30.0 30.0
73.4 30.0 30.0 29.999896564559524 29.999721787747816 30.0 30.0 30.0 30.0 30.0 30.0 30.0
73.5 30.0 30.0 29.999898765313585 29.999727276575126 30.0 30.0 30.0 30.0 30.0 30.0 30.0
73.6 30.0 30.0 29.999900919243085 29.99973265778017 30.0 30.0 30.0 30.0 30.0 30.0 30.0
73.7 30.0 30.0 29.99990302734431 29.99973793345792 30.0 30.0 30.0 30.0 30.0 30.0 30.0
73.8 30.0 30.0 29.999905090592353 29.9997431056628 30.0 30.0 30.0 30.0 30.0 30.0 30.0
73.9 30.0 30.0 29.999907109941407 29.999748176409785 30.0 30.0 30.0 30.0 30.0 30.0 30.0
74.0 30.0 30.0 29.99990908632564 29.99975314767459 30.0 30.0 30.0 30.0 30.0 30.0 30.0
74.1 30.0 30.0 29.9999110206591 29.999758021395177 30.0 30.0 30.0 30.0 30.0 30.0 30.0
74.2 30.0 30.0 29.999912913836564 29.999762799471817 30.0 30.0 30.0 30.0 30.0 30.0 30.0
74.3 30.0 30.0 29.999914766733674 29.999767483768228 30.0 30.0 30.0 30.0 30.0 30.0 30.0
74.4 30.0 30.0 29.99991658020738 29.999772076112066 30.0 30.0 30.0 30.0 30.0 30.0 30.0
74.5 30.0 30.0 29.999918355096543 29.99977657829556 30.0 30.0 30.0 30.0 30.0 30.0 30.0
74.6 30.0 30.0 29.999920092222137 29.99978099207639 30.0 30.0 30.0 30.0 30.0 30.0 30.0
74.7 30.0 30.0 29.999921792387607 29.999785319178404 30.0 30.0 30.0 30.0 30.0 30.0 30.0
74.8 30.0 30.0 29.999923456379374 29.99978956129183 30.0 30.0 30.0 30.0 30.0 30.0 30.0
74.9 30.0 30.0 29.99992508496703 29.999793720074436 30.0 30.0 30.0 30.0 30.0 30.0 30.0
75.0 30.0 30.0 29.999926678903904 29.99979779715176 30.0 30.0 30.0 30.0 30.0 30.0 30.0
75.1 30.0 30.0 29.999928238927268 29.999801794118067 30.0 30.0 30.0 30.0 30.0 30.0 30.0
75.2 30.0 30.0 29.999929765758626 29.9998057125366 30.0 30.0 30.0 30.0 30.0 30.0 30.0
75.3 30.0 30.0 29.999931260104184 29.99980955394047 30.0 30.0 30.0 30.0 30.0 30.0 30.0
75.4 30.0 30.0 29.999932722655164 29.99981331983297 30.0 30.0 30.0 30.0 30.0 30.0 30.0
75.5 30.0 30.0 29.999934154088074 29.999817011688442 30.0 30.0 30.0 30.0 30.0 30.0 30.0
75.6 30.0 30.0 29.99993555506491 29.99982063095263 30.0 30.0 30.0 30.0 30.0 30.0 30.0
75.7 30.0 30.0 29.99993692623373 29.99982417904321 30.0 30.0 30.0 30.0 30.0 30.0 30.0
75.8 30.0 30.0 29.999938268228767 29.99982765735034 30.0 30.0 30.0 30.0 30.0 30.0 30.0
75.9 30.0 30.0 29.999939581670706 29.999831067237427 30.0 30.0 30.0 30.0 30.0 30.0 30.0
76.0 30.0 30.0 29.999940867167062 29.99983441004134 30.0 30.0 30.0 30.0 30.0 30.0 30.0
76.1 30.0 30.0 29.999942125312398 29.999837687073107 30.0 30.0 30.0 30.0 30.0 30.0 30.0
76.2 30.0 30.0 29.99994335668869 29.99984089961817 30.0 30.0 30.0 30.0 30.0 30.0 30.0
76.3 30.0 30.0 29.999944561865536 29.99984404893717 30.0 30.0 30.0 30.0 30.0 30.0 30.0
76.4 30.0 30.0 29.999945741400342 29.999847136266286 30.0 30.0 30.0 30.0 30.0 30.0 30.0
76.5 30.0 30.0 29.999946895838608 29.99985016281789 30.0 30.0 30.0 30.0 30.0 30.0 30.0
76.6 30.0 30.0 29.999948025714424 29.999853129780345 30.0 30.0 30.0 30.0 30.0 30.0 30.0
76.7 30.0 30.0 29.999949131550263 29.999856038319518 30.0 30.0 30.0 30.0 30.0 30.0 30.0
76.8 30.0 30.0 29.999950213857666 29.99985888957818 30.0 30.0 30.0 30.0 30.0 30.0 30.0
76.9 30.0 30.0 29.999951273137242 29.999861684677242 30.0 30.0 30.0 30.0 30.0 30.0 30.0
77.0 30.0 30.0 29.99995230987896 29.99986442471566 30.0 30.0 30.0 30.0 30.0 30.0 30.0
77.1 30.0 30.0 29.999953324562433 29.99986711077105 30.0 30.0 30.0 30.0 30.0 30.0 30.0
77.2 30.0 30.0 29.999954317656822 29.999869743900387 30.0 30.0 30.0 30.0 30.0 30.0 30.0
77.3 30.0 30.0 29.99995528962162 29.99987232513966 30.0 30.0 30.0 30.0 30.0 30.0 30.0
77.4 30.0 30.0 29.99995624090625 29.999874855505222 30.0 30.0 30.0 30.0 30.0 30.0 30.0
77.5 30.0 30.0 29.99995717195075 29.99987733599315 30.0 30.0 30.0 30.0 30.0 30.0 30.0
77.6 30.0 30.0 29.999958083185877 29.999879767580403 30.0 30.0 30.0 30.0 30.0 30.0 30.0
77.7 30.0 30.0 29.999958975032996 29.99988215122521 30.0 30.0 30.0 30.0 30.0 30.0 30.0
77.8 30.0 30.0 29.999959847904666 29.99988448786673 30.0 30.0 30.0 30.0 30.0 30.0 30.0
77.9 30.0 30.0 29.999960702204554 29.999886778426124 30.0 30.0 30.0 30.0 30.0 30.0 30.0
78.0 30.0 30.0 29.9999615383279 29.99988902380635 30.0 30.0 30.0 30.0 30.0 30.0 30.0
78.1 30.0 30.0 29.999962356661335 29.99989122489328 30.0 30.0 30.0 30.0 30.0 30.0 30.0
78.2 30.0 30.0 29.999963157583462 29.999893382555072 30.0 30.0 30.0 30.0 30.0 30.0 30.0
78.3 30.0 30.0 29.999963941464657 29.99989549764331 30.0 30.0 30.0 30.0 30.0 30.0 30.0
78.4 30.0 30.0 29.99996470866756 29.99989757099274 30.0 30.0 30.0 30.0 30.0 30.0 30.0
78.5 30.0 30.0 29.999965459546964 29.999899603422165 30.0 30.0 30.0 30.0 30.0 30.0 30.0
78.6 30.0 30.0 29.999966194450227 29.999901595734137 30.0 30.0 30.0 30.0 30.0 30.0 30.0
78.7 30.0 30.0 29.99996691371724 29.999903548715782 30.0 30.0 30.0 30.0 30.0 30.0 30.0
78.8 30.0 30.0 29.999967617680753 29.999905463138766 30.0 30.0 30.0 30.0 30.0 30.0 30.0
78.9 30.0 30.0 29.999968306666236 29.999907339759933 30.0 30.0 30.0 30.0 30.0 30.0 30.0
79.0 30.0 30.0 29.999968980992506 29.99990917932094 30.0 30.0 30.0 30.0 30.0 30.0 30.0
79.1 30.0 30.0 29.9999696409714 29.999910982549554 30.0 30.0 30.0 30.0 30.0 30.0 30.0
79.2 30.0 30.0 29.99997028690818 29.999912750158902 30.0 30.0 30.0 30.0 30.0 30.0 30.0
79.3 30.0 30.0 29.999970919101624 29.99991448284848 30.0 30.0 30.0 30.0 30.0 30.0 30.0
79.4 30.0 30.0 29.999971537844125 29.999916181303995 30.0 30.0 30.0 30.0 30.0 30.0 30.0
79.5 30.0 30.0 29.999972143421886 29.99991784619789 30.0 30.0 30.0 30.0 30.0 30.0 30.0
79.6 30.0 30.0 29.999972736115005 29.99991947818942 30.0 30.0 30.0 30.0 30.0 30.0 30.0
79.7 30.0 30.0 29.999973316197693 29.99992107792491 30.0 30.0 30.0 30.0 30.0 30.0 30.0
79.8 30.0 30.0 29.99997388393815 29.99992264603839 30.0 30.0 30.0 30.0 30.0 30.0 30.0
79.9 30.0 30.0 29.999974439599065 29.999924183151055 30.0 30.0 30.0 30.0 30.0 30.0 30.0
80.0 30.0 30.0 29.999974983437422 29.999925689872295 30.0 30.0 30.0 30.0 30.0 30.0 30.0
80.1 30.0 30.0 29.999975515704683 29.99992716679966 30.0 30.0 30.0 30.0 30.0 30.0 30.0
80.2 30.0 30.0 29.99997603664709 29.99992861451871 30.0 30.0 30.0 30.0 30.0 30.0 30.0
80.3 30.0 30.0 29.999976546505657 29.99993003360373 30.0 30.0 30.0 30.0 30.0 30.0 30.0
80.4 30.0 30.0 29.999977045516182 29.99993142461793 30.0 30.0 30.0 30.0 30.0 30.0 30.0
80.5 30.0 30.0 29.99997753390942 29.999932788113455 30.0 30.0 30.0 30.0 30.0 30.0 30.0
80.6 30.0 30.0 29.999978011911388 29.999934124631388 30.0 30.0 30.0 30.0 30.0 30.0 30.0
80.7 30.0 30.0 29.999978479743078 29.99993543470273 30.0 30.0 30.0 30.0 30.0 30.0 30.0
80.8 30.0 30.0 29.999978937620927 29.999936718847643 30.0 30.0 30.0 30.0 30.0 30.0 30.0
80.9 30.0 30.0 29.99997938575664 29.9999379775765 30.0 30.0 30.0 30.0 30.0 30.0 30.0
81.0 30.0 30.0 29.999979824357556 29.999939211389286 30.0 30.0 30.0 30.0 30.0 30.0 30.0
81.1 30.0 30.0 29.999980253626575 29.999940420776547 30.0 30.0 30.0 30.0 30.0 30.0 30.0
81.2 30.0 30.0 29.99998067376214 29.99994160621924 30.0 30.0 30.0 30.0 30.0 30.0 30.0
81.3 30.0 30.0 29.999981084958723 29.99994276818853 30.0 30.0 30.0 30.0 30.0 30.0 30.0
81.4 30.0 30.0 29.99998148740645 29.99994390714682 30.0 30.0 30.0 30.0 30.0 30.0 30.0
81.5 30.0 30.0 29.999981881291383 29.99994502354742 30.0 30.0 30.0 30.0 30.0 30.0 30.0
81.6 30.0 30.0 29.999982266795808 29.999946117834398 30.0 30.0 30.0 30.0 30.0 30.0 30.0
81.7 30.0 30.0 29.99998264409804 29.99994719044347 30.0 30.0 30.0 30.0 30.0 30.0 30.0
81.8 30.0 30.0 29.99998301337253 29.999948241801707 30.0 30.0 30.0 30.0 30.0 30.0 30.0
81.9 30.0 30.0 29.999983374790148 29.999949272327783 30.0 30.0 30.0 30.0 30.0 30.0 30.0
82.0 30.0 30.0 29.999983728517986 29.99995028243236 30.0 30.0 30.0 30.0 30.0 30.0 30.0
82.1 30.0 30.0 29.999984074719755 29.999951272517798 30.0 30.0 30.0 30.0 30.0 30.0 30.0
82.2 30.0 30.0 29.99998441355549 29.999952242978857 30.0 30.0 30.0 30.0 30.0 30.0 30.0
82.3 30.0 30.0 29.99998474518193 29.999953194202273 30.0 30.0 30.0 30.0 30.0 30.0 30.0
82.4 30.0 30.0 29.99998506975253 29.999954126567356 30.0 30.0 30.0 30.0 30.0 30.0 30.0
82.5 30.0 30.0 29.999985387417357 29.999955040446086 30.0 30.0 30.0 30.0 30.0 30.0 30.0
82.6 30.0 30.0 29.99998569832338 29.999955936202834 30.0 30.0 30.0 30.0 30.0 30.0 30.0
82.7 30.0 30.0 29.999986002614378 29.999956814195194 30.0 30.0 30.0 30.0 30.0 30.0 30.0
82.8 30.0 30.0 29.999986300431125 29.9999576747736 30.0 30.0 30.0 30.0 30.0 30.0 30.0
82.9 30.0 30.0 29.99998659191131 29.99995851828166 30.0 30.0 30.0 30.0 30.0 30.0 30.0
83.0 30.0 30.0 29.999986877189805 29.999959345056006 30.0 30.0 30.0 30.0 30.0 30.0 30.0
83.1 30.0 30.0 29.999987156398486 29.999960155427104 30.0 30.0 30.0 30.0 30.0 30.0 30.0
83.2 30.0 30.0 29.999987429666618 29.999960949718396 30.0 30.0 30.0 30.0 30.0 30.0 30.0
83.3 30.0 30.0 29.999987697120563 29.99996172824751 30.0 30.0 30.0 30.0 30.0 30.0 30.0
83.4 30.0 30.0 29.999987958883974 29.99996249132552 30.0 30.0 30.0 30.0 30.0 30.0 30.0
83.5 30.0 30.0 29.99998821507789 29.999963239257596 30.0 30.0 30.0 30.0 30.0 30.0 30.0
83.6 30.0 30.0 29.999988465820937 29.999963972342606 30.0 30.0 30.0 30.0 30.0 30.0 30.0
83.7 30.0 30.0 29.999988711229022 29.99996469087392 30.0 30.0 30.0 30.0 30.0 30.0 30.0
83.8 30.0 30.0 29.99998895141564 29.999965395138904 30.0 30.0 30.0 30.0 30.0 30.0 30.0
83.9 30.0 30.0 29.999989186491863 29.999966085419363 30.0 30.0 30.0 30.0 30.0 30.0 30.0
84.0 30.0 30.0 29.999989416566546 29.99996676199149 30.0 30.0 30.0 30.0 30.0 30.0 30.0
84.1 30.0 30.0 29.999989641746016 29.999967425126282 30.0 30.0 30.0 30.0 30.0 30.0 30.0
84.2 30.0 30.0 29.999989862134385 29.999968075089228 30.0 30.0 30.0 30.0 30.0 30.0 30.0
84.3 30.0 30.0 29.999990077833633 29.99996871214062 30.0 30.0 30.0 30.0 30.0 30.0 30.0
84.4 30.0 30.0 29.99999028894351 29.99996933653566 30.0 30.0 30.0 30.0 30.0 30.0 30.0
84.5 30.0 30.0 29.999990495561743 29.999969948524434 30.0 30.0 30.0 30.0 30.0 30.0 30.0
84.6 30.0 30.0 29.999990697783826 29.999970548352323 30.0 30.0 30.0 30.0 30.0 30.0 30.0
84.7 30.0 30.0 29.999990895703323 29.999971136259752 30.0 30.0 30.0 30.0 30.0 30.0 30.0
84.8 30.0 30.0 29.99999108941176 29.999971712482445 30.0 30.0 30.0 30.0 30.0 30.0 30.0
84.9 30.0 30.0 29.99999127899874 29.999972277251437 30.0 30.0 30.0 30.0 30.0 30.0 30.0
85.0 30.0 30.0 29.99999146455191 29.99997283079331 30.0 30.0 30.0 30.0 30.0 30.0 30.0
85.1 30.0 30.0 29.999991646157202 29.999973373330047 30.0 30.0 30.0 30.0 30.0 30.0 30.0
85.2 30.0 30.0 29.999991823898494 29.99997390507955 30.0 30.0 30.0 30.0 30.0 30.0 30.0
85.3 30.0 30.0 29.999991997858125 29.999974426255015 30.0 30.0 30.0 30.0 30.0 30.0 30.0
85.4 30.0 30.0 29.999992168116503 29.99997493706582 30.0 30.0 30.0 30.0 30.0 30.0 30.0
85.5 30.0 30.0 29.99999233475228 29.999975437717197 30.0 30.0 30.0 30.0 30.0 30.0 30.0
85.6 30.0 30.0 29.99999249784268 29.999975928409913 30.0 30.0 30.0 30.0 30.0 30.0 30.0
85.7 30.0 30.0 29.99999265746306 29.99997640934136 30.0 30.0 30.0 30.0 30.0 30.0 30.0
85.8 30.0 30.0 29.999992813687257 29.999976880704704 30.0 30.0 30.0 30.0 30.0 30.0 30.0
85.9 30.0 30.0 29.99999296658754 29.999977342689345 30.0 30.0 30.0 30.0 30.0 30.0 30.0
86.0 30.0 30.0 29.999993116234638 29.999977795480966 30.0 30.0 30.0 30.0 30.0 30.0 30.0
86.1 30.0 30.0 29.99999326269773 29.9999782392617 30.0 30.0 30.0 30.0 30.0 30.0 30.0
86.2 30.0 30.0 29.999993406044542 29.999978674210052 30.0 30.0 30.0 30.0 30.0 30.0 30.0
86.3 30.0 30.0 29.999993546341454 29.99997910050087 30.0 30.0 30.0 30.0 30.0 30.0 30.0
86.4 30.0 30.0 29.999993683653386 29.99997951830559 30.0 30.0 30.0 30.0 30.0 30.0 30.0
86.5 30.0 30.0 29.99999381804371 29.9999799277926 30.0 30.0 30.0 30.0 30.0 30.0 30.0
86.6 30.0 30.0 29.999993949574733 29.999980329126448 30.0 30.0 30.0 30.0 30.0 30.0 30.0
86.7 30.0 30.0 29.99999407830723 29.999980722468894 30.0 30.0 30.0 30.0 30.0 30.0 30.0
86.8 30.0 30.0 29.99999420430069 29.99998110797828 30.0 30.0 30.0 30.0 30.0 30.0 30.0
86.9 30.0 30.0 29.999994327613464 29.999981485809805 30.0 30.0 30.0 30.0 30.0 30.0 30.0
87.0 30.0 30.0 29.99999444830254 29.999981856115635 30.0 30.0 30.0 30.0 30.0 30.0 30.0
87.1 30.0 30.0 29.999994566423744 29.999982219045037 30.0 30.0 30.0 30.0 30.0 30.0 30.0
87.2 30.0 30.0 29.999994682031744 29.99998257474423 30.0 30.0 30.0 30.0 30.0 30.0 30.0
87.3 30.0 30.0 29.999994795180047 29.999982923356576 30.0 30.0 30.0 30.0 30.0 30.0 30.0
87.4 30.0 30.0 29.999994905920897 29.9999832650228 30.0 30.0 30.0 30.0 30.0 30.0 30.0
87.5 30.0 30.0 29.999995014305572 29.999983599880395 30.0 30.0 30.0 30.0 30.0 30.0 30.0
87.6 30.0 30.0 29.999995120384195 29.999983928064555 30.0 30.0 30.0 30.0 30.0 30.0 30.0
87.7 30.0 30.0 29.999995224205822 29.9999842497077 30.0 30.0 30.0 30.0 30.0 30.0 30.0
87.8 30.0 30.0 29.999995325818443 29.999984564939616 30.0 30.0 30.0 30.0 30.0 30.0 30.0
87.9 30.0 30.0 29.999995425269073 29.999984873887467 30.0 30.0 30.0 30.0 30.0 30.0 30.0
88.0 30.0 30.0 29.99999552260378 29.99998517667584 30.0 30.0 30.0 30.0 30.0 30.0 30.0
88.1 30.0 30.0 29.999995617867544 29.999985473427095 30.0 30.0 30.0 30.0 30.0 30.0 30.0
88.2 30.0 30.0 29.999995711104393 29.999985764261133 30.0 30.0 30.0 30.0 30.0 30.0 30.0
88.3 30.0 30.0 29.99999580235748 29.99998604929532 30.0 30.0 30.0 30.0 30.0 30.0 30.0
88.4 30.0 30.0 29.999995891668988 29.99998632864481 30.0 30.0 30.0 30.0 30.0 30.0 30.0
88.5 30.0 30.0 29.999995979080328 29.999986602422446 30.0 30.0 30.0 30.0 30.0 30.0 30.0
88.6 30.0 30.0 29.999996064631947 29.9999868707389 30.0 30.0 30.0 30.0 30.0 30.0 30.0
88.7 30.0 30.0 29.999996148363223 29.99998713370275 30.0 30.0 30.0 30.0 30.0 30.0 30.0
88.8 30.0 30.0 29.999996230312952 29.999987391420166 30.0 30.0 30.0 30.0 30.0 30.0 30.0
88.9 30.0 30.0 29.999996310519066 29.999987643995325 30.0 30.0 30.0 30.0 30.0 30.0 30.0
89.0 30.0 30.0 29.99999638901862 29.999987891530452 30.0 30.0 30.0 30.0 30.0 30.0 30.0
89.1 30.0 30.0 29.99999646584799 29.999988134125655 30.0 30.0 30.0 30.0 30.0 30.0 30.0
89.2 30.0 30.0 29.99999654104269 29.999988371879027 30.0 30.0 30.0 30.0 30.0 30.0 30.0
89.3 30.0 30.0 29.99999661463755 29.999988604886838 30.0 30.0 30.0 30.0 30.0 30.0 30.0
89.4 30.0 30.0 29.99999668666653 29.999988833243467 30.0 30.0 30.0 30.0 30.0 30.0 30.0
89.5 30.0 30.0 29.999996757163014 29.999989057041237 30.0 30.0 30.0 30.0 30.0 30.0 30.0
89.6 30.0 30.0 29.999996826159506 29.99998927637088 30.0 30.0 30.0 30.0 30.0 30.0 30.0
89.7 30.0 30.0 29.999996893688035 29.99998949132106 30.0 30.0 30.0 30.0 30.0 30.0 30.0
89.8 30.0 30.0 29.999996959779857 29.999989701978922 30.0 30.0 30.0 30.0 30.0 30.0 30.0
89.9 30.0 30.0 29.99999702446544 29.999989908429917 30.0 30.0 30.0 30.0 30.0 30.0 30.0
90.0 30.0 30.0 29.99999708777459 29.999990110757743 30.0 30.0 30.0 30.0 30.0 30.0 30.0
90.1 30.0 30.0 29.99999714973692 29.99999030904391 30.0 30.0 30.0 30.0 30.0 30.0 30.0
90.2 30.0 30.0 29.999997210380865 29.999990503369393 30.0 30.0 30.0 30.0 30.0 30.0 30.0
90.3 30.0 30.0 29.99999726973449 29.9999906938127 30.0 30.0 30.0 30.0 30.0 30.0 30.0
90.4 30.0 30.0 29.99999732782527 29.999990880451076 30.0 30.0 30.0 30.0 30.0 30.0 30.0
90.5 30.0 30.0 29.999997384680107 29.99999106336023 30.0 30.0 30.0 30.0 30.0 30.0 30.0
90.6 30.0 30.0 29.99999744032512 29.99999124261457 30.0 30.0 30.0 30.0 30.0 30.0 30.0
90.7 30.0 30.0 29.999997494786243 29.999991418286402 30.0 30.0 30.0 30.0 30.0 30.0 30.0
90.8 30.0 30.0 29.999997548088633 29.999991590447337 30.0 30.0 30.0 30.0 30.0 30.0 30.0
90.9 30.0 30.0 29.999997600257053 29.999991759167003 30.0 30.0 30.0 30.0 30.0 30.0 30.0
91.0 30.0 30.0 29.999997651315507 29.999991924514248 30.0 30.0 30.0 30.0 30.0 30.0 30.0
91.1 30.0 30.0 29.999997701287597 29.99999208655594 30.0 30.0 30.0 30.0 30.0 30.0 30.0
91.2 30.0 30.0 29.99999775019635 29.999992245358 30.0 30.0 30.0 30.0 30.0 30.0 30.0
91.3 30.0 30.0 29.999997798064605 29.999992400984784 30.0 30.0 30.0 30.0 30.0 30.0 30.0
91.4 30.0 30.0 29.999997844914226 29.99999255349994 30.0 30.0 30.0 30.0 30.0 30.0 30.0
91.5 30.0 30.0 29.999997890767077 29.999992702964814 30.0 30.0 30.0 30.0 30.0 30.0 30.0
91.6 30.0 30.0 29.999997935644448 29.99999284944053 30.0 30.0 30.0 30.0 30.0 30.0 30.0
91.7 30.0 30.0 29.99999797956685 29.99999299298662 30.0 30.0 30.0 30.0 30.0 30.0 30.0
91.8 30.0 30.0 29.999998022554795 29.999993133661224 30.0 30.0 30.0 30.0 30.0 30.0 30.0
91.9 30.0 30.0 29.99999806462802 29.999993271521905 30.0 30.0 30.0 30.0 30.0 30.0 30.0
92.0 30.0 30.0 29.99999810580607 29.99999340662444 30.0 30.0 30.0 30.0 30.0 30.0 30.0
92.1 30.0 30.0 29.9999981461081 29.999993539023695 30.0 30.0 30.0 30.0 30.0 30.0 30.0
92.2 30.0 30.0 29.999998185552695 29.999993668773843 30.0 30.0 30.0 30.0 30.0 30.0 30.0
92.3 30.0 30.0 29.999998224158034 29.999993795927626 30.0 30.0 30.0 30.0 30.0 30.0 30.0
92.4 30.0 30.0 29.99999826194193 29.99999392053672 30.0 30.0 30.0 30.0 30.0 30.0 30.0
92.5 30.0 30.0 29.999998298921984 29.9999940426517 30.0 30.0 30.0 30.0 30.0 30.0 30.0
92.6 30.0 30.0 29.99999833511523 29.999994162322434 30.0 30.0 30.0 30.0 30.0 30.0 30.0
92.7 30.0 30.0 29.999998370538304 29.999994279597736 30.0 30.0 30.0 30.0 30.0 30.0 30.0
92.8 30.0 30.0 29.999998405207663 29.999994394525338 30.0 30.0 30.0 30.0 30.0 30.0 30.0
92.9 30.0 30.0 29.99999843913936 29.99999450715187 30.0 30.0 30.0 30.0 30.0 30.0 30.0
93.0 30.0 30.0 29.999998472349077 29.99999461752344 30.0 30.0 30.0 30.0 30.0 30.0 30.0
93.1 30.0 30.0 29.99999850485229 29.999994725684914 30.0 30.0 30.0 30.0 30.0 30.0 30.0
93.2 30.0 30.0 29.9999985366639 29.999994831680393 30.0 30.0 30.0 30.0 30.0 30.0 30.0
93.3 30.0 30.0 29.999998567798805 29.999994935552962 30.0 30.0 30.0 30.0 30.0 30.0 30.0
93.4 30.0 30.0 29.999998598271134 29.999995037345318 30.0 30.0 30.0 30.0 30.0 30.0 30.0
93.5 30.0 30.0 29.999998628095206 29.99999513709856 30.0 30.0 30.0 30.0 30.0 30.0 30.0
93.6 30.0 30.0 29.999998657284763 29.999995234853586 30.0 30.0 30.0 30.0 30.0 30.0 30.0
93.7 30.0 30.0 29.99999868585315 29.99999533065023 30.0 30.0 30.0 30.0 30.0 30.0 30.0
93.8 30.0 30.0 29.999998713813728 29.99999542452744 30.0 30.0 30.0 30.0 30.0 30.0 30.0
93.9 30.0 30.0 29.999998741179457 29.999995516523803 30.0 30.0 30.0 30.0 30.0 30.0 30.0
94.0 30.0 30.0 29.999998767962914 29.999995606676606 30.0 30.0 30.0 30.0 30.0 30.0 30.0
94.1 30.0 30.0 29.999998794176488 29.999995695022847 30.0 30.0 30.0 30.0 30.0 30.0 30.0
94.2 30.0 30.0 29.999998819832363 29.999995781598397 30.0 30.0 30.0 30.0 30.0 30.0 30.0
94.3 30.0 30.0 29.99999884494235 29.99999586643878 30.0 30.0 30.0 30.0 30.0 30.0 30.0
94.4 30.0 30.0 29.99999886951806 29.999995949578647 30.0 30.0 30.0 30.0 30.0 30.0 30.0
94.5 30.0 30.0 29.999998893570904 29.999996031051904 30.0 30.0 30.0 30.0 30.0 30.0 30.0
94.6 30.0 30.0 29.999998917111917 29.99999611089173 30.0 30.0 30.0 30.0 30.0 30.0 30.0
94.7 30.0 30.0 29.99999894015213 29.99999618913079 30.0 30.0 30.0 30.0 30.0 30.0 30.0
94.8 30.0 30.0 29.99999896270218 29.999996265801197 30.0 30.0 30.0 30.0 30.0 30.0 30.0
94.9 30.0 30.0 29.999998984772326 29.99999634093436 30.0 30.0 30.0 30.0 30.0 30.0 30.0
95.0 30.0 30.0 29.999999006372825 29.999996414560783 30.0 30.0 30.0 30.0 30.0 30.0 30.0
95.1 30.0 30.0 29.999999027513738 29.999996486710415 30.0 30.0 30.0 30.0 30.0 30.0 30.0
95.2 30.0 30.0 29.999999048204934 29.999996557412853 30.0 30.0 30.0 30.0 30.0 30.0 30.0
95.3 30.0 30.0 29.9999990684559 29.99999662669715 30.0 30.0 30.0 30.0 30.0 30.0 30.0
95.4 30.0 30.0 29.999999088275917 29.999996694591868 30.0 30.0 30.0 30.0 30.0 30.0 30.0
95.5 30.0 30.0 29.999999107674277 29.99999676112424 30.0 30.0 30.0 30.0 30.0 30.0 30.0
95.6 30.0 30.0 29.999999126659883 29.999996826321905 30.0 30.0 30.0 30.0 30.0 30.0 30.0
95.7 30.0 30.0 29.999999145241635 29.99999689021141 30.0 30.0 30.0 30.0 30.0 30.0 30.0
95.8 30.0 30.0 29.999999163428047 29.99999695281893 30.0 30.0 30.0 30.0 30.0 30.0 30.0
95.9 30.0 30.0 29.999999181227437 29.99999701417012 30.0 30.0 30.0 30.0 30.0 30.0 30.0
96.0 30.0 30.0 29.99999919864813 29.999997074289915 30.0 30.0 30.0 30.0 30.0 30.0 30.0
96.1 30.0 30.0 29.999999215698253 29.999997133203063 30.0 30.0 30.0 30.0 30.0 30.0 30.0
96.2 30.0 30.0 29.999999232385548 29.999997190933954 30.0 30.0 30.0 30.0 30.0 30.0 30.0
96.3 30.0 30.0 29.99999924871775 29.999997247505906 30.0 30.0 30.0 30.0 30.0 30.0 30.0
96.4 30.0 30.0 29.99999926470241 29.99999730294223 30.0 30.0 30.0 30.0 30.0 30.0 30.0
96.5 30.0 30.0 29.999999280347073 29.999997357265514 30.0 30.0 30.0 30.0 30.0 30.0 30.0
96.6 30.0 30.0 29.9999992956589 29.999997410498143 30.0 30.0 30.0 30.0 30.0 30.0 30.0
96.7 30.0 30.0 29.999999310644856 29.999997462662012 30.0 30.0 30.0 30.0 30.0 30.0 30.0
96.8 30.0 30.0 29.99999932531191 29.99999751377828 30.0 30.0 30.0 30.0 30.0 30.0 30.0
96.9 30.0 30.0 29.999999339667028 29.999997563867904 30.0 30.0 30.0 30.0 30.0 30.0 30.0
97.0 30.0 30.0 29.99999935371659 29.99999761295186 30.0 30.0 30.0 30.0 30.0 30.0 30.0
97.1 30.0 30.0 29.999999367467378 29.999997661049687 30.0 30.0 30.0 30.0 30.0 30.0 30.0
97.2 30.0 30.0 29.999999380925576 29.99999770818141 30.0 30.0 30.0 30.0 30.0 30.0 30.0
97.3 30.0 30.0 29.999999394097383 29.999997754366433 30.0 30.0 30.0 30.0 30.0 30.0 30.0
97.4 30.0 30.0 29.999999406988984 29.999997799623557 30.0 30.0 30.0 30.0 30.0 30.0 30.0
97.5 30.0 30.0 29.99999941960619 29.999997843971588 30.0 30.0 30.0 30.0 30.0 30.0 30.0
97.6 30.0 30.0 29.999999431955 29.99999788742845 30.0 30.0 30.0 30.0 30.0 30.0 30.0
97.7 30.0 30.0 29.999999444041027 29.99999793001222 30.0 30.0 30.0 30.0 30.0 30.0 30.0
97.8 30.0 30.0 29.999999455869876 29.999997971740278 30.0 30.0 30.0 30.0 30.0 30.0 30.0
97.9 30.0 30.0 29.99999946744716 29.99999801262962 30.0 30.0 30.0 30.0 30.0 30.0 30.0
98.0 30.0 30.0 29.99999947877811 29.99999805269724 30.0 30.0 30.0 30.0 30.0 30.0 30.0
98.1 30.0 30.0 29.999999489867946 29.999998091959448 30.0 30.0 30.0 30.0 30.0 30.0 30.0
98.2 30.0 30.0 29.999999500721895 29.999998130432353 30.0 30.0 30.0 30.0 30.0 30.0 30.0
98.3 30.0 30.0 29.999999511344793 29.99999816813206 30.0 30.0 30.0 30.0 30.0 30.0 30.0
98.4 30.0 30.0 29.999999521741675 29.999998205073798 30.0 30.0 30.0 30.0 30.0 30.0 30.0
98.5 30.0 30.0 29.99999953191737 29.999998241272756 30.0 30.0 30.0 30.0 30.0 30.0 30.0
98.6 30.0 30.0 29.99999954187653 29.99999827674396 30.0 30.0 30.0 30.0 30.0 30.0 30.0
98.7 30.0 30.0 29.999999551623798 29.9999983115019 30.0 30.0 30.0 30.0 30.0 30.0 30.0
98.8 30.0 30.0 29.999999561163623 29.999998345560886 30.0 30.0 30.0 30.0 30.0 30.0 30.0
98.9 30.0 30.0 29.999999570500652 29.999998378934862 30.0 30.0 30.0 30.0 30.0 30.0 30.0
99.0 30.0 30.0 29.999999579638946 29.99999841163774 30.0 30.0 30.0 30.0 30.0 30.0 30.0
99.1 30.0 30.0 29.99999958858276 29.99999844368279 30.0 30.0 30.0 30.0 30.0 30.0 30.0
99.2 30.0 30.0 29.99999959733636 29.99999847508322 30.0 30.0 30.0 30.0 30.0 30.0 30.0
99.3 30.0 30.0 29.999999605903604 29.99999850585207 30.0 30.0 30.0 30.0 30.0 30.0 30.0
99.4 30.0 30.0 29.999999614288566 29.99999853600186 30.0 30.0 30.0 30.0 30.0 30.0 30.0
99.5 30.0 30.0 29.99999962249511 29.99999856554508 30.0 30.0 30.0 30.0 30.0 30.0 30.0
99.6 30.0 30.0 29.999999630527107 29.999998594493878 30.0 30.0 30.0 30.0 30.0 30.0 30.0
99.7 30.0 30.0 29.99999963838824 29.999998622860186 30.0 30.0 30.0 30.0 30.0 30.0 30.0
99.8 30.0 30.0 29.999999646082177 29.99999865065562 30.0 30.0 30.0 30.0 30.0 30.0 30.0
99.9 30.0 30.0 29.999999653612406 29.99999867789178 30.0 30.0 30.0 30.0 30.0 30.0 30.0
