0.0 30.0 30.0 30.0 30.0 30.0 30.0 30.0 30.0 30.0 30.0 30.0
0.1 30.0 30.0 30.0 30.0 30.0 30.0 30.0 30.0 30.0 30.0 30.0
0.2 30.0 30.0 30.0 30.0 30.0 30.0 30.0 30.0 30.0 30.0 30.0
0.3 30.0 30.0 30.0 30.0 30.0 30.0 30.0 30.0 30.0 30.0 30.0
0.4 30.0 30.0 30.0 30.0 30.0 30.0 30.0 30.0 30.0 30.0 30.0
0.5 30.0 30.0 30.0 30.0 30.0 30.0 30.0 30.0 30.0 30.0 30.0
0.6 30.0 30.0 30.0 30.0 30.0 30.0 30.0 30.0 30.0 30.0 30.0
0.7 30.0 30.0 30.0 30.0 30.0 30.0 30.0 30.0 30.0 30.0 30.0
0.8 30.0 30.0 30.0 30.0 30.0 30.0 30.0 30.0 30.0 30.0 30.0
0.9 30.0 30.0 30.0 30.0 30.0 30.0 30.0 30.0 30.0 30.0 30.0
1.0 30.0 30.0 30.0 30.0 30.0 30.0 30.0 30.0 30.0 30.0 30.0
1.1 30.0 30.0 30.0 30.0 30.0 30.0 30.0 30.0 30.0 30.0 30.0
1.2 30.0 30.0 30.0 30.0 30.0 30.0 30.0 30.0 30.0 30.0 30.0
1.3 30.0 30.0 30.0 30.0 30.0 30.0 30.0 30.0 30.0 30.0 30.0
1.4 30.0 30.0 30.0 30.0 30.0 30.0 30.0 30.0 30.0 30.0 30.0
1.5 30.0 30.0 30.0 30.0 30.0 30.0 30.0 30.0 30.0 30.0 30.0
1.6 30.0 30.0 30.0 30.0 30.0 30.0 30.0 30.0 30.0 30.0 30.0
1.7 30.0 30.0 30.0 30.0 30.0 30.0 30.0 30.0 30.0 30.0 30.0
1.8 30.0 30.0 30.0 30.0 30.0 30.0 30.0 30.0 30.0 30.0 30.0
1.9 30.0 30.0 30.0 30.0 30.0 30.0 30.0 30.0 30.0 30.0 30.0
2.0 30.0 30.0 30.0 30.0 30.0 30.0 30.0 30.0 30.0 30.0 30.0
2.1 30.0 30.0 30.0 30.0 30.0 30.0 30.0 30.0 30.0 30.0 30.0
2.2 30.0 30.0 30.0 30.0 30.0 30.0 30.0 30.0 30.0 30.0 30.0
2.3 30.0 30.0 30.0 30.0 30.0 30.0 30.0 30.0 30.0 30.0 30.0
2.4 30.0 30.0 30.0 30.0 30.0 30.0 30.0 30.0 30.0 30.0 30.0
2.5 30.0 30.0 30.0 30.0 30.0 30.0 30.0 30.0 30.0 30.0 30.0
2.6 30.0 30.0 30.0 30.0 30.0 30.0 30.0 30.0 30.0 30.0 30.0
2.7 30.0 30.0 30.0 30.0 30.0 30.0 30.0 30.0 30.0 30.0 30.0
2.8 30.0 30.0 30.0 30.0 30.0 30.0 30.0 30.0 30.0 30.0 30.0
2.9 30.0 30.0 30.0 30.0 30.0 30.0 30.0 30.0 30.0 30.0 30.0
3.0 30.0 30.0 30.0 30.0 30.0 30.0 30.0 30.0 30.0 30.0 30.0
3.1 30.0 30.0 30.0 30.0 30.0 30.0 30.0 30.0 30.0 30.0 30.0
3.2 30.0 30.0 30.0 30.0 30.0 30.0 30.0 30.0 30.0 30.0 30.0
3.3 30.0 30.0 30.0 30.0 30.0 30.0 30.0 30.0 30.0 30.0 30.0
3.4 30.0 30.0 30.0 30.0 30.0 30.0 30.0 30.0 30.0 30.0 30.0
3.5 30.0 30.0 30.0 30.0 30.0 30.0 30.0 30.0 30.0 30.0 30.0
3.6 30.0 30.0 30.0 30.0 30.0 30.0 30.0 30.0 30.0 30.0 30.0
3.7 30.0 30.0 30.0 30.0 30.0 30.0 30.0 30.0 30.0 30.0 30.0
3.8 30.0 30.0 30.0 30.0 30.0 30.0 30.0 30.0 30.0 30.0 30.0
3.9 30.0 30.0 30.0 30.0 30.0 30.0 30.0 30.0 30.0 30.0 30.0
4.0 30.0 30.0 30.0 30.0 30.0 30.0 30.0 30.0 30.0 30.0 30.0
4.1 30.0 30.0 30.0 30.0 30.0 30.0 30.0 30.0 30.0 30.0 30.0
4.2 30.0 30.0 30.0 30.0 30.0 30.0 30.0 30.0 30.0 30.0 30.0
4.3 30.0 30.0 30.0 30.0 30.0 30.0 30.0 30.0 30.0 30.0 30.0
4.4 30.0 30.0 30.0 30.0 30.0 30.0 30.0 30.0 30.0 30.0 30.0
4.5 30.0 30.0 30.0 30.0 30.0 30.0 30.0 30.0 30.0 30.0 30.0
4.6 30.0 30.0 30.0 30.0 30.0 30.0 30.0 30.0 30.0 30.0 30.0
4.7 30.0 30.0 30.0 30.0 30.0 30.0 30.0 30.0 30.0 30.0 30.0
4.8 30.0 30.0 30.0 30.0 30.0 30.0 30.0 30.0 30.0 30.0 30.0
4.9 30.0 30.0 30.0 30.0 30.0 30.0 30.0 30.0 30.0 30.0 30.0
5.0 30.0 30.0 30.0 30.0 30.0 30.0 30.0 30.0 30.0 30.0 30.0
5.1 30.0 30.0 30.0 30.0 30.0 30.0 30.0 30.0 30.0 30.0 30.0
5.2 30.0 30.0 30.0 30.0 30.0 30.0 30.0 30.0 30.0 30.0 30.0
5.3 30.0 30.0 30.0 30.0 30.0 30.0 30.0 30.0 30.0 30.0 30.0
5.4 30.0 30.0 30.0 30.0 30.0 30.0 30.0 30.0 30.0 30.0 30.0
5.5 30.0 30.0 30.0 30.0 30.0 30.0 30.0 30.0 30.0 30.0 30.0
5.6 30.0 30.0 30.0 30.0 30.0 30.0 30.0 30.0 30.0 30.0 30.0
5.7 30.0 30.0 30.0 30.0 30.0 30.0 30.0 30.0 30.0 30.0 30.0
5.8 30.0 30.0 30.0 30.0 30.0 30.0 30.0 30.0 30.0 30.0 30.0
5.9 30.0 30.0 30.0 30.0 30.0 30.0 30.0 30.0 30.0 30.0 30.0
6.0 30.0 30.0 30.0 30.0 30.0 30.0 30.0 30.0 30.0 30.0 30.0
6.1 30.0 30.0 30.0 30.0 30.0 30.0 30.0 30.0 30.0 30.0 30.0
6.2 30.0 30.0 30.0 30.0 30.0 30.0 30.0 30.0 30.0 30.0 30.0
6.3 30.0 30.0 30.0 30.0 30.0 30.0 30.0 30.0 30.0 30.0 30.0
6.4 30.0 30.0 30.0 30.0 30.0 30.0 30.0 30.0 30.0 30.0 30.0
6.5 30.0 29.9614893617028 30.0 30.0 30.0 30.0 30.0 30.0 30.0 30.0 30.0
6.6 30.0 29.736776822092096 30.0 30.0 30.0 30.0 30.0 30.0 30.0 30.0 30.0
6.7 30.0 29.51503769165733 30.0 30.0 30.0 30.0 30.0 30.0 30.0 30.0 30.0
6.8 30.0 29.295145567925644 30.0 30.0 30.0 30.0 30.0 30.0 30.0 30.0 30.0
6.9 30.0 29.080033707753355 30.0 30.0 30.0 30.0 30.0 30.0 30.0 30.0 30.0
7.0 30.0 28.86959819236743 30.0 30.0 30.0 30.0 30.0 30.0 30.0 30.0 30.0
7.1 30.0 28.660709303478534 30.0 30.0 30.0 30.0 30.0 30.0 30.0 30.0 30.0
7.2 30.0 28.454915763401246 30.0 30.0 30.0 30.0 30.0 30.0 30.0 30.0 30.0
7.3 30.0 28.253695413103426 30.0 30.0 30.0 30.0 30.0 30.0 30.0 30.0 30.0
7.4 30.0 28.056946626145606 30.0 30.0 30.0 30.0 30.0 30.0 30.0 30.0 30.0
7.5 30.0 27.86149208069108 30.0 30.0 30.0 30.0 30.0 30.0 30.0 30.0 30.0
7.6 30.0 27.66918544249354 30.0 30.0 30.0 30.0 30.0 30.0 30.0 30.0 30.0
7.7 30.0 27.4812494097096 30.0 30.0 30.0 30.0 30.0 30.0 30.0 30.0 30.0
7.8 30.0 27.63849374130712 30.0 30.0 30.0 30.0 30.0 30.0 30.0 30.0 30.0
7.9 30.0 27.819437065368287 30.0 30.0 30.0 30.0 30.0 30.0 30.0 30.0 30.0
8.0 30.0 28.018573195796343 30.0 30.0 30.0 30.0 30.0 30.0 30.0 30.0 30.0
8.1 30.0 28.231493791445345 30.0 30.0 30.0 30.0 30.0 30.0 30.0 30.0 30.0
8.2 30.0 27.431493791445344 30.0 30.0 30.0 30.0 30.0 30.0 30.0 30.0 30.0
8.3 30.0 26.631493791445344 30.0 30.0 30.0 30.0 30.0 30.0 30.0 30.0 30.0
8.4 30.0 25.831493791445343 30.0 30.0 30.0 30.0 30.0 30.0 30.0 30.0 30.0
8.5 30.0 25.031493791445342 30.0 30.0 30.0 30.0 30.0 30.0 30.0 30.0 30.0
8.6 30.0 24.64149379144549 30.0 30.0 30.0 30.0 30.0 30.0 30.0 30.0 30.0
8.7 30.0 24.510456446659354 30.0 30.0 30.0 30.0 30.0 30.0 30.0 30.0 30.0
8.8 30.0 24.382695035492866 30.0 30.0 30.0 30.0 30.0 30.0 30.0 30.0 30.0
8.9 30.0 24.25812765960557 30.0 30.0 30.0 30.0 30.0 30.0 30.0 30.0 30.0
9.0 30.0 24.136674468115466 30.0 30.0 30.0 30.0 30.0 30.0 30.0 30.0 30.0
9.1 30.0 24.018257606412583 30.0 30.0 30.0 30.0 30.0 30.0 30.0 30.0 30.0
9.2 30.0 23.900308888463883 30.0 30.0 30.0 30.0 30.0 30.0 30.0 30.0 30.0
9.3 30.0 23.784916352862236 30.0 30.0 30.0 30.0 30.0 30.0 30.0 30.0 30.0
9.4 30.0 23.672482600224736 30.0 30.0 30.0 30.0 30.0 30.0 30.0 30.0 30.0
9.5 30.0 23.562931764321544 30.0 30.0 30.0 30.0 30.0 30.0 30.0 30.0 30.0
9.6 30.0 23.456189924210726 30.0 30.0 30.0 30.0 30.0 30.0 30.0 30.0 30.0
9.7 30.0 23.73680043897454 30.0 30.0 30.0 30.0 30.0 30.0 30.0 30.0 30.0
9.8 30.0 24.03996041702582 30.0 30.0 30.0 30.0 30.0 30.0 30.0 30.0 30.0
9.9 30.0 24.353961406600142 30.0 30.0 30.0 30.0 30.0 30.0 30.0 30.0 30.0
10.0 30.0 24.685112371435153 30.0 30.0 30.0 30.0 30.0 30.0 30.0 30.0 30.0
10.1 30.0 23.885112371435152 30.0 30.0 30.0 30.0 30.0 30.0 30.0 30.0 30.0
10.2 30.0 23.08511237143515 30.0 30.0 30.0 30.0 30.0 30.0 30.0 30.0 30.0
10.3 30.0 22.28511237143515 30.0 30.0 30.0 30.0 30.0 30.0 30.0 30.0 30.0
10.4 30.0 21.48511237143515 30.0 30.0 30.0 30.0 30.0 30.0 30.0 30.0 30.0
10.5 30.0 21.143859250006564 30.0 30.0 30.0 30.0 30.0 30.0 30.0 30.0 30.0
10.6 30.0 21.095418715284147 30.0 30.0 30.0 30.0 30.0 30.0 30.0 30.0 30.0
10.7 30.0 21.048323750970734 30.0 30.0 30.0 30.0 30.0 30.0 30.0 30.0 30.0
10.8 30.0 21.002536980110477 30.0 30.0 30.0 30.0 30.0 30.0 30.0 30.0 30.0
10.9 30.0 20.9580220639963 30.0 30.0 30.0 30.0 30.0 30.0 30.0 30.0 30.0
11.0 30.0 20.91474367332975 30.0 30.0 30.0 30.0 30.0 30.0 30.0 30.0 30.0
11.1 30.0 20.872667460181727 30.0 30.0 30.0 30.0 30.0 30.0 30.0 30.0 30.0
11.2 30.0 20.831760030732227 30.0 30.0 30.0 30.0 30.0 30.0 30.0 30.0 30.0
11.3 30.0 20.791760030732227 30.0 30.0 30.0 30.0 30.0 30.0 30.0 30.0 30.0
11.4 30.0 20.75199545842563 30.0 30.0 30.0 30.0 30.0 30.0 30.0 30.0 30.0
11.5 30.0 20.713367016756372 30.0 30.0 30.0 30.0 30.0 30.0 30.0 30.0 30.0
11.6 30.0 21.0959577380477 30.0 30.0 30.0 30.0 30.0 30.0 30.0 30.0 30.0
11.7 30.0 21.498847800879684 30.0 30.0 30.0 30.0 30.0 30.0 30.0 30.0 30.0
11.8 30.0 21.909720892724025 30.0 30.0 30.0 30.0 30.0 30.0 30.0 30.0 30.0
11.9 30.0 22.33378249021797 30.0 30.0 30.0 30.0 30.0 30.0 30.0 30.0 30.0
12.0 30.0 21.53378249021797 30.0 30.0 30.0 30.0 30.0 30.0 30.0 30.0 30.0
12.1 30.0 20.73378249021797 30.0 30.0 30.0 30.0 30.0 30.0 30.0 30.0 30.0
12.2 30.0 19.93378249021797 30.0 30.0 30.0 30.0 30.0 30.0 30.0 30.0 30.0
12.3 30.0 19.133782490217968 30.0 30.0 30.0 30.0 30.0 30.0 30.0 30.0 30.0
12.4 30.0 18.832758778393305 30.0 30.0 30.0 30.0 30.0 30.0 30.0 30.0 30.0
12.5 30.0 18.849947906320768 30.0 30.0 30.0 30.0 30.0 30.0 30.0 30.0 30.0
12.6 30.0 18.866616151583766 30.0 30.0 30.0 30.0 30.0 30.0 30.0 30.0 30.0
12.7 30.0 18.882779298505497 30.0 30.0 30.0 30.0 30.0 30.0 30.0 30.0 30.0
12.8 30.0 18.898452653096246 30.0 30.0 30.0 30.0 30.0 30.0 30.0 30.0 30.0
12.9 30.0 18.91365105754792 30.0 30.0 30.0 30.0 30.0 30.0 30.0 30.0 30.0
13.0 30.0 18.92838890428889 30.0 30.0 30.0 30.0 30.0 30.0 30.0 30.0 30.0
13.1 30.0 18.942680149613466 30.0 30.0 30.0 30.0 30.0 30.0 30.0 30.0 30.0
13.2 30.0 18.9565383268979 30.0 30.0 30.0 30.0 30.0 30.0 30.0 30.0 30.0
13.3 30.0 18.969976559416178 30.0 30.0 30.0 30.0 30.0 30.0 30.0 30.0 30.0
13.4 30.0 18.983007572767256 30.0 30.0 30.0 30.0 30.0 30.0 30.0 30.0 30.0
13.5 30.0 19.442830656722123 30.0 30.0 30.0 30.0 30.0 30.0 30.0 30.0 30.0
13.6 30.0 19.91804151975971 30.0 30.0 30.0 30.0 30.0 30.0 30.0 30.0 30.0
13.7 30.0 20.397010575773432 30.0 30.0 30.0 30.0 30.0 30.0 30.0 30.0 30.0
13.8 30.0 20.88606554378599 30.0 30.0 30.0 30.0 30.0 30.0 30.0 30.0 30.0
13.9 30.0 20.08606554378599 30.0 30.0 30.0 30.0 30.0 30.0 30.0 30.0 30.0
14.0 30.0 19.286065543785988 30.0 30.0 30.0 30.0 30.0 30.0 30.0 30.0 30.0
14.1 30.0 18.486065543785987 30.0 30.0 30.0 30.0 30.0 30.0 30.0 30.0 30.0
14.2 30.0 17.686065543785986 29.74479595970196 30.0 30.0 30.0 30.0 30.0 30.0 30.0 30.0
14.3 30.0 17.415097801850802 29.10131769883236 30.0 30.0 30.0 30.0 30.0 30.0 30.0 30.0
14.4 30.0 17.479126905016958 28.719955691664016 30.0 30.0 30.0 30.0 30.0 30.0 30.0 30.0
14.5 30.0 17.541090553242263 28.5000397445494 30.0 30.0 30.0 30.0 30.0 30.0 30.0 30.0
14.6 30.0 17.601022393664614 28.285423909469962 30.0 30.0 30.0 30.0 30.0 30.0 30.0 30.0
14.7 30.0 17.657240443862612 28.075983676730612 30.0 30.0 30.0 30.0 30.0 30.0 30.0 30.0
14.8 30.0 17.711701679991883 27.869029984644687 30.0 30.0 30.0 30.0 30.0 30.0 30.0 30.0
14.9 30.0 17.764461002492176 27.66541223214901 30.0 30.0 30.0 30.0 30.0 30.0 30.0 30.0
15.0 30.0 17.81557159616427 27.466770274543336 30.0 30.0 30.0 30.0 30.0 30.0 30.0 30.0
15.1 30.0 17.865084983784108 27.2729801468708 30.0 30.0 30.0 30.0 30.0 30.0 30.0 30.0
15.2 30.0 17.91305107804093 27.081221530857302 30.0 30.0 30.0 30.0 30.0 30.0 30.0 30.0
15.3 30.0 17.959518231852208 26.89254905692318 30.0 30.0 30.0 30.0 30.0 30.0 30.0 30.0
15.4 30.0 18.471062581436968 26.708578046662172 30.0 30.0 30.0 30.0 30.0 30.0 30.0 30.0
15.5 30.0 18.990121291090325 26.78038090264074 30.0 30.0 30.0 30.0 30.0 30.0 30.0 30.0
15.6 30.0 19.51423180337911 26.876848128465753 30.0 30.0 30.0 30.0 30.0 30.0 30.0 30.0
15.7 30.0 20.044847128900297 26.99327039034792 30.0 30.0 30.0 30.0 30.0 30.0 30.0 30.0
15.8 30.0 19.244847128900297 27.128879499184244 30.0 30.0 30.0 30.0 30.0 30.0 30.0 30.0
15.9 30.0 18.444847128900296 26.49797532478455 30.0 30.0 30.0 30.0 30.0 30.0 30.0 30.0
16.0 30.0 17.644847128900295 25.86940389621308 30.0 30.0 30.0 30.0 30.0 30.0 30.0 30.0
16.1 30.0 16.844847128900295 25.245013652310625 30.0 30.0 30.0 30.0 30.0 30.0 30.0 30.0
16.2 30.0 16.591513795567327 24.625013652310606 30.0 30.0 30.0 30.0 30.0 30.0 30.0 30.0
16.3 30.0 16.685130002381836 24.296388311003 30.0 30.0 30.0 30.0 30.0 30.0 30.0 30.0
16.4 30.0 16.775625668969067 24.1529149566948 30.0 30.0 30.0 30.0 30.0 30.0 30.0 30.0
16.5 30.0 16.861069174196857 24.013730557795313 30.0 30.0 30.0 30.0 30.0 30.0 30.0 30.0
16.6 30.0 16.94297016857762 23.876064107870963 30.0 30.0 30.0 30.0 30.0 30.0 30.0 30.0
16.7 30.0 17.022229195397657 23.74239300383773 30.0 30.0 30.0 30.0 30.0 30.0 30.0 30.0
16.8 30.0 17.09893147941704 23.612759048832146 30.0 30.0 30.0 30.0 30.0 30.0 30.0 30.0
16.9 30.0 17.17315949621003 23.48703905896014 30.0 30.0 30.0 30.0 30.0 30.0 30.0 30.0
17.0 30.0 17.244993060848426 23.365113643316644 30.0 30.0 30.0 30.0 30.0 30.0 30.0 30.0
17.1 30.0 17.31450941372428 23.246867086263773 30.0 30.0 30.0 30.0 30.0 30.0 30.0 30.0
17.2 30.0 17.381783303604216 23.130402686898396 30.0 30.0 30.0 30.0 30.0 30.0 30.0 30.0
17.3 30.0 17.92042184712897 23.016300905429517 30.0 30.0 30.0 30.0 30.0 30.0 30.0 30.0
17.4 30.0 18.470699310939303 23.188299647609774 30.0 30.0 30.0 30.0 30.0 30.0 30.0 30.0
17.5 30.0 19.020072059092676 23.379861276596586 30.0 30.0 30.0 30.0 30.0 30.0 30.0 30.0
17.6 30.0 19.571832526204822 23.592060866084328 30.0 30.0 30.0 30.0 30.0 30.0 30.0 30.0
17.7 30.0 18.771832526204822 23.823909454030535 30.0 30.0 30.0 30.0 30.0 30.0 30.0 30.0
17.8 30.0 17.97183252620482 23.213039980850223 30.0 30.0 30.0 30.0 30.0 30.0 30.0 30.0
17.9 30.0 17.17183252620482 22.60251366506072 30.0 30.0 30.0 30.0 30.0 30.0 30.0 30.0
18.0 30.0 16.37183252620482 21.997108259655334 30.0 30.0 30.0 30.0 30.0 30.0 30.0 30.0
18.1 30.0 16.132771441998276 21.397108259655337 30.0 30.0 30.0 30.0 30.0 30.0 30.0 30.0
18.2 30.0 16.241679060598344 21.11806496793896 30.0 30.0 30.0 30.0 30.0 30.0 30.0 30.0
18.3 30.0 16.34695642524505 21.043114036401736 30.0 30.0 30.0 30.0 30.0 30.0 30.0 30.0
18.4 30.0 16.44872454440355 20.971152638673345 30.0 30.0 30.0 30.0 30.0 30.0 30.0 30.0
18.5 30.0 16.547100392923486 20.902067480031693 30.0 30.0 30.0 30.0 30.0 30.0 30.0 30.0
18.6 30.0 16.642197046492758 20.835749421234137 30.0 30.0 30.0 30.0 30.0 30.0 30.0 30.0
18.7 30.0 16.73412381160963 20.771295996030677 30.0 30.0 30.0 30.0 30.0 30.0 30.0 30.0
18.8 30.0 16.82224485602187 20.708477799399713 30.0 30.0 30.0 30.0 30.0 30.0 30.0 30.0
18.9 30.0 16.905398247763152 20.648433022282255 30.0 30.0 30.0 30.0 30.0 30.0 30.0 30.0
19.0 30.0 16.98586927202886 20.591381206626444 30.0 30.0 30.0 30.0 30.0 30.0 30.0 30.0
19.1 30.0 17.063744456802105 20.536649194483083 30.0 30.0 30.0 30.0 30.0 30.0 30.0 30.0
19.2 30.0 17.62226042825204 20.484148455698964 30.0 30.0 30.0 30.0 30.0 30.0 30.0 30.0
19.3 30.0 18.184064789869147 20.738125821449096 30.0 30.0 30.0 30.0 30.0 30.0 30.0 30.0
19.4 30.0 18.748666923816394 21.0122232965199 30.0 30.0 30.0 30.0 30.0 30.0 30.0 30.0
19.5 30.0 19.31639239888598 21.30406656035188 30.0 30.0 30.0 30.0 30.0 30.0 30.0 30.0
19.6 30.0 18.51639239888598 21.61440000909972 30.0 30.0 30.0 30.0 30.0 30.0 30.0 30.0
19.7 30.0 17.71639239888598 21.014400009099813 30.0 30.0 30.0 30.0 30.0 30.0 30.0 30.0
19.8 30.0 16.91639239888598 20.420114294814066 30.0 30.0 30.0 30.0 30.0 30.0 30.0 30.0
19.9 30.0 16.116392398885978 19.831879000696322 30.0 30.0 30.0 30.0 30.0 30.0 30.0 30.0
20.0 30.0 15.88190964026564 19.248588441852352 30.0 30.0 30.0 30.0 30.0 30.0 30.0 30.0
20.1 30.0 16.003115664247943 19.00950798208249 30.0 30.0 30.0 30.0 30.0 30.0 30.0 30.0
20.2 30.0 16.116345142106358 18.988284885175755 30.0 30.0 30.0 30.0 30.0 30.0 30.0 30.0
20.3 30.0 15.316345142106357 18.188284885175754 29.2 29.2 29.2 29.2 29.2 29.2 29.2 29.2
20.4 30.0 14.516345142106356 17.388284885175754 28.4 28.4 28.4 28.4 28.4 28.4 28.4 28.4
20.5 30.0 13.716345142106356 16.588284885175753 27.599999999999998 27.599999999999998 27.599999999999998 27.599999999999998 27.599999999999998 27.599999999999998 27.599999999999998 27.599999999999998
20.6 30.0 12.916345142106355 15.788284885175752 26.799999999999997 26.799999999999997 26.799999999999997 26.799999999999997 26.799999999999997 26.799999999999997 26.799999999999997 26.799999999999997
20.7 30.0 12.916345142106355 15.788284885175752 26.799999999999997 26.799999999999997 26.799999999999997 26.799999999999997 26.799999999999997 26.799999999999997 26.799999999999997 26.799999999999997
20.8 30.0 12.916345142106355 15.788284885175752 26.799999999999997 26.799999999999997 26.799999999999997 26.799999999999997 26.799999999999997 26.799999999999997 26.799999999999997 26.799999999999997
20.9 30.0 12.916345142106355 15.788284885175752 26.799999999999997 26.799999999999997 26.799999999999997 26.799999999999997 26.799999999999997 26.799999999999997 26.799999999999997 26.799999999999997
21.0 30.0 12.916345142106355 15.788284885175752 26.799999999999997 26.799999999999997 26.799999999999997 26.799999999999997 26.799999999999997 26.799999999999997 26.799999999999997 26.799999999999997
21.1 30.0 12.916345142106355 15.788284885175752 26.799999999999997 26.799999999999997 26.799999999999997 26.799999999999997 26.799999999999997 26.799999999999997 26.799999999999997 26.799999999999997
21.2 30.0 12.916345142106355 15.788284885175752 26.799999999999997 26.799999999999997 26.799999999999997 26.799999999999997 26.799999999999997 26.799999999999997 26.799999999999997 26.799999999999997
21.3 30.0 12.916345142106355 15.788284885175752 26.799999999999997 26.799999999999997 26.799999999999997 26.799999999999997 26.799999999999997 26.799999999999997 26.799999999999997 26.799999999999997
21.4 30.0 12.916345142106355 15.788284885175752 26.799999999999997 26.799999999999997 26.799999999999997 26.799999999999997 26.799999999999997 26.799999999999997 26.799999999999997 26.799999999999997
21.5 30.0 12.916345142106355 15.788284885175752 26.799999999999997 26.799999999999997 26.799999999999997 26.799999999999997 26.799999999999997 26.799999999999997 26.799999999999997 26.799999999999997
21.6 30.0 12.916345142106355 15.788284885175752 26.799999999999997 26.799999999999997 26.799999999999997 26.799999999999997 26.799999999999997 26.799999999999997 26.799999999999997 26.799999999999997
21.7 30.0 12.916345142106355 15.788284885175752 26.799999999999997 26.799999999999997 26.799999999999997 26.799999999999997 26.799999999999997 26.799999999999997 26.799999999999997 26.799999999999997
21.8 30.0 12.916345142106355 15.781433596912056 26.799999999999997 26.799999999999997 26.799999999999997 26.799999999999997 26.799999999999997 26.799999999999997 26.799999999999997 26.799999999999997
21.9 30.0 12.916345142106355 15.682637443298086 26.799999999999997 26.799999999999997 26.799999999999997 26.799999999999997 26.799999999999997 26.799999999999997 26.799999999999997 26.799999999999997
22.0 30.0 12.916345142106355 15.587248053601899 26.799999999999997 26.799999999999997 26.799999999999997 26.799999999999997 26.799999999999997 26.799999999999997 26.799999999999997 26.799999999999997
22.1 30.0 12.916345142106355 15.495147953205505 26.799999999999997 26.799999999999997 26.799999999999997 26.799999999999997 26.799999999999997 26.799999999999997 26.799999999999997 26.799999999999997
22.2 30.0 12.916345142106355 15.406223718340016 26.799999999999997 26.799999999999997 26.799999999999997 26.799999999999997 26.799999999999997 26.799999999999997 26.799999999999997 26.799999999999997
22.3 30.0 12.916345142106355 15.3203658364009 26.799999999999997 26.799999999999997 26.799999999999997 26.799999999999997 26.799999999999997 26.799999999999997 26.799999999999997 26.799999999999997
22.4 30.0 12.916345142106355 15.237468571080429 26.799999999999997 26.799999999999997 26.799999999999997 26.799999999999997 26.799999999999997 26.799999999999997 26.799999999999997 26.799999999999997
22.5 30.0 12.916345142106355 15.155909469012808 26.636361488308474 26.799999999999997 26.799999999999997 26.799999999999997 26.799999999999997 26.799999999999997 26.799999999999997 26.799999999999997
22.6 30.0 12.916345142106355 15.075925028766182 26.33279903737312 26.799999999999997 26.799999999999997 26.799999999999997 26.799999999999997 26.799999999999997 26.799999999999997 26.799999999999997
22.7 30.0 12.916345142106355 14.998797175671145 26.030499181824464 26.799999999999997 26.799999999999997 26.799999999999997 26.799999999999997 26.799999999999997 26.799999999999997 26.799999999999997
22.8 30.0 12.916345142106355 14.924423888758124 25.734784816065805 26.799999999999997 26.799999999999997 26.799999999999997 26.799999999999997 26.799999999999997 26.799999999999997 26.799999999999997
22.9 30.0 12.916345142106355 14.85270679066353 25.441753223976033 26.799999999999997 26.799999999999997 26.799999999999997 26.799999999999997 26.799999999999997 26.799999999999997 26.799999999999997
23.0 30.0 12.916345142106355 14.783551017500876 25.151998243512185 26.799999999999997 26.799999999999997 26.799999999999997 26.799999999999997 26.799999999999997 26.799999999999997 26.799999999999997
23.1 30.0 12.916345142106355 14.71686509337974 24.86874821563554 26.799999999999997 26.799999999999997 26.799999999999997 26.799999999999997 26.799999999999997 26.799999999999997 26.799999999999997
23.2 30.0 12.916345142106355 14.652560809405779 24.58666117711548 26.799999999999997 26.799999999999997 26.799999999999997 26.799999999999997 26.799999999999997 26.799999999999997 26.799999999999997
23.3 30.0 12.916345142106355 14.590553107002313 24.309371740134466 26.799999999999997 26.799999999999997 26.799999999999997 26.799999999999997 26.799999999999997 26.799999999999997 26.799999999999997
23.4 30.0 12.916345142106355 14.530759965398993 24.0384978082246 26.799999999999997 26.799999999999997 26.799999999999997 26.799999999999997 26.799999999999997 26.799999999999997 26.799999999999997
23.5 30.0 12.916345142106355 14.473102293138515 23.768099947110287 26.799999999999997 26.799999999999997 26.799999999999997 26.799999999999997 26.799999999999997 26.799999999999997 26.799999999999997
23.6 30.0 12.916345142106355 14.417503823458903 23.50315544058048 26.799999999999997 26.799999999999997 26.799999999999997 26.799999999999997 26.799999999999997 26.799999999999997 26.799999999999997
23.7 30.0 12.916345142106355 14.36255364353688 23.244529182340663 26.799999999999997 26.799999999999997 26.799999999999997 26.799999999999997 26.799999999999997 26.799999999999997 26.799999999999997
23.8 30.0 12.916345142106355 14.308990365706167 22.98692120237764 26.799999999999997 26.799999999999997 26.799999999999997 26.799999999999997 26.799999999999997 26.799999999999997 26.799999999999997
23.9 30.0 12.916345142106355 14.257410912980239 22.734592082383102 26.799999999999997 26.799999999999997 26.799999999999997 26.799999999999997 26.799999999999997 26.799999999999997 26.799999999999997
24.0 30.0 12.916345142106355 14.207741810355389 22.48843334907399 26.799999999999997 26.799999999999997 26.799999999999997 26.799999999999997 26.799999999999997 26.799999999999997 26.799999999999997
24.1 30.0 12.916345142106355 14.159912304123976 22.24420002652629 26.799999999999997 26.799999999999997 26.799999999999997 26.799999999999997 26.799999999999997 26.799999999999997 26.799999999999997
24.2 30.0 12.916345142106355 14.113854261086246 22.00373004467944 26.799999999999997 26.799999999999997 26.799999999999997 26.799999999999997 26.799999999999997 26.799999999999997 26.799999999999997
24.3 30.0 12.916345142106355 14.069502071494437 21.769328355078482 26.799999999999997 26.799999999999997 26.799999999999997 26.799999999999997 26.799999999999997 26.799999999999997 26.799999999999997
24.4 30.0 12.916345142106355 14.026792555591264 21.53920376753487 26.799999999999997 26.799999999999997 26.799999999999997 26.799999999999997 26.799999999999997 26.799999999999997 26.799999999999997
24.5 30.0 12.916345142106355 13.985664873610357 21.310357295804426 26.799999999999997 26.799999999999997 26.799999999999997 26.799999999999997 26.799999999999997 26.799999999999997 26.799999999999997
24.6 30.0 13.516345142106355 13.946060439110173 21.087472212030278 27.4 27.4 27.4 27.4 27.4 27.4 27.4
24.7 30.0 14.116345142106354 14.285700613295182 20.87039756871302 28.0 28.0 28.0 28.0 28.0 28.0 28.0
24.8 30.0 14.716345142106354 14.645032365353108 20.847874957760954 28.6 28.6 28.6 28.6 28.6 28.6 28.6
24.9 30.0 15.316345142106353 15.023163005312407 20.85206466770337 29.200000000000003 29.200000000000003 29.200000000000003 29.200000000000003 29.200000000000003 29.200000000000003 29.200000000000003
25.0 30.0 15.916345142106353 15.415796256125747 20.87921605261665 29.800000000000004 29.800000000000004 29.800000000000004 29.800000000000004 29.800000000000004 29.800000000000004 29.800000000000004
25.1 30.0 16.516345142106353 15.826160010814702 20.929765357457576 30.0 30.0 30.0 30.0 30.0 30.0 30.0
25.2 30.0 17.116345142106354 16.252172352900864 21.004579412803295 30.0 30.0 30.0 30.0 30.0 30.0 30.0
25.3 30.0 17.716345142106356 16.69152295061129 21.104412740376567 30.0 30.0 30.0 30.0 30.0 30.0 30.0
25.4 30.0 18.316345142106357 17.138285672643324 21.22591613383322 30.0 30.0 30.0 30.0 30.0 30.0 30.0
25.5 30.0 18.91634514210636 17.60202860379391 21.369969179724716 30.0 30.0 30.0 30.0 30.0 30.0 30.0
25.6 30.0 19.51634514210636 18.07173678130706 21.535877223669864 30.0 30.0 30.0 30.0 30.0 30.0 30.0
25.7 30.0 20.11634514210636 18.553228197113043 21.723270797703876 30.0 30.0 30.0 30.0 30.0 30.0 30.0
25.8 30.0 20.716345142106363 19.040484623994885 21.92802746646749 30.0 30.0 30.0 30.0 30.0 30.0 30.0
25.9 30.0 21.316345142106364 19.53564273852761 22.152874898246132 30.0 30.0 30.0 30.0 30.0 30.0 30.0
26.0 30.0 21.916345142106366 20.04311144730345 22.399011309409957 30.0 30.0 30.0 30.0 30.0 30.0 30.0
26.1 30.0 22.516345142106367 20.551385128358064 22.65868102747335 30.0 30.0 30.0 30.0 30.0 30.0 30.0
26.2 30.0 23.11634514210637 21.066105129121958 22.937616451874597 30.0 30.0 30.0 30.0 30.0 30.0 30.0
26.3 30.0 23.71634514210637 21.58972290726047 23.233128692223136 30.0 30.0 30.0 30.0 30.0 30.0 30.0
26.4 30.0 24.31634514210637 22.11548627130619 23.540068601111322 30.0 30.0 30.0 30.0 30.0 30.0 30.0
26.5 30.0 24.916345142106373 22.647110422400967 23.867267355129005 30.0 30.0 30.0 30.0 30.0 30.0 30.0
26.6 30.0 25.516345142106374 23.183573050343405 24.205105810481488 30.0 30.0 30.0 30.0 30.0 30.0 30.0
26.7 30.0 26.116345142106375 23.7207320001234 24.55509133103765 30.0 30.0 30.0 30.0 30.0 30.0 30.0
26.8 30.0 26.716345142106377 24.265512657222473 24.920255524501314 30.0 30.0 30.0 30.0 30.0 30.0 30.0
26.9 30.0 27.31634514210638 24.81433375404617 25.296094764643108 30.0 30.0 30.0 30.0 30.0 30.0 30.0
27.0 30.0 27.91634514210638 25.361122937708764 25.6842164523459 30.0 30.0 30.0 30.0 30.0 30.0 30.0
27.1 30.0 28.51634514210638 25.91336339643953 26.08010624231974 30.0 30.0 30.0 30.0 30.0 30.0 30.0
27.2 30.0 29.116345142106383 26.47164161716823 26.48908225461955 30.0 30.0 30.0 30.0 30.0 30.0 30.0
27.3 30.0 29.716345142106384 27.028875307099508 26.90580560445755 30.0 30.0 30.0 30.0 30.0 30.0 30.0
27.4 30.0 30.0 27.587396663236134 27.33321414686482 30.0 30.0 30.0 30.0 30.0 30.0 30.0
27.5 30.0 30.0 27.88075650593681 27.76668650895831 30.0 30.0 30.0 30.0 30.0 30.0 30.0
27.6 30.0 30.0 27.928921130801857 27.995966160067468 30.0 30.0 30.0 30.0 30.0 30.0 30.0
27.7 30.0 30.0 27.975991105101826 28.030956961313603 30.0 30.0 30.0 30.0 30.0 30.0 30.0
27.8 30.0 30.0 28.021502611541795 28.065299478424336 30.0 30.0 30.0 30.0 30.0 30.0 30.0
27.9 30.0 30.0 28.065469220174215 28.09919052206025 30.0 30.0 30.0 30.0 30.0 30.0 30.0
28.0 30.0 30.0 28.108458793059253 28.13263741095461 30.0 30.0 30.0 30.0 30.0 30.0 30.0
28.1 30.0 30.0 28.150493042102404 28.165536442800846 30.0 30.0 30.0 30.0 30.0 30.0 30.0
28.2 30.0 30.0 28.19159319672233 28.19789544981887 30.0 30.0 30.0 30.0 30.0 30.0 30.0
28.3 30.0 30.0 28.231780014572983 28.229722186676582 30.0 30.0 30.0 30.0 30.0 30.0 30.0
28.4 30.0 30.0 28.27107379202696 28.261024330069233 30.0 30.0 30.0 30.0 30.0 30.0 30.0
28.5 30.0 30.0 28.3094943744264 28.29180947835471 30.0 30.0 30.0 30.0 30.0 30.0 30.0
28.6 30.0 30.0 28.347061166105835 28.32208515124472 30.0 30.0 30.0 30.0 30.0 30.0 30.0
28.7 30.0 30.0 28.38379314019239 28.351858789547855 30.0 30.0 30.0 30.0 30.0 30.0 30.0
28.8 30.0 30.0 28.41970884818812 28.381137754962854 30.0 30.0 30.0 30.0 30.0 30.0 30.0
28.9 30.0 30.0 28.45482642933952 28.409929329920047 30.0 30.0 30.0 30.0 30.0 30.0 30.0
29.0 30.0 30.0 28.489163619798674 28.43824071746934 30.0 30.0 30.0 30.0 30.0 30.0 30.0
29.1 30.0 30.0 28.52273776158096 28.466079041211533 30.0 30.0 30.0 30.0 30.0 30.0 30.0
29.2 30.0 30.0 28.555565811323582 28.49345134527261 30.0 30.0 30.0 30.0 30.0 30.0 30.0
29.3 30.0 30.0 28.587664348849685 28.52036459431808 30.0 30.0 30.0 30.0 30.0 30.0 30.0
29.4 30.0 30.0 28.61904958554187 28.546825673605774 30.0 30.0 30.0 30.0 30.0 30.0 30.0
29.5 30.0 30.0 28.649737372529852 28.57284138907601 30.0 30.0 30.0 30.0 30.0 30.0 30.0
29.6 30.0 30.0 28.679743208695857 28.598418467476716 30.0 30.0 30.0 30.0 30.0 30.0 30.0
29.7 30.0 30.0 28.709082248502636 28.62356355652178 30.0 30.0 30.0 30.0 30.0 30.0 30.0
29.8 30.0 30.0 28.737769309647046 28.64828322508218 30.0 30.0 30.0 30.0 30.0 30.0 30.0
29.9 30.0 30.0 28.7658188805438 28.67258396340699 30.0 30.0 30.0 30.0 30.0 30.0 30.0
30.0 30.0 30.0 28.793245127642855 28.696472183374137 30.0 30.0 30.0 30.0 30.0 30.0 30.0
30.1 30.0 30.0 28.81962577426704 28.719954218768308 30.0 30.0 30.0 30.0 30.0 30.0 30.0
30.2 30.0 30.0 28.84528608352209 28.74312355124859 30.0 30.0 30.0 30.0 30.0 30.0 30.0
30.3 30.0 30.0 28.87038855996722 28.765922077147643 30.0 30.0 30.0 30.0 30.0 30.0 30.0
30.4 30.0 30.0 28.894945330402717 28.78832553569978 30.0 30.0 30.0 30.0 30.0 30.0 30.0
30.5 30.0 30.0 28.91896825800265 28.810115492105847 30.0 30.0 30.0 30.0 30.0 30.0 30.0
30.6 30.0 30.0 28.942468948046052 28.83128240861662 30.0 30.0 30.0 30.0 30.0 30.0 30.0
30.7 30.0 30.0 28.96545875352336 28.852091351681562 30.0 30.0 30.0 30.0 30.0 30.0 30.0
30.8 30.0 30.0 28.98794878062068 28.872547882095127 30.0 30.0 30.0 30.0 30.0 30.0 30.0
30.9 30.0 30.0 29.0099498940854 28.892657488052286 30.0 30.0 30.0 30.0 30.0 30.0 30.0
31.0 30.0 30.0 29.031472722474867 28.912425585677507 30.0 30.0 30.0 30.0 30.0 30.0 30.0
31.1 30.0 30.0 29.05252766329059 28.931857519564918 30.0 30.0 30.0 30.0 30.0 30.0 30.0
31.2 30.0 30.0 29.0731248880017 28.95095856332774 30.0 30.0 30.0 30.0 30.0 30.0 30.0
31.3 30.0 30.0 29.093274346958218 28.969733920159754 30.0 30.0 30.0 30.0 30.0 30.0 30.0
31.4 30.0 30.0 29.112985774198215 28.988188723404043 30.0 30.0 30.0 30.0 30.0 30.0 30.0
31.5 30.0 30.0 29.13226869215039 29.006328037130864 30.0 30.0 30.0 30.0 30.0 30.0 30.0
31.6 30.0 30.0 29.15113241623406 29.02415685672432 30.0 30.0 30.0 30.0 30.0 30.0 30.0
31.7 30.0 30.0 29.16958605935945 29.04168010947471 30.0 30.0 30.0 30.0 30.0 30.0 30.0
31.8 30.0 30.0 29.187638536329867 29.05890265517903 30.0 30.0 30.0 30.0 30.0 30.0 30.0
31.9 30.0 30.0 29.205298568148734 29.075829286746167 30.0 30.0 30.0 30.0 30.0 30.0 30.0
32.0 30.0 30.0 29.222574686232445 29.092464730808878 30.0 30.0 30.0 30.0 30.0 30.0 30.0
32.1 30.0 30.0 29.239475236531742 29.108813648340067 30.0 30.0 30.0 30.0 30.0 30.0 30.0
32.2 30.0 30.0 29.25600838356366 29.12488063527411 30.0 30.0 30.0 30.0 30.0 30.0 30.0
32.3 30.0 30.0 29.272182114355765 29.140670223131504 30.0 30.0 30.0 30.0 30.0 30.0 30.0
32.4 30.0 30.0 29.288004242304567 29.156186879647553 30.0 30.0 30.0 30.0 30.0 30.0 30.0
32.5 30.0 30.0 29.303482410950153 29.171435009404295 30.0 30.0 30.0 30.0 30.0 30.0 30.0
32.6 30.0 30.0 29.31862409766861 29.186418954464934 30.0 30.0 30.0 30.0 30.0 30.0 30.0
32.7 30.0 30.0 29.333436617284516 29.20114299500991 30.0 30.0 30.0 30.0 30.0 30.0 30.0
32.8 30.0 30.0 29.34792712560441 29.215611349976122 30.0 30.0 30.0 30.0 30.0 30.0 30.0
32.9 30.0 30.0 29.362102622873877 29.22982817769663 30.0 30.0 30.0 30.0 30.0 30.0 30.0
33.0 30.0 30.0 29.375969957159267 29.2437975765418 30.0 30.0 30.0 30.0 30.0 30.0 30.0
33.1 30.0 30.0 29.389535827655806 29.257523585561184 30.0 30.0 30.0 30.0 30.0 30.0 30.0
33.2 30.0 30.0 29.402806787924195 29.271010185125714 30.0 30.0 30.0 30.0 30.0 30.0 30.0
33.3 30.0 30.0 29.415789249056253 29.28426129757055 30.0 30.0 30.0 30.0 30.0 30.0 30.0
33.4 30.0 30.0 29.428489482772434 29.297280787836605 30.0 30.0 30.0 30.0 30.0 30.0 30.0
33.5 30.0 30.0 29.440913624451333 29.310072464113045 30.0 30.0 30.0 30.0 30.0 30.0 30.0
33.6 30.0 30.0 29.453067676093657 29.32264007847783 30.0 30.0 30.0 30.0 30.0 30.0 30.0
33.7 30.0 30.0 29.464957509222025 29.334987327537444 30.0 30.0 30.0 30.0 30.0 30.0 30.0
33.8 30.0 30.0 29.476588867717208 29.34711785306581 30.0 30.0 30.0 30.0 30.0 30.0 30.0
33.9 30.0 30.0 29.487967370592873 29.359035242641433 30.0 30.0 30.0 30.0 30.0 30.0 30.0
34.0 30.0 30.0 29.499098514710443 29.370743030282174 30.0 30.0 30.0 30.0 30.0 30.0 30.0
34.1 30.0 30.0 29.509987677434104 29.382244697079194 30.0 30.0 30.0 30.0 30.0 30.0 30.0
34.2 30.0 30.0 29.52064011922902 29.393543671827125 30.0 30.0 30.0 30.0 30.0 30.0 30.0
34.3 30.0 30.0 29.531060986202263 29.404643331653677 30.0 30.0 30.0 30.0 30.0 30.0 30.0
34.4 30.0 30.0 29.541255312589204 29.41554700264461 30.0 30.0 30.0 30.0 30.0 30.0 30.0
34.5 30.0 30.0 29.551228023185118 29.42625796046793 30.0 30.0 30.0 30.0 30.0 30.0 30.0
34.6 30.0 30.0 29.56098393572461 29.436779430993337 30.0 30.0 30.0 30.0 30.0 30.0 30.0
34.7 30.0 30.0 29.570527763208833 29.447114590909727 30.0 30.0 30.0 30.0 30.0 30.0 30.0
34.8 30.0 30.0 29.579864116182577 29.45726656833859 30.0 30.0 30.0 30.0 30.0 30.0 30.0
34.9 30.0 30.0 29.588997504961252 29.46723844344506 30.0 30.0 30.0 30.0 30.0 30.0 30.0
35.0 30.0 30.0 29.59793234180992 29.477033249043956 30.0 30.0 30.0 30.0 30.0 30.0 30.0
35.1 30.0 30.0 29.606530965562733 29.48665397120297 30.0 30.0 30.0 30.0 30.0 30.0 30.0
35.2 30.0 30.0 29.614902647146533 29.496131328051288 30.0 30.0 30.0 30.0 30.0 30.0 30.0
35.3 30.0 30.0 29.623096207845578 29.5054470571316 30.0 30.0 30.0 30.0 30.0 30.0 30.0
35.4 30.0 30.0 29.631115437465855 29.51459512010074 30.0 30.0 30.0 30.0 30.0 30.0 30.0
35.5 30.0 30.0 29.638964045179378 29.5235784203902 30.0 30.0 30.0 30.0 30.0 30.0 30.0
35.6 30.0 30.0 29.646645661239383 29.532399814089995 30.0 30.0 30.0 30.0 30.0 30.0 30.0
35.7 30.0 30.0 29.654163838659773 29.54106211064159 30.0 30.0 30.0 30.0 30.0 30.0 30.0
35.8 30.0 30.0 29.661522054858523 29.54956807352356 30.0 30.0 30.0 30.0 30.0 30.0 30.0
35.9 30.0 30.0 29.66872371326581 29.557920420929758 30.0 30.0 30.0 30.0 30.0 30.0 30.0
36.0 30.0 30.0 29.67577214489844 29.566121826438593 30.0 30.0 30.0 30.0 30.0 30.0 30.0
36.1 30.0 30.0 29.682670609900637 29.574174919674814 30.0 30.0 30.0 30.0 30.0 30.0 30.0
36.2 30.0 30.0 29.689422299051703 29.58208228696406 30.0 30.0 30.0 30.0 30.0 30.0 30.0
36.3 30.0 30.0 29.696030335242078 29.589846471978767 30.0 30.0 30.0 30.0 30.0 30.0 30.0
36.4 30.0 30.0 29.702497774917827 29.597469976376743 30.0 30.0 30.0 30.0 30.0 30.0 30.0
36.5 30.0 30.0 29.708827609494005 29.604849829359104 30.0 30.0 30.0 30.0 30.0 30.0 30.0
36.6 30.0 30.0 29.715022766738837 29.61204518381549 30.0 30.0 30.0 30.0 30.0 30.0 30.0
36.7 30.0 30.0 29.721086112127335 29.619113234900226 30.0 30.0 30.0 30.0 30.0 30.0 30.0
36.8 30.0 30.0 29.727020450167192 29.62605614248751 30.0 30.0 30.0 30.0 30.0 30.0 30.0
36.9 30.0 30.0 29.732828525695528 29.632876032171666 30.0 30.0 30.0 30.0 30.0 30.0 30.0
37.0 30.0 30.0 29.738513025148855 29.639574995747676 30.0 30.0 30.0 30.0 30.0 30.0 30.0
37.1 30.0 30.0 29.74407657780525 29.646155091687536 30.0 30.0 30.0 30.0 30.0 30.0 30.0
37.2 30.0 30.0 29.749521757000913 29.65261834561102 30.0 30.0 30.0 30.0 30.0 30.0 30.0
37.3 30.0 30.0 29.754851081319995 29.65896675075209 30.0 30.0 30.0 30.0 30.0 30.0 30.0
37.4 30.0 30.0 29.760067015759986 29.665202268419602 30.0 30.0 30.0 30.0 30.0 30.0 30.0
37.5 30.0 30.0 29.7651719728715 29.67132682845404 30.0 30.0 30.0 30.0 30.0 30.0 30.0
37.6 30.0 30.0 29.770168313874223 29.677342329678417 30.0 30.0 30.0 30.0 30.0 30.0 30.0
37.7 30.0 30.0 29.77505834974921 29.68325064034434 30.0 30.0 30.0 30.0 30.0 30.0 30.0
37.8 30.0 30.0 29.7798443423077 29.68905359857369 30.0 30.0 30.0 30.0 30.0 30.0 30.0
37.9 30.0 30.0 29.784528505237354 29.694753012794923 30.0 30.0 30.0 30.0 30.0 30.0 30.0
38.0 30.0 30.0 29.789113005125905 29.700350662174493 30.0 30.0 30.0 30.0 30.0 30.0 30.0
38.1 30.0 30.0 29.793599962463638 29.705848297043193 30.0 30.0 30.0 30.0 30.0 30.0 30.0
38.2 30.0 30.0 29.797991452623993 29.71124763931799 30.0 30.0 30.0 30.0 30.0 30.0 30.0
38.3 30.0 30.0 29.80228950682348 29.716550382918864 30.0 30.0 30.0 30.0 30.0 30.0 30.0
38.4 30.0 30.0 29.80649611306126 29.721758194180293 30.0 30.0 30.0 30.0 30.0 30.0 30.0
38.5 30.0 30.0 29.8106132170387 29.72687271225851 30.0 30.0 30.0 30.0 30.0 30.0 30.0
38.6 30.0 30.0 29.81464272305919 29.731895549533906 30.0 30.0 30.0 30.0 30.0 30.0 30.0
38.7 30.0 30.0 29.81858649490901 29.73682829200799 30.0 30.0 30.0 30.0 30.0 30.0 30.0
38.8 30.0 30.0 29.822446356719492 29.741672499696158 30.0 30.0 30.0 30.0 30.0 30.0 30.0
38.9 30.0 30.0 29.82622409381055 29.74642970701559 30.0 30.0 30.0 30.0 30.0 30.0 30.0
39.0 30.0 30.0 29.829921453516754 29.75110142316797 30.0 30.0 30.0 30.0 30.0 30.0 30.0
39.1 30.0 30.0 29.833540145995148 29.755689132518576 30.0 30.0 30.0 30.0 30.0 30.0 30.0
39.2 30.0 30.0 29.837081845016506 29.760194294969217 30.0 30.0 30.0 30.0 30.0 30.0 30.0
39.3 30.0 30.0 29.840548188739554 29.764618346327495 30.0 30.0 30.0 30.0 30.0 30.0 30.0
39.4 30.0 30.0 29.843940780468486 29.76896269867148 30.0 30.0 30.0 30.0 30.0 30.0 30.0
39.5 30.0 30.0 29.847261189394658 29.773228740709104 30.0 30.0 30.0 30.0 30.0 30.0 30.0
39.6 30.0 30.0 29.850510951322462 29.77741783813361 30.0 30.0 30.0 30.0 30.0 30.0 30.0
39.7 30.0 30.0 29.85369156937941 29.78153133397448 30.0 30.0 30.0 30.0 30.0 30.0 30.0
39.8 30.0 30.0 29.856804514711783 29.785570548942808 30.0 30.0 30.0 30.0 30.0 30.0 30.0
39.9 30.0 30.0 29.859851227164736 29.789536781774 30.0 30.0 30.0 30.0 30.0 30.0 30.0
40.0 30.0 30.0 29.862833115948447 29.793431309564465 30.0 30.0 30.0 30.0 30.0 30.0 30.0
40.1 30.0 30.0 29.86575156028996 29.797255388104535 30.0 30.0 30.0 30.0 30.0 30.0 30.0
40.2 30.0 30.0 29.868607910070985 29.8010102522072 30.0 30.0 30.0 30.0 30.0 30.0 30.0
40.3 30.0 30.0 29.87140348645246 29.804697116031882 30.0 30.0 30.0 30.0 30.0 30.0 30.0
40.4 30.0 30.0 29.87413958248535 29.808317173404987 30.0 30.0 30.0 30.0 30.0 30.0 30.0
40.5 30.0 30.0 29.87681746370908 29.811871598134676 30.0 30.0 30.0 30.0 30.0 30.0 30.0
40.6 30.0 30.0 29.879438368736533 29.815361544323025 30.0 30.0 30.0 30.0 30.0 30.0 30.0
40.7 30.0 30.0 29.882003509827285 29.818788146672514 30.0 30.0 30.0 30.0 30.0 30.0 30.0
40.8 30.0 30.0 29.88451407344795 29.822152520789846 30.0 30.0 30.0 30.0 30.0 30.0 30.0
40.9 30.0 30.0 29.88697122082143 29.825455763483873 30.0 30.0 30.0 30.0 30.0 30.0 30.0
41.0 30.0 30.0 29.88937608846352 29.828698953061654 30.0 30.0 30.0 30.0 30.0 30.0 30.0
41.1 30.0 30.0 29.89172978870899 29.831883149618246 30.0 30.0 30.0 30.0 30.0 30.0 30.0
41.2 30.0 30.0 29.894033410225795 29.835009395324082 30.0 30.0 30.0 30.0 30.0 30.0 30.0
41.3 30.0 30.0 29.896288018518913 29.838078714707517 30.0 30.0 30.0 30.0 30.0 30.0 30.0
41.4 30.0 30.0 29.898494656422802 29.84109211493425 30.0 30.0 30.0 30.0 30.0 30.0 30.0
41.5 30.0 30.0 29.900654344584026 29.844050586081735 30.0 30.0 30.0 30.0 30.0 30.0 30.0
41.6 30.0 30.0 29.902768081933324 29.846955101410853 30.0 30.0 30.0 30.0 30.0 30.0 30.0
41.7 30.0 30.0 29.904836846147504 29.849806617633114 30.0 30.0 30.0 30.0 30.0 30.0 30.0
41.8 30.0 30.0 29.90686159410178 29.852606075174354 30.0 30.0 30.0 30.0 30.0 30.0 30.0
41.9 30.0 30.0 29.908843262312427 29.855354398434653 30.0 30.0 30.0 30.0 30.0 30.0 30.0
42.0 30.0 30.0 29.910782767369657 29.858052496044685 30.0 30.0 30.0 30.0 30.0 30.0 30.0
42.1 30.0 30.0 29.91268100636179 29.860701261117974 30.0 30.0 30.0 30.0 30.0 30.0 30.0
42.2 30.0 30.0 29.914538857290246 29.86330157149996 30.0 30.0 30.0 30.0 30.0 30.0 30.0
42.3 30.0 30.0 29.91635717947551 29.8658542900137 30.0 30.0 30.0 30.0 30.0 30.0 30.0
42.4 30.0 30.0 29.918136813954725 29.8683602647013 30.0 30.0 30.0 30.0 30.0 30.0 30.0
42.5 30.0 30.0 29.91987858387061 29.870820329062674 30.0 30.0 30.0 30.0 30.0 30.0 30.0
42.6 30.0 30.0 29.921583294852123 29.873235302290247 30.0 30.0 30.0 30.0 30.0 30.0 30.0
42.7 30.0 30.0 29.923251735387144 29.87560598950048 30.0 30.0 30.0 30.0 30.0 30.0 30.0
42.8 30.0 30.0 29.92488467718745 29.87793318196178 30.0 30.0 30.0 30.0 30.0 30.0 30.0
42.9 30.0 30.0 29.926482875545133 29.88021765732007 30.0 30.0 30.0 30.0 30.0 30.0 30.0
43.0 30.0 30.0 29.928047069682492 29.882460179819205 30.0 30.0 30.0 30.0 30.0 30.0 30.0
43.1 30.0 30.0 29.929577983093473 29.8846615005202 30.0 30.0 30.0 30.0 30.0 30.0 30.0
43.2 30.0 30.0 29.931076323878713 29.886822357515545 30.0 30.0 30.0 30.0 30.0 30.0 30.0
43.3 30.0 30.0 29.932542785072794 29.88894347614141 30.0 30.0 30.0 30.0 30.0 30.0 30.0
43.4 30.0 30.0 29.933978044964867 29.891025569186397 30.0 30.0 30.0 30.0 30.0 30.0 30.0
43.5 30.0 30.0 29.935382767412428 29.893069337096712 30.0 30.0 30.0 30.0 30.0 30.0 30.0
43.6 30.0 30.0 29.93675760214834 29.8950754681792 30.0 30.0 30.0 30.0 30.0 30.0 30.0
43.7 30.0 30.0 29.938103185081328 29.89704463880044 30.0 30.0 30.0 30.0 30.0 30.0 30.0
43.8 30.0 30.0 29.93942013859023 29.898977513583446 30.0 30.0 30.0 30.0 30.0 30.0 30.0
43.9 30.0 30.0 29.94070907181173 29.900874745601183 30.0 30.0 30.0 30.0 30.0 30.0 30.0
44.0 30.0 30.0 29.941970580922128 29.902736976567304 30.0 30.0 30.0 30.0 30.0 30.0 30.0
44.1 30.0 30.0 29.94320524941316 29.904564837023408 30.0 30.0 30.0 30.0 30.0 30.0 30.0
44.2 30.0 30.0 29.94441364836178 29.906358946524655 30.0 30.0 30.0 30.0 30.0 30.0 30.0
44.3 30.0 30.0 29.94559633669447 29.90811991382124 30.0 30.0 30.0 30.0 30.0 30.0 30.0
44.4 30.0 30.0 29.946753861445693 29.909848337037857 30.0 30.0 30.0 30.0 30.0 30.0 30.0
44.5 30.0 30.0 29.947886758010686 29.911544803850678 30.0 30.0 30.0 30.0 30.0 30.0 30.0
44.6 30.0 30.0 29.948995550393466 29.913209891660564 30.0 30.0 30.0 30.0 30.0 30.0 30.0
44.7 30.0 30.0 29.950080751448912 29.91484416776474 30.0 30.0 30.0 30.0 30.0 30.0 30.0
44.8 30.0 30.0 29.95114286312018 29.9164481895251 30.0 30.0 30.0 30.0 30.0 30.0 30.0
44.9 30.0 30.0 29.952182376670827 29.918022504534292 30.0 30.0 30.0 30.0 30.0 30.0 30.0
45.0 30.0 30.0 29.953199772911912 29.91956765077915 30.0 30.0 30.0 30.0 30.0 30.0 30.0
45.1 30.0 30.0 29.954195522424406 29.921084156801612 30.0 30.0 30.0 30.0 30.0 30.0 30.0
45.2 30.0 30.0 29.955170085777105 29.922572541856546 30.0 30.0 30.0 30.0 30.0 30.0 30.0
45.3 30.0 30.0 29.95612391373929 29.92403331606873 30.0 30.0 30.0 30.0 30.0 30.0 30.0
45.4 30.0 30.0 29.957057447489518 29.925466980585117 30.0 30.0 30.0 30.0 30.0 30.0 30.0
45.5 30.0 30.0 29.957971118819497 29.926874027726914 30.0 30.0 30.0 30.0 30.0 30.0 30.0
45.6 30.0 30.0 29.95886535033397 29.928254941137567 30.0 30.0 30.0 30.0 30.0 30.0 30.0
45.7 30.0 30.0 29.95974055564597 29.929610195929783 30.0 30.0 30.0 30.0 30.0 30.0 30.0
45.8 30.0 30.0 29.960597139568392 29.930940258828894 30.0 30.0 30.0 30.0 30.0 30.0 30.0
45.9 30.0 30.0 29.961435498300936 29.93224558831554 30.0 30.0 30.0 30.0 30.0 30.0 30.0
46.0 30.0 30.0 29.962256019613733 29.933526634764203 30.0 30.0 30.0 30.0 30.0 30.0 30.0
46.1 30.0 30.0 29.96305908302624 29.934783840581698 30.0 30.0 30.0 30.0 30.0 30.0 30.0
46.2 30.0 30.0 29.96384505998316 29.936017640341404 30.0 30.0 30.0 30.0 30.0 30.0 30.0
46.3 30.0 30.0 29.964614314026072 29.93722846091685 30.0 30.0 30.0 30.0 30.0 30.0 30.0
46.4 30.0 30.0 29.965367200961683 29.938416721612526 30.0 30.0 30.0 30.0 30.0 30.0 30.0
46.5 30.0 30.0 29.966104069026326 29.939582834292697 30.0 30.0 30.0 30.0 30.0 30.0 30.0
46.6 30.0 30.0 29.966825259047045 29.940727203508086 30.0 30.0 30.0 30.0 30.0 30.0 30.0
46.7 30.0 30.0 29.967531104599214 29.941850226621018 30.0 30.0 30.0 30.0 30.0 30.0 30.0
46.8 30.0 30.0 29.968221932160947 29.942952293927608 30.0 30.0 30.0 30.0 30.0 30.0 30.0
46.9 30.0 30.0 29.96889806126386 29.944033788779098 30.0 30.0 30.0 30.0 30.0 30.0 30.0
47.0 30.0 30.0 29.969559804641193 29.945095087700253 30.0 30.0 30.0 30.0 30.0 30.0 30.0
47.1 30.0 30.0 29.970207468372255 29.946136560506645 30.0 30.0 30.0 30.0 30.0 30.0 30.0
47.2 30.0 30.0 29.970841352023896 29.947158570419745 30.0 30.0 30.0 30.0 30.0 30.0 30.0
47.3 30.0 30.0 29.971461748789345 29.948161474179596 30.0 30.0 30.0 30.0 30.0 30.0 30.0
47.4 30.0 30.0 29.972068945623665 29.949145622156788 30.0 30.0 30.0 30.0 30.0 30.0 30.0
47.5 30.0 30.0 29.972663223376394 29.950111358461744 30.0 30.0 30.0 30.0 30.0 30.0 30.0
47.6 30.0 30.0 29.973244856921603 29.95105902105247 30.0 30.0 30.0 30.0 30.0 30.0 30.0
47.7 30.0 30.0 29.973814115285023 29.951988941840597 30.0 30.0 30.0 30.0 30.0 30.0 30.0
47.8 30.0 30.0 29.974371261768365 29.952901446795714 30.0 30.0 30.0 30.0 30.0 30.0 30.0
47.9 30.0 30.0 29.974916554071147 29.953796856048 30.0 30.0 30.0 30.0 30.0 30.0 30.0
48.0 30.0 30.0 29.97545024441009 29.95467548398895 30.0 30.0 30.0 30.0 30.0 30.0 30.0
48.1 30.0 30.0 29.975972579635403 29.955537639371077 30.0 30.0 30.0 30.0 30.0 30.0 30.0
48.2 30.0 30.0 29.976483801345264 29.956383625405167 30.0 30.0 30.0 30.0 30.0 30.0 30.0
48.3 30.0 30.0 29.976984145997452 29.957213739856407 30.0 30.0 30.0 30.0 30.0 30.0 30.0
48.4 30.0 30.0 29.977473845018803 29.958028275138734 30.0 30.0 30.0 30.0 30.0 30.0 30.0
48.5 30.0 30.0 29.977953124912002 29.958827518408366 30.0 30.0 30.0 30.0 30.0 30.0 30.0
48.6 30.0 30.0 29.978422207360676 29.959611751654176 30.0 30.0 30.0 30.0 30.0 30.0 30.0
48.7 30.0 30.0 29.97888130933175 29.960381251788313 30.0 30.0 30.0 30.0 30.0 30.0 30.0
48.8 30.0 30.0 29.979330643175793 29.961136290734487 30.0 30.0 30.0 30.0 30.0 30.0 30.0
48.9 30.0 30.0 29.979770416725206 29.961877135514737 30.0 30.0 30.0 30.0 30.0 30.0 30.0
49.0 30.0 30.0 29.980200833390615 29.96260404833471 30.0 30.0 30.0 30.0 30.0 30.0 30.0
49.1 30.0 30.0 29.9806220922546 29.963317286668328 30.0 30.0 30.0 30.0 30.0 30.0 30.0
49.2 30.0 30.0 29.981034388164115 29.964017103339614 30.0 30.0 30.0 30.0 30.0 30.0 30.0
49.3 30.0 30.0 29.98143791182017 29.96470374660512 30.0 30.0 30.0 30.0 30.0 30.0 30.0
49.4 30.0 30.0 29.981832849866557 29.965377460232546 30.0 30.0 30.0 30.0 30.0 30.0 30.0
49.5 30.0 30.0 29.982219384975775 29.966038483580384 30.0 30.0 30.0 30.0 30.0 30.0 30.0
49.6 30.0 30.0 29.982597695933773 29.966687051674736 30.0 30.0 30.0 30.0 30.0 30.0 30.0
49.7 30.0 30.0 29.982967957722398 29.96732339528551 30.0 30.0 30.0 30.0 30.0 30.0 30.0
49.8 30.0 30.0 29.983330341600663 29.967947741000735 30.0 30.0 30.0 30.0 30.0 30.0 30.0
49.9 30.0 30.0 29.983685015183607 29.968560311300642 30.0 30.0 30.0 30.0 30.0 30.0 30.0
50.0 30.0 30.0 29.98403214252017 29.969161324629383 30.0 30.0 30.0 30.0 30.0 30.0 30.0
50.1 30.0 30.0 29.984371884168684 29.969750995466473 30.0 30.0 30.0 30.0 30.0 30.0 30.0
50.2 30.0 30.0 29.984704397271443 29.97032953439627 30.0 30.0 30.0 30.0 30.0 30.0 30.0
50.3 30.0 30.0 29.985029835627394 29.970897148176658 30.0 30.0 30.0 30.0 30.0 30.0 30.0
50.4 30.0 30.0 29.985348349762933 29.97145403980691 30.0 30.0 30.0 30.0 30.0 30.0 30.0
50.5 30.0 30.0 29.985660087001985 29.972000408593598 30.0 30.0 30.0 30.0 30.0 30.0 30.0
50.6 30.0 30.0 29.985965191533904 29.972536450215973 30.0 30.0 30.0 30.0 30.0 30.0 30.0
50.7 30.0 30.0 29.98626380447995 29.973062356790507 30.0 30.0 30.0 30.0 30.0 30.0 30.0
50.8 30.0 30.0 29.98655606395909 29.973578316932954 30.0 30.0 30.0 30.0 30.0 30.0 30.0
50.9 30.0 30.0 29.986842105151446 29.974084515821385 30.0 30.0 30.0 30.0 30.0 30.0 30.0
51.0 30.0 30.0 29.987122060361028 29.974581135256418 30.0 30.0 30.0 30.0 30.0 30.0 30.0
51.1 30.0 30.0 29.987396059076755 29.9750683537215 30.0 30.0 30.0 30.0 30.0 30.0 30.0
51.2 30.0 30.0 29.98766422803255 29.975546346441494 30.0 30.0 30.0 30.0 30.0 30.0 30.0
51.3 30.0 30.0 29.987926691265884 29.976015285440578 30.0 30.0 30.0 30.0 30.0 30.0 30.0
51.4 30.0 30.0 29.988183570175142 29.97647533959922 30.0 30.0 30.0 30.0 30.0 30.0 30.0
51.5 30.0 30.0 29.988434983575647 29.97692667471027 30.0 30.0 30.0 30.0 30.0 30.0 30.0
51.6 30.0 30.0 29.98868104775491 29.977369453533367 30.0 30.0 30.0 30.0 30.0 30.0 30.0
51.7 30.0 30.0 29.988921876526124 29.977803835849407 30.0 30.0 30.0 30.0 30.0 30.0 30.0
51.8 30.0 30.0 29.989157581280917 29.97822997851344 30.0 30.0 30.0 30.0 30.0 30.0 30.0
51.9 30.0 30.0 29.9893882710409 29.97864803550692 30.0 30.0 30.0 30.0 30.0 30.0 30.0
52.0 30.0 30.0 29.98961405250809 29.97905815798891 30.0 30.0 30.0 30.0 30.0 30.0 30.0
52.1 30.0 30.0 29.989835030114342 29.979460494346462 30.0 30.0 30.0 30.0 30.0 30.0 30.0
52.2 30.0 30.0 29.99005130606935 29.979855190244326 30.0 30.0 30.0 30.0 30.0 30.0 30.0
52.3 30.0 30.0 29.990262980408342 29.980242388673215 30.0 30.0 30.0 30.0 30.0 30.0 30.0
52.4 30.0 30.0 29.990470151037933 29.980622229998275 30.0 30.0 30.0 30.0 30.0 30.0 30.0
52.5 30.0 30.0 29.990672913781815 29.98099485200534 30.0 30.0 30.0 30.0 30.0 30.0 30.0
52.6 30.0 30.0 29.99087136242475 29.981360389947945 30.0 30.0 30.0 30.0 30.0 30.0 30.0
52.7 30.0 30.0 29.991065588756143 29.981718976591896 30.0 30.0 30.0 30.0 30.0 30.0 30.0
52.8 30.0 30.0 29.991255682612397 29.982070742260532 30.0 30.0 30.0 30.0 30.0 30.0 30.0
52.9 30.0 30.0 29.991441731918524 29.982415814878216 30.0 30.0 30.0 30.0 30.0 30.0 30.0
53.0 30.0 30.0 29.991623822728783 29.98275432001364 30.0 30.0 30.0 30.0 30.0 30.0 30.0
53.1 30.0 30.0 29.99180203926645 29.983086380922085 30.0 30.0 30.0 30.0 30.0 30.0 30.0
53.2 30.0 30.0 29.991976463962896 29.983412118586756 30.0 30.0 30.0 30.0 30.0 30.0 30.0
53.3 30.0 30.0 29.992147177495625 29.983731651760035 30.0 30.0 30.0 30.0 30.0 30.0 30.0
53.4 30.0 30.0 29.992314258825516 29.984045097003577 30.0 30.0 30.0 30.0 30.0 30.0 30.0
53.5 30.0 30.0 29.992477785233497 29.984352568727573 30.0 30.0 30.0 30.0 30.0 30.0 30.0
53.6 30.0 30.0 29.99263783235614 29.984654179229796 30.0 30.0 30.0 30.0 30.0 30.0 30.0
53.7 30.0 30.0 29.992794474220904 29.984950038733295 30.0 30.0 30.0 30.0 30.0 30.0 30.0
53.8 30.0 30.0 29.992947783280066 29.985240255424404 30.0 30.0 30.0 30.0 30.0 30.0 30.0
53.9 30.0 30.0 29.993097830444317 29.98552493548921 30.0 30.0 30.0 30.0 30.0 30.0 30.0
54.0 30.0 30.0 29.993244685115744 29.98580418314939 30.0 30.0 30.0 30.0 30.0 30.0 30.0
54.1 30.0 30.0 29.993388415219673 29.986078100698556 30.0 30.0 30.0 30.0 30.0 30.0 30.0
54.2 30.0 30.0 29.993529087236297 29.986346788536167 30.0 30.0 30.0 30.0 30.0 30.0 30.0
54.3 30.0 30.0 29.99366676623125 29.986610345202447 30.0 30.0 30.0 30.0 30.0 30.0 30.0
54.4 30.0 30.0 29.9938015158859 29.986868867411822 30.0 30.0 30.0 30.0 30.0 30.0 30.0
54.5 30.0 30.0 29.993933398526664 29.987122450086137 30.0 30.0 30.0 30.0 30.0 30.0 30.0
54.6 30.0 30.0 29.994062475153736 29.987371186387243 30.0 30.0 30.0 30.0 30.0 30.0 30.0
54.7 30.0 30.0 29.99418880546964 29.987615167748196 30.0 30.0 30.0 30.0 30.0 30.0 30.0
54.8 30.0 30.0 29.99431244790641 29.987854483905924 30.0 30.0 30.0 30.0 30.0 30.0 30.0
54.9 30.0 30.0 29.99443345965307 29.98808922293062 30.0 30.0 30.0 30.0 30.0 30.0 30.0
55.0 30.0 30.0 29.99455189668177 29.988319471257178 30.0 30.0 30.0 30.0 30.0 30.0 30.0
55.1 30.0 30.0 29.99466781377369 29.98854531371427 30.0 30.0 30.0 30.0 30.0 30.0 30.0
55.2 30.0 30.0 29.994781264544418 29.988766833553925 30.0 30.0 30.0 30.0 30.0 30.0 30.0
55.3 30.0 30.0 29.994892301468994 29.988984112479642 30.0 30.0 30.0 30.0 30.0 30.0 30.0
55.4 30.0 30.0 29.995000975905803 29.989197230675398 30.0 30.0 30.0 30.0 30.0 30.0 30.0
55.5 30.0 30.0 29.99510733812059 29.989406266832674 30.0 30.0 30.0 30.0 30.0 30.0 30.0
55.6 30.0 30.0 29.99521143730947 29.989611298178158 30.0 30.0 30.0 30.0 30.0 30.0 30.0
55.7 30.0 30.0 29.995313321622064 29.989812400499822 30.0 30.0 30.0 30.0 30.0 30.0 30.0
55.8 30.0 30.0 29.995413038183255 29.990009648174084 30.0 30.0 30.0 30.0 30.0 30.0 30.0
55.9 30.0 30.0 29.99551063311555 29.990203114190546 30.0 30.0 30.0 30.0 30.0 30.0 30.0
56.0 30.0 30.0 29.995606151559887 29.99039287017825 30.0 30.0 30.0 30.0 30.0 30.0 30.0
56.1 30.0 30.0 29.995699637696898 29.990578986429828 30.0 30.0 30.0 30.0 30.0 30.0 30.0
56.2 30.0 30.0 29.99579113476716 29.990761531926346 30.0 30.0 30.0 30.0 30.0 30.0 30.0
56.3 30.0 30.0 29.995880685091297 29.990940574361222 30.0 30.0 30.0 30.0 30.0 30.0 30.0
56.4 30.0 30.0 29.99596833008934 29.99111618016384 30.0 30.0 30.0 30.0 30.0 30.0 30.0
56.5 30.0 30.0 29.996054110300186 29.99128841452246 30.0 30.0 30.0 30.0 30.0 30.0 30.0
56.6 30.0 30.0 29.996138065400146 29.991457341407177 30.0 30.0 30.0 30.0 30.0 30.0 30.0
56.7 30.0 30.0 29.996220234221454 29.99162302359207 30.0 30.0 30.0 30.0 30.0 30.0 30.0
56.8 30.0 30.0 29.996300654769957 29.991785522677503 30.0 30.0 30.0 30.0 30.0 30.0 30.0
56.9 30.0 30.0 29.996379364242923 29.991944899111243 30.0 30.0 30.0 30.0 30.0 30.0 30.0
57.0 30.0 30.0 29.99645639904627 29.992101212209782 30.0 30.0 30.0 30.0 30.0 30.0 30.0
57.1 30.0 30.0 29.996531794811283 29.99225452017909 30.0 30.0 30.0 30.0 30.0 30.0 30.0
57.2 30.0 30.0 29.996605586411093 29.99240488013515 30.0 30.0 30.0 30.0 30.0 30.0 30.0
57.3 30.0 30.0 29.996677807976805 29.99255234812384 30.0 30.0 30.0 30.0 30.0 30.0 30.0
57.4 30.0 30.0 29.996748492913483 29.992696979140465 30.0 30.0 30.0 30.0 30.0 30.0 30.0
57.5 30.0 30.0 29.996817673915334 29.992838827149647 30.0 30.0 30.0 30.0 30.0 30.0 30.0
57.6 30.0 30.0 29.996885382980995 29.992977945103487 30.0 30.0 30.0 30.0 30.0 30.0 30.0
57.7 30.0 30.0 29.99695165142824 29.99311438496106 30.0 30.0 30.0 30.0 30.0 30.0 30.0
57.8 30.0 30.0 29.997016509908487 29.993248197706077 30.0 30.0 30.0 30.0 30.0 30.0 30.0
57.9 30.0 30.0 29.99707998842103 29.99337943336507 30.0 30.0 30.0 30.0 30.0 30.0 30.0
58.0 30.0 30.0 29.99714211632698 29.993508141025103 30.0 30.0 30.0 30.0 30.0 30.0 30.0
58.1 30.0 30.0 29.99720292236259 29.993634368851115 30.0 30.0 30.0 30.0 30.0 30.0 30.0
58.2 30.0 30.0 29.997262434652725 29.9937581641028 30.0 30.0 30.0 30.0 30.0 30.0 30.0
58.3 30.0 30.0 29.997320680723924 29.99387957315148 30.0 30.0 30.0 30.0 30.0 30.0 30.0
58.4 30.0 30.0 29.99737768751706 29.99399864149624 30.0 30.0 30.0 30.0 30.0 30.0 30.0
58.5 30.0 30.0 29.997433481399643 29.994115413780627 30.0 30.0 30.0 30.0 30.0 30.0 30.0
58.6 30.0 30.0 29.997488088178393 29.994229933807773 30.0 30.0 30.0 30.0 30.0 30.0 30.0
58.7 30.0 30.0 29.997541533110752 29.994342244556357 30.0 30.0 30.0 30.0 30.0 30.0 30.0
58.8 30.0 30.0 29.997593840916885 29.994452388195736 30.0 30.0 30.0 30.0 30.0 30.0 30.0
58.9 30.0 30.0 29.99764503579099 29.994560406101012 30.0 30.0 30.0 30.0 30.0 30.0 30.0
59.0 30.0 30.0 29.997695141412443 29.994666338867617 30.0 30.0 30.0 30.0 30.0 30.0 30.0
59.1 30.0 30.0 29.99774418095681 29.994770226325958 30.0 30.0 30.0 30.0 30.0 30.0 30.0
59.2 30.0 30.0 29.997792177106703 29.99487210755512 30.0 30.0 30.0 30.0 30.0 30.0 30.0
59.3 30.0 30.0 29.997839152061914 29.994972020897606 30.0 30.0 30.0 30.0 30.0 30.0 30.0
59.4 30.0 30.0 29.99788512754998 29.995070003972153 30.0 30.0 30.0 30.0 30.0 30.0 30.0
59.5 30.0 30.0 29.99793012483615 29.995166093687867 30.0 30.0 30.0 30.0 30.0 30.0 30.0
59.6 30.0 30.0 29.99797416473324 29.99526032625679 30.0 30.0 30.0 30.0 30.0 30.0 30.0
59.7 30.0 30.0 29.99801726761122 29.995352737207273 30.0 30.0 30.0 30.0 30.0 30.0 30.0
59.8 30.0 30.0 29.998059453406704 29.995443361396468 30.0 30.0 30.0 30.0 30.0 30.0 30.0
59.9 30.0 30.0 29.998100741632122 29.995532233022928 30.0 30.0 30.0 30.0 30.0 30.0 30.0
60.0 30.0 30.0 29.998141151384637 29.99561938563884 30.0 30.0 30.0 30.0 30.0 30.0 30.0
60.1 30.0 30.0 29.99818070135514 29.99570485216201 30.0 30.0 30.0 30.0 30.0 30.0 30.0
60.2 30.0 30.0 29.998219409836956 29.995788664887545 30.0 30.0 30.0 30.0 30.0 30.0 30.0
60.3 30.0 30.0 29.99825729473407 29.995870855499795 30.0 30.0 30.0 30.0 30.0 30.0 30.0
60.4 30.0 30.0 29.99829437356954 29.99595145508332 30.0 30.0 30.0 30.0 30.0 30.0 30.0
60.5 30.0 30.0 29.998330663493633 29.996030494134285 30.0 30.0 30.0 30.0 30.0 30.0 30.0
60.6 30.0 30.0 29.99836618129165 29.996108002571507 30.0 30.0 30.0 30.0 30.0 30.0 30.0
60.7 30.0 30.0 29.99840094339188 29.996184009746965 30.0 30.0 30.0 30.0 30.0 30.0 30.0
60.8 30.0 30.0 29.99843496587292 29.996258544456598 30.0 30.0 30.0 30.0 30.0 30.0 30.0
60.9 30.0 30.0 29.998468264471356 29.99633163495055 30.0 30.0 30.0 30.0 30.0 30.0 30.0
61.0 30.0 30.0 29.998500854588997 29.99640330894333 30.0 30.0 30.0 30.0 30.0 30.0 30.0
61.1 30.0 30.0 29.998532751299848 29.996473593624206 30.0 30.0 30.0 30.0 30.0 30.0 30.0
61.2 30.0 30.0 29.998563969357267 29.99654251566631 30.0 30.0 30.0 30.0 30.0 30.0 30.0
61.3 30.0 30.0 29.99859452320074 29.996610101236886 30.0 30.0 30.0 30.0 30.0 30.0 30.0
61.4 30.0 30.0 29.998624426962458 29.996676376006437 30.0 30.0 30.0 30.0 30.0 30.0 30.0
61.5 30.0 30.0 29.9986536944739 29.996741365158293 30.0 30.0 30.0 30.0 30.0 30.0 30.0
61.6 30.0 30.0 29.99868233927232 29.996805093397448 30.0 30.0 30.0 30.0 30.0 30.0 30.0
61.7 30.0 30.0 29.998710374606922 29.996867584959542 30.0 30.0 30.0 30.0 30.0 30.0 30.0
61.8 30.0 30.0 29.998737813445068 29.99692886361971 30.0 30.0 30.0 30.0 30.0 30.0 30.0
61.9 30.0 30.0 29.99876466847818 29.996988952701304 30.0 30.0 30.0 30.0 30.0 30.0 30.0
62.0 30.0 30.0 29.998790952127532 29.99704787508434 30.0 30.0 30.0 30.0 30.0 30.0 30.0
62.1 30.0 30.0 29.998816676550366 29.997105653213428 30.0 30.0 30.0 30.0 30.0 30.0 30.0
62.2 30.0 30.0 29.998841853644993 29.997162309106674 30.0 30.0 30.0 30.0 30.0 30.0 30.0
62.3 30.0 30.0 29.998866495056824 29.997217864362852 30.0 30.0 30.0 30.0 30.0 30.0 30.0
62.4 30.0 30.0 29.99889061218327 29.997272340169946 30.0 30.0 30.0 30.0 30.0 30.0 30.0
62.5 30.0 30.0 29.998914216179386 29.99732575731231 30.0 30.0 30.0 30.0 30.0 30.0 30.0
62.6 30.0 30.0 29.998937317962785 29.997378136178778 30.0 30.0 30.0 30.0 30.0 30.0 30.0
62.7 30.0 30.0 29.998959928218863 29.99742949676969 30.0 30.0 30.0 30.0 30.0 30.0 30.0
62.8 30.0 30.0 29.998982057405655 29.99747985870427 30.0 30.0 30.0 30.0 30.0 30.0 30.0
62.9 30.0 30.0 29.99900371575875 29.997529241227955 30.0 30.0 30.0 30.0 30.0 30.0 30.0
63.0 30.0 30.0 29.999024913295838 29.997577663219317 30.0 30.0 30.0 30.0 30.0 30.0 30.0
63.1 30.0 30.0 29.999045659821473 29.9976251431969 30.0 30.0 30.0 30.0 30.0 30.0 30.0
63.2 30.0 30.0 29.99906596493169 29.997671699326098 30.0 30.0 30.0 30.0 30.0 30.0 30.0
63.3 30.0 30.0 29.99908583801828 29.997717349425734 30.0 30.0 30.0 30.0 30.0 30.0 30.0
63.4 30.0 30.0 29.99910528827324 29.997762110974598 30.0 30.0 30.0 30.0 30.0 30.0 30.0
63.5 30.0 30.0 29.999124324692918 29.99780600111787 30.0 30.0 30.0 30.0 30.0 30.0 30.0
63.6 30.0 30.0 29.999142956082384 29.99784903667326 30.0 30.0 30.0 30.0 30.0 30.0 30.0
63.7 30.0 30.0 29.999161191059397 29.997891234137484 30.0 30.0 30.0 30.0 30.0 30.0 30.0
63.8 30.0 30.0 29.99917903805816 29.997932609692146 30.0 30.0 30.0 30.0 30.0 30.0 30.0
63.9 30.0 30.0 29.999196505333497 29.997973179209666 30.0 30.0 30.0 30.0 30.0 30.0 30.0
64.0 30.0 30.0 29.999213600964726 29.998012958258787 30.0 30.0 30.0 30.0 30.0 30.0 30.0
64.1 30.0 30.0 29.999230332859124 29.99805196211114 30.0 30.0 30.0 30.0 30.0 30.0 30.0
64.2 30.0 30.0 29.99924670875572 29.998090205746063 30.0 30.0 30.0 30.0 30.0 30.0 30.0
64.3 30.0 30.0 29.99926273622896 29.99812770385642 30.0 30.0 30.0 30.0 30.0 30.0 30.0
64.4 30.0 30.0 29.999278422692193 29.998164470853894 30.0 30.0 30.0 30.0 30.0 30.0 30.0
64.5 30.0 30.0 29.999293775400865 29.998200520874718 30.0 30.0 30.0 30.0 30.0 30.0 30.0
64.6 30.0 30.0 29.999308801456195 29.99823586778416 30.0 30.0 30.0 30.0 30.0 30.0 30.0
64.7 30.0 30.0 29.99932350780817 29.998270525182473 30.0 30.0 30.0 30.0 30.0 30.0 30.0
64.8 30.0 30.0 29.99933790125904 29.99830450640903 30.0 30.0 30.0 30.0 30.0 30.0 30.0
64.9 30.0 30.0 29.999351988466305 29.998337824548035 30.0 30.0 30.0 30.0 30.0 30.0 30.0
65.0 30.0 30.0 29.999365775945723 29.99837049243286 30.0 30.0 30.0 30.0 30.0 30.0 30.0
65.1 30.0 30.0 29.999379270074492 29.99840252265106 30.0 30.0 30.0 30.0 30.0 30.0 30.0
65.2 30.0 30.0 29.99939247709417 29.99843392754868 30.0 30.0 30.0 30.0 30.0 30.0 30.0
65.3 30.0 30.0 29.99940540311346 29.998464719235336 30.0 30.0 30.0 30.0 30.0 30.0 30.0
65.4 30.0 30.0 29.999418054111032 29.998494909588413 30.0 30.0 30.0 30.0 30.0 30.0 30.0
65.5 30.0 30.0 29.999430435938425 29.99852451025726 30.0 30.0 30.0 30.0 30.0 30.0 30.0
65.6 30.0 30.0 29.999442554322744 29.998553532667774 30.0 30.0 30.0 30.0 30.0 30.0 30.0
65.7 30.0 30.0 29.99945441486909 29.99858198802678 30.0 30.0 30.0 30.0 30.0 30.0 30.0
65.8 30.0 30.0 29.999466023063356 29.998609887325912 30.0 30.0 30.0 30.0 30.0 30.0 30.0
65.9 30.0 30.0 29.99947738427476 29.99863724134563 30.0 30.0 30.0 30.0 30.0 30.0 30.0
66.0 30.0 30.0 29.99948850375824 29.998664060659493 30.0 30.0 30.0 30.0 30.0 30.0 30.0
66.1 30.0 30.0 29.999499386656993 29.99869035563798 30.0 30.0 30.0 30.0 30.0 30.0 30.0
66.2 30.0 30.0 29.999510038004686 29.99871613645234 30.0 30.0 30.0 30.0 30.0 30.0 30.0
66.3 30.0 30.0 29.999520462727972 29.99874141307827 30.0 30.0 30.0 30.0 30.0 30.0 30.0
66.4 30.0 30.0 29.99953066564862 29.998766195299815 30.0 30.0 30.0 30.0 30.0 30.0 30.0
66.5 30.0 30.0 29.99954065148585 29.998790492712903 30.0 30.0 30.0 30.0 30.0 30.0 30.0
66.6 30.0 30.0 29.999550424858544 29.998814314728804 30.0 30.0 30.0 30.0 30.0 30.0 30.0
66.7 30.0 30.0 29.99955999028707 29.99883767057821 30.0 30.0 30.0 30.0 30.0 30.0 30.0
66.8 30.0 30.0 29.999569352195845 29.998860569313646 30.0 30.0 30.0 30.0 30.0 30.0 30.0
66.9 30.0 30.0 29.999578514915118 29.99888301981378 30.0 30.0 30.0 30.0 30.0 30.0 30.0
67.0 30.0 30.0 29.99958748268285 29.998905030786503 30.0 30.0 30.0 30.0 30.0 30.0 30.0
67.1 30.0 30.0 29.999596259647006 29.998926610771655 30.0 30.0 30.0 30.0 30.0 30.0 30.0
67.2 30.0 30.0 29.99960484986733 29.99894776814504 30.0 30.0 30.0 30.0 30.0 30.0 30.0
67.3 30.0 30.0 29.99961325731695 29.998968511121106 30.0 30.0 30.0 30.0 30.0 30.0 30.0
67.4 30.0 30.0 29.99962148588463 29.998988847755836 30.0 30.0 30.0 30.0 30.0 30.0 30.0
67.5 30.0 30.0 29.99962953937643 29.999008785950185 30.0 30.0 30.0 30.0 30.0 30.0 30.0
67.6 30.0 30.0 29.999637421517388 29.99902833345279 30.0 30.0 30.0 30.0 30.0 30.0 30.0
67.7 30.0 30.0 29.999645135953234 29.999047497862918 30.0 30.0 30.0 30.0 30.0 30.0 30.0
67.8 30.0 30.0 29.999652686252087 29.999066286633497 30.0 30.0 30.0 30.0 30.0 30.0 30.0
67.9 30.0 30.0 29.999660075906313 29.999084707073425 30.0 30.0 30.0 30.0 30.0 30.0 30.0
68.0 30.0 30.0 29.999667308333866 29.999102766350823 30.0 30.0 30.0 30.0 30.0 30.0 30.0
68.1 30.0 30.0 29.999674386879946 29.999120471495562 30.0 30.0 30.0 30.0 30.0 30.0 30.0
68.2 30.0 30.0 29.999681314818638 29.999137829401796 30.0 30.0 30.0 30.0 30.0 30.0 30.0
68.3 30.0 30.0 29.99968809535446 29.999154846830482 30.0 30.0 30.0 30.0 30.0 30.0 30.0
68.4 30.0 30.0 29.999694731623524 29.999171530412333 30.0 30.0 30.0 30.0 30.0 30.0 30.0
68.5 30.0 30.0 29.99970122669537 29.99918788664991 30.0 30.0 30.0 30.0 30.0 30.0 30.0
68.6 30.0 30.0 29.999707583574242 29.99920392192013 30.0 30.0 30.0 30.0 30.0 30.0 30.0
68.7 30.0 30.0 29.99971380520032 29.999219642476984 30.0 30.0 30.0 30.0 30.0 30.0 30.0
68.8 30.0 30.0 29.999719894451374 29.999235054453315 30.0 30.0 30.0 30.0 30.0 30.0 30.0
68.9 30.0 30.0 29.999725854143943 29.999250163863678 30.0 30.0 30.0 30.0 30.0 30.0 30.0
69.0 30.0 30.0 29.99973168703447 29.999264976606355 30.0 30.0 30.0 30.0 30.0 30.0 30.0
69.1 30.0 30.0 29.99973739582096 29.999279498465498 30.0 30.0 30.0 30.0 30.0 30.0 30.0
69.2 30.0 30.0 29.99974298314395 29.999293735113458 30.0 30.0 30.0 30.0 30.0 30.0 30.0
69.3 30.0 30.0 29.99974845158766 29.99930769211309 30.0 30.0 30.0 30.0 30.0 30.0 30.0
69.4 30.0 30.0 29.999753803681553 29.99932137491925 30.0 30.0 30.0 30.0 30.0 30.0 30.0
69.5 30.0 30.0 29.9997590419011 29.999334788881686 30.0 30.0 30.0 30.0 30.0 30.0 30.0
69.6 30.0 30.0 29.99976416866913 29.99934793924646 30.0 30.0 30.0 30.0 30.0 30.0 30.0
69.7 30.0 30.0 29.99976918635701 29.999360831157944 30.0 30.0 30.0 30.0 30.0 30.0 30.0
69.8 30.0 30.0 29.9997740972856 29.999373469661155 30.0 30.0 30.0 30.0 30.0 30.0 30.0
69.9 30.0 30.0 29.99977890372631 29.999385859703402 30.0 30.0 30.0 30.0 30.0 30.0 30.0
70.0 30.0 30.0 29.999783607902366 29.999398006135866 30.0 30.0 30.0 30.0 30.0 30.0 30.0
70.1 30.0 30.0 29.9997882119896 29.999409913716292 30.0 30.0 30.0 30.0 30.0 30.0 30.0
70.2 30.0 30.0 29.99979271811748 29.999421587109918 30.0 30.0 30.0 30.0 30.0 30.0 30.0
70.3 30.0 30.0 29.999797128370297 29.999433030891634 30.0 30.0 30.0 30.0 30.0 30.0 30.0
70.4 30.0 30.0 29.999801444787934 29.99944424954763 30.0 30.0 30.0 30.0 30.0 30.0 30.0
70.5 30.0 30.0 29.999805669366925 29.999455247477265 30.0 30.0 30.0 30.0 30.0 30.0 30.0
70.6 30.0 30.0 29.999809804061233 29.9994660289946 30.0 30.0 30.0 30.0 30.0 30.0 30.0
70.7 30.0 30.0 29.999813850783312 29.99947659832987 30.0 30.0 30.0 30.0 30.0 30.0 30.0
70.8 30.0 30.0 29.999817811404977 29.99948695963129 30.0 30.0 30.0 30.0 30.0 30.0 30.0
70.9 30.0 30.0 29.99982168775809 29.99949711696689 30.0 30.0 30.0 30.0 30.0 30.0 30.0
71.0 30.0 30.0 29.999825481635607 29.999507074325457 30.0 30.0 30.0 30.0 30.0 30.0 30.0
71.1 30.0 30.0 29.99982919479228 29.999516835618618 30.0 30.0 30.0 30.0 30.0 30.0 30.0
71.2 30.0 30.0 29.999832828945596 29.999526404681852 30.0 30.0 30.0 30.0 30.0 30.0 30.0
71.3 30.0 30.0 29.999836385776575 29.999535785276226 30.0 30.0 30.0 30.0 30.0 30.0 30.0
71.4 30.0 30.0 29.999839866930245 29.999544981089976 30.0 30.0 30.0 30.0 30.0 30.0 30.0
71.5 30.0 30.0 29.999843274016794 29.999553995739454 30.0 30.0 30.0 30.0 30.0 30.0 30.0
71.6 30.0 30.0 29.999846608612163 29.999562832770945 30.0 30.0 30.0 30.0 30.0 30.0 30.0
71.7 30.0 30.0 29.99984987225872 29.999571495661755 30.0 30.0 30.0 30.0 30.0 30.0 30.0
71.8 30.0 30.0 29.999853066465942 29.99957998782174 30.0 30.0 30.0 30.0 30.0 30.0 30.0
71.9 30.0 30.0 29.999856192711363 29.99958831259433 30.0 30.0 30.0 30.0 30.0 30.0 30.0
72.0 30.0 30.0 29.99985925244089 29.99959647325814 30.0 30.0 30.0 30.0 30.0 30.0 30.0
72.1 30.0 30.0 29.999862247069846 29.999604473027784 30.0 30.0 30.0 30.0 30.0 30.0 30.0
72.2 30.0 30.0 29.999865177983285 29.9996123150557 30.0 30.0 30.0 30.0 30.0 30.0 30.0
72.3 30.0 30.0 29.99986804653683 29.999620002432838 30.0 30.0 30.0 30.0 30.0 30.0 30.0
72.4 30.0 30.0 29.99987085405728 29.99962753819004 30.0 30.0 30.0 30.0 30.0 30.0 30.0
72.5 30.0 30.0 29.999873601843284 29.99963492529906 30.0 30.0 30.0 30.0 30.0 30.0 30.0
72.6 30.0 30.0 29.999876291165805 29.99964216667407 30.0 30.0 30.0 30.0 30.0 30.0 30.0
72.7 30.0 30.0 29.99987892326863 29.999649265172554 30.0 30.0 30.0 30.0 30.0 30.0 30.0
72.8 30.0 30.0 29.999881499369316 29.999656223595935 30.0 30.0 30.0 30.0 30.0 30.0 30.0
72.9 30.0 30.0 29.999884020659305 29.9996630446917 30.0 30.0 30.0 30.0 30.0 30.0 30.0
73.0 30.0 30.0 29.999886488304877 29.999669731153325 30.0 30.0 30.0 30.0 30.0 30.0 30.0
73.1 30.0 30.0 29.999888903447353 29.999676285622144 30.0 30.0 30.0 30.0 30.0 30.0 30.0
73.2 30.0 30.0 29.999891267203765 29.999682710688113 30.0 30.0 30.0 30.0 30.0 30.0 30.0
73.3 30.0 30.0 29.999893580667536 29.999689008890318 30.0 30.0 30.0 30.0 30.0 30.0 30.0
73.4 30.0 30.0 29.999895844908682 29.999695182718707 30.0 30.0 30.0 30.0 30.0 30.0 30.0
73.5 30.0 30.0 29.999898060974473 29.999701234614697 30.0 30.0 30.0 30.0 30.0 30.0 30.0
73.6 30.0 30.0 29.99990022988993 29.99970716697199 30.0 30.0 30.0 30.0 30.0 30.0 30.0
73.7 30.0 30.0 29.99990235265821 29.999712982137773 30.0 30.0 30.0 30.0 30.0 30.0 30.0
73.8 30.0 30.0 29.99990443026127 29.999718682413153 30.0 30.0 30.0 30.0 30.0 30.0 30.0
73.9 30.0 30.0 29.999906463659986 29.99972427005491 30.0 30.0 30.0 30.0 30.0 30.0 30.0
74.0 30.0 30.0 29.999908453794912 29.999729747275232 30.0 30.0 30.0 30.0 30.0 30.0 30.0
74.1 30.0 30.0 29.99991040158647 29.999735116243645 30.0 30.0 30.0 30.0 30.0 30.0 30.0
74.2 30.0 30.0 29.99991230793574 29.999740379086795 30.0 30.0 30.0 30.0 30.0 30.0 30.0
74.3 30.0 30.0 29.999914173724356 29.99974553789048 30.0 30.0 30.0 30.0 30.0 30.0 30.0
74.4 30.0 30.0 29.999915999815364 29.999750594699254 30.0 30.0 30.0 30.0 30.0 30.0 30.0
74.5 30.0 30.0 29.99991778705334 29.99975555151808 30.0 30.0 30.0 30.0 30.0 30.0 30.0
74.6 30.0 30.0 29.999919536264958 29.999760410312607 30.0 30.0 30.0 30.0 30.0 30.0 30.0
74.7 30.0 30.0 29.999921248259277 29.999765173010104 30.0 30.0 30.0 30.0 30.0 30.0 30.0
74.8 30.0 30.0 29.999922923828233 29.99976984150027 30.0 30.0 30.0 30.0 30.0 30.0 30.0
74.9 30.0 30.0 29.99992456374674 29.999774417636008 30.0 30.0 30.0 30.0 30.0 30.0 30.0
75.0 30.0 30.0 29.999926168773452 29.999778903233697 30.0 30.0 30.0 30.0 30.0 30.0 30.0
75.1 30.0 30.0 29.999927739650573 29.99978330007475 30.0 30.0 30.0 30.0 30.0 30.0 30.0
75.2 30.0 30.0 29.99992927710483 29.999787609905198 30.0 30.0 30.0 30.0 30.0 30.0 30.0
75.3 30.0 30.0 29.99993078184727 29.9997918344373 30.0 30.0 30.0 30.0 30.0 30.0 30.0
75.4 30.0 30.0 29.999932254573945 29.999795975349585 30.0 30.0 30.0 30.0 30.0 30.0 30.0
75.5 30.0 30.0 29.999933695966014 29.99980003428809 30.0 30.0 30.0 30.0 30.0 30.0 30.0
75.6 30.0 30.0 29.999935106690117 29.999804012866502 30.0 30.0 30.0 30.0 30.0 30.0 30.0
75.7 30.0 30.0 29.99993648739886 29.999807912666764 30.0 30.0 30.0 30.0 30.0 30.0 30.0
75.8 30.0 30.0 29.99993783873083 29.99981173524023 30.0 30.0 30.0 30.0 30.0 30.0 30.0
75.9 30.0 30.0 29.999939161311058 29.99981548210767 30.0 30.0 30.0 30.0 30.0 30.0 30.0
76.0 30.0 30.0 29.99994045575123 29.999819154760313 30.0 30.0 30.0 30.0 30.0 30.0 30.0
76.1 30.0 30.0 29.999941722650163 29.99982275465983 30.0 30.0 30.0 30.0 30.0 30.0 30.0
76.2 30.0 30.0 29.9999429625938 29.999826283239564 30.0 30.0 30.0 30.0 30.0 30.0 30.0
76.3 30.0 30.0 29.99994417615561 29.99982974190492 30.0 30.0 30.0 30.0 30.0 30.0 30.0
76.4 30.0 30.0 29.99994536389696 29.999833132033398 30.0 30.0 30.0 30.0 30.0 30.0 30.0
76.5 30.0 30.0 29.999946526367225 29.999836454975835 30.0 30.0 30.0 30.0 30.0 30.0 30.0
76.6 30.0 30.0 29.99994766410407 29.999839712056506 30.0 30.0 30.0 30.0 30.0 30.0 30.0
76.7 30.0 30.0 29.99994877763375 29.999842904573825 30.0 30.0 30.0 30.0 30.0 30.0 30.0
76.8 30.0 30.0 29.999949867471287 29.99984603380068 30.0 30.0 30.0 30.0 30.0 30.0 30.0
76.9 30.0 30.0 29.999950934120868 29.99984910098486 30.0 30.0 30.0 30.0 30.0 30.0 30.0
77.0 30.0 30.0 29.99995197807575 29.999852107350147 30.0 30.0 30.0 30.0 30.0 30.0 30.0
77.1 30.0 30.0 29.999952999818834 29.999855054096045 30.0 30.0 30.0 30.0 30.0 30.0 30.0
77.2 30.0 30.0 29.999953999822676 29.99985794239851 30.0 30.0 30.0 30.0 30.0 30.0 30.0
77.3 30.0 30.0 29.999954978549855 29.999860773410564 30.0 30.0 30.0 30.0 30.0 30.0 30.0
77.4 30.0 30.0 29.99995593645309 29.99986354826256 30.0 30.0 30.0 30.0 30.0 30.0 30.0
77.5 30.0 30.0 29.999956873975325 29.99986626806278 30.0 30.0 30.0 30.0 30.0 30.0 30.0
77.6 30.0 30.0 29.999957791550305 29.99986893389759 30.0 30.0 30.0 30.0 30.0 30.0 30.0
77.7 30.0 30.0 29.9999586896024 29.999871546832257 30.0 30.0 30.0 30.0 30.0 30.0 30.0
77.8 30.0 30.0 29.99995956854708 29.999874107910856 30.0 30.0 30.0 30.0 30.0 30.0 30.0
77.9 30.0 30.0 29.999960428790807 29.99987661815737 30.0 30.0 30.0 30.0 30.0 30.0 30.0
78.0 30.0 30.0 29.999961270731433 29.999879078575464 30.0 30.0 30.0 30.0 30.0 30.0 30.0
78.1 30.0 30.0 29.999962094758402 29.999881490149043 30.0 30.0 30.0 30.0 30.0 30.0 30.0
78.2 30.0 30.0 29.99996290125293 29.999883853842807 30.0 30.0 30.0 30.0 30.0 30.0 30.0
78.3 30.0 30.0 29.999963690587993 29.999886170602508 30.0 30.0 30.0 30.0 30.0 30.0 30.0
78.4 30.0 30.0 29.999964463128663 29.99988844135533 30.0 30.0 30.0 30.0 30.0 30.0 30.0
78.5 30.0 30.0 29.99996521923234 29.999890667010114 30.0 30.0 30.0 30.0 30.0 30.0 30.0
78.6 30.0 30.0 29.999965959248705 29.999892848458156 30.0 30.0 30.0 30.0 30.0 30.0 30.0
78.7 30.0 30.0 29.999966683519972 29.999894986572983 30.0 30.0 30.0 30.0 30.0 30.0 30.0
78.8 30.0 30.0 29.99996739238121 29.99989708221099 30.0 30.0 30.0 30.0 30.0 30.0 30.0
78.9 30.0 30.0 29.99996808616031 29.999899136211766 30.0 30.0 30.0 30.0 30.0 30.0 30.0
79.0 30.0 30.0 29.999968765178217 29.99990114939847 30.0 30.0 30.0 30.0 30.0 30.0 30.0
79.1 30.0 30.0 29.9999694297489 29.999903122578072 30.0 30.0 30.0 30.0 30.0 30.0 30.0
79.2 30.0 30.0 29.999970080179743 29.9999050565416 30.0 30.0 30.0 30.0 30.0 30.0 30.0
79.3 30.0 30.0 29.99997071677166 29.999906952064546 30.0 30.0 30.0 30.0 30.0 30.0 30.0
79.4 30.0 30.0 29.99997133981907 29.999908809907225 30.0 30.0 30.0 30.0 30.0 30.0 30.0
79.5 30.0 30.0 29.99997194961011 29.99991063081501 30.0 30.0 30.0 30.0 30.0 30.0 30.0
79.6 30.0 30.0 29.99997254642692 29.99991241551853 30.0 30.0 30.0 30.0 30.0 30.0 30.0
79.7 30.0 30.0 29.999973130545538 29.99991416473401 30.0 30.0 30.0 30.0 30.0 30.0 30.0
79.8 30.0 30.0 29.999973702236105 29.999915879163797 30.0 30.0 30.0 30.0 30.0 30.0 30.0
79.9 30.0 30.0 29.999974261762954 29.999917559496296 30.0 30.0 30.0 30.0 30.0 30.0 30.0
80.0 30.0 30.0 29.999974809385 29.999919206406055 30.0 30.0 30.0 30.0 30.0 30.0 30.0
80.1 30.0 30.0 29.99997534535555 29.999920820554845 30.0 30.0 30.0 30.0 30.0 30.0 30.0
80.2 30.0 30.0 29.999975869922487 29.999922402591206 30.0 30.0 30.0 30.0 30.0 30.0 30.0
80.3 30.0 30.0 29.999976383328377 29.999923953150994 30.0 30.0 30.0 30.0 30.0 30.0 30.0
80.4 30.0 30.0 29.99997688581075 29.99992547285728 30.0 30.0 30.0 30.0 30.0 30.0 30.0
80.5 30.0 30.0 29.999977377602015 29.99992696232114 30.0 30.0 30.0 30.0 30.0 30.0 30.0
80.6 30.0 30.0 29.999977858929636 29.999928422141465 30.0 30.0 30.0 30.0 30.0 30.0 30.0
80.7 30.0 30.0 29.999978330016255 29.99992985290554 30.0 30.0 30.0 30.0 30.0 30.0 30.0
80.8 30.0 30.0 29.999978791079755 29.999931255188816 30.0 30.0 30.0 30.0 30.0 30.0 30.0
80.9 30.0 30.0 29.99997924233339 29.999932629555637 30.0 30.0 30.0 30.0 30.0 30.0 30.0
81.0 30.0 30.0 29.999979683985856 29.999933976559067 30.0 30.0 30.0 30.0 30.0 30.0 30.0
81.1 30.0 30.0 29.9999801162415 29.99993529674132 30.0 30.0 30.0 30.0 30.0 30.0 30.0
81.2 30.0 30.0 29.999980539300214 29.999936590634036 30.0 30.0 30.0 30.0 30.0 30.0 30.0
81.3 30.0 30.0 29.999980953357642 29.999937858758273 30.0 30.0 30.0 30.0 30.0 30.0 30.0
81.4 30.0 30.0 29.99998135860536 29.999939101624783 30.0 30.0 30.0 30.0 30.0 30.0 30.0
81.5 30.0 30.0 29.999981755230774 29.999940319734243 30.0 30.0 30.0 30.0 30.0 30.0 30.0
81.6 30.0 30.0 29.999982143417334 29.999941513577575 30.0 30.0 30.0 30.0 30.0 30.0 30.0
81.7 30.0 30.0 29.99998252334462 29.999942683635908 30.0 30.0 30.0 30.0 30.0 30.0 30.0
81.8 30.0 30.0 29.999982895188335 29.999943830381014 30.0 30.0 30.0 30.0 30.0 30.0 30.0
81.9 30.0 30.0 29.999983259120512 29.999944954275158 30.0 30.0 30.0 30.0 30.0 30.0 30.0
82.0 30.0 30.0 29.999983615309407 29.99994605577171 30.0 30.0 30.0 30.0 30.0 30.0 30.0
82.1 30.0 30.0 29.999983963919888 29.999947135314766 30.0 30.0 30.0 30.0 30.0 30.0 30.0
82.2 30.0 30.0 29.99998430511305 29.999948193340153 30.0 30.0 30.0 30.0 30.0 30.0 30.0
82.3 30.0 30.0 29.9999846390468 29.999949230274638 30.0 30.0 30.0 30.0 30.0 30.0 30.0
82.4 30.0 30.0 29.999984965875562 29.999950246536848 30.0 30.0 30.0 30.0 30.0 30.0 30.0
82.5 30.0 30.0 29.999985285750558 29.99995124253688 30.0 30.0 30.0 30.0 30.0 30.0 30.0
82.6 30.0 30.0 29.999985598819727 29.999952218677073 30.0 30.0 30.0 30.0 30.0 30.0 30.0
82.7 30.0 30.0 29.999985905227813 29.999953175351582 30.0 30.0 30.0 30.0 30.0 30.0 30.0
82.8 30.0 30.0 29.999986205116564 29.999954112946813 30.0 30.0 30.0 30.0 30.0 30.0 30.0
82.9 30.0 30.0 29.99998649862473 29.999955031841594 30.0 30.0 30.0 30.0 30.0 30.0 30.0
83.0 30.0 30.0 29.999986785888048 29.999955932407257 30.0 30.0 30.0 30.0 30.0 30.0 30.0
83.1 30.0 30.0 29.999987067039374 29.999956815007742 30.0 30.0 30.0 30.0 30.0 30.0 30.0
83.2 30.0 30.0 29.999987342208737 29.999957679999877 30.0 30.0 30.0 30.0 30.0 30.0 30.0
83.3 30.0 30.0 29.99998761152347 29.99995852773332 30.0 30.0 30.0 30.0 30.0 30.0 30.0
83.4 30.0 30.0 29.999987875108097 29.999959358551088 30.0 30.0 30.0 30.0 30.0 30.0 30.0
83.5 30.0 30.0 29.99998813308453 29.999960172789113 30.0 30.0 30.0 30.0 30.0 30.0 30.0
83.6 30.0 30.0 29.99998838557206 29.999960970776844 30.0 30.0 30.0 30.0 30.0 30.0 30.0
83.7 30.0 30.0 29.999988632687575 29.99996175283712 30.0 30.0 30.0 30.0 30.0 30.0 30.0
83.8 30.0 30.0 29.999988874545245 29.999962519286612 30.0 30.0 30.0 30.0 30.0 30.0 30.0
83.9 30.0 30.0 29.999989111257012 29.999963270435423 30.0 30.0 30.0 30.0 30.0 30.0 30.0
84.0 30.0 30.0 29.999989342932402 29.99996400658772 30.0 30.0 30.0 30.0 30.0 30.0 30.0
84.1 30.0 30.0 29.999989569678526 29.999964728041626 30.0 30.0 30.0 30.0 30.0 30.0 30.0
84.2 30.0 30.0 29.999989791600267 29.999965435089386 30.0 30.0 30.0 30.0 30.0 30.0 30.0
84.3 30.0 30.0 29.999990008800275 29.99996612801733 30.0 30.0 30.0 30.0 30.0 30.0 30.0
84.4 30.0 30.0 29.999990221378987 29.999966807106368 30.0 30.0 30.0 30.0 30.0 30.0 30.0
84.5 30.0 30.0 29.999990429434803 29.99996747263158 30.0 30.0 30.0 30.0 30.0 30.0 30.0
84.6 30.0 30.0 29.999990633063895 29.999968124862786 30.0 30.0 30.0 30.0 30.0 30.0 30.0
84.7 30.0 30.0 29.999990832360403 29.99996876406445 30.0 30.0 30.0 30.0 30.0 30.0 30.0
84.8 30.0 30.0 29.999991027416538 29.999969390495696 30.0 30.0 30.0 30.0 30.0 30.0 30.0
84.9 30.0 30.0 29.999991218322574 29.999970004410528 30.0 30.0 30.0 30.0 30.0 30.0 30.0
85.0 30.0 30.0 29.999991405166746 29.999970606058127 30.0 30.0 30.0 30.0 30.0 30.0 30.0
85.1 30.0 30.0 29.999991588035556 29.999971195682413 30.0 30.0 30.0 30.0 30.0 30.0 30.0
85.2 30.0 30.0 29.999991767013565 29.999971773522734 30.0 30.0 30.0 30.0 30.0 30.0 30.0
85.3 30.0 30.0 29.999991942183502 29.999972339813723 30.0 30.0 30.0 30.0 30.0 30.0 30.0
85.4 30.0 30.0 29.999992113626448 29.999972894785092 30.0 30.0 30.0 30.0 30.0 30.0 30.0
85.5 30.0 30.0 29.99999228142164 29.99997343866234 30.0 30.0 30.0 30.0 30.0 30.0 30.0
85.6 30.0 30.0 29.99999244564668 29.999973971666243 30.0 30.0 30.0 30.0 30.0 30.0 30.0
85.7 30.0 30.0 29.999992606377617 29.99997449401317 30.0 30.0 30.0 30.0 30.0 30.0 30.0
85.8 30.0 30.0 29.999992763688756 29.999975005915488 30.0 30.0 30.0 30.0 30.0 30.0 30.0
85.9 30.0 30.0 29.999992917652854 29.99997550758107 30.0 30.0 30.0 30.0 30.0 30.0 30.0
86.0 30.0 30.0 29.99999306834113 29.999975999213884 30.0 30.0 30.0 30.0 30.0 30.0 30.0
86.1 30.0 30.0 29.999993215823242 29.999976481013768 30.0 30.0 30.0 30.0 30.0 30.0 30.0
86.2 30.0 30.0 29.999993360167405 29.99997695317653 30.0 30.0 30.0 30.0 30.0 30.0 30.0
86.3 30.0 30.0 29.999993501440475 29.99997741589404 30.0 30.0 30.0 30.0 30.0 30.0 30.0
86.4 30.0 30.0 29.999993639707665 29.99997786935467 30.0 30.0 30.0 30.0 30.0 30.0 30.0
86.5 30.0 30.0 29.999993775033026 29.999978313742705 30.0 30.0 30.0 30.0 30.0 30.0 30.0
86.6 30.0 30.0 29.99999390747916 29.999978749238995 30.0 30.0 30.0 30.0 30.0 30.0 30.0
86.7 30.0 30.0 29.99999403710731 29.999979176020823 30.0 30.0 30.0 30.0 30.0 30.0 30.0
86.8 30.0 30.0 29.99999416397737 29.9999795942618 30.0 30.0 30.0 30.0 30.0 30.0 30.0
86.9 30.0 30.0 29.99999428814807 29.99998000413214 30.0 30.0 30.0 30.0 30.0 30.0 30.0
87.0 30.0 30.0 29.99999440967688 29.999980405798745 30.0 30.0 30.0 30.0 30.0 30.0 30.0
87.1 30.0 30.0 29.999994528619922 29.99998079942518 30.0 30.0 30.0 30.0 30.0 30.0 30.0
87.2 30.0 30.0 29.999994645032242 29.999981185171734 30.0 30.0 30.0 30.0 30.0 30.0 30.0
87.3 30.0 30.0 29.99999475896774 29.999981563195423 30.0 30.0 30.0 30.0 30.0 30.0 30.0
87.4 30.0 30.0 29.999994870479046 29.99998193365044 30.0 30.0 30.0 30.0 30.0 30.0 30.0
87.5 30.0 30.0 29.99999497961783 29.999982296687538 30.0 30.0 30.0 30.0 30.0 30.0 30.0
87.6 30.0 30.0 29.999995086434502 29.9999826524549 30.0 30.0 30.0 30.0 30.0 30.0 30.0
87.7 30.0 30.0 29.999995190978403 29.99998300109747 30.0 30.0 30.0 30.0 30.0 30.0 30.0
87.8 30.0 30.0 29.999995293298007 29.99998334275714 30.0 30.0 30.0 30.0 30.0 30.0 30.0
87.9 30.0 30.0 29.99999539344063 29.999983677573375 30.0 30.0 30.0 30.0 30.0 30.0 30.0
88.0 30.0 30.0 29.99999549145252 29.999984005682883 30.0 30.0 30.0 30.0 30.0 30.0 30.0
88.1 30.0 30.0 29.999995587379054 29.99998432721931 30.0 30.0 30.0 30.0 30.0 30.0 30.0
88.2 30.0 30.0 29.999995681264643 29.999984642313773 30.0 30.0 30.0 30.0 30.0 30.0 30.0
88.3 30.0 30.0 29.999995773152637 29.999984951095005 30.0 30.0 30.0 30.0 30.0 30.0 30.0
88.4 30.0 30.0 29.9999958630856 29.999985253688845 30.0 30.0 30.0 30.0 30.0 30.0 30.0
88.5 30.0 30.0 29.999995951105046 29.99998555021898 30.0 30.0 30.0 30.0 30.0 30.0 30.0
88.6 30.0 30.0 29.99999603725171 29.99998584080633 30.0 30.0 30.0 30.0 30.0 30.0 30.0
88.7 30.0 30.0 29.999996121565545 29.999986125569556 30.0 30.0 30.0 30.0 30.0 30.0 30.0
88.8 30.0 30.0 29.99999620408545 29.999986404625066 30.0 30.0 30.0 30.0 30.0 30.0 30.0
88.9 30.0 30.0 29.999996284849544 29.99998667808678 30.0 30.0 30.0 30.0 30.0 30.0 30.0
89.0 30.0 30.0 29.999996363895278 29.999986946066294 30.0 30.0 30.0 30.0 30.0 30.0 30.0
89.1 30.0 30.0 29.99999644125922 29.999987208673076 30.0 30.0 30.0 30.0 30.0 30.0 30.0
89.2 30.0 30.0 29.999996516977074 29.99998746601469 30.0 30.0 30.0 30.0 30.0 30.0 30.0
89.3 30.0 30.0 29.99999659108396 29.999987718196056 30.0 30.0 30.0 30.0 30.0 30.0 30.0
89.4 30.0 30.0 29.99999666361413 29.999987965320305 30.0 30.0 30.0 30.0 30.0 30.0 30.0
89.5 30.0 30.0 29.999996734601062 29.9999882074886 30.0 30.0 30.0 30.0 30.0 30.0 30.0
89.6 30.0 30.0 29.999996804077654 29.999988444799868 30.0 30.0 30.0 30.0 30.0 30.0 30.0
89.7 30.0 30.0 29.999996872076025 29.99998867735112 30.0 30.0 30.0 30.0 30.0 30.0 30.0
89.8 30.0 30.0 29.999996938627525 29.999988905237693 30.0 30.0 30.0 30.0 30.0 30.0 30.0
89.9 30.0 30.0 29.99999700376302 29.999989128552574 30.0 30.0 30.0 30.0 30.0 30.0 30.0
90.0 30.0 30.0 29.999997067512794 29.999989347387114 30.0 30.0 30.0 30.0 30.0 30.0 30.0
90.1 30.0 30.0 29.999997129906063 29.999989561831136 30.0 30.0 30.0 30.0 30.0 30.0 30.0
90.2 30.0 30.0 29.99999719097186 29.999989771972185 30.0 30.0 30.0 30.0 30.0 30.0 30.0
90.3 30.0 30.0 29.999997250738435 29.99998997789629 30.0 30.0 30.0 30.0 30.0 30.0 30.0
90.4 30.0 30.0 29.999997309233457 29.999990179687803 30.0 30.0 30.0 30.0 30.0 30.0 30.0
90.5 30.0 30.0 29.999997366483825 29.999990377429476 30.0 30.0 30.0 30.0 30.0 30.0 30.0
90.6 30.0 30.0 29.999997422516053 29.999990571202265 30.0 30.0 30.0 30.0 30.0 30.0 30.0
90.7 30.0 30.0 29.999997477356068 29.99999076108549 30.0 30.0 30.0 30.0 30.0 30.0 30.0
90.8 30.0 30.0 29.999997531029415 29.999990947156736 30.0 30.0 30.0 30.0 30.0 30.0 30.0
90.9 30.0 30.0 29.999997583560667 29.999991129492635 30.0 30.0 30.0 30.0 30.0 30.0 30.0
91.0 30.0 30.0 29.99999763497421 29.99999130816766 30.0 30.0 30.0 30.0 30.0 30.0 30.0
91.1 30.0 30.0 29.99999768529384 29.999991483255105 30.0 30.0 30.0 30.0 30.0 30.0 30.0
91.2 30.0 30.0 29.99999773454298 29.99999165482663 30.0 30.0 30.0 30.0 30.0 30.0 30.0
91.3 30.0 30.0 29.999997782744263 29.999991822952918 30.0 30.0 30.0 30.0 30.0 30.0 30.0
91.4 30.0 30.0 29.99999782991995 29.999991987702682 30.0 30.0 30.0 30.0 30.0 30.0 30.0
91.5 30.0 30.0 29.999997876091896 29.999992149143374 30.0 30.0 30.0 30.0 30.0 30.0 30.0
91.6 30.0 30.0 29.9999979212814 29.99999230734154 30.0 30.0 30.0 30.0 30.0 30.0 30.0
91.7 30.0 30.0 29.999997965509547 29.999992462361742 30.0 30.0 30.0 30.0 30.0 30.0 30.0
91.8 30.0 30.0 29.999998008796656 29.999992614267796 30.0 30.0 30.0 30.0 30.0 30.0 30.0
91.9 30.0 30.0 29.99999805116266 29.999992763122147 30.0 30.0 30.0 30.0 30.0 30.0 30.0
92.0 30.0 30.0 29.999998092627298 29.99999290898557 30.0 30.0 30.0 30.0 30.0 30.0 30.0
92.1 30.0 30.0 29.999998133209726 29.999993051918107 30.0 30.0 30.0 30.0 30.0 30.0 30.0
92.2 30.0 30.0 29.999998172928713 29.99999319197858 30.0 30.0 30.0 30.0 30.0 30.0 30.0
92.3 30.0 30.0 29.999998211802648 29.999993329224335 30.0 30.0 30.0 30.0 30.0 30.0 30.0
92.4 30.0 30.0 29.999998249849327 29.999993463712023 30.0 30.0 30.0 30.0 30.0 30.0 30.0
92.5 30.0 30.0 29.999998287086555 29.999993595496306 30.0 30.0 30.0 30.0 30.0 30.0 30.0
92.6 30.0 30.0 29.999998323531557 29.999993724631825 30.0 30.0 30.0 30.0 30.0 30.0 30.0
92.7 30.0 30.0 29.999998359201165 29.99999385117143 30.0 30.0 30.0 30.0 30.0 30.0 30.0
92.8 30.0 30.0 29.999998394111827 29.999993975167264 30.0 30.0 30.0 30.0 30.0 30.0 30.0
92.9 30.0 30.0 29.999998428279607 29.999994096670207 30.0 30.0 30.0 30.0 30.0 30.0 30.0
93.0 30.0 30.0 29.999998461720374 29.999994215730247 30.0 30.0 30.0 30.0 30.0 30.0 30.0
93.1 30.0 30.0 29.999998494449798 29.99999433239606 30.0 30.0 30.0 30.0 30.0 30.0 30.0
93.2 30.0 30.0 29.99999852648278 29.999994446716183 30.0 30.0 30.0 30.0 30.0 30.0 30.0
93.3 30.0 30.0 29.999998557834225 29.999994558737164 30.0 30.0 30.0 30.0 30.0 30.0 30.0
93.4 30.0 30.0 29.999998588518643 29.999994668505188 30.0 30.0 30.0 30.0 30.0 30.0 30.0
93.5 30.0 30.0 29.99999861855016 29.99999477606554 30.0 30.0 30.0 30.0 30.0 30.0 30.0
93.6 30.0 30.0 29.999998647942704 29.999994881462435 30.0 30.0 30.0 30.0 30.0 30.0 30.0
93.7 30.0 30.0 29.999998676709826 29.99999498473915 30.0 30.0 30.0 30.0 30.0 30.0 30.0
93.8 30.0 30.0 29.99999870486488 29.999995085938274 30.0 30.0 30.0 30.0 30.0 30.0 30.0
93.9 30.0 30.0 29.999998732421023 29.999995185101298 30.0 30.0 30.0 30.0 30.0 30.0 30.0
94.0 30.0 30.0 29.99999875939083 29.999995282269328 30.0 30.0 30.0 30.0 30.0 30.0 30.0
94.1 30.0 30.0 29.999998785786687 29.99999537748227 30.0 30.0 30.0 30.0 30.0 30.0 30.0
94.2 30.0 30.0 29.999998811620983 29.9999954707791 30.0 30.0 30.0 30.0 30.0 30.0 30.0
94.3 30.0 30.0 29.999998836905707 29.99999556219839 30.0 30.0 30.0 30.0 30.0 30.0 30.0
94.4 30.0 30.0 29.99999886165248 29.999995651777844 30.0 30.0 30.0 30.0 30.0 30.0 30.0
94.5 30.0 30.0 29.99999888587271 29.99999573955446 30.0 30.0 30.0 30.0 30.0 30.0 30.0
94.6 30.0 30.0 29.999998909577624 29.999995825564323 30.0 30.0 30.0 30.0 30.0 30.0 30.0
94.7 30.0 30.0 29.99999893277806 29.999995909842973 30.0 30.0 30.0 30.0 30.0 30.0 30.0
94.8 30.0 30.0 29.999998955484855 29.999995992425063 30.0 30.0 30.0 30.0 30.0 30.0 30.0
94.9 30.0 30.0 29.999998977708646 29.999996073344477 30.0 30.0 30.0 30.0 30.0 30.0 30.0
95.0 30.0 30.0 29.999998999459503 29.999996152634743 30.0 30.0 30.0 30.0 30.0 30.0 30.0
95.1 30.0 30.0 29.999999020747676 29.999996230328364 30.0 30.0 30.0 30.0 30.0 30.0 30.0
95.2 30.0 30.0 29.999999041582846 29.99999630645779 30.0 30.0 30.0 30.0 30.0 30.0 30.0
95.3 30.0 30.0 29.999999061974684 29.99999638105406 30.0 30.0 30.0 30.0 30.0 30.0 30.0
95.4 30.0 30.0 29.999999081932675 29.999996454148008 30.0 30.0 30.0 30.0 30.0 30.0 30.0
95.5 30.0 30.0 29.999999101466106 29.999996525769937 30.0 30.0 30.0 30.0 30.0 30.0 30.0
95.6 30.0 30.0 29.99999912058388 29.9999965959494 30.0 30.0 30.0 30.0 30.0 30.0 30.0
95.7 30.0 30.0 29.999999139294893 29.9999966647151 30.0 30.0 30.0 30.0 30.0 30.0 30.0
95.8 30.0 30.0 29.99999915760786 29.9999967320955 30.0 30.0 30.0 30.0 30.0 30.0 30.0
95.9 30.0 30.0 29.999999175531098 29.999996798118755 30.0 30.0 30.0 30.0 30.0 30.0 30.0
96.0 30.0 30.0 29.999999193072927 29.999996862811926 30.0 30.0 30.0 30.0 30.0 30.0 30.0
96.1 30.0 30.0 29.999999210241672 29.999996926201295 30.0 30.0 30.0 30.0 30.0 30.0 30.0
96.2 30.0 30.0 29.99999922704507 29.999996988313736 30.0 30.0 30.0 30.0 30.0 30.0 30.0
96.3 30.0 30.0 29.999999243490866 29.999997049174503 30.0 30.0 30.0 30.0 30.0 30.0 30.0
96.4 30.0 30.0 29.99999925958679 29.99999710880885 30.0 30.0 30.0 30.0 30.0 30.0 30.0
96.5 30.0 30.0 29.99999927534021 29.99999716724143 30.0 30.0 30.0 30.0 30.0 30.0 30.0
96.6 30.0 30.0 29.999999290758463 29.999997224496244 30.0 30.0 30.0 30.0 30.0 30.0 30.0
96.7 30.0 30.0 29.999999305848725 29.99999728059705 30.0 30.0 30.0 30.0 30.0 30.0 30.0
96.8 30.0 30.0 29.99999932061795 29.999997335567127 30.0 30.0 30.0 30.0 30.0 30.0 30.0
96.9 30.0 30.0 29.999999335072918 29.99999738942896 30.0 30.0 30.0 30.0 30.0 30.0 30.0
97.0 30.0 30.0 29.999999349220396 29.999997442204922 30.0 30.0 30.0 30.0 30.0 30.0 30.0
97.1 30.0 30.0 29.999999363066777 29.999997493917185 30.0 30.0 30.0 30.0 30.0 30.0 30.0
97.2 30.0 30.0 29.999999376618636 29.999997544586634 30.0 30.0 30.0 30.0 30.0 30.0 30.0
97.3 30.0 30.0 29.999999389882163 29.99999759423451 30.0 30.0 30.0 30.0 30.0 30.0 30.0
97.4 30.0 30.0 29.999999402863363 29.99999764288137 30.0 30.0 30.0 30.0 30.0 30.0 30.0
97.5 30.0 30.0 29.99999941556842 29.999997690547023 30.0 30.0 30.0 30.0 30.0 30.0 30.0
97.6 30.0 30.0 29.99999942800315 29.999997737251437 30.0 30.0 30.0 30.0 30.0 30.0 30.0
97.7 30.0 30.0 29.99999944017335 29.9999977830139 30.0 30.0 30.0 30.0 30.0 30.0 30.0
97.8 30.0 30.0 29.999999452084634 29.99999782785329 30.0 30.0 30.0 30.0 30.0 30.0 30.0
97.9 30.0 30.0 29.999999463742423 29.999997871788345 30.0 30.0 30.0 30.0 30.0 30.0 30.0
98.0 30.0 30.0 29.99999947515213 29.99999791483708 30.0 30.0 30.0 30.0 30.0 30.0 30.0
98.1 30.0 30.0 29.999999486319176 29.999997957017293 30.0 30.0 30.0 30.0 30.0 30.0 30.0
98.2 30.0 30.0 29.999999497248595 29.99999799834661 30.0 30.0 30.0 30.0 30.0 30.0 30.0
98.3 30.0 30.0 29.99999950794541 29.999998038842154 30.0 30.0 30.0 30.0 30.0 30.0 30.0
98.4 30.0 30.0 29.999999518414665 29.99999807852064 30.0 30.0 30.0 30.0 30.0 30.0 30.0
98.5 30.0 30.0 29.999999528661185 29.99999811739843 30.0 30.0 30.0 30.0 30.0 30.0 30.0
98.6 30.0 30.0 29.99999953868962 29.999998155491713 30.0 30.0 30.0 30.0 30.0 30.0 30.0
98.7 30.0 30.0 29.999999548504814 29.999998192816143 30.0 30.0 30.0 30.0 30.0 30.0 30.0
98.8 30.0 30.0 29.99999955811101 29.99999822938752 30.0 30.0 30.0 30.0 30.0 30.0 30.0
98.9 30.0 30.0 29.999999567512866 29.99999826522062 30.0 30.0 30.0 30.0 30.0 30.0 30.0
99.0 30.0 30.0 29.99999957671463 29.99999830033051 30.0 30.0 30.0 30.0 30.0 30.0 30.0
99.1 30.0 30.0 29.999999585720754 29.999998334731576 30.0 30.0 30.0 30.0 30.0 30.0 30.0
99.2 30.0 30.0 29.999999594535115 29.999998368438355 30.0 30.0 30.0 30.0 30.0 30.0 30.0
99.3 30.0 30.0 29.99999960316196 29.999998401464527 30.0 30.0 30.0 30.0 30.0 30.0 30.0
99.4 30.0 30.0 29.99999961160536 29.999998433823897 30.0 30.0 30.0 30.0 30.0 30.0 30.0
99.5 30.0 30.0 29.99999961986899 29.99999846553012 30.0 30.0 30.0 30.0 30.0 30.0 30.0
99.6 30.0 30.0 29.999999627956914 29.99999849659595 30.0 30.0 30.0 30.0 30.0 30.0 30.0
99.7 30.0 30.0 29.999999635872808 29.999998527034464 30.0 30.0 30.0 30.0 30.0 30.0 30.0
99.8 30.0 30.0 29.999999643620157 29.999998556858415 30.0 30.0 30.0 30.0 30.0 30.0 30.0
99.9 30.0 30.0 29.999999651202632 29.999998586080036 30.0 30.0 30.0 30.0 30.0 30.0 30.0
