0.0 0.0 -1073741824.0 -1073741824.0 -1073741824.0 -1073741824.0 -1073741824.0 -1073741824.0 -1073741824.0 -1073741824.0 -1073741824.0 -1073741824.0
0.1 0.6000000000000001 -1073741824.0 -1073741824.0 -1073741824.0 -1073741824.0 -1073741824.0 -1073741824.0 -1073741824.0 -1073741824.0 -1073741824.0 -1073741824.0
0.2 25.0 0.0 0.0 0.0 0.0 0.0 0.0 0.0 0.0 0.0 0.0
0.3 25.0 25.0 25.0 25.0 25.0 25.0 25.0 25.0 25.0 25.0 0.0
0.4 25.0 25.0 25.0 25.0 25.0 25.0 25.0 25.0 25.0 25.0 0.0
0.5 25.0 25.0 25.0 25.0 25.0 25.0 25.0 25.0 25.0 25.0 0.0
0.6 25.0 25.0 25.0 25.0 25.0 25.0 25.0 25.0 25.0 25.0 0.0
0.7 25.0 25.0 25.0 25.0 25.0 25.0 25.0 25.0 25.0 25.0 0.0
0.8 25.0 25.0 25.0 25.0 25.0 25.0 25.0 25.0 25.0 25.0 0.0
0.9 25.0 25.0 25.0 25.0 25.0 25.0 25.0 25.0 25.0 25.0 0.0
1.0 25.0 25.0 25.0 25.0 25.0 25.0 25.0 25.0 25.0 25.0 0.0
1.1 25.0 25.0 25.0 25.0 25.0 25.0 25.0 25.0 25.0 25.0 0.0
1.2 25.0 25.0 25.0 25.0 25.0 25.0 25.0 25.0 25.0 25.0 0.0
1.3 25.0 25.0 25.0 25.0 25.0 25.0 25.0 25.0 25.0 25.0 0.0
1.4 25.0 25.0 25.0 25.0 25.0 25.0 25.0 25.0 25.0 25.0 0.0
1.5 25.0 25.0 25.0 25.0 25.0 25.0 25.0 25.0 25.0 25.0 0.0
1.6 25.0 25.0 25.0 25.0 25.0 25.0 25.0 25.0 25.0 25.0 0.0
1.7 25.0 25.0 25.0 25.0 25.0 25.0 25.0 25.0 25.0 25.0 0.0
1.8 25.0 25.0 25.0 25.0 25.0 25.0 25.0 25.0 25.0 25.0 0.0
1.9 25.0 25.0 25.0 25.0 25.0 25.0 25.0 25.0 25.0 25.0 0.0
2.0 25.0 25.0 25.0 25.0 25.0 25.0 25.0 25.0 25.0 25.0 0.0
2.1 25.0 25.0 25.0 25.0 25.0 25.0 25.0 25.0 25.0 25.0 0.0
2.2 24.99030078753786 24.99030078753786 24.99030078753786 24.99030078753786 24.99030078753786 24.99030078753786 24.99030078753786 24.99030078753786 24.99030078753786 24.99030078753786 0.0
2.3 24.980601575075717 24.980601575075717 24.980601575075717 24.980601575075717 24.980601575075717 24.980601575075717 24.980601575075717 24.980601575075717 24.980601575075717 24.980601575075717 0.0
2.4 24.970902362613575 24.970902362613575 24.970902362613575 24.970902362613575 24.970902362613575 24.970902362613575 24.970902362613575 24.970902362613575 24.970902362613575 24.970902362613575 0.0
2.5 24.961203150151434 24.961203150151434 24.961203150151434 24.961203150151434 24.961203150151434 24.961203150151434 24.961203150151434 24.961203150151434 24.961203150151434 24.961203150151434 0.0
2.6 24.951503937689292 24.951503937689292 24.951503937689292 24.951503937689292 24.951503937689292 24.951503937689292 24.951503937689292 24.951503937689292 24.951503937689292 24.951503937689292 0.0
2.7 24.94180472522715 24.94180472522715 24.94180472522715 24.94180472522715 24.94180472522715 24.94180472522715 24.94180472522715 24.94180472522715 24.94180472522715 24.94180472522715 0.0
2.8 24.93210551276501 24.93210551276501 24.93210551276501 24.93210551276501 24.93210551276501 24.93210551276501 24.93210551276501 24.93210551276501 24.93210551276501 24.93210551276501 0.0
2.9 24.922406300302868 24.922406300302868 24.922406300302868 24.922406300302868 24.922406300302868 24.922406300302868 24.922406300302868 24.922406300302868 24.922406300302868 24.922406300302868 0.0
3.0 24.912707087840726 24.912707087840726 24.912707087840726 24.912707087840726 24.912707087840726 24.912707087840726 24.912707087840726 24.912707087840726 24.912707087840726 24.912707087840726 0.0
3.1 24.903007875378584 24.903007875378584 24.903007875378584 24.903007875378584 24.903007875378584 24.903007875378584 24.903007875378584 24.903007875378584 24.903007875378584 24.903007875378584 0.0
3.2 24.893308662916443 24.893308662916443 24.893308662916443 24.893308662916443 24.893308662916443 24.893308662916443 24.893308662916443 24.893308662916443 24.893308662916443 24.893308662916443 0.0
3.3 24.8836094504543 24.8836094504543 24.8836094504543 24.8836094504543 24.8836094504543 24.8836094504543 24.8836094504543 24.8836094504543 24.8836094504543 24.8836094504543 0.0
3.4 24.87391023799216 24.87391023799216 24.87391023799216 24.87391023799216 24.87391023799216 24.87391023799216 24.87391023799216 24.87391023799216 24.87391023799216 24.87391023799216 0.0
3.5 24.864211025530018 24.864211025530018 24.864211025530018 24.864211025530018 24.864211025530018 24.864211025530018 24.864211025530018 24.864211025530018 24.864211025530018 24.864211025530018 0.0
3.6 24.854511813067877 24.854511813067877 24.854511813067877 24.854511813067877 24.854511813067877 24.854511813067877 24.854511813067877 24.854511813067877 24.854511813067877 24.854511813067877 0.0
3.7 24.844812600605735 24.844812600605735 24.844812600605735 24.844812600605735 24.844812600605735 24.844812600605735 24.844812600605735 24.844812600605735 24.844812600605735 24.844812600605735 0.0
3.8 24.835113388143593 24.835113388143593 24.835113388143593 24.835113388143593 24.835113388143593 24.835113388143593 24.835113388143593 24.835113388143593 24.835113388143593 24.835113388143593 0.0
3.9 24.825414175681452 24.825414175681452 24.825414175681452 24.825414175681452 24.825414175681452 24.825414175681452 24.825414175681452 24.825414175681452 24.825414175681452 24.825414175681452 0.0
4.0 24.81571496321931 24.81571496321931 24.81571496321931 24.81571496321931 24.81571496321931 24.81571496321931 24.81571496321931 24.81571496321931 24.81571496321931 24.81571496321931 0.0
4.1 24.80601575075717 24.80601575075717 24.80601575075717 24.80601575075717 24.80601575075717 24.80601575075717 24.80601575075717 24.80601575075717 24.80601575075717 24.80601575075717 0.0
4.2 24.796316538295027 24.796316538295027 24.796316538295027 24.796316538295027 24.796316538295027 24.796316538295027 24.796316538295027 24.796316538295027 24.796316538295027 24.796316538295027 0.0
4.3 24.786617325832886 24.786617325832886 24.786617325832886 24.786617325832886 24.786617325832886 24.786617325832886 24.786617325832886 24.786617325832886 24.786617325832886 24.786617325832886 0.0
4.4 24.776918113370744 24.776918113370744 24.776918113370744 24.776918113370744 24.776918113370744 24.776918113370744 24.776918113370744 24.776918113370744 24.776918113370744 24.776918113370744 0.0
4.5 24.767218900908603 24.767218900908603 24.767218900908603 24.767218900908603 24.767218900908603 24.767218900908603 24.767218900908603 24.767218900908603 24.767218900908603 24.767218900908603 0.0
4.6 24.75751968844646 24.75751968844646 24.75751968844646 24.75751968844646 24.75751968844646 24.75751968844646 24.75751968844646 24.75751968844646 24.75751968844646 24.75751968844646 0.0
4.7 24.74782047598432 24.74782047598432 24.74782047598432 24.74782047598432 24.74782047598432 24.74782047598432 24.74782047598432 24.74782047598432 24.74782047598432 24.74782047598432 0.0
4.8 24.738121263522178 24.738121263522178 24.738121263522178 24.738121263522178 24.738121263522178 24.738121263522178 24.738121263522178 24.738121263522178 24.738121263522178 24.738121263522178 0.0
4.9 24.728422051060036 24.728422051060036 24.728422051060036 24.728422051060036 24.728422051060036 24.728422051060036 24.728422051060036 24.728422051060036 24.728422051060036 24.728422051060036 0.0
5.0 24.718722838597895 24.718722838597895 24.718722838597895 24.718722838597895 24.718722838597895 24.718722838597895 24.718722838597895 24.718722838597895 24.718722838597895 24.718722838597895 0.0
5.1 24.709023626135753 24.709023626135753 24.709023626135753 24.709023626135753 24.709023626135753 24.709023626135753 24.709023626135753 24.709023626135753 24.709023626135753 24.709023626135753 0.0
5.2 24.69932441367361 24.69932441367361 24.69932441367361 24.69932441367361 24.69932441367361 24.69932441367361 24.69932441367361 24.69932441367361 24.69932441367361 24.69932441367361 0.0
5.3 24.68962520121147 24.68962520121147 24.68962520121147 24.68962520121147 24.68962520121147 24.68962520121147 24.68962520121147 24.68962520121147 24.68962520121147 24.68962520121147 0.0
5.4 24.67992598874933 24.67992598874933 24.67992598874933 24.67992598874933 24.67992598874933 24.67992598874933 24.67992598874933 24.67992598874933 24.67992598874933 24.67992598874933 0.0
5.5 24.670226776287187 24.670226776287187 24.670226776287187 24.670226776287187 24.670226776287187 24.670226776287187 24.670226776287187 24.670226776287187 24.670226776287187 24.670226776287187 0.0
5.6 24.660527563825045 24.660527563825045 24.660527563825045 24.660527563825045 24.660527563825045 24.660527563825045 24.660527563825045 24.660527563825045 24.660527563825045 24.660527563825045 0.0
5.7 24.650828351362904 24.650828351362904 24.650828351362904 24.650828351362904 24.650828351362904 24.650828351362904 24.650828351362904 24.650828351362904 24.650828351362904 24.650828351362904 0.0
5.8 24.641129138900762 24.641129138900762 24.641129138900762 24.641129138900762 24.641129138900762 24.641129138900762 24.641129138900762 24.641129138900762 24.641129138900762 24.641129138900762 0.0
5.9 24.63142992643862 24.63142992643862 24.63142992643862 24.63142992643862 24.63142992643862 24.63142992643862 24.63142992643862 24.63142992643862 24.63142992643862 24.63142992643862 0.0
6.0 24.62173071397648 24.62173071397648 24.62173071397648 24.62173071397648 24.62173071397648 24.62173071397648 24.62173071397648 24.62173071397648 24.62173071397648 24.62173071397648 0.0
6.1 24.612031501514338 24.612031501514338 24.612031501514338 24.612031501514338 24.612031501514338 24.612031501514338 24.612031501514338 24.612031501514338 24.612031501514338 24.612031501514338 0.0
6.2 24.602332289052196 24.602332289052196 24.602332289052196 24.602332289052196 24.602332289052196 24.602332289052196 24.602332289052196 24.602332289052196 24.602332289052196 24.602332289052196 0.0
6.3 24.592633076590054 24.592633076590054 24.592633076590054 24.592633076590054 24.592633076590054 24.592633076590054 24.592633076590054 24.592633076590054 24.592633076590054 24.592633076590054 0.0
6.4 24.582933864127913 24.582933864127913 24.582933864127913 24.582933864127913 24.582933864127913 24.582933864127913 24.582933864127913 24.582933864127913 24.582933864127913 24.582933864127913 0.0
6.5 24.57323465166577 24.57323465166577 24.57323465166577 24.57323465166577 24.57323465166577 24.57323465166577 24.57323465166577 24.57323465166577 24.57323465166577 24.57323465166577 0.0
6.6 24.56353543920363 24.56353543920363 24.56353543920363 24.56353543920363 24.56353543920363 24.56353543920363 24.56353543920363 24.56353543920363 24.56353543920363 24.56353543920363 0.0
6.7 24.55383622674149 24.55383622674149 24.55383622674149 24.55383622674149 24.55383622674149 24.55383622674149 24.55383622674149 24.55383622674149 24.55383622674149 24.55383622674149 0.0
6.8 24.544137014279347 24.544137014279347 24.544137014279347 24.544137014279347 24.544137014279347 24.544137014279347 24.544137014279347 24.544137014279347 24.544137014279347 24.544137014279347 0.0
6.9 24.534437801817205 24.534437801817205 24.534437801817205 24.534437801817205 24.534437801817205 24.534437801817205 24.534437801817205 24.534437801817205 24.534437801817205 24.534437801817205 0.0
7.0 24.524738589355064 24.524738589355064 24.524738589355064 24.524738589355064 24.524738589355064 24.524738589355064 24.524738589355064 24.524738589355064 24.524738589355064 24.524738589355064 0.0
7.1 24.515039376892922 24.515039376892922 24.515039376892922 24.515039376892922 24.515039376892922 24.515039376892922 24.515039376892922 24.515039376892922 24.515039376892922 24.515039376892922 0.0
7.2 24.50534016443078 24.50534016443078 24.50534016443078 24.50534016443078 24.50534016443078 24.50534016443078 24.50534016443078 24.50534016443078 24.50534016443078 24.50534016443078 0.0
7.3 24.49564095196864 24.49564095196864 24.49564095196864 24.49564095196864 24.49564095196864 24.49564095196864 24.49564095196864 24.49564095196864 24.49564095196864 24.49564095196864 0.0
7.4 24.485941739506497 24.485941739506497 24.485941739506497 24.485941739506497 24.485941739506497 24.485941739506497 24.485941739506497 24.485941739506497 24.485941739506497 24.485941739506497 0.0
7.5 24.476242527044356 24.476242527044356 24.476242527044356 24.476242527044356 24.476242527044356 24.476242527044356 24.476242527044356 24.476242527044356 24.476242527044356 24.476242527044356 0.0
7.6 24.466543314582214 24.466543314582214 24.466543314582214 24.466543314582214 24.466543314582214 24.466543314582214 24.466543314582214 24.466543314582214 24.466543314582214 24.466543314582214 0.0
7.7 24.456844102120073 24.456844102120073 24.456844102120073 24.456844102120073 24.456844102120073 24.456844102120073 24.456844102120073 24.456844102120073 24.456844102120073 24.456844102120073 0.0
7.8 24.456844102120073 24.44714488965793 24.44714488965793 24.44714488965793 24.44714488965793 24.44714488965793 24.44714488965793 24.44714488965793 24.44714488965793 24.44714488965793 0.0
7.9 24.456844102120073 24.43744567719579 24.43744567719579 24.43744567719579 24.43744567719579 24.43744567719579 24.43744567719579 24.43744567719579 24.43744567719579 24.43744567719579 0.0
8.0 24.456844102120073 24.427746464733648 24.427746464733648 24.427746464733648 24.427746464733648 24.427746464733648 24.427746464733648 24.427746464733648 24.427746464733648 24.427746464733648 0.0
8.1 24.456844102120073 24.418047252271506 24.418047252271506 24.418047252271506 24.418047252271506 24.418047252271506 24.418047252271506 24.418047252271506 24.418047252271506 24.418047252271506 0.0
8.2 24.456844102120073 24.408348039809365 24.408348039809365 24.408348039809365 24.408348039809365 24.408348039809365 24.408348039809365 24.408348039809365 24.408348039809365 24.408348039809365 0.0
8.3 24.456844102120073 24.398648827347223 24.398648827347223 24.398648827347223 24.398648827347223 24.398648827347223 24.398648827347223 24.398648827347223 24.398648827347223 24.398648827347223 0.0
8.4 24.456844102120073 24.38894961488508 24.38894961488508 24.38894961488508 24.38894961488508 24.38894961488508 24.38894961488508 24.38894961488508 24.38894961488508 24.38894961488508 0.0
8.5 24.456844102120073 24.37925040242294 24.37925040242294 24.37925040242294 24.37925040242294 24.37925040242294 24.37925040242294 24.37925040242294 24.37925040242294 24.37925040242294 0.0
8.6 24.456844102120073 24.3695511899608 24.3695511899608 24.3695511899608 24.3695511899608 24.3695511899608 24.3695511899608 24.3695511899608 24.3695511899608 24.3695511899608 0.0
8.7 24.456844102120073 24.359851977498657 24.359851977498657 24.359851977498657 24.359851977498657 24.359851977498657 24.359851977498657 24.359851977498657 24.359851977498657 24.359851977498657 0.0
8.8 24.456844102120073 24.350152765036515 24.350152765036515 24.350152765036515 24.350152765036515 24.350152765036515 24.350152765036515 24.350152765036515 24.350152765036515 24.350152765036515 0.0
8.9 24.456844102120073 24.340453552574374 24.340453552574374 24.340453552574374 24.340453552574374 24.340453552574374 24.340453552574374 24.340453552574374 24.340453552574374 24.340453552574374 0.0
9.0 24.456844102120073 24.330754340112232 24.330754340112232 24.330754340112232 24.330754340112232 24.330754340112232 24.330754340112232 24.330754340112232 24.330754340112232 24.330754340112232 0.0
9.1 24.456844102120073 24.32105512765009 24.32105512765009 24.32105512765009 24.32105512765009 24.32105512765009 24.32105512765009 24.32105512765009 24.32105512765009 24.32105512765009 0.0
9.2 25.056844102120074 24.31135591518795 24.31135591518795 24.31135591518795 24.31135591518795 24.31135591518795 24.31135591518795 24.31135591518795 24.31135591518795 24.31135591518795 0.0
9.3 25.656844102120075 24.301656702725808 24.301656702725808 24.301656702725808 24.301656702725808 24.301656702725808 24.301656702725808 24.301656702725808 24.301656702725808 24.301656702725808 0.0
9.4 26.256844102120077 24.291957490263666 24.291957490263666 24.291957490263666 24.291957490263666 24.291957490263666 24.291957490263666 24.291957490263666 24.291957490263666 24.291957490263666 0.0
9.5 26.85684410212008 24.282258277801525 24.282258277801525 24.282258277801525 24.282258277801525 24.282258277801525 24.282258277801525 24.282258277801525 24.282258277801525 24.282258277801525 0.0
9.6 27.45684410212008 24.272559065339383 24.272559065339383 24.272559065339383 24.272559065339383 24.272559065339383 24.272559065339383 24.272559065339383 24.272559065339383 24.272559065339383 0.0
9.7 28.05684410212008 24.272559065339383 24.26285985287724 24.26285985287724 24.26285985287724 24.26285985287724 24.26285985287724 24.26285985287724 24.26285985287724 24.26285985287724 0.0
9.8 28.656844102120083 24.272559065339383 24.2531606404151 24.2531606404151 24.2531606404151 24.2531606404151 24.2531606404151 24.2531606404151 24.2531606404151 24.2531606404151 0.0
9.9 29.256844102120084 24.272559065339383 24.24346142795296 24.24346142795296 24.24346142795296 24.24346142795296 24.24346142795296 24.24346142795296 24.24346142795296 24.24346142795296 0.0
10.0 29.856844102120085 24.272559065339383 24.233762215490817 24.233762215490817 24.233762215490817 24.233762215490817 24.233762215490817 24.233762215490817 24.233762215490817 24.233762215490817 0.0
10.1 30.0 24.272559065339383 24.224063003028675 24.224063003028675 24.224063003028675 24.224063003028675 24.224063003028675 24.224063003028675 24.224063003028675 24.224063003028675 0.0
10.2 30.0 24.272559065339383 24.214363790566534 24.214363790566534 24.214363790566534 24.214363790566534 24.214363790566534 24.214363790566534 24.214363790566534 24.214363790566534 0.0
10.3 30.0 24.272559065339383 24.204664578104392 24.204664578104392 24.204664578104392 24.204664578104392 24.204664578104392 24.204664578104392 24.204664578104392 24.204664578104392 0.0
10.4 30.0 24.272559065339383 24.19496536564225 24.19496536564225 24.19496536564225 24.19496536564225 24.19496536564225 24.19496536564225 24.19496536564225 24.19496536564225 0.0
10.5 30.0 24.272559065339383 24.18526615318011 24.18526615318011 24.18526615318011 24.18526615318011 24.18526615318011 24.18526615318011 24.18526615318011 24.18526615318011 0.0
10.6 30.0 24.272559065339383 24.175566940717967 24.175566940717967 24.175566940717967 24.175566940717967 24.175566940717967 24.175566940717967 24.175566940717967 24.175566940717967 0.0
10.7 30.0 24.272559065339383 24.165867728255826 24.165867728255826 24.165867728255826 24.165867728255826 24.165867728255826 24.165867728255826 24.165867728255826 24.165867728255826 0.0
10.8 30.0 24.272559065339383 24.156168515793684 24.156168515793684 24.156168515793684 24.156168515793684 24.156168515793684 24.156168515793684 24.156168515793684 24.156168515793684 0.0
10.9 30.0 24.272559065339383 24.146469303331543 24.146469303331543 24.146469303331543 24.146469303331543 24.146469303331543 24.146469303331543 24.146469303331543 24.146469303331543 0.0
11.0 30.0 24.272559065339383 24.1367700908694 24.1367700908694 24.1367700908694 24.1367700908694 24.1367700908694 24.1367700908694 24.1367700908694 24.1367700908694 0.0
11.1 30.0 24.872559065339384 24.12707087840726 24.12707087840726 24.12707087840726 24.12707087840726 24.12707087840726 24.12707087840726 24.12707087840726 24.12707087840726 0.0
11.2 30.0 25.472559065339386 24.117371665945118 24.117371665945118 24.117371665945118 24.117371665945118 24.117371665945118 24.117371665945118 24.117371665945118 24.117371665945118 0.0
11.3 30.0 26.072559065339387 24.107672453482976 24.107672453482976 24.107672453482976 24.107672453482976 24.107672453482976 24.107672453482976 24.107672453482976 24.107672453482976 0.0
11.4 30.0 26.67255906533939 24.097973241020835 24.097973241020835 24.097973241020835 24.097973241020835 24.097973241020835 24.097973241020835 24.097973241020835 24.097973241020835 0.0
11.5 30.0 27.27255906533939 24.088274028558693 24.088274028558693 24.088274028558693 24.088274028558693 24.088274028558693 24.088274028558693 24.088274028558693 24.088274028558693 0.0
11.6 30.0 27.87255906533939 24.088274028558693 24.078574816096552 24.078574816096552 24.078574816096552 24.078574816096552 24.078574816096552 24.078574816096552 24.078574816096552 0.0
11.7 30.0 28.472559065339393 24.088274028558693 24.06887560363441 24.06887560363441 24.06887560363441 24.06887560363441 24.06887560363441 24.06887560363441 24.06887560363441 0.0
11.8 30.0 29.072559065339394 24.088274028558693 24.05917639117227 24.05917639117227 24.05917639117227 24.05917639117227 24.05917639117227 24.05917639117227 24.05917639117227 0.0
11.9 30.0 29.672559065339396 24.088274028558693 24.049477178710127 24.049477178710127 24.049477178710127 24.049477178710127 24.049477178710127 24.049477178710127 24.049477178710127 0.0
12.0 30.0 30.0 24.088274028558693 24.039777966247986 24.039777966247986 24.039777966247986 24.039777966247986 24.039777966247986 24.039777966247986 24.039777966247986 0.0
12.1 30.0 30.0 24.088274028558693 24.030078753785844 24.030078753785844 24.030078753785844 24.030078753785844 24.030078753785844 24.030078753785844 24.030078753785844 0.0
12.2 30.0 30.0 24.088274028558693 24.020379541323702 24.020379541323702 24.020379541323702 24.020379541323702 24.020379541323702 24.020379541323702 24.020379541323702 0.0
12.3 30.0 30.0 24.088274028558693 24.01068032886156 24.01068032886156 24.01068032886156 24.01068032886156 24.01068032886156 24.01068032886156 24.01068032886156 0.0
12.4 30.0 30.0 24.088274028558693 24.00098111639942 24.00098111639942 24.00098111639942 24.00098111639942 24.00098111639942 24.00098111639942 24.00098111639942 0.0
12.5 30.0 30.0 24.088274028558693 23.991281903937278 23.991281903937278 23.991281903937278 23.991281903937278 23.991281903937278 23.991281903937278 23.991281903937278 0.0
12.6 30.0 30.0 24.088274028558693 23.981582691475136 23.981582691475136 23.981582691475136 23.981582691475136 23.981582691475136 23.981582691475136 23.981582691475136 0.0
12.7 30.0 30.0 24.088274028558693 23.971883479012995 23.971883479012995 23.971883479012995 23.971883479012995 23.971883479012995 23.971883479012995 23.971883479012995 0.0
12.8 30.0 30.0 24.088274028558693 23.962184266550853 23.962184266550853 23.962184266550853 23.962184266550853 23.962184266550853 23.962184266550853 23.962184266550853 0.0
12.9 30.0 30.0 24.088274028558693 23.95248505408871 23.95248505408871 23.95248505408871 23.95248505408871 23.95248505408871 23.95248505408871 23.95248505408871 0.0
13.0 30.0 30.0 24.688274028558695 23.94278584162657 23.94278584162657 23.94278584162657 23.94278584162657 23.94278584162657 23.94278584162657 23.94278584162657 0.0
13.1 30.0 30.0 25.288274028558696 23.93308662916443 23.93308662916443 23.93308662916443 23.93308662916443 23.93308662916443 23.93308662916443 23.93308662916443 0.0
13.2 30.0 30.0 25.888274028558698 23.923387416702287 23.923387416702287 23.923387416702287 23.923387416702287 23.923387416702287 23.923387416702287 23.923387416702287 0.0
13.3 30.0 30.0 26.4882740285587 23.913688204240145 23.913688204240145 23.913688204240145 23.913688204240145 23.913688204240145 23.913688204240145 23.913688204240145 0.0
13.4 30.0 30.0 27.0882740285587 23.903988991778004 23.903988991778004 23.903988991778004 23.903988991778004 23.903988991778004 23.903988991778004 23.903988991778004 0.0
13.5 30.0 30.0 27.688274028558702 23.903988991778004 23.894289779315862 23.894289779315862 23.894289779315862 23.894289779315862 23.894289779315862 23.894289779315862 0.0
13.6 30.0 30.0 28.288274028558703 23.903988991778004 23.88459056685372 23.88459056685372 23.88459056685372 23.88459056685372 23.88459056685372 23.88459056685372 0.0
13.7 30.0 30.0 28.888274028558705 23.903988991778004 23.87489135439158 23.87489135439158 23.87489135439158 23.87489135439158 23.87489135439158 23.87489135439158 0.0
13.8 30.0 30.0 29.488274028558706 23.903988991778004 23.865192141929437 23.865192141929437 23.865192141929437 23.865192141929437 23.865192141929437 23.865192141929437 0.0
13.9 30.0 30.0 30.0 23.903988991778004 23.855492929467296 23.855492929467296 23.855492929467296 23.855492929467296 23.855492929467296 23.855492929467296 0.0
14.0 30.0 30.0 30.0 23.903988991778004 23.845793717005154 23.845793717005154 23.845793717005154 23.845793717005154 23.845793717005154 23.845793717005154 0.0
14.1 30.0 30.0 30.0 23.903988991778004 23.836094504543013 23.836094504543013 23.836094504543013 23.836094504543013 23.836094504543013 23.836094504543013 0.0
14.2 30.0 30.0 30.0 23.903988991778004 23.82639529208087 23.82639529208087 23.82639529208087 23.82639529208087 23.82639529208087 23.82639529208087 0.0
14.3 30.0 30.0 30.0 23.903988991778004 23.81669607961873 23.81669607961873 23.81669607961873 23.81669607961873 23.81669607961873 23.81669607961873 0.0
14.4 30.0 30.0 30.0 23.903988991778004 23.806996867156588 23.806996867156588 23.806996867156588 23.806996867156588 23.806996867156588 23.806996867156588 0.0
14.5 30.0 30.0 30.0 23.903988991778004 23.797297654694447 23.797297654694447 23.797297654694447 23.797297654694447 23.797297654694447 23.797297654694447 0.0
14.6 30.0 30.0 30.0 23.903988991778004 23.787598442232305 23.787598442232305 23.787598442232305 23.787598442232305 23.787598442232305 23.787598442232305 0.0
14.7 30.0 30.0 30.0 23.903988991778004 23.777899229770163 23.777899229770163 23.777899229770163 23.777899229770163 23.777899229770163 23.777899229770163 0.0
14.8 30.0 30.0 30.0 23.903988991778004 23.768200017308022 23.768200017308022 23.768200017308022 23.768200017308022 23.768200017308022 23.768200017308022 0.0
14.9 30.0 30.0 30.0 24.503988991778005 23.75850080484588 23.75850080484588 23.75850080484588 23.75850080484588 23.75850080484588 23.75850080484588 0.0
15.0 30.0 30.0 30.0 25.103988991778007 23.74880159238374 23.74880159238374 23.74880159238374 23.74880159238374 23.74880159238374 23.74880159238374 0.0
15.1 30.0 30.0 30.0 25.703988991778008 23.739102379921597 23.739102379921597 23.739102379921597 23.739102379921597 23.739102379921597 23.739102379921597 0.0
15.2 30.0 30.0 30.0 26.30398899177801 23.729403167459456 23.729403167459456 23.729403167459456 23.729403167459456 23.729403167459456 23.729403167459456 0.0
15.3 30.0 30.0 30.0 26.90398899177801 23.719703954997314 23.719703954997314 23.719703954997314 23.719703954997314 23.719703954997314 23.719703954997314 0.0
15.4 30.0 30.0 30.0 27.503988991778012 23.719703954997314 23.710004742535173 23.710004742535173 23.710004742535173 23.710004742535173 23.710004742535173 0.0
15.5 30.0 30.0 30.0 28.103988991778014 23.719703954997314 23.70030553007303 23.70030553007303 23.70030553007303 23.70030553007303 23.70030553007303 0.0
15.6 30.0 30.0 30.0 28.703988991778015 23.719703954997314 23.69060631761089 23.69060631761089 23.69060631761089 23.69060631761089 23.69060631761089 0.0
15.7 30.0 30.0 30.0 29.303988991778017 23.719703954997314 23.680907105148748 23.680907105148748 23.680907105148748 23.680907105148748 23.680907105148748 0.0
15.8 30.0 30.0 30.0 29.903988991778018 23.719703954997314 23.671207892686606 23.671207892686606 23.671207892686606 23.671207892686606 23.671207892686606 0.0
15.9 30.0 30.0 30.0 30.0 23.719703954997314 23.661508680224465 23.661508680224465 23.661508680224465 23.661508680224465 23.661508680224465 0.0
16.0 30.0 30.0 30.0 30.0 23.719703954997314 23.651809467762323 23.651809467762323 23.651809467762323 23.651809467762323 23.651809467762323 0.0
16.1 30.0 30.0 30.0 30.0 23.719703954997314 23.64211025530018 23.64211025530018 23.64211025530018 23.64211025530018 23.64211025530018 0.0
16.2 30.0 30.0 30.0 30.0 23.719703954997314 23.63241104283804 23.63241104283804 23.63241104283804 23.63241104283804 23.63241104283804 0.0
16.3 30.0 30.0 30.0 30.0 23.719703954997314 23.6227118303759 23.6227118303759 23.6227118303759 23.6227118303759 23.6227118303759 0.0
16.4 30.0 30.0 30.0 30.0 23.719703954997314 23.613012617913757 23.613012617913757 23.613012617913757 23.613012617913757 23.613012617913757 0.0
16.5 30.0 30.0 30.0 30.0 23.719703954997314 23.603313405451615 23.603313405451615 23.603313405451615 23.603313405451615 23.603313405451615 0.0
16.6 30.0 30.0 30.0 30.0 23.719703954997314 23.593614192989474 23.593614192989474 23.593614192989474 23.593614192989474 23.593614192989474 0.0
16.7 30.0 30.0 30.0 30.0 23.719703954997314 23.583914980527332 23.583914980527332 23.583914980527332 23.583914980527332 23.583914980527332 0.0
16.8 30.0 30.0 30.0 30.0 24.319703954997316 23.57421576806519 23.57421576806519 23.57421576806519 23.57421576806519 23.57421576806519 0.0
16.9 30.0 30.0 30.0 30.0 24.919703954997317 23.56451655560305 23.56451655560305 23.56451655560305 23.56451655560305 23.56451655560305 0.0
17.0 30.0 30.0 30.0 30.0 25.51970395499732 23.554817343140908 23.554817343140908 23.554817343140908 23.554817343140908 23.554817343140908 0.0
17.1 30.0 30.0 30.0 30.0 26.11970395499732 23.545118130678766 23.545118130678766 23.545118130678766 23.545118130678766 23.545118130678766 0.0
17.2 30.0 30.0 30.0 30.0 26.71970395499732 23.535418918216624 23.535418918216624 23.535418918216624 23.535418918216624 23.535418918216624 0.0
17.3 30.0 30.0 30.0 30.0 27.319703954997323 23.535418918216624 23.525719705754483 23.525719705754483 23.525719705754483 23.525719705754483 0.0
17.4 30.0 30.0 30.0 30.0 27.919703954997324 23.535418918216624 23.51602049329234 23.51602049329234 23.51602049329234 23.51602049329234 0.0
17.5 30.0 30.0 30.0 30.0 28.519703954997325 23.535418918216624 23.5063212808302 23.5063212808302 23.5063212808302 23.5063212808302 0.0
17.6 30.0 30.0 30.0 30.0 29.119703954997327 23.535418918216624 23.496622068368058 23.496622068368058 23.496622068368058 23.496622068368058 0.0
17.7 30.0 30.0 30.0 30.0 29.71970395499733 23.535418918216624 23.486922855905917 23.486922855905917 23.486922855905917 23.486922855905917 0.0
17.8 30.0 30.0 30.0 30.0 30.0 23.535418918216624 23.477223643443775 23.477223643443775 23.477223643443775 23.477223643443775 0.0
17.9 30.0 30.0 30.0 30.0 30.0 23.535418918216624 23.467524430981634 23.467524430981634 23.467524430981634 23.467524430981634 0.0
18.0 30.0 30.0 30.0 30.0 30.0 23.535418918216624 23.457825218519492 23.457825218519492 23.457825218519492 23.457825218519492 0.0
18.1 30.0 30.0 30.0 30.0 30.0 23.535418918216624 23.44812600605735 23.44812600605735 23.44812600605735 23.44812600605735 0.0
18.2 30.0 30.0 30.0 30.0 30.0 23.535418918216624 23.43842679359521 23.43842679359521 23.43842679359521 23.43842679359521 0.0
18.3 30.0 30.0 30.0 30.0 30.0 23.535418918216624 23.428727581133067 23.428727581133067 23.428727581133067 23.428727581133067 0.0
18.4 30.0 30.0 30.0 30.0 30.0 23.535418918216624 23.419028368670926 23.419028368670926 23.419028368670926 23.419028368670926 0.0
18.5 30.0 30.0 30.0 30.0 30.0 23.535418918216624 23.409329156208784 23.409329156208784 23.409329156208784 23.409329156208784 0.0
18.6 30.0 30.0 30.0 30.0 30.0 23.535418918216624 23.399629943746643 23.399629943746643 23.399629943746643 23.399629943746643 0.0
18.7 30.0 30.0 30.0 30.0 30.0 24.135418918216626 23.3899307312845 23.3899307312845 23.3899307312845 23.3899307312845 0.0
18.8 30.0 30.0 30.0 30.0 30.0 24.735418918216627 23.38023151882236 23.38023151882236 23.38023151882236 23.38023151882236 0.0
18.9 30.0 30.0 30.0 30.0 30.0 25.33541891821663 23.370532306360218 23.370532306360218 23.370532306360218 23.370532306360218 0.0
19.0 30.0 30.0 30.0 30.0 30.0 25.93541891821663 23.360833093898076 23.360833093898076 23.360833093898076 23.360833093898076 0.0
19.1 30.0 30.0 30.0 30.0 30.0 26.53541891821663 23.351133881435935 23.351133881435935 23.351133881435935 23.351133881435935 0.0
19.2 30.0 30.0 30.0 30.0 30.0 27.135418918216633 23.351133881435935 23.341434668973793 23.341434668973793 23.341434668973793 0.0
19.3 30.0 30.0 30.0 30.0 30.0 27.735418918216634 23.351133881435935 23.33173545651165 23.33173545651165 23.33173545651165 0.0
19.4 30.0 30.0 30.0 30.0 30.0 28.335418918216636 23.351133881435935 23.32203624404951 23.32203624404951 23.32203624404951 0.0
19.5 30.0 30.0 30.0 30.0 30.0 28.935418918216637 23.351133881435935 23.31233703158737 23.31233703158737 23.31233703158737 0.0
19.6 30.0 30.0 30.0 30.0 30.0 29.53541891821664 23.351133881435935 23.302637819125227 23.302637819125227 23.302637819125227 0.0
19.7 30.0 30.0 30.0 30.0 30.0 30.0 23.351133881435935 23.292938606663085 23.292938606663085 23.292938606663085 0.0
19.8 30.0 30.0 30.0 30.0 30.0 30.0 23.351133881435935 23.283239394200944 23.283239394200944 23.283239394200944 0.0
19.9 30.0 30.0 30.0 30.0 30.0 30.0 23.351133881435935 23.273540181738802 23.273540181738802 23.273540181738802 0.0
20.0 30.0 30.0 30.0 30.0 30.0 30.0 23.351133881435935 23.26384096927666 23.26384096927666 23.26384096927666 0.0
20.1 30.0 30.0 30.0 30.0 30.0 30.0 23.351133881435935 23.25414175681452 23.25414175681452 23.25414175681452 0.0
20.2 30.0 30.0 30.0 30.0 30.0 30.0 23.351133881435935 23.244442544352378 23.244442544352378 23.244442544352378 0.0
20.3 30.0 30.0 30.0 30.0 30.0 30.0 23.351133881435935 23.234743331890236 23.234743331890236 23.234743331890236 0.0
20.4 30.0 30.0 30.0 30.0 30.0 30.0 23.351133881435935 23.225044119428095 23.225044119428095 23.225044119428095 0.0
20.5 30.0 30.0 30.0 30.0 30.0 30.0 23.351133881435935 23.215344906965953 23.215344906965953 23.215344906965953 0.0
20.6 30.0 30.0 30.0 30.0 30.0 30.0 23.951133881435936 23.20564569450381 23.20564569450381 23.20564569450381 0.0
20.7 30.0 30.0 30.0 30.0 30.0 30.0 24.551133881435938 23.19594648204167 23.19594648204167 23.19594648204167 0.0
20.8 30.0 30.0 30.0 30.0 30.0 30.0 25.15113388143594 23.18624726957953 23.18624726957953 23.18624726957953 0.0
20.9 30.0 30.0 30.0 30.0 30.0 30.0 25.75113388143594 23.176548057117387 23.176548057117387 23.176548057117387 0.0
21.0 30.0 30.0 30.0 30.0 30.0 30.0 26.351133881435942 23.166848844655245 23.166848844655245 23.166848844655245 0.0
21.1 30.0 30.0 30.0 30.0 30.0 30.0 26.951133881435943 23.166848844655245 23.157149632193104 23.157149632193104 0.0
21.2 30.0 30.0 30.0 30.0 30.0 30.0 27.551133881435945 23.166848844655245 23.147450419730962 23.147450419730962 0.0
21.3 30.0 30.0 30.0 30.0 30.0 30.0 28.151133881435946 23.166848844655245 23.13775120726882 23.13775120726882 0.0
21.4 30.0 30.0 30.0 30.0 30.0 30.0 28.751133881435948 23.166848844655245 23.12805199480668 23.12805199480668 0.0
21.5 30.0 30.0 30.0 30.0 30.0 30.0 29.35113388143595 23.166848844655245 23.118352782344537 23.118352782344537 0.0
21.6 30.0 30.0 30.0 30.0 30.0 30.0 29.95113388143595 23.166848844655245 23.108653569882396 23.108653569882396 0.0
21.7 30.0 30.0 30.0 30.0 30.0 30.0 30.0 23.166848844655245 23.098954357420254 23.098954357420254 0.0
21.8 30.0 30.0 30.0 30.0 30.0 30.0 30.0 23.166848844655245 23.089255144958113 23.089255144958113 0.0
21.9 30.0 30.0 30.0 30.0 30.0 30.0 30.0 23.166848844655245 23.07955593249597 23.07955593249597 0.0
22.0 30.0 30.0 30.0 30.0 30.0 30.0 30.0 23.166848844655245 23.06985672003383 23.06985672003383 0.0
22.1 30.0 30.0 30.0 30.0 30.0 30.0 30.0 23.166848844655245 23.060157507571688 23.060157507571688 0.0
22.2 30.0 30.0 30.0 30.0 30.0 30.0 30.0 23.166848844655245 23.050458295109546 23.050458295109546 0.0
22.3 30.0 30.0 30.0 30.0 30.0 30.0 30.0 23.166848844655245 23.040759082647405 23.040759082647405 0.0
22.4 30.0 30.0 30.0 30.0 30.0 30.0 30.0 23.166848844655245 23.031059870185263 23.031059870185263 0.0
22.5 30.0 30.0 30.0 30.0 30.0 30.0 30.0 23.766848844655247 23.021360657723122 23.021360657723122 0.0
22.6 30.0 30.0 30.0 30.0 30.0 30.0 30.0 24.366848844655248 23.01166144526098 23.01166144526098 0.0
22.7 30.0 30.0 30.0 30.0 30.0 30.0 30.0 24.96684884465525 23.00196223279884 23.00196223279884 0.0
22.8 30.0 30.0 30.0 30.0 30.0 30.0 30.0 25.56684884465525 22.992263020336697 22.992263020336697 0.0
22.9 30.0 30.0 30.0 30.0 30.0 30.0 30.0 26.166848844655252 22.982563807874556 22.982563807874556 0.0
23.0 30.0 30.0 30.0 30.0 30.0 30.0 30.0 26.766848844655254 22.982563807874556 22.972864595412414 0.0
23.1 30.0 30.0 30.0 30.0 30.0 30.0 30.0 27.366848844655255 22.982563807874556 22.963165382950272 0.0
23.2 30.0 30.0 30.0 30.0 30.0 30.0 30.0 27.966848844655257 22.982563807874556 22.95346617048813 0.0
23.3 30.0 30.0 30.0 30.0 30.0 30.0 30.0 28.566848844655258 22.982563807874556 22.94376695802599 0.0
23.4 30.0 30.0 30.0 30.0 30.0 30.0 30.0 29.16684884465526 22.982563807874556 22.934067745563848 0.0
23.5 30.0 30.0 30.0 30.0 30.0 30.0 30.0 29.76684884465526 22.982563807874556 22.924368533101706 0.0
23.6 30.0 30.0 30.0 30.0 30.0 30.0 30.0 30.0 22.982563807874556 22.914669320639565 0.0
23.7 30.0 30.0 30.0 30.0 30.0 30.0 30.0 30.0 22.982563807874556 22.904970108177423 0.0
23.8 30.0 30.0 30.0 30.0 30.0 30.0 30.0 30.0 22.982563807874556 22.89527089571528 0.0
23.9 30.0 30.0 30.0 30.0 30.0 30.0 30.0 30.0 22.982563807874556 22.88557168325314 0.0
24.0 30.0 30.0 30.0 30.0 30.0 30.0 30.0 30.0 22.982563807874556 22.875872470791 0.0
24.1 30.0 30.0 30.0 30.0 30.0 30.0 30.0 30.0 22.982563807874556 22.866173258328857 0.0
24.2 30.0 30.0 30.0 30.0 30.0 30.0 30.0 30.0 22.982563807874556 22.856474045866715 0.0
24.3 30.0 30.0 30.0 30.0 30.0 30.0 30.0 30.0 22.982563807874556 22.846774833404574 0.0
24.4 30.0 30.0 30.0 30.0 30.0 30.0 30.0 30.0 23.582563807874557 22.837075620942432 0.0
24.5 30.0 30.0 30.0 30.0 30.0 30.0 30.0 30.0 24.18256380787456 22.82737640848029 0.0
24.6 30.0 30.0 30.0 30.0 30.0 30.0 30.0 30.0 24.78256380787456 22.81767719601815 0.0
24.7 30.0 30.0 30.0 30.0 30.0 30.0 30.0 30.0 25.38256380787456 22.807977983556007 0.0
24.8 30.0 30.0 30.0 30.0 30.0 30.0 30.0 30.0 25.982563807874563 22.798278771093866 0.0
24.9 30.0 30.0 30.0 30.0 30.0 30.0 30.0 30.0 26.582563807874564 22.798278771093866 0.0
25.0 30.0 30.0 30.0 30.0 30.0 30.0 30.0 30.0 27.182563807874565 22.798278771093866 0.0
25.1 30.0 30.0 30.0 30.0 30.0 30.0 30.0 30.0 27.782563807874567 22.798278771093866 0.0
25.2 30.0 30.0 30.0 30.0 30.0 30.0 30.0 30.0 28.38256380787457 22.798278771093866 0.0
25.3 30.0 30.0 30.0 30.0 30.0 30.0 30.0 30.0 28.98256380787457 22.798278771093866 0.0
25.4 30.0 30.0 30.0 30.0 30.0 30.0 30.0 30.0 29.58256380787457 22.798278771093866 0.0
25.5 30.0 30.0 30.0 30.0 30.0 30.0 30.0 30.0 30.0 22.798278771093866 0.0
25.6 30.0 30.0 30.0 30.0 30.0 30.0 30.0 30.0 30.0 22.798278771093866 0.0
25.7 30.0 30.0 30.0 30.0 30.0 30.0 30.0 30.0 30.0 22.798278771093866 0.0
25.8 30.0 30.0 30.0 30.0 30.0 30.0 30.0 30.0 30.0 22.798278771093866 0.0
25.9 30.0 30.0 30.0 30.0 30.0 30.0 30.0 30.0 30.0 22.798278771093866 0.0
26.0 30.0 30.0 30.0 30.0 30.0 30.0 30.0 30.0 30.0 22.798278771093866 0.0
26.1 30.0 30.0 30.0 30.0 30.0 30.0 30.0 30.0 30.0 22.798278771093866 0.0
26.2 30.0 30.0 30.0 30.0 30.0 30.0 30.0 30.0 30.0 22.798278771093866 0.0
26.3 30.0 30.0 30.0 30.0 30.0 30.0 30.0 30.0 30.0 23.398278771093867 0.0
26.4 30.0 30.0 30.0 30.0 30.0 30.0 30.0 30.0 30.0 23.99827877109387 0.0
26.5 30.0 30.0 30.0 30.0 30.0 30.0 30.0 30.0 30.0 24.59827877109387 0.0
26.6 30.0 30.0 30.0 30.0 30.0 30.0 30.0 30.0 30.0 25.19827877109387 0.0
26.7 30.0 30.0 30.0 30.0 30.0 30.0 30.0 30.0 30.0 25.798278771093873 0.0
26.8 30.0 30.0 30.0 30.0 30.0 30.0 30.0 30.0 30.0 26.398278771093874 0.0
26.9 30.0 30.0 30.0 30.0 30.0 30.0 30.0 30.0 30.0 26.998278771093876 0.0
27.0 30.0 30.0 30.0 30.0 30.0 30.0 30.0 30.0 30.0 27.598278771093877 0.0
27.1 30.0 30.0 30.0 30.0 30.0 30.0 30.0 30.0 30.0 28.19827877109388 0.0
27.2 30.0 30.0 30.0 30.0 30.0 30.0 30.0 30.0 30.0 28.79827877109388 0.0
27.3 30.0 30.0 30.0 30.0 30.0 30.0 30.0 30.0 30.0 29.39827877109388 0.0
27.4 30.0 30.0 30.0 30.0 30.0 30.0 30.0 30.0 30.0 29.998278771093883 0.0
27.5 30.0 30.0 30.0 30.0 30.0 30.0 30.0 30.0 30.0 30.0 0.0
27.6 30.0 30.0 30.0 30.0 30.0 30.0 30.0 30.0 30.0 30.0 0.0
27.7 30.0 30.0 30.0 30.0 30.0 30.0 30.0 30.0 30.0 30.0 0.0
27.8 30.0 30.0 30.0 30.0 30.0 30.0 30.0 30.0 30.0 30.0 0.0
27.9 30.0 30.0 30.0 30.0 30.0 30.0 30.0 30.0 30.0 30.0 0.0
28.0 30.0 30.0 30.0 30.0 30.0 30.0 30.0 30.0 30.0 30.0 0.0
28.1 30.0 30.0 30.0 30.0 30.0 30.0 30.0 30.0 30.0 30.0 0.0
28.2 30.0 30.0 30.0 30.0 30.0 30.0 30.0 30.0 30.0 30.0 0.0
28.3 30.0 30.0 30.0 30.0 30.0 30.0 30.0 30.0 30.0 30.0 0.0
28.4 30.0 30.0 30.0 30.0 30.0 30.0 30.0 30.0 30.0 30.0 0.0
28.5 30.0 30.0 30.0 30.0 30.0 30.0 30.0 30.0 30.0 30.0 0.0
28.6 30.0 30.0 30.0 30.0 30.0 30.0 30.0 30.0 30.0 30.0 0.0
28.7 30.0 30.0 30.0 30.0 30.0 30.0 30.0 30.0 30.0 30.0 0.0
28.8 30.0 30.0 30.0 30.0 30.0 30.0 30.0 30.0 30.0 30.0 0.0
28.9 30.0 30.0 30.0 30.0 30.0 30.0 30.0 30.0 30.0 30.0 0.0
29.0 30.0 30.0 30.0 30.0 30.0 30.0 30.0 30.0 30.0 30.0 0.0
29.1 30.0 30.0 30.0 30.0 30.0 30.0 30.0 30.0 30.0 30.0 0.0
29.2 30.0 30.0 30.0 30.0 30.0 30.0 30.0 30.0 30.0 30.0 0.0
29.3 30.0 30.0 30.0 30.0 30.0 30.0 30.0 30.0 30.0 30.0 0.0
29.4 30.0 30.0 30.0 30.0 30.0 30.0 30.0 30.0 30.0 30.0 0.0
29.5 30.0 30.0 30.0 30.0 30.0 30.0 30.0 30.0 30.0 30.0 0.0
29.6 30.0 30.0 30.0 30.0 30.0 30.0 30.0 30.0 30.0 30.0 0.0
29.7 30.0 30.0 30.0 30.0 30.0 30.0 30.0 30.0 30.0 30.0 0.0
29.8 30.0 30.0 30.0 30.0 30.0 30.0 30.0 30.0 30.0 30.0 0.0
29.9 30.0 30.0 30.0 30.0 30.0 30.0 30.0 30.0 30.0 30.0 0.0
30.0 30.0 30.0 30.0 30.0 30.0 30.0 30.0 30.0 30.0 30.0 0.0
30.1 30.0 30.0 30.0 30.0 30.0 30.0 30.0 30.0 30.0 30.0 0.0
30.2 30.0 30.0 30.0 30.0 30.0 30.0 30.0 30.0 30.0 30.0 0.0
30.3 30.0 30.0 30.0 30.0 30.0 30.0 30.0 30.0 30.0 30.0 0.0
30.4 30.0 30.0 30.0 30.0 30.0 30.0 30.0 30.0 30.0 30.0 0.0
30.5 30.0 30.0 30.0 30.0 30.0 30.0 30.0 30.0 30.0 30.0 0.0
30.6 30.0 30.0 30.0 30.0 30.0 30.0 30.0 30.0 30.0 30.0 0.0
30.7 30.0 30.0 30.0 30.0 30.0 30.0 30.0 30.0 30.0 30.0 0.0
30.8 30.0 30.0 30.0 30.0 30.0 30.0 30.0 30.0 30.0 30.0 0.0
30.9 30.0 30.0 30.0 30.0 30.0 30.0 30.0 30.0 30.0 30.0 0.0
31.0 30.0 30.0 30.0 30.0 30.0 30.0 30.0 30.0 30.0 30.0 0.0
31.1 30.0 30.0 30.0 30.0 30.0 30.0 30.0 30.0 30.0 30.0 0.0
31.2 30.0 30.0 30.0 30.0 30.0 30.0 30.0 30.0 30.0 30.0 0.0
31.3 30.0 30.0 30.0 30.0 30.0 30.0 30.0 30.0 30.0 30.0 0.0
31.4 30.0 30.0 30.0 30.0 30.0 30.0 30.0 30.0 30.0 30.0 0.0
31.5 30.0 30.0 30.0 30.0 30.0 30.0 30.0 30.0 30.0 30.0 0.0
31.6 30.0 30.0 30.0 30.0 30.0 30.0 30.0 30.0 30.0 30.0 0.0
31.7 30.0 30.0 30.0 30.0 30.0 30.0 30.0 30.0 30.0 30.0 0.0
31.8 30.0 30.0 30.0 30.0 30.0 30.0 30.0 30.0 30.0 30.0 0.0
31.9 30.0 30.0 30.0 30.0 30.0 30.0 30.0 30.0 30.0 30.0 0.0
32.0 30.0 30.0 30.0 30.0 30.0 30.0 30.0 30.0 30.0 30.0 0.0
32.1 30.0 30.0 30.0 30.0 30.0 30.0 30.0 30.0 30.0 30.0 0.0
32.2 30.0 30.0 30.0 30.0 30.0 30.0 30.0 30.0 30.0 30.0 0.0
32.3 30.0 30.0 30.0 30.0 30.0 30.0 30.0 30.0 30.0 30.0 0.0
32.4 30.0 30.0 30.0 30.0 30.0 30.0 30.0 30.0 30.0 30.0 0.0
32.5 30.0 30.0 30.0 30.0 30.0 30.0 30.0 30.0 30.0 30.0 0.0
32.6 30.0 30.0 30.0 30.0 30.0 30.0 30.0 30.0 30.0 30.0 0.0
32.7 30.0 30.0 30.0 30.0 30.0 30.0 30.0 30.0 30.0 30.0 0.0
32.8 30.0 30.0 30.0 30.0 30.0 30.0 30.0 30.0 30.0 30.0 0.0
32.9 30.0 30.0 30.0 30.0 30.0 30.0 30.0 30.0 30.0 30.0 0.0
33.0 30.0 30.0 30.0 30.0 30.0 30.0 30.0 30.0 30.0 30.0 0.0
33.1 30.0 30.0 30.0 30.0 30.0 30.0 30.0 30.0 30.0 30.0 0.0
33.2 30.0 30.0 30.0 30.0 30.0 30.0 30.0 30.0 30.0 30.0 0.0
33.3 30.0 30.0 30.0 30.0 30.0 30.0 30.0 30.0 30.0 30.0 0.0
33.4 30.0 30.0 30.0 30.0 30.0 30.0 30.0 30.0 30.0 30.0 0.0
33.5 30.0 30.0 30.0 30.0 30.0 30.0 30.0 30.0 30.0 30.0 0.0
33.6 30.0 30.0 30.0 30.0 30.0 30.0 30.0 30.0 30.0 30.0 0.0
33.7 30.0 30.0 30.0 30.0 30.0 30.0 30.0 30.0 30.0 30.0 0.0
33.8 30.0 30.0 30.0 30.0 30.0 30.0 30.0 30.0 30.0 30.0 0.0
33.9 30.0 30.0 30.0 30.0 30.0 30.0 30.0 30.0 30.0 30.0 0.0
34.0 30.0 30.0 30.0 30.0 30.0 30.0 30.0 30.0 30.0 30.0 0.0
34.1 30.0 30.0 30.0 30.0 30.0 30.0 30.0 30.0 30.0 30.0 0.0
34.2 30.0 30.0 30.0 30.0 30.0 30.0 30.0 30.0 30.0 30.0 0.0
34.3 30.0 30.0 30.0 30.0 30.0 30.0 30.0 30.0 30.0 30.0 0.0
34.4 30.0 30.0 30.0 30.0 30.0 30.0 30.0 30.0 30.0 30.0 0.0
34.5 30.0 30.0 30.0 30.0 30.0 30.0 30.0 30.0 30.0 30.0 0.0
34.6 30.0 30.0 30.0 30.0 30.0 30.0 30.0 30.0 30.0 30.0 0.0
34.7 30.0 30.0 30.0 30.0 30.0 30.0 30.0 30.0 30.0 30.0 0.0
34.8 30.0 30.0 30.0 30.0 30.0 30.0 30.0 30.0 30.0 30.0 0.0
34.9 30.0 30.0 30.0 30.0 30.0 30.0 30.0 30.0 30.0 30.0 0.0
35.0 30.0 30.0 30.0 30.0 30.0 30.0 30.0 30.0 30.0 30.0 0.0
35.1 30.0 30.0 30.0 30.0 30.0 30.0 30.0 30.0 30.0 30.0 0.0
35.2 30.0 30.0 30.0 30.0 30.0 30.0 30.0 30.0 30.0 30.0 0.0
35.3 30.0 30.0 30.0 30.0 30.0 30.0 30.0 30.0 30.0 30.0 0.0
35.4 30.0 30.0 30.0 30.0 30.0 30.0 30.0 30.0 30.0 30.0 0.0
35.5 30.0 30.0 30.0 30.0 30.0 30.0 30.0 30.0 30.0 30.0 0.0
35.6 30.0 30.0 30.0 30.0 30.0 30.0 30.0 30.0 30.0 30.0 0.0
35.7 30.0 30.0 30.0 30.0 30.0 30.0 30.0 30.0 30.0 30.0 0.0
35.8 30.0 30.0 30.0 30.0 30.0 30.0 30.0 30.0 30.0 30.0 0.0
35.9 30.0 30.0 30.0 30.0 30.0 30.0 30.0 30.0 30.0 30.0 0.0
36.0 30.0 30.0 30.0 30.0 30.0 30.0 30.0 30.0 30.0 30.0 0.0
36.1 30.0 30.0 30.0 30.0 30.0 30.0 30.0 30.0 30.0 30.0 0.0
36.2 30.0 30.0 30.0 30.0 30.0 30.0 30.0 30.0 30.0 30.0 0.0
36.3 30.0 30.0 30.0 30.0 30.0 30.0 30.0 30.0 30.0 30.0 0.0
36.4 30.0 30.0 30.0 30.0 30.0 30.0 30.0 30.0 30.0 30.0 0.0
36.5 30.0 30.0 30.0 30.0 30.0 30.0 30.0 30.0 30.0 30.0 0.0
36.6 30.0 30.0 30.0 30.0 30.0 30.0 30.0 30.0 30.0 30.0 0.0
36.7 30.0 30.0 30.0 30.0 30.0 30.0 30.0 30.0 30.0 30.0 0.0
36.8 30.0 30.0 30.0 30.0 30.0 30.0 30.0 30.0 30.0 30.0 0.0
36.9 30.0 30.0 30.0 30.0 30.0 30.0 30.0 30.0 30.0 30.0 0.0
37.0 30.0 30.0 30.0 30.0 30.0 30.0 30.0 30.0 30.0 30.0 0.0
37.1 30.0 30.0 30.0 30.0 30.0 30.0 30.0 30.0 30.0 30.0 0.0
37.2 30.0 30.0 30.0 30.0 30.0 30.0 30.0 30.0 30.0 30.0 0.0
37.3 30.0 30.0 30.0 30.0 30.0 30.0 30.0 30.0 30.0 30.0 0.0
37.4 30.0 30.0 30.0 30.0 30.0 30.0 30.0 30.0 30.0 30.0 0.0
37.5 30.0 30.0 30.0 30.0 30.0 30.0 30.0 30.0 30.0 30.0 0.0
37.6 30.0 30.0 30.0 30.0 30.0 30.0 30.0 30.0 30.0 30.0 0.0
37.7 30.0 30.0 30.0 30.0 30.0 30.0 30.0 30.0 30.0 30.0 0.0
37.8 30.0 30.0 30.0 30.0 30.0 30.0 30.0 30.0 30.0 30.0 0.0
37.9 30.0 30.0 30.0 30.0 30.0 30.0 30.0 30.0 30.0 30.0 0.0
38.0 30.0 30.0 30.0 30.0 30.0 30.0 30.0 30.0 30.0 30.0 0.0
38.1 30.0 30.0 30.0 30.0 30.0 30.0 30.0 30.0 30.0 30.0 0.0
38.2 30.0 30.0 30.0 30.0 30.0 30.0 30.0 30.0 30.0 30.0 0.0
38.3 30.0 30.0 30.0 30.0 30.0 30.0 30.0 30.0 30.0 30.0 0.0
38.4 30.0 30.0 30.0 30.0 30.0 30.0 30.0 30.0 30.0 30.0 0.0
38.5 30.0 30.0 30.0 30.0 30.0 30.0 30.0 30.0 30.0 30.0 0.0
38.6 30.0 30.0 30.0 30.0 30.0 30.0 30.0 30.0 30.0 30.0 0.0
38.7 30.0 30.0 30.0 30.0 30.0 30.0 30.0 30.0 30.0 30.0 0.0
38.8 30.0 30.0 30.0 30.0 30.0 30.0 30.0 30.0 30.0 30.0 0.0
38.9 30.0 30.0 30.0 30.0 30.0 30.0 30.0 30.0 30.0 30.0 0.0
39.0 30.0 30.0 30.0 30.0 30.0 30.0 30.0 30.0 30.0 30.0 0.0
39.1 30.0 30.0 30.0 30.0 30.0 30.0 30.0 30.0 30.0 30.0 0.0
39.2 30.0 30.0 30.0 30.0 30.0 30.0 30.0 30.0 30.0 30.0 0.0
39.3 30.0 30.0 30.0 30.0 30.0 30.0 30.0 30.0 30.0 30.0 0.0
39.4 30.0 30.0 30.0 30.0 30.0 30.0 30.0 30.0 30.0 30.0 0.0
39.5 30.0 30.0 30.0 30.0 30.0 30.0 30.0 30.0 30.0 30.0 0.0
39.6 30.0 30.0 30.0 30.0 30.0 30.0 30.0 30.0 30.0 30.0 0.0
39.7 30.0 30.0 30.0 30.0 30.0 30.0 30.0 30.0 30.0 30.0 0.0
39.8 30.0 30.0 30.0 30.0 30.0 30.0 30.0 30.0 30.0 30.0 0.0
39.9 30.0 30.0 30.0 30.0 30.0 30.0 30.0 30.0 30.0 30.0 0.0
40.0 30.0 30.0 30.0 30.0 30.0 30.0 30.0 30.0 30.0 30.0 0.0
40.1 30.0 30.0 30.0 30.0 30.0 30.0 30.0 30.0 30.0 30.0 0.0
40.2 30.0 30.0 30.0 30.0 30.0 30.0 30.0 30.0 30.0 30.0 0.0
40.3 30.0 30.0 30.0 30.0 30.0 30.0 30.0 30.0 30.0 30.0 0.0
40.4 30.0 30.0 30.0 30.0 30.0 30.0 30.0 30.0 30.0 30.0 0.0
40.5 30.0 30.0 30.0 30.0 30.0 30.0 30.0 30.0 30.0 30.0 0.0
40.6 30.0 30.0 30.0 30.0 30.0 30.0 30.0 30.0 30.0 30.0 0.0
40.7 30.0 30.0 30.0 30.0 30.0 30.0 30.0 30.0 30.0 30.0 0.0
40.8 30.0 30.0 30.0 30.0 30.0 30.0 30.0 30.0 30.0 30.0 0.0
40.9 30.0 30.0 30.0 30.0 30.0 30.0 30.0 30.0 30.0 30.0 0.0
41.0 30.0 30.0 30.0 30.0 30.0 30.0 30.0 30.0 30.0 30.0 0.0
41.1 30.0 30.0 30.0 30.0 30.0 30.0 30.0 30.0 30.0 30.0 0.0
41.2 30.0 30.0 30.0 30.0 30.0 30.0 30.0 30.0 30.0 30.0 0.0
41.3 30.0 30.0 30.0 30.0 30.0 30.0 30.0 30.0 30.0 30.0 0.0
41.4 30.0 30.0 30.0 30.0 30.0 30.0 30.0 30.0 30.0 30.0 0.0
41.5 30.0 30.0 30.0 30.0 30.0 30.0 30.0 30.0 30.0 30.0 0.0
41.6 30.0 30.0 30.0 30.0 30.0 30.0 30.0 30.0 30.0 30.0 0.0
41.7 30.0 30.0 30.0 30.0 30.0 30.0 30.0 30.0 30.0 30.0 0.0
41.8 30.0 30.0 30.0 30.0 30.0 30.0 30.0 30.0 30.0 30.0 0.0
41.9 30.0 30.0 30.0 30.0 30.0 30.0 30.0 30.0 30.0 30.0 0.0
42.0 30.0 30.0 30.0 30.0 30.0 30.0 30.0 30.0 30.0 30.0 0.0
42.1 30.0 30.0 30.0 30.0 30.0 30.0 30.0 30.0 30.0 30.0 0.0
42.2 30.0 30.0 30.0 30.0 30.0 30.0 30.0 30.0 30.0 30.0 0.0
42.3 30.0 30.0 30.0 30.0 30.0 30.0 30.0 30.0 30.0 30.0 0.0
42.4 30.0 30.0 30.0 30.0 30.0 30.0 30.0 30.0 30.0 30.0 0.0
42.5 30.0 30.0 30.0 30.0 30.0 30.0 30.0 30.0 30.0 30.0 0.0
42.6 30.0 30.0 30.0 30.0 30.0 30.0 30.0 30.0 30.0 30.0 0.0
42.7 30.0 30.0 30.0 30.0 30.0 30.0 30.0 30.0 30.0 30.0 0.0
42.8 30.0 30.0 30.0 30.0 30.0 30.0 30.0 30.0 30.0 30.0 0.0
42.9 30.0 30.0 30.0 30.0 30.0 30.0 30.0 30.0 30.0 30.0 0.0
43.0 30.0 30.0 30.0 30.0 30.0 30.0 30.0 30.0 30.0 30.0 0.0
43.1 30.0 30.0 30.0 30.0 30.0 30.0 30.0 30.0 30.0 30.0 0.0
43.2 30.0 30.0 30.0 30.0 30.0 30.0 30.0 30.0 30.0 30.0 0.0
43.3 30.0 30.0 30.0 30.0 30.0 30.0 30.0 30.0 30.0 30.0 0.0
43.4 30.0 30.0 30.0 30.0 30.0 30.0 30.0 30.0 30.0 30.0 0.0
43.5 30.0 30.0 30.0 30.0 30.0 30.0 30.0 30.0 30.0 30.0 0.0
43.6 30.0 30.0 30.0 30.0 30.0 30.0 30.0 30.0 30.0 30.0 0.0
43.7 30.0 30.0 30.0 30.0 30.0 30.0 30.0 30.0 30.0 30.0 0.0
43.8 30.0 30.0 30.0 30.0 30.0 30.0 30.0 30.0 30.0 30.0 0.0
43.9 30.0 30.0 30.0 30.0 30.0 30.0 30.0 30.0 30.0 30.0 0.0
44.0 30.0 30.0 30.0 30.0 30.0 30.0 30.0 30.0 30.0 30.0 0.0
44.1 30.0 30.0 30.0 30.0 30.0 30.0 30.0 30.0 30.0 30.0 0.0
44.2 30.0 30.0 30.0 30.0 30.0 30.0 30.0 30.0 30.0 30.0 0.0
44.3 30.0 30.0 30.0 30.0 30.0 30.0 30.0 30.0 30.0 30.0 0.0
44.4 30.0 30.0 30.0 30.0 30.0 30.0 30.0 30.0 30.0 30.0 0.0
44.5 30.0 30.0 30.0 30.0 30.0 30.0 30.0 30.0 30.0 30.0 0.0
44.6 30.0 30.0 30.0 30.0 30.0 30.0 30.0 30.0 30.0 30.0 0.0
44.7 30.0 30.0 30.0 30.0 30.0 30.0 30.0 30.0 30.0 30.0 0.0
44.8 30.0 30.0 30.0 30.0 30.0 30.0 30.0 30.0 30.0 30.0 0.0
44.9 30.0 30.0 30.0 30.0 30.0 30.0 30.0 30.0 30.0 30.0 0.0
45.0 30.0 30.0 30.0 30.0 30.0 30.0 30.0 30.0 30.0 30.0 0.0
45.1 30.0 30.0 30.0 30.0 30.0 30.0 30.0 30.0 30.0 30.0 0.0
45.2 30.0 30.0 30.0 30.0 30.0 30.0 30.0 30.0 30.0 30.0 0.0
45.3 30.0 30.0 30.0 30.0 30.0 30.0 30.0 30.0 30.0 30.0 0.0
45.4 30.0 30.0 30.0 30.0 30.0 30.0 30.0 30.0 30.0 30.0 0.0
45.5 30.0 30.0 30.0 30.0 30.0 30.0 30.0 30.0 30.0 30.0 0.0
45.6 30.0 30.0 30.0 30.0 30.0 30.0 30.0 30.0 30.0 30.0 0.0
45.7 30.0 30.0 30.0 30.0 30.0 30.0 30.0 30.0 30.0 30.0 0.0
45.8 30.0 30.0 30.0 30.0 30.0 30.0 30.0 30.0 30.0 30.0 0.0
45.9 30.0 30.0 30.0 30.0 30.0 30.0 30.0 30.0 30.0 30.0 0.0
46.0 30.0 30.0 30.0 30.0 30.0 30.0 30.0 30.0 30.0 30.0 0.0
46.1 30.0 30.0 30.0 30.0 30.0 30.0 30.0 30.0 30.0 30.0 0.0
46.2 30.0 30.0 30.0 30.0 30.0 30.0 30.0 30.0 30.0 30.0 0.0
46.3 30.0 30.0 30.0 30.0 30.0 30.0 30.0 30.0 30.0 30.0 0.0
46.4 30.0 30.0 30.0 30.0 30.0 30.0 30.0 30.0 30.0 30.0 0.0
46.5 30.0 30.0 30.0 30.0 30.0 30.0 30.0 30.0 30.0 30.0 0.0
46.6 30.0 30.0 30.0 30.0 30.0 30.0 30.0 30.0 30.0 30.0 0.0
46.7 30.0 30.0 30.0 30.0 30.0 30.0 30.0 30.0 30.0 30.0 0.0
46.8 30.0 30.0 30.0 30.0 30.0 30.0 30.0 30.0 30.0 30.0 0.0
46.9 30.0 30.0 30.0 30.0 30.0 30.0 30.0 30.0 30.0 30.0 0.0
47.0 30.0 30.0 30.0 30.0 30.0 30.0 30.0 30.0 30.0 30.0 0.0
47.1 30.0 30.0 30.0 30.0 30.0 30.0 30.0 30.0 30.0 30.0 0.0
47.2 30.0 30.0 30.0 30.0 30.0 30.0 30.0 30.0 30.0 30.0 0.0
47.3 30.0 30.0 30.0 30.0 30.0 30.0 30.0 30.0 30.0 30.0 0.0
47.4 30.0 30.0 30.0 30.0 30.0 30.0 30.0 30.0 30.0 30.0 0.0
47.5 30.0 30.0 30.0 30.0 30.0 30.0 30.0 30.0 30.0 30.0 0.0
47.6 30.0 30.0 30.0 30.0 30.0 30.0 30.0 30.0 30.0 30.0 0.0
47.7 30.0 30.0 30.0 30.0 30.0 30.0 30.0 30.0 30.0 30.0 0.0
47.8 30.0 30.0 30.0 30.0 30.0 30.0 30.0 30.0 30.0 30.0 0.0
47.9 30.0 30.0 30.0 30.0 30.0 30.0 30.0 30.0 30.0 30.0 0.0
48.0 30.0 30.0 30.0 30.0 30.0 30.0 30.0 30.0 30.0 30.0 0.0
48.1 30.0 30.0 30.0 30.0 30.0 30.0 30.0 30.0 30.0 30.0 0.0
48.2 30.0 30.0 30.0 30.0 30.0 30.0 30.0 30.0 30.0 30.0 0.0
48.3 30.0 30.0 30.0 30.0 30.0 30.0 30.0 30.0 30.0 30.0 0.0
48.4 30.0 30.0 30.0 30.0 30.0 30.0 30.0 30.0 30.0 30.0 0.0
48.5 30.0 30.0 30.0 30.0 30.0 30.0 30.0 30.0 30.0 30.0 0.0
48.6 30.0 30.0 30.0 30.0 30.0 30.0 30.0 30.0 30.0 30.0 0.0
48.7 30.0 30.0 30.0 30.0 30.0 30.0 30.0 30.0 30.0 30.0 0.0
48.8 30.0 30.0 30.0 30.0 30.0 30.0 30.0 30.0 30.0 30.0 0.0
48.9 30.0 30.0 30.0 30.0 30.0 30.0 30.0 30.0 30.0 30.0 0.0
49.0 30.0 30.0 30.0 30.0 30.0 30.0 30.0 30.0 30.0 30.0 0.0
49.1 30.0 30.0 30.0 30.0 30.0 30.0 30.0 30.0 30.0 30.0 0.0
49.2 30.0 30.0 30.0 30.0 30.0 30.0 30.0 30.0 30.0 30.0 0.0
49.3 30.0 30.0 30.0 30.0 30.0 30.0 30.0 30.0 30.0 30.0 0.0
49.4 30.0 30.0 30.0 30.0 30.0 30.0 30.0 30.0 30.0 30.0 0.0
49.5 30.0 30.0 30.0 30.0 30.0 30.0 30.0 30.0 30.0 30.0 0.0
49.6 30.0 30.0 30.0 30.0 30.0 30.0 30.0 30.0 30.0 30.0 0.0
49.7 30.0 30.0 30.0 30.0 30.0 30.0 30.0 30.0 30.0 30.0 0.0
49.8 30.0 30.0 30.0 30.0 30.0 30.0 30.0 30.0 30.0 30.0 0.0
49.9 30.0 30.0 30.0 30.0 30.0 30.0 30.0 30.0 30.0 30.0 0.0
50.0 30.0 30.0 30.0 30.0 30.0 30.0 30.0 30.0 30.0 30.0 0.0
50.1 30.0 30.0 30.0 30.0 30.0 30.0 30.0 30.0 30.0 30.0 0.0
50.2 30.0 30.0 30.0 30.0 30.0 30.0 30.0 30.0 30.0 30.0 0.0
50.3 30.0 30.0 30.0 30.0 30.0 30.0 30.0 30.0 30.0 30.0 0.0
50.4 30.0 30.0 30.0 30.0 30.0 30.0 30.0 30.0 30.0 30.0 0.0
50.5 30.0 30.0 30.0 30.0 30.0 30.0 30.0 30.0 30.0 30.0 0.0
50.6 30.0 30.0 30.0 30.0 30.0 30.0 30.0 30.0 30.0 30.0 0.0
50.7 30.0 30.0 30.0 30.0 30.0 30.0 30.0 30.0 30.0 30.0 0.0
50.8 30.0 30.0 30.0 30.0 30.0 30.0 30.0 30.0 30.0 30.0 0.0
50.9 30.0 30.0 30.0 30.0 30.0 30.0 30.0 30.0 30.0 30.0 0.0
51.0 30.0 30.0 30.0 30.0 30.0 30.0 30.0 30.0 30.0 30.0 0.0
51.1 30.0 30.0 30.0 30.0 30.0 30.0 30.0 30.0 30.0 30.0 0.0
51.2 30.0 30.0 30.0 30.0 30.0 30.0 30.0 30.0 30.0 30.0 0.0
51.3 30.0 30.0 30.0 30.0 30.0 30.0 30.0 30.0 30.0 30.0 0.0
51.4 30.0 30.0 30.0 30.0 30.0 30.0 30.0 30.0 30.0 30.0 0.0
51.5 30.0 30.0 30.0 30.0 30.0 30.0 30.0 30.0 30.0 30.0 0.0
51.6 30.0 30.0 30.0 30.0 30.0 30.0 30.0 30.0 30.0 30.0 0.0
51.7 30.0 30.0 30.0 30.0 30.0 30.0 30.0 30.0 30.0 30.0 0.0
51.8 30.0 30.0 30.0 30.0 30.0 30.0 30.0 30.0 30.0 30.0 0.0
51.9 30.0 30.0 30.0 30.0 30.0 30.0 30.0 30.0 30.0 30.0 0.0
52.0 30.0 30.0 30.0 30.0 30.0 30.0 30.0 30.0 30.0 30.0 0.0
52.1 30.0 30.0 30.0 30.0 30.0 30.0 30.0 30.0 30.0 30.0 0.0
52.2 30.0 30.0 30.0 30.0 30.0 30.0 30.0 30.0 30.0 30.0 0.0
52.3 30.0 30.0 30.0 30.0 30.0 30.0 30.0 30.0 30.0 30.0 0.0
52.4 30.0 30.0 30.0 30.0 30.0 30.0 30.0 30.0 30.0 30.0 0.0
52.5 30.0 30.0 30.0 30.0 30.0 30.0 30.0 30.0 30.0 30.0 0.0
52.6 30.0 30.0 30.0 30.0 30.0 30.0 30.0 30.0 30.0 30.0 0.0
52.7 30.0 30.0 30.0 30.0 30.0 30.0 30.0 30.0 30.0 30.0 0.0
52.8 30.0 30.0 30.0 30.0 30.0 30.0 30.0 30.0 30.0 30.0 0.0
52.9 30.0 30.0 30.0 30.0 30.0 30.0 30.0 30.0 30.0 30.0 0.0
53.0 30.0 30.0 30.0 30.0 30.0 30.0 30.0 30.0 30.0 30.0 0.0
53.1 30.0 30.0 30.0 30.0 30.0 30.0 30.0 30.0 30.0 30.0 0.0
53.2 30.0 30.0 30.0 30.0 30.0 30.0 30.0 30.0 30.0 30.0 0.0
53.3 30.0 30.0 30.0 30.0 30.0 30.0 30.0 30.0 30.0 30.0 0.0
53.4 30.0 30.0 30.0 30.0 30.0 30.0 30.0 30.0 30.0 30.0 0.0
53.5 30.0 30.0 30.0 30.0 30.0 30.0 30.0 30.0 30.0 30.0 0.0
53.6 30.0 30.0 30.0 30.0 30.0 30.0 30.0 30.0 30.0 30.0 0.0
53.7 30.0 30.0 30.0 30.0 30.0 30.0 30.0 30.0 30.0 30.0 0.0
53.8 30.0 30.0 30.0 30.0 30.0 30.0 30.0 30.0 30.0 30.0 0.0
53.9 30.0 30.0 30.0 30.0 30.0 30.0 30.0 30.0 30.0 30.0 0.0
54.0 30.0 30.0 30.0 30.0 30.0 30.0 30.0 30.0 30.0 30.0 0.0
54.1 30.0 30.0 30.0 30.0 30.0 30.0 30.0 30.0 30.0 30.0 0.0
54.2 30.0 30.0 30.0 30.0 30.0 30.0 30.0 30.0 30.0 30.0 0.0
54.3 30.0 30.0 30.0 30.0 30.0 30.0 30.0 30.0 30.0 30.0 0.0
54.4 30.0 30.0 30.0 30.0 30.0 30.0 30.0 30.0 30.0 30.0 0.0
54.5 30.0 30.0 30.0 30.0 30.0 30.0 30.0 30.0 30.0 30.0 0.0
54.6 30.0 30.0 30.0 30.0 30.0 30.0 30.0 30.0 30.0 30.0 0.0
54.7 30.0 30.0 30.0 30.0 30.0 30.0 30.0 30.0 30.0 30.0 0.0
54.8 30.0 30.0 30.0 30.0 30.0 30.0 30.0 30.0 30.0 30.0 0.0
54.9 30.0 30.0 30.0 30.0 30.0 30.0 30.0 30.0 30.0 30.0 0.0
55.0 30.0 30.0 30.0 30.0 30.0 30.0 30.0 30.0 30.0 30.0 0.0
55.1 30.0 30.0 30.0 30.0 30.0 30.0 30.0 30.0 30.0 30.0 0.0
55.2 30.0 30.0 30.0 30.0 30.0 30.0 30.0 30.0 30.0 30.0 0.0
55.3 30.0 30.0 30.0 30.0 30.0 30.0 30.0 30.0 30.0 30.0 0.0
55.4 30.0 30.0 30.0 30.0 30.0 30.0 30.0 30.0 30.0 30.0 0.0
55.5 30.0 30.0 30.0 30.0 30.0 30.0 30.0 30.0 30.0 30.0 0.0
55.6 30.0 30.0 30.0 30.0 30.0 30.0 30.0 30.0 30.0 30.0 0.0
55.7 30.0 30.0 30.0 30.0 30.0 30.0 30.0 30.0 30.0 30.0 0.0
55.8 30.0 30.0 30.0 30.0 30.0 30.0 30.0 30.0 30.0 30.0 0.0
55.9 30.0 30.0 30.0 30.0 30.0 30.0 30.0 30.0 30.0 30.0 0.0
56.0 30.0 30.0 30.0 30.0 30.0 30.0 30.0 30.0 30.0 30.0 0.0
56.1 30.0 30.0 30.0 30.0 30.0 30.0 30.0 30.0 30.0 30.0 0.0
56.2 30.0 30.0 30.0 30.0 30.0 30.0 30.0 30.0 30.0 30.0 0.0
56.3 30.0 30.0 30.0 30.0 30.0 30.0 30.0 30.0 30.0 30.0 0.0
56.4 30.0 30.0 30.0 30.0 30.0 30.0 30.0 30.0 30.0 30.0 0.0
56.5 30.0 30.0 30.0 30.0 30.0 30.0 30.0 30.0 30.0 30.0 0.0
56.6 30.0 30.0 30.0 30.0 30.0 30.0 30.0 30.0 30.0 30.0 0.0
56.7 30.0 30.0 30.0 30.0 30.0 30.0 30.0 30.0 30.0 30.0 0.0
56.8 30.0 30.0 30.0 30.0 30.0 30.0 30.0 30.0 30.0 30.0 0.0
56.9 30.0 30.0 30.0 30.0 30.0 30.0 30.0 30.0 30.0 30.0 0.0
57.0 30.0 30.0 30.0 30.0 30.0 30.0 30.0 30.0 30.0 30.0 0.0
57.1 30.0 30.0 30.0 30.0 30.0 30.0 30.0 30.0 30.0 30.0 0.0
57.2 30.0 30.0 30.0 30.0 30.0 30.0 30.0 30.0 30.0 30.0 0.0
57.3 30.0 30.0 30.0 30.0 30.0 30.0 30.0 30.0 30.0 30.0 0.0
57.4 30.0 30.0 30.0 30.0 30.0 30.0 30.0 30.0 30.0 30.0 0.0
57.5 30.0 30.0 30.0 30.0 30.0 30.0 30.0 30.0 30.0 30.0 0.0
57.6 30.0 30.0 30.0 30.0 30.0 30.0 30.0 30.0 30.0 30.0 0.0
57.7 30.0 30.0 30.0 30.0 30.0 30.0 30.0 30.0 30.0 30.0 0.0
57.8 30.0 30.0 30.0 30.0 30.0 30.0 30.0 30.0 30.0 30.0 0.0
57.9 30.0 30.0 30.0 30.0 30.0 30.0 30.0 30.0 30.0 30.0 0.0
58.0 30.0 30.0 30.0 30.0 30.0 30.0 30.0 30.0 30.0 30.0 0.0
58.1 30.0 30.0 30.0 30.0 30.0 30.0 30.0 30.0 30.0 30.0 0.0
58.2 30.0 30.0 30.0 30.0 30.0 30.0 30.0 30.0 30.0 30.0 0.0
58.3 30.0 30.0 30.0 30.0 30.0 30.0 30.0 30.0 30.0 30.0 0.0
58.4 30.0 30.0 30.0 30.0 30.0 30.0 30.0 30.0 30.0 30.0 0.0
58.5 30.0 30.0 30.0 30.0 30.0 30.0 30.0 30.0 30.0 30.0 0.0
58.6 30.0 30.0 30.0 30.0 30.0 30.0 30.0 30.0 30.0 30.0 0.0
58.7 30.0 30.0 30.0 30.0 30.0 30.0 30.0 30.0 30.0 30.0 0.0
58.8 30.0 30.0 30.0 30.0 30.0 30.0 30.0 30.0 30.0 30.0 0.0
58.9 30.0 30.0 30.0 30.0 30.0 30.0 30.0 30.0 30.0 30.0 0.0
59.0 30.0 30.0 30.0 30.0 30.0 30.0 30.0 30.0 30.0 30.0 0.0
59.1 30.0 30.0 30.0 30.0 30.0 30.0 30.0 30.0 30.0 30.0 0.0
59.2 30.0 30.0 30.0 30.0 30.0 30.0 30.0 30.0 30.0 30.0 0.0
59.3 30.0 30.0 30.0 30.0 30.0 30.0 30.0 30.0 30.0 30.0 0.0
59.4 30.0 30.0 30.0 30.0 30.0 30.0 30.0 30.0 30.0 30.0 0.0
59.5 30.0 30.0 30.0 30.0 30.0 30.0 30.0 30.0 30.0 30.0 0.0
59.6 30.0 30.0 30.0 30.0 30.0 30.0 30.0 30.0 30.0 30.0 0.0
59.7 30.0 30.0 30.0 30.0 30.0 30.0 30.0 30.0 30.0 30.0 0.0
59.8 30.0 30.0 30.0 30.0 30.0 30.0 30.0 30.0 30.0 30.0 0.0
59.9 30.0 30.0 30.0 30.0 30.0 30.0 30.0 30.0 30.0 30.0 0.0
60.0 30.0 30.0 30.0 30.0 30.0 30.0 30.0 30.0 30.0 30.0 0.0
60.1 30.0 30.0 30.0 30.0 30.0 30.0 30.0 30.0 30.0 30.0 0.0
60.2 30.0 30.0 30.0 30.0 30.0 30.0 30.0 30.0 30.0 30.0 0.0
60.3 30.0 30.0 30.0 30.0 30.0 30.0 30.0 30.0 30.0 30.0 0.0
60.4 30.0 30.0 30.0 30.0 30.0 30.0 30.0 30.0 30.0 30.0 0.0
60.5 30.0 30.0 30.0 30.0 30.0 30.0 30.0 30.0 30.0 30.0 0.0
60.6 30.0 30.0 30.0 30.0 30.0 30.0 30.0 30.0 30.0 30.0 0.0
60.7 30.0 30.0 30.0 30.0 30.0 30.0 30.0 30.0 30.0 30.0 0.0
60.8 30.0 30.0 30.0 30.0 30.0 30.0 30.0 30.0 30.0 30.0 0.0
60.9 30.0 30.0 30.0 30.0 30.0 30.0 30.0 30.0 30.0 30.0 0.0
61.0 30.0 30.0 30.0 30.0 30.0 30.0 30.0 30.0 30.0 30.0 0.0
61.1 30.0 30.0 30.0 30.0 30.0 30.0 30.0 30.0 30.0 30.0 0.0
61.2 30.0 30.0 30.0 30.0 30.0 30.0 30.0 30.0 30.0 30.0 0.0
61.3 30.0 30.0 30.0 30.0 30.0 30.0 30.0 30.0 30.0 30.0 0.0
61.4 30.0 30.0 30.0 30.0 30.0 30.0 30.0 30.0 30.0 30.0 0.0
61.5 30.0 30.0 30.0 30.0 30.0 30.0 30.0 30.0 30.0 30.0 0.0
61.6 30.0 30.0 30.0 30.0 30.0 30.0 30.0 30.0 30.0 30.0 0.0
61.7 30.0 30.0 30.0 30.0 30.0 30.0 30.0 30.0 30.0 30.0 0.0
61.8 30.0 30.0 30.0 30.0 30.0 30.0 30.0 30.0 30.0 30.0 0.0
61.9 30.0 30.0 30.0 30.0 30.0 30.0 30.0 30.0 30.0 30.0 0.0
62.0 30.0 30.0 30.0 30.0 30.0 30.0 30.0 30.0 30.0 30.0 0.0
62.1 30.0 30.0 30.0 30.0 30.0 30.0 30.0 30.0 30.0 30.0 0.0
62.2 30.0 30.0 30.0 30.0 30.0 30.0 30.0 30.0 30.0 30.0 0.0
62.3 30.0 30.0 30.0 30.0 30.0 30.0 30.0 30.0 30.0 30.0 0.0
62.4 30.0 30.0 30.0 30.0 30.0 30.0 30.0 30.0 30.0 30.0 0.0
62.5 30.0 30.0 30.0 30.0 30.0 30.0 30.0 30.0 30.0 30.0 0.0
62.6 30.0 30.0 30.0 30.0 30.0 30.0 30.0 30.0 30.0 30.0 0.0
62.7 30.0 30.0 30.0 30.0 30.0 30.0 30.0 30.0 30.0 30.0 0.0
62.8 30.0 30.0 30.0 30.0 30.0 30.0 30.0 30.0 30.0 30.0 0.0
62.9 30.0 30.0 30.0 30.0 30.0 30.0 30.0 30.0 30.0 30.0 0.0
63.0 30.0 30.0 30.0 30.0 30.0 30.0 30.0 30.0 30.0 30.0 0.0
63.1 30.0 30.0 30.0 30.0 30.0 30.0 30.0 30.0 30.0 30.0 0.0
63.2 30.0 30.0 30.0 30.0 30.0 30.0 30.0 30.0 30.0 30.0 0.0
63.3 30.0 30.0 30.0 30.0 30.0 30.0 30.0 30.0 30.0 30.0 0.0
63.4 30.0 30.0 30.0 30.0 30.0 30.0 30.0 30.0 30.0 30.0 0.0
63.5 30.0 30.0 30.0 30.0 30.0 30.0 30.0 30.0 30.0 30.0 0.0
63.6 30.0 30.0 30.0 30.0 30.0 30.0 30.0 30.0 30.0 30.0 0.0
63.7 30.0 30.0 30.0 30.0 30.0 30.0 30.0 30.0 30.0 30.0 0.0
63.8 30.0 30.0 30.0 30.0 30.0 30.0 30.0 30.0 30.0 30.0 0.0
63.9 30.0 30.0 30.0 30.0 30.0 30.0 30.0 30.0 30.0 30.0 0.0
64.0 30.0 30.0 30.0 30.0 30.0 30.0 30.0 30.0 30.0 30.0 0.0
64.1 30.0 30.0 30.0 30.0 30.0 30.0 30.0 30.0 30.0 30.0 0.0
64.2 30.0 30.0 30.0 30.0 30.0 30.0 30.0 30.0 30.0 30.0 0.0
64.3 30.0 30.0 30.0 30.0 30.0 30.0 30.0 30.0 30.0 30.0 0.0
64.4 30.0 30.0 30.0 30.0 30.0 30.0 30.0 30.0 30.0 30.0 0.0
64.5 30.0 30.0 30.0 30.0 30.0 30.0 30.0 30.0 30.0 30.0 0.0
64.6 30.0 30.0 30.0 30.0 30.0 30.0 30.0 30.0 30.0 30.0 0.0
64.7 30.0 30.0 30.0 30.0 30.0 30.0 30.0 30.0 30.0 30.0 0.0
64.8 30.0 30.0 30.0 30.0 30.0 30.0 30.0 30.0 30.0 30.0 0.0
64.9 30.0 30.0 30.0 30.0 30.0 30.0 30.0 30.0 30.0 30.0 0.0
65.0 30.0 30.0 30.0 30.0 30.0 30.0 30.0 30.0 30.0 30.0 0.0
65.1 30.0 30.0 30.0 30.0 30.0 30.0 30.0 30.0 30.0 30.0 0.0
65.2 30.0 30.0 30.0 30.0 30.0 30.0 30.0 30.0 30.0 30.0 0.0
65.3 30.0 30.0 30.0 30.0 30.0 30.0 30.0 30.0 30.0 30.0 0.0
65.4 30.0 30.0 30.0 30.0 30.0 30.0 30.0 30.0 30.0 30.0 0.0
65.5 30.0 30.0 30.0 30.0 30.0 30.0 30.0 30.0 30.0 30.0 0.0
65.6 30.0 30.0 30.0 30.0 30.0 30.0 30.0 30.0 30.0 30.0 0.0
65.7 30.0 30.0 30.0 30.0 30.0 30.0 30.0 30.0 30.0 30.0 0.0
65.8 30.0 30.0 30.0 30.0 30.0 30.0 30.0 30.0 30.0 30.0 0.0
65.9 30.0 30.0 30.0 30.0 30.0 30.0 30.0 30.0 30.0 30.0 0.0
66.0 30.0 30.0 30.0 30.0 30.0 30.0 30.0 30.0 30.0 30.0 0.0
66.1 30.0 30.0 30.0 30.0 30.0 30.0 30.0 30.0 30.0 30.0 0.0
66.2 30.0 30.0 30.0 30.0 30.0 30.0 30.0 30.0 30.0 30.0 0.0
66.3 30.0 30.0 30.0 30.0 30.0 30.0 30.0 30.0 30.0 30.0 0.0
66.4 30.0 30.0 30.0 30.0 30.0 30.0 30.0 30.0 30.0 30.0 0.0
66.5 30.0 30.0 30.0 30.0 30.0 30.0 30.0 30.0 30.0 30.0 0.0
66.6 30.0 30.0 30.0 30.0 30.0 30.0 30.0 30.0 30.0 30.0 0.0
66.7 30.0 30.0 30.0 30.0 30.0 30.0 30.0 30.0 30.0 30.0 0.0
66.8 30.0 30.0 30.0 30.0 30.0 30.0 30.0 30.0 30.0 30.0 0.0
66.9 30.0 30.0 30.0 30.0 30.0 30.0 30.0 30.0 30.0 30.0 0.0
67.0 30.0 30.0 30.0 30.0 30.0 30.0 30.0 30.0 30.0 30.0 0.0
67.1 30.0 30.0 30.0 30.0 30.0 30.0 30.0 30.0 30.0 30.0 0.0
67.2 30.0 30.0 30.0 30.0 30.0 30.0 30.0 30.0 30.0 30.0 0.0
67.3 30.0 30.0 30.0 30.0 30.0 30.0 30.0 30.0 30.0 30.0 0.0
67.4 30.0 30.0 30.0 30.0 30.0 30.0 30.0 30.0 30.0 30.0 0.0
67.5 30.0 30.0 30.0 30.0 30.0 30.0 30.0 30.0 30.0 30.0 0.0
67.6 30.0 30.0 30.0 30.0 30.0 30.0 30.0 30.0 30.0 30.0 0.0
67.7 30.0 30.0 30.0 30.0 30.0 30.0 30.0 30.0 30.0 30.0 0.0
67.8 30.0 30.0 30.0 30.0 30.0 30.0 30.0 30.0 30.0 30.0 0.0
67.9 30.0 30.0 30.0 30.0 30.0 30.0 30.0 30.0 30.0 30.0 0.0
68.0 30.0 30.0 30.0 30.0 30.0 30.0 30.0 30.0 30.0 30.0 0.0
68.1 30.0 30.0 30.0 30.0 30.0 30.0 30.0 30.0 30.0 30.0 0.0
68.2 30.0 30.0 30.0 30.0 30.0 30.0 30.0 30.0 30.0 30.0 0.0
68.3 30.0 30.0 30.0 30.0 30.0 30.0 30.0 30.0 30.0 30.0 0.0
68.4 30.0 30.0 30.0 30.0 30.0 30.0 30.0 30.0 30.0 30.0 0.0
68.5 30.0 30.0 30.0 30.0 30.0 30.0 30.0 30.0 30.0 30.0 0.0
68.6 30.0 30.0 30.0 30.0 30.0 30.0 30.0 30.0 30.0 30.0 0.0
68.7 30.0 30.0 30.0 30.0 30.0 30.0 30.0 30.0 30.0 30.0 0.0
68.8 30.0 30.0 30.0 30.0 30.0 30.0 30.0 30.0 30.0 30.0 0.0
68.9 30.0 30.0 30.0 30.0 30.0 30.0 30.0 30.0 30.0 30.0 0.0
69.0 30.0 30.0 30.0 30.0 30.0 30.0 30.0 30.0 30.0 30.0 0.0
69.1 30.0 30.0 30.0 30.0 30.0 30.0 30.0 30.0 30.0 30.0 0.0
69.2 30.0 30.0 30.0 30.0 30.0 30.0 30.0 30.0 30.0 30.0 0.0
69.3 30.0 30.0 30.0 30.0 30.0 30.0 30.0 30.0 30.0 30.0 0.0
69.4 30.0 30.0 30.0 30.0 30.0 30.0 30.0 30.0 30.0 30.0 0.0
69.5 30.0 30.0 30.0 30.0 30.0 30.0 30.0 30.0 30.0 30.0 0.0
69.6 30.0 30.0 30.0 30.0 30.0 30.0 30.0 30.0 30.0 30.0 0.0
69.7 30.0 30.0 30.0 30.0 30.0 30.0 30.0 30.0 30.0 30.0 0.0
69.8 30.0 30.0 30.0 30.0 30.0 30.0 30.0 30.0 30.0 30.0 0.0
69.9 30.0 30.0 30.0 30.0 30.0 30.0 30.0 30.0 30.0 30.0 0.0
70.0 30.0 30.0 30.0 30.0 30.0 30.0 30.0 30.0 30.0 30.0 0.0
70.1 30.0 30.0 30.0 30.0 30.0 30.0 30.0 30.0 30.0 30.0 0.0
70.2 30.0 30.0 30.0 30.0 30.0 30.0 30.0 30.0 30.0 30.0 0.0
70.3 30.0 30.0 30.0 30.0 30.0 30.0 30.0 30.0 30.0 30.0 0.0
70.4 30.0 30.0 30.0 30.0 30.0 30.0 30.0 30.0 30.0 30.0 0.0
70.5 30.0 30.0 30.0 30.0 30.0 30.0 30.0 30.0 30.0 30.0 0.0
70.6 30.0 30.0 30.0 30.0 30.0 30.0 30.0 30.0 30.0 30.0 0.0
70.7 30.0 30.0 30.0 30.0 30.0 30.0 30.0 30.0 30.0 30.0 0.0
70.8 30.0 30.0 30.0 30.0 30.0 30.0 30.0 30.0 30.0 30.0 0.0
70.9 30.0 30.0 30.0 30.0 30.0 30.0 30.0 30.0 30.0 30.0 0.0
71.0 30.0 30.0 30.0 30.0 30.0 30.0 30.0 30.0 30.0 30.0 0.0
71.1 30.0 30.0 30.0 30.0 30.0 30.0 30.0 30.0 30.0 30.0 0.0
71.2 30.0 30.0 30.0 30.0 30.0 30.0 30.0 30.0 30.0 30.0 0.0
71.3 30.0 30.0 30.0 30.0 30.0 30.0 30.0 30.0 30.0 30.0 0.0
71.4 30.0 30.0 30.0 30.0 30.0 30.0 30.0 30.0 30.0 30.0 0.0
71.5 30.0 30.0 30.0 30.0 30.0 30.0 30.0 30.0 30.0 30.0 0.0
71.6 30.0 30.0 30.0 30.0 30.0 30.0 30.0 30.0 30.0 30.0 0.0
71.7 30.0 30.0 30.0 30.0 30.0 30.0 30.0 30.0 30.0 30.0 0.0
71.8 30.0 30.0 30.0 30.0 30.0 30.0 30.0 30.0 30.0 30.0 0.0
71.9 30.0 30.0 30.0 30.0 30.0 30.0 30.0 30.0 30.0 30.0 0.0
72.0 30.0 30.0 30.0 30.0 30.0 30.0 30.0 30.0 30.0 30.0 0.0
72.1 30.0 30.0 30.0 30.0 30.0 30.0 30.0 30.0 30.0 30.0 0.0
72.2 30.0 30.0 30.0 30.0 30.0 30.0 30.0 30.0 30.0 30.0 0.0
72.3 30.0 30.0 30.0 30.0 30.0 30.0 30.0 30.0 30.0 30.0 0.0
72.4 30.0 30.0 30.0 30.0 30.0 30.0 30.0 30.0 30.0 30.0 0.0
72.5 30.0 30.0 30.0 30.0 30.0 30.0 30.0 30.0 30.0 30.0 0.0
72.6 30.0 30.0 30.0 30.0 30.0 30.0 30.0 30.0 30.0 30.0 0.0
72.7 30.0 30.0 30.0 30.0 30.0 30.0 30.0 30.0 30.0 30.0 0.0
72.8 30.0 30.0 30.0 30.0 30.0 30.0 30.0 30.0 30.0 30.0 0.0
72.9 30.0 30.0 30.0 30.0 30.0 30.0 30.0 30.0 30.0 30.0 0.0
73.0 30.0 30.0 30.0 30.0 30.0 30.0 30.0 30.0 30.0 30.0 0.0
73.1 30.0 30.0 30.0 30.0 30.0 30.0 30.0 30.0 30.0 30.0 0.0
73.2 30.0 30.0 30.0 30.0 30.0 30.0 30.0 30.0 30.0 30.0 0.0
73.3 30.0 30.0 30.0 30.0 30.0 30.0 30.0 30.0 30.0 30.0 0.0
73.4 30.0 30.0 30.0 30.0 30.0 30.0 30.0 30.0 30.0 30.0 0.0
73.5 30.0 30.0 30.0 30.0 30.0 30.0 30.0 30.0 30.0 30.0 0.0
73.6 30.0 30.0 30.0 30.0 30.0 30.0 30.0 30.0 30.0 30.0 0.0
73.7 30.0 30.0 30.0 30.0 30.0 30.0 30.0 30.0 30.0 30.0 0.0
73.8 30.0 30.0 30.0 30.0 30.0 30.0 30.0 30.0 30.0 30.0 0.0
73.9 30.0 30.0 30.0 30.0 30.0 30.0 30.0 30.0 30.0 30.0 0.0
74.0 30.0 30.0 30.0 30.0 30.0 30.0 30.0 30.0 30.0 30.0 0.0
74.1 30.0 30.0 30.0 30.0 30.0 30.0 30.0 30.0 30.0 30.0 0.0
74.2 30.0 30.0 30.0 30.0 30.0 30.0 30.0 30.0 30.0 30.0 0.0
74.3 30.0 30.0 30.0 30.0 30.0 30.0 30.0 30.0 30.0 30.0 0.0
74.4 30.0 30.0 30.0 30.0 30.0 30.0 30.0 30.0 30.0 30.0 0.0
74.5 30.0 30.0 30.0 30.0 30.0 30.0 30.0 30.0 30.0 30.0 0.0
74.6 30.0 30.0 30.0 30.0 30.0 30.0 30.0 30.0 30.0 30.0 0.0
74.7 30.0 30.0 30.0 30.0 30.0 30.0 30.0 30.0 30.0 30.0 0.0
74.8 30.0 30.0 30.0 30.0 30.0 30.0 30.0 30.0 30.0 30.0 0.0
74.9 30.0 30.0 30.0 30.0 30.0 30.0 30.0 30.0 30.0 30.0 0.0
75.0 30.0 30.0 30.0 30.0 30.0 30.0 30.0 30.0 30.0 30.0 0.0
75.1 30.0 30.0 30.0 30.0 30.0 30.0 30.0 30.0 30.0 30.0 0.0
75.2 30.0 30.0 30.0 30.0 30.0 30.0 30.0 30.0 30.0 30.0 0.0
75.3 30.0 30.0 30.0 30.0 30.0 30.0 30.0 30.0 30.0 30.0 0.0
75.4 30.0 30.0 30.0 30.0 30.0 30.0 30.0 30.0 30.0 30.0 0.0
75.5 30.0 30.0 30.0 30.0 30.0 30.0 30.0 30.0 30.0 30.0 0.0
75.6 30.0 30.0 30.0 30.0 30.0 30.0 30.0 30.0 30.0 30.0 0.0
75.7 30.0 30.0 30.0 30.0 30.0 30.0 30.0 30.0 30.0 30.0 0.0
75.8 30.0 30.0 30.0 30.0 30.0 30.0 30.0 30.0 30.0 30.0 0.0
75.9 30.0 30.0 30.0 30.0 30.0 30.0 30.0 30.0 30.0 30.0 0.0
76.0 30.0 30.0 30.0 30.0 30.0 30.0 30.0 30.0 30.0 30.0 0.0
76.1 30.0 30.0 30.0 30.0 30.0 30.0 30.0 30.0 30.0 30.0 0.0
76.2 30.0 30.0 30.0 30.0 30.0 30.0 30.0 30.0 30.0 30.0 0.0
76.3 30.0 30.0 30.0 30.0 30.0 30.0 30.0 30.0 30.0 30.0 0.0
76.4 30.0 30.0 30.0 30.0 30.0 30.0 30.0 30.0 30.0 30.0 0.0
76.5 30.0 30.0 30.0 30.0 30.0 30.0 30.0 30.0 30.0 30.0 0.0
76.6 30.0 30.0 30.0 30.0 30.0 30.0 30.0 30.0 30.0 30.0 0.0
76.7 30.0 30.0 30.0 30.0 30.0 30.0 30.0 30.0 30.0 30.0 0.0
76.8 30.0 30.0 30.0 30.0 30.0 30.0 30.0 30.0 30.0 30.0 0.0
76.9 30.0 30.0 30.0 30.0 30.0 30.0 30.0 30.0 30.0 30.0 0.0
77.0 30.0 30.0 30.0 30.0 30.0 30.0 30.0 30.0 30.0 30.0 0.0
77.1 30.0 30.0 30.0 30.0 30.0 30.0 30.0 30.0 30.0 30.0 0.0
77.2 30.0 30.0 30.0 30.0 30.0 30.0 30.0 30.0 30.0 30.0 0.0
77.3 30.0 30.0 30.0 30.0 30.0 30.0 30.0 30.0 30.0 30.0 0.0
77.4 30.0 30.0 30.0 30.0 30.0 30.0 30.0 30.0 30.0 30.0 0.0
77.5 30.0 30.0 30.0 30.0 30.0 30.0 30.0 30.0 30.0 30.0 0.0
77.6 30.0 30.0 30.0 30.0 30.0 30.0 30.0 30.0 30.0 30.0 0.0
77.7 30.0 30.0 30.0 30.0 30.0 30.0 30.0 30.0 30.0 30.0 0.0
77.8 30.0 30.0 30.0 30.0 30.0 30.0 30.0 30.0 30.0 30.0 0.0
77.9 30.0 30.0 30.0 30.0 30.0 30.0 30.0 30.0 30.0 30.0 0.0
78.0 30.0 30.0 30.0 30.0 30.0 30.0 30.0 30.0 30.0 30.0 0.0
78.1 30.0 30.0 30.0 30.0 30.0 30.0 30.0 30.0 30.0 30.0 0.0
78.2 30.0 30.0 30.0 30.0 30.0 30.0 30.0 30.0 30.0 30.0 0.0
78.3 30.0 30.0 30.0 30.0 30.0 30.0 30.0 30.0 30.0 30.0 0.0
78.4 30.0 30.0 30.0 30.0 30.0 30.0 30.0 30.0 30.0 30.0 0.0
78.5 30.0 30.0 30.0 30.0 30.0 30.0 30.0 30.0 30.0 30.0 0.0
78.6 30.0 30.0 30.0 30.0 30.0 30.0 30.0 30.0 30.0 30.0 0.0
78.7 30.0 30.0 30.0 30.0 30.0 30.0 30.0 30.0 30.0 30.0 0.0
78.8 30.0 30.0 30.0 30.0 30.0 30.0 30.0 30.0 30.0 30.0 0.0
78.9 30.0 30.0 30.0 30.0 30.0 30.0 30.0 30.0 30.0 30.0 0.0
79.0 30.0 30.0 30.0 30.0 30.0 30.0 30.0 30.0 30.0 30.0 0.0
79.1 30.0 30.0 30.0 30.0 30.0 30.0 30.0 30.0 30.0 30.0 0.0
79.2 30.0 30.0 30.0 30.0 30.0 30.0 30.0 30.0 30.0 30.0 0.0
79.3 30.0 30.0 30.0 30.0 30.0 30.0 30.0 30.0 30.0 30.0 0.0
79.4 30.0 30.0 30.0 30.0 30.0 30.0 30.0 30.0 30.0 30.0 0.0
79.5 30.0 30.0 30.0 30.0 30.0 30.0 30.0 30.0 30.0 30.0 0.0
79.6 30.0 30.0 30.0 30.0 30.0 30.0 30.0 30.0 30.0 30.0 0.0
79.7 30.0 30.0 30.0 30.0 30.0 30.0 30.0 30.0 30.0 30.0 0.0
79.8 30.0 30.0 30.0 30.0 30.0 30.0 30.0 30.0 30.0 30.0 0.0
79.9 30.0 30.0 30.0 30.0 30.0 30.0 30.0 30.0 30.0 30.0 0.0
80.0 30.0 30.0 30.0 30.0 30.0 30.0 30.0 30.0 30.0 30.0 0.0
80.1 30.0 30.0 30.0 30.0 30.0 30.0 30.0 30.0 30.0 30.0 0.0
80.2 30.0 30.0 30.0 30.0 30.0 30.0 30.0 30.0 30.0 30.0 0.0
80.3 30.0 30.0 30.0 30.0 30.0 30.0 30.0 30.0 30.0 30.0 0.0
80.4 30.0 30.0 30.0 30.0 30.0 30.0 30.0 30.0 30.0 30.0 0.0
80.5 30.0 30.0 30.0 30.0 30.0 30.0 30.0 30.0 30.0 30.0 0.0
80.6 30.0 30.0 30.0 30.0 30.0 30.0 30.0 30.0 30.0 30.0 0.0
80.7 30.0 30.0 30.0 30.0 30.0 30.0 30.0 30.0 30.0 30.0 0.0
80.8 30.0 30.0 30.0 30.0 30.0 30.0 30.0 30.0 30.0 30.0 0.0
80.9 30.0 30.0 30.0 30.0 30.0 30.0 30.0 30.0 30.0 30.0 0.0
81.0 30.0 30.0 30.0 30.0 30.0 30.0 30.0 30.0 30.0 30.0 0.0
81.1 30.0 30.0 30.0 30.0 30.0 30.0 30.0 30.0 30.0 30.0 0.0
81.2 30.0 30.0 30.0 30.0 30.0 30.0 30.0 30.0 30.0 30.0 0.0
81.3 30.0 30.0 30.0 30.0 30.0 30.0 30.0 30.0 30.0 30.0 0.0
81.4 30.0 30.0 30.0 30.0 30.0 30.0 30.0 30.0 30.0 30.0 0.0
81.5 30.0 30.0 30.0 30.0 30.0 30.0 30.0 30.0 30.0 30.0 0.0
81.6 30.0 30.0 30.0 30.0 30.0 30.0 30.0 30.0 30.0 30.0 0.0
81.7 30.0 30.0 30.0 30.0 30.0 30.0 30.0 30.0 30.0 30.0 0.0
81.8 30.0 30.0 30.0 30.0 30.0 30.0 30.0 30.0 30.0 30.0 0.0
81.9 30.0 30.0 30.0 30.0 30.0 30.0 30.0 30.0 30.0 30.0 0.0
82.0 30.0 30.0 30.0 30.0 30.0 30.0 30.0 30.0 30.0 30.0 0.0
82.1 30.0 30.0 30.0 30.0 30.0 30.0 30.0 30.0 30.0 30.0 0.0
82.2 30.0 30.0 30.0 30.0 30.0 30.0 30.0 30.0 30.0 30.0 0.0
82.3 30.0 30.0 30.0 30.0 30.0 30.0 30.0 30.0 30.0 30.0 0.0
82.4 30.0 30.0 30.0 30.0 30.0 30.0 30.0 30.0 30.0 30.0 0.0
82.5 30.0 30.0 30.0 30.0 30.0 30.0 30.0 30.0 30.0 30.0 0.0
82.6 30.0 30.0 30.0 30.0 30.0 30.0 30.0 30.0 30.0 30.0 0.0
82.7 30.0 30.0 30.0 30.0 30.0 30.0 30.0 30.0 30.0 30.0 0.0
82.8 30.0 30.0 30.0 30.0 30.0 30.0 30.0 30.0 30.0 30.0 0.0
82.9 30.0 30.0 30.0 30.0 30.0 30.0 30.0 30.0 30.0 30.0 0.0
83.0 30.0 30.0 30.0 30.0 30.0 30.0 30.0 30.0 30.0 30.0 0.0
83.1 30.0 30.0 30.0 30.0 30.0 30.0 30.0 30.0 30.0 30.0 0.0
83.2 30.0 30.0 30.0 30.0 30.0 30.0 30.0 30.0 30.0 30.0 0.0
83.3 30.0 30.0 30.0 30.0 30.0 30.0 30.0 30.0 30.0 30.0 0.0
83.4 30.0 30.0 30.0 30.0 30.0 30.0 30.0 30.0 30.0 30.0 0.0
83.5 30.0 30.0 30.0 30.0 30.0 30.0 30.0 30.0 30.0 30.0 0.0
83.6 30.0 30.0 30.0 30.0 30.0 30.0 30.0 30.0 30.0 30.0 0.0
83.7 30.0 30.0 30.0 30.0 30.0 30.0 30.0 30.0 30.0 30.0 0.0
83.8 30.0 30.0 30.0 30.0 30.0 30.0 30.0 30.0 30.0 30.0 0.0
83.9 30.0 30.0 30.0 30.0 30.0 30.0 30.0 30.0 30.0 30.0 0.0
84.0 30.0 30.0 30.0 30.0 30.0 30.0 30.0 30.0 30.0 30.0 0.0
84.1 30.0 30.0 30.0 30.0 30.0 30.0 30.0 30.0 30.0 30.0 0.0
84.2 30.0 30.0 30.0 30.0 30.0 30.0 30.0 30.0 30.0 30.0 0.0
84.3 30.0 30.0 30.0 30.0 30.0 30.0 30.0 30.0 30.0 30.0 0.0
84.4 30.0 30.0 30.0 30.0 30.0 30.0 30.0 30.0 30.0 30.0 0.0
84.5 30.0 30.0 30.0 30.0 30.0 30.0 30.0 30.0 30.0 30.0 0.0
84.6 30.0 30.0 30.0 30.0 30.0 30.0 30.0 30.0 30.0 30.0 0.0
84.7 30.0 30.0 30.0 30.0 30.0 30.0 30.0 30.0 30.0 30.0 0.0
84.8 30.0 30.0 30.0 30.0 30.0 30.0 30.0 30.0 30.0 30.0 0.0
84.9 30.0 30.0 30.0 30.0 30.0 30.0 30.0 30.0 30.0 30.0 0.0
85.0 30.0 30.0 30.0 30.0 30.0 30.0 30.0 30.0 30.0 30.0 0.0
85.1 30.0 30.0 30.0 30.0 30.0 30.0 30.0 30.0 30.0 30.0 0.0
85.2 30.0 30.0 30.0 30.0 30.0 30.0 30.0 30.0 30.0 30.0 0.0
85.3 30.0 30.0 30.0 30.0 30.0 30.0 30.0 30.0 30.0 30.0 0.0
85.4 30.0 30.0 30.0 30.0 30.0 30.0 30.0 30.0 30.0 30.0 0.0
85.5 30.0 30.0 30.0 30.0 30.0 30.0 30.0 30.0 30.0 30.0 0.0
85.6 30.0 30.0 30.0 30.0 30.0 30.0 30.0 30.0 30.0 30.0 0.0
85.7 30.0 30.0 30.0 30.0 30.0 30.0 30.0 30.0 30.0 30.0 0.0
85.8 30.0 30.0 30.0 30.0 30.0 30.0 30.0 30.0 30.0 30.0 0.0
85.9 30.0 30.0 30.0 30.0 30.0 30.0 30.0 30.0 30.0 30.0 0.0
86.0 30.0 30.0 30.0 30.0 30.0 30.0 30.0 30.0 30.0 30.0 0.0
86.1 30.0 30.0 30.0 30.0 30.0 30.0 30.0 30.0 30.0 30.0 0.0
86.2 30.0 30.0 30.0 30.0 30.0 30.0 30.0 30.0 30.0 30.0 0.0
86.3 30.0 30.0 30.0 30.0 30.0 30.0 30.0 30.0 30.0 30.0 0.0
86.4 30.0 30.0 30.0 30.0 30.0 30.0 30.0 30.0 30.0 30.0 0.0
86.5 30.0 30.0 30.0 30.0 30.0 30.0 30.0 30.0 30.0 30.0 0.0
86.6 30.0 30.0 30.0 30.0 30.0 30.0 30.0 30.0 30.0 30.0 0.0
86.7 30.0 30.0 30.0 30.0 30.0 30.0 30.0 30.0 30.0 30.0 0.0
86.8 30.0 30.0 30.0 30.0 30.0 30.0 30.0 30.0 30.0 30.0 0.0
86.9 30.0 30.0 30.0 30.0 30.0 30.0 30.0 30.0 30.0 30.0 0.0
87.0 30.0 30.0 30.0 30.0 30.0 30.0 30.0 30.0 30.0 30.0 0.0
87.1 30.0 30.0 30.0 30.0 30.0 30.0 30.0 30.0 30.0 30.0 0.0
87.2 30.0 30.0 30.0 30.0 30.0 30.0 30.0 30.0 30.0 30.0 0.0
87.3 30.0 30.0 30.0 30.0 30.0 30.0 30.0 30.0 30.0 30.0 0.0
87.4 30.0 30.0 30.0 30.0 30.0 30.0 30.0 30.0 30.0 30.0 0.0
87.5 30.0 30.0 30.0 30.0 30.0 30.0 30.0 30.0 30.0 30.0 0.0
87.6 30.0 30.0 30.0 30.0 30.0 30.0 30.0 30.0 30.0 30.0 0.0
87.7 30.0 30.0 30.0 30.0 30.0 30.0 30.0 30.0 30.0 30.0 0.0
87.8 30.0 30.0 30.0 30.0 30.0 30.0 30.0 30.0 30.0 30.0 0.0
87.9 30.0 30.0 30.0 30.0 30.0 30.0 30.0 30.0 30.0 30.0 0.0
88.0 30.0 30.0 30.0 30.0 30.0 30.0 30.0 30.0 30.0 30.0 0.0
88.1 30.0 30.0 30.0 30.0 30.0 30.0 30.0 30.0 30.0 30.0 0.0
88.2 30.0 30.0 30.0 30.0 30.0 30.0 30.0 30.0 30.0 30.0 0.0
88.3 30.0 30.0 30.0 30.0 30.0 30.0 30.0 30.0 30.0 30.0 0.0
88.4 30.0 30.0 30.0 30.0 30.0 30.0 30.0 30.0 30.0 30.0 0.0
88.5 30.0 30.0 30.0 30.0 30.0 30.0 30.0 30.0 30.0 30.0 0.0
88.6 30.0 30.0 30.0 30.0 30.0 30.0 30.0 30.0 30.0 30.0 0.0
88.7 30.0 30.0 30.0 30.0 30.0 30.0 30.0 30.0 30.0 30.0 0.0
88.8 30.0 30.0 30.0 30.0 30.0 30.0 30.0 30.0 30.0 30.0 0.0
88.9 30.0 30.0 30.0 30.0 30.0 30.0 30.0 30.0 30.0 30.0 0.0
89.0 30.0 30.0 30.0 30.0 30.0 30.0 30.0 30.0 30.0 30.0 0.0
89.1 30.0 30.0 30.0 30.0 30.0 30.0 30.0 30.0 30.0 30.0 0.0
89.2 30.0 30.0 30.0 30.0 30.0 30.0 30.0 30.0 30.0 30.0 0.0
89.3 30.0 30.0 30.0 30.0 30.0 30.0 30.0 30.0 30.0 30.0 0.0
89.4 30.0 30.0 30.0 30.0 30.0 30.0 30.0 30.0 30.0 30.0 0.0
89.5 30.0 30.0 30.0 30.0 30.0 30.0 30.0 30.0 30.0 30.0 0.0
89.6 30.0 30.0 30.0 30.0 30.0 30.0 30.0 30.0 30.0 30.0 0.0
89.7 30.0 30.0 30.0 30.0 30.0 30.0 30.0 30.0 30.0 30.0 0.0
89.8 30.0 30.0 30.0 30.0 30.0 30.0 30.0 30.0 30.0 30.0 0.0
89.9 30.0 30.0 30.0 30.0 30.0 30.0 30.0 30.0 30.0 30.0 0.0
90.0 30.0 30.0 30.0 30.0 30.0 30.0 30.0 30.0 30.0 30.0 0.0
90.1 30.0 30.0 30.0 30.0 30.0 30.0 30.0 30.0 30.0 30.0 0.0
90.2 30.0 30.0 30.0 30.0 30.0 30.0 30.0 30.0 30.0 30.0 0.0
90.3 30.0 30.0 30.0 30.0 30.0 30.0 30.0 30.0 30.0 30.0 0.0
90.4 30.0 30.0 30.0 30.0 30.0 30.0 30.0 30.0 30.0 30.0 0.0
90.5 30.0 30.0 30.0 30.0 30.0 30.0 30.0 30.0 30.0 30.0 0.0
90.6 30.0 30.0 30.0 30.0 30.0 30.0 30.0 30.0 30.0 30.0 0.0
90.7 30.0 30.0 30.0 30.0 30.0 30.0 30.0 30.0 30.0 30.0 0.0
90.8 30.0 30.0 30.0 30.0 30.0 30.0 30.0 30.0 30.0 30.0 0.0
90.9 30.0 30.0 30.0 30.0 30.0 30.0 30.0 30.0 30.0 30.0 0.0
91.0 30.0 30.0 30.0 30.0 30.0 30.0 30.0 30.0 30.0 30.0 0.0
91.1 30.0 30.0 30.0 30.0 30.0 30.0 30.0 30.0 30.0 30.0 0.0
91.2 30.0 30.0 30.0 30.0 30.0 30.0 30.0 30.0 30.0 30.0 0.0
91.3 30.0 30.0 30.0 30.0 30.0 30.0 30.0 30.0 30.0 30.0 0.0
91.4 30.0 30.0 30.0 30.0 30.0 30.0 30.0 30.0 30.0 30.0 0.0
91.5 30.0 30.0 30.0 30.0 30.0 30.0 30.0 30.0 30.0 30.0 0.0
91.6 30.0 30.0 30.0 30.0 30.0 30.0 30.0 30.0 30.0 30.0 0.0
91.7 30.0 30.0 30.0 30.0 30.0 30.0 30.0 30.0 30.0 30.0 0.0
91.8 30.0 30.0 30.0 30.0 30.0 30.0 30.0 30.0 30.0 30.0 0.0
91.9 30.0 30.0 30.0 30.0 30.0 30.0 30.0 30.0 30.0 30.0 0.0
92.0 30.0 30.0 30.0 30.0 30.0 30.0 30.0 30.0 30.0 30.0 0.0
92.1 30.0 30.0 30.0 30.0 30.0 30.0 30.0 30.0 30.0 30.0 0.0
92.2 30.0 30.0 30.0 30.0 30.0 30.0 30.0 30.0 30.0 30.0 0.0
92.3 30.0 30.0 30.0 30.0 30.0 30.0 30.0 30.0 30.0 30.0 0.0
92.4 30.0 30.0 30.0 30.0 30.0 30.0 30.0 30.0 30.0 30.0 0.0
92.5 30.0 30.0 30.0 30.0 30.0 30.0 30.0 30.0 30.0 30.0 0.0
92.6 30.0 30.0 30.0 30.0 30.0 30.0 30.0 30.0 30.0 30.0 0.0
92.7 30.0 30.0 30.0 30.0 30.0 30.0 30.0 30.0 30.0 30.0 0.0
92.8 30.0 30.0 30.0 30.0 30.0 30.0 30.0 30.0 30.0 30.0 0.0
92.9 30.0 30.0 30.0 30.0 30.0 30.0 30.0 30.0 30.0 30.0 0.0
93.0 30.0 30.0 30.0 30.0 30.0 30.0 30.0 30.0 30.0 30.0 0.0
93.1 30.0 30.0 30.0 30.0 30.0 30.0 30.0 30.0 30.0 30.0 0.0
93.2 30.0 30.0 30.0 30.0 30.0 30.0 30.0 30.0 30.0 30.0 0.0
93.3 30.0 30.0 30.0 30.0 30.0 30.0 30.0 30.0 30.0 30.0 0.0
93.4 30.0 30.0 30.0 30.0 30.0 30.0 30.0 30.0 30.0 30.0 0.0
93.5 30.0 30.0 30.0 30.0 30.0 30.0 30.0 30.0 30.0 30.0 0.0
93.6 30.0 30.0 30.0 30.0 30.0 30.0 30.0 30.0 30.0 30.0 0.0
93.7 30.0 30.0 30.0 30.0 30.0 30.0 30.0 30.0 30.0 30.0 0.0
93.8 30.0 30.0 30.0 30.0 30.0 30.0 30.0 30.0 30.0 30.0 0.0
93.9 30.0 30.0 30.0 30.0 30.0 30.0 30.0 30.0 30.0 30.0 0.0
94.0 30.0 30.0 30.0 30.0 30.0 30.0 30.0 30.0 30.0 30.0 0.0
94.1 30.0 30.0 30.0 30.0 30.0 30.0 30.0 30.0 30.0 30.0 0.0
94.2 30.0 30.0 30.0 30.0 30.0 30.0 30.0 30.0 30.0 30.0 0.0
94.3 30.0 30.0 30.0 30.0 30.0 30.0 30.0 30.0 30.0 30.0 0.0
94.4 30.0 30.0 30.0 30.0 30.0 30.0 30.0 30.0 30.0 30.0 0.0
94.5 30.0 30.0 30.0 30.0 30.0 30.0 30.0 30.0 30.0 30.0 0.0
94.6 30.0 30.0 30.0 30.0 30.0 30.0 30.0 30.0 30.0 30.0 0.0
94.7 30.0 30.0 30.0 30.0 30.0 30.0 30.0 30.0 30.0 30.0 0.0
94.8 30.0 30.0 30.0 30.0 30.0 30.0 30.0 30.0 30.0 30.0 0.0
94.9 30.0 30.0 30.0 30.0 30.0 30.0 30.0 30.0 30.0 30.0 0.0
95.0 30.0 30.0 30.0 30.0 30.0 30.0 30.0 30.0 30.0 30.0 0.0
95.1 30.0 30.0 30.0 30.0 30.0 30.0 30.0 30.0 30.0 30.0 0.0
95.2 30.0 30.0 30.0 30.0 30.0 30.0 30.0 30.0 30.0 30.0 0.0
95.3 30.0 30.0 30.0 30.0 30.0 30.0 30.0 30.0 30.0 30.0 0.0
95.4 30.0 30.0 30.0 30.0 30.0 30.0 30.0 30.0 30.0 30.0 0.0
95.5 30.0 30.0 30.0 30.0 30.0 30.0 30.0 30.0 30.0 30.0 0.0
95.6 30.0 30.0 30.0 30.0 30.0 30.0 30.0 30.0 30.0 30.0 0.0
95.7 30.0 30.0 30.0 30.0 30.0 30.0 30.0 30.0 30.0 30.0 0.0
95.8 30.0 30.0 30.0 30.0 30.0 30.0 30.0 30.0 30.0 30.0 0.0
95.9 30.0 30.0 30.0 30.0 30.0 30.0 30.0 30.0 30.0 30.0 0.0
96.0 30.0 30.0 30.0 30.0 30.0 30.0 30.0 30.0 30.0 30.0 0.0
96.1 30.0 30.0 30.0 30.0 30.0 30.0 30.0 30.0 30.0 30.0 0.0
96.2 30.0 30.0 30.0 30.0 30.0 30.0 30.0 30.0 30.0 30.0 0.0
96.3 30.0 30.0 30.0 30.0 30.0 30.0 30.0 30.0 30.0 30.0 0.0
96.4 30.0 30.0 30.0 30.0 30.0 30.0 30.0 30.0 30.0 30.0 0.0
96.5 30.0 30.0 30.0 30.0 30.0 30.0 30.0 30.0 30.0 30.0 0.0
96.6 30.0 30.0 30.0 30.0 30.0 30.0 30.0 30.0 30.0 30.0 0.0
96.7 30.0 30.0 30.0 30.0 30.0 30.0 30.0 30.0 30.0 30.0 0.0
96.8 30.0 30.0 30.0 30.0 30.0 30.0 30.0 30.0 30.0 30.0 0.0
96.9 30.0 30.0 30.0 30.0 30.0 30.0 30.0 30.0 30.0 30.0 0.0
97.0 30.0 30.0 30.0 30.0 30.0 30.0 30.0 30.0 30.0 30.0 0.0
97.1 30.0 30.0 30.0 30.0 30.0 30.0 30.0 30.0 30.0 30.0 0.0
97.2 30.0 30.0 30.0 30.0 30.0 30.0 30.0 30.0 30.0 30.0 0.0
97.3 30.0 30.0 30.0 30.0 30.0 30.0 30.0 30.0 30.0 30.0 0.0
97.4 30.0 30.0 30.0 30.0 30.0 30.0 30.0 30.0 30.0 30.0 0.0
97.5 30.0 30.0 30.0 30.0 30.0 30.0 30.0 30.0 30.0 30.0 0.0
97.6 30.0 30.0 30.0 30.0 30.0 30.0 30.0 30.0 30.0 30.0 0.0
97.7 30.0 30.0 30.0 30.0 30.0 30.0 30.0 30.0 30.0 30.0 0.0
97.8 30.0 30.0 30.0 30.0 30.0 30.0 30.0 30.0 30.0 30.0 0.0
97.9 30.0 30.0 30.0 30.0 30.0 30.0 30.0 30.0 30.0 30.0 0.0
98.0 30.0 30.0 30.0 30.0 30.0 30.0 30.0 30.0 30.0 30.0 0.0
98.1 30.0 30.0 30.0 30.0 30.0 30.0 30.0 30.0 30.0 30.0 0.0
98.2 30.0 30.0 30.0 30.0 30.0 30.0 30.0 30.0 30.0 30.0 0.0
98.3 30.0 30.0 30.0 30.0 30.0 30.0 30.0 30.0 30.0 30.0 0.0
98.4 30.0 30.0 30.0 30.0 30.0 30.0 30.0 30.0 30.0 30.0 0.0
98.5 30.0 30.0 30.0 30.0 30.0 30.0 30.0 30.0 30.0 30.0 0.0
98.6 30.0 30.0 30.0 30.0 30.0 30.0 30.0 30.0 30.0 30.0 0.0
98.7 30.0 30.0 30.0 30.0 30.0 30.0 30.0 30.0 30.0 30.0 0.0
98.8 30.0 30.0 30.0 30.0 30.0 30.0 30.0 30.0 30.0 30.0 0.0
98.9 30.0 30.0 30.0 30.0 30.0 30.0 30.0 30.0 30.0 30.0 0.0
99.0 30.0 30.0 30.0 30.0 30.0 30.0 30.0 30.0 30.0 30.0 0.0
99.1 30.0 30.0 30.0 30.0 30.0 30.0 30.0 30.0 30.0 30.0 0.0
99.2 30.0 30.0 30.0 30.0 30.0 30.0 30.0 30.0 30.0 30.0 0.0
99.3 30.0 30.0 30.0 30.0 30.0 30.0 30.0 30.0 30.0 30.0 0.0
99.4 30.0 30.0 30.0 30.0 30.0 30.0 30.0 30.0 30.0 30.0 0.0
99.5 30.0 30.0 30.0 30.0 30.0 30.0 30.0 30.0 30.0 30.0 0.0
99.6 30.0 30.0 30.0 30.0 30.0 30.0 30.0 30.0 30.0 30.0 0.0
99.7 30.0 30.0 30.0 30.0 30.0 30.0 30.0 30.0 30.0 30.0 0.0
99.8 30.0 30.0 30.0 30.0 30.0 30.0 30.0 30.0 30.0 30.0 0.0
99.9 30.0 30.0 30.0 30.0 30.0 30.0 30.0 30.0 30.0 30.0 0.0
