0.0 30.0 30.0 30.0 30.0 30.0 30.0 30.0 30.0 30.0 30.0 30.0
0.1 30.0 30.0 30.0 30.0 30.0 30.0 30.0 30.0 30.0 30.0 30.0
0.2 30.0 30.0 30.0 30.0 30.0 30.0 30.0 30.0 30.0 30.0 30.0
0.3 30.0 30.0 30.0 30.0 30.0 30.0 30.0 30.0 30.0 30.0 30.0
0.4 30.0 30.0 30.0 30.0 30.0 30.0 30.0 30.0 30.0 30.0 30.0
0.5 30.0 30.0 30.0 30.0 30.0 30.0 30.0 30.0 30.0 30.0 30.0
0.6 30.0 30.0 30.0 30.0 30.0 30.0 30.0 30.0 30.0 30.0 30.0
0.7 30.0 30.0 30.0 30.0 30.0 30.0 30.0 30.0 30.0 30.0 30.0
0.8 30.0 30.0 30.0 30.0 30.0 30.0 30.0 30.0 30.0 30.0 30.0
0.9 30.0 30.0 30.0 30.0 30.0 30.0 30.0 30.0 30.0 30.0 30.0
1.0 30.0 30.0 30.0 30.0 30.0 30.0 30.0 30.0 30.0 30.0 30.0
1.1 30.0 30.0 30.0 30.0 30.0 30.0 30.0 30.0 30.0 30.0 30.0
1.2 30.0 30.0 30.0 30.0 30.0 30.0 30.0 30.0 30.0 30.0 30.0
1.3 30.0 30.0 30.0 30.0 30.0 30.0 30.0 30.0 30.0 30.0 30.0
1.4 30.0 30.0 30.0 30.0 30.0 30.0 30.0 30.0 30.0 30.0 30.0
1.5 30.0 30.0 30.0 30.0 30.0 30.0 30.0 30.0 30.0 30.0 30.0
1.6 30.0 30.0 30.0 30.0 30.0 30.0 30.0 30.0 30.0 30.0 30.0
1.7 30.0 30.0 30.0 30.0 30.0 30.0 30.0 30.0 30.0 30.0 30.0
1.8 30.0 30.0 30.0 30.0 30.0 30.0 30.0 30.0 30.0 30.0 30.0
1.9 30.0 30.0 30.0 30.0 30.0 30.0 30.0 30.0 30.0 30.0 30.0
2.0 30.0 30.0 30.0 30.0 30.0 30.0 30.0 30.0 30.0 30.0 30.0
2.1 30.0 30.0 30.0 30.0 30.0 30.0 30.0 30.0 30.0 30.0 30.0
2.2 30.0 30.0 30.0 30.0 30.0 30.0 30.0 30.0 30.0 30.0 30.0
2.3 30.0 30.0 30.0 30.0 30.0 30.0 30.0 30.0 30.0 30.0 30.0
2.4 30.0 30.0 30.0 30.0 30.0 30.0 30.0 30.0 30.0 30.0 30.0
2.5 30.0 30.0 30.0 30.0 30.0 30.0 30.0 30.0 30.0 30.0 30.0
2.6 30.0 30.0 30.0 30.0 30.0 30.0 30.0 30.0 30.0 30.0 30.0
2.7 30.0 30.0 30.0 30.0 30.0 30.0 30.0 30.0 30.0 30.0 30.0
2.8 30.0 30.0 30.0 30.0 30.0 30.0 30.0 30.0 30.0 30.0 30.0
2.9 30.0 30.0 30.0 30.0 30.0 30.0 30.0 30.0 30.0 30.0 30.0
3.0 30.0 30.0 30.0 30.0 30.0 30.0 30.0 30.0 30.0 30.0 30.0
3.1 30.0 30.0 30.0 30.0 30.0 30.0 30.0 30.0 30.0 30.0 30.0
3.2 30.0 30.0 30.0 30.0 30.0 30.0 30.0 30.0 30.0 30.0 30.0
3.3 30.0 30.0 30.0 30.0 30.0 30.0 30.0 30.0 30.0 30.0 30.0
3.4 30.0 30.0 30.0 30.0 30.0 30.0 30.0 30.0 30.0 30.0 30.0
3.5 30.0 30.0 30.0 30.0 30.0 30.0 30.0 30.0 30.0 30.0 30.0
3.6 30.0 30.0 30.0 30.0 30.0 30.0 30.0 30.0 30.0 30.0 30.0
3.7 30.0 30.0 30.0 30.0 30.0 30.0 30.0 30.0 30.0 30.0 30.0
3.8 30.0 30.0 30.0 30.0 30.0 30.0 30.0 30.0 30.0 30.0 30.0
3.9 30.0 30.0 30.0 30.0 30.0 30.0 30.0 30.0 30.0 30.0 30.0
4.0 30.0 30.0 30.0 30.0 30.0 30.0 30.0 30.0 30.0 30.0 30.0
4.1 30.0 30.0 30.0 30.0 30.0 30.0 30.0 30.0 30.0 30.0 30.0
4.2 30.0 30.0 30.0 30.0 30.0 30.0 30.0 30.0 30.0 30.0 30.0
4.3 30.0 30.0 30.0 30.0 30.0 30.0 30.0 30.0 30.0 30.0 30.0
4.4 30.0 30.0 30.0 30.0 30.0 30.0 30.0 30.0 30.0 30.0 30.0
4.5 30.0 30.0 30.0 30.0 30.0 30.0 30.0 30.0 30.0 30.0 30.0
4.6 30.0 30.0 30.0 30.0 30.0 30.0 30.0 30.0 30.0 30.0 30.0
4.7 30.0 30.0 30.0 30.0 30.0 30.0 30.0 30.0 30.0 30.0 30.0
4.8 30.0 30.0 30.0 30.0 30.0 30.0 30.0 30.0 30.0 30.0 30.0
4.9 30.0 30.0 30.0 30.0 30.0 30.0 30.0 30.0 30.0 30.0 30.0
5.0 30.0 30.0 30.0 30.0 30.0 30.0 30.0 30.0 30.0 30.0 30.0
5.1 30.0 30.0 30.0 30.0 30.0 30.0 30.0 30.0 30.0 30.0 30.0
5.2 30.0 30.0 30.0 30.0 30.0 30.0 30.0 30.0 30.0 30.0 30.0
5.3 30.0 30.0 30.0 30.0 30.0 30.0 30.0 30.0 30.0 30.0 30.0
5.4 30.0 30.0 30.0 30.0 30.0 30.0 30.0 30.0 30.0 30.0 30.0
5.5 30.0 30.0 30.0 30.0 30.0 30.0 30.0 30.0 30.0 30.0 30.0
5.6 30.0 30.0 30.0 30.0 30.0 30.0 30.0 30.0 30.0 30.0 30.0
5.7 30.0 30.0 30.0 30.0 30.0 30.0 30.0 30.0 30.0 30.0 30.0
5.8 30.0 30.0 30.0 30.0 30.0 30.0 30.0 30.0 30.0 30.0 30.0
5.9 30.0 30.0 30.0 30.0 30.0 30.0 30.0 30.0 30.0 30.0 30.0
6.0 30.0 30.0 30.0 30.0 30.0 30.0 30.0 30.0 30.0 30.0 30.0
6.1 30.0 30.0 30.0 30.0 30.0 30.0 30.0 30.0 30.0 30.0 30.0
6.2 30.0 30.0 30.0 30.0 30.0 30.0 30.0 30.0 30.0 30.0 30.0
6.3 30.0 30.0 30.0 30.0 30.0 30.0 30.0 30.0 30.0 30.0 30.0
6.4 30.0 30.0 30.0 30.0 30.0 30.0 30.0 30.0 30.0 30.0 30.0
6.5 30.0 30.0 30.0 30.0 30.0 30.0 30.0 30.0 30.0 30.0 30.0
6.6 30.0 30.0 30.0 30.0 30.0 30.0 30.0 30.0 30.0 30.0 30.0
6.7 30.0 30.0 30.0 30.0 30.0 30.0 30.0 30.0 30.0 30.0 30.0
6.8 30.0 30.0 30.0 30.0 30.0 30.0 30.0 30.0 30.0 30.0 30.0
6.9 30.0 30.0 30.0 30.0 30.0 30.0 30.0 30.0 30.0 30.0 30.0
7.0 30.0 30.0 30.0 30.0 30.0 30.0 30.0 30.0 30.0 30.0 30.0
7.1 30.0 30.0 30.0 30.0 30.0 30.0 30.0 30.0 30.0 30.0 30.0
7.2 30.0 30.0 30.0 30.0 30.0 30.0 30.0 30.0 30.0 30.0 30.0
7.3 30.0 30.0 30.0 30.0 30.0 30.0 30.0 30.0 30.0 30.0 30.0
7.4 30.0 30.0 30.0 30.0 30.0 30.0 30.0 30.0 30.0 30.0 30.0
7.5 30.0 30.0 30.0 30.0 30.0 30.0 30.0 30.0 30.0 30.0 30.0
7.6 30.0 30.0 30.0 30.0 30.0 30.0 30.0 30.0 30.0 30.0 30.0
7.7 30.0 30.0 30.0 30.0 30.0 30.0 30.0 30.0 30.0 30.0 30.0
7.8 30.0 30.0 30.0 30.0 30.0 30.0 30.0 30.0 30.0 30.0 30.0
7.9 30.0 30.0 30.0 30.0 30.0 30.0 30.0 30.0 30.0 30.0 30.0
8.0 30.0 30.0 30.0 30.0 30.0 30.0 30.0 30.0 30.0 30.0 30.0
8.1 30.0 30.0 30.0 30.0 30.0 30.0 30.0 30.0 30.0 30.0 30.0
8.2 30.0 30.0 30.0 30.0 30.0 30.0 30.0 30.0 30.0 30.0 30.0
8.3 30.0 30.0 30.0 30.0 30.0 30.0 30.0 30.0 30.0 30.0 30.0
8.4 30.0 30.0 30.0 30.0 30.0 30.0 30.0 30.0 30.0 30.0 30.0
8.5 30.0 30.0 30.0 30.0 30.0 30.0 30.0 30.0 30.0 30.0 30.0
8.6 30.0 30.0 30.0 30.0 30.0 30.0 30.0 30.0 30.0 30.0 30.0
8.7 30.0 30.0 30.0 30.0 30.0 30.0 30.0 30.0 30.0 30.0 30.0
8.8 30.0 30.0 30.0 30.0 30.0 30.0 30.0 30.0 30.0 30.0 30.0
8.9 30.0 30.0 30.0 30.0 30.0 30.0 30.0 30.0 30.0 30.0 30.0
9.0 30.0 30.0 30.0 30.0 30.0 30.0 30.0 30.0 30.0 30.0 30.0
9.1 30.0 30.0 30.0 30.0 30.0 30.0 30.0 30.0 30.0 30.0 30.0
9.2 30.0 30.0 30.0 30.0 30.0 30.0 30.0 30.0 30.0 30.0 30.0
9.3 30.0 30.0 30.0 30.0 30.0 30.0 30.0 30.0 30.0 30.0 30.0
9.4 30.0 30.0 30.0 30.0 30.0 30.0 30.0 30.0 30.0 30.0 30.0
9.5 30.0 30.0 30.0 30.0 30.0 30.0 30.0 30.0 30.0 30.0 30.0
9.6 30.0 30.0 30.0 30.0 30.0 30.0 30.0 30.0 30.0 30.0 30.0
9.7 30.0 30.0 30.0 30.0 30.0 30.0 30.0 30.0 30.0 30.0 30.0
9.8 30.0 30.0 30.0 30.0 30.0 30.0 30.0 30.0 30.0 30.0 30.0
9.9 30.0 30.0 30.0 30.0 30.0 30.0 30.0 30.0 30.0 30.0 30.0
10.0 30.0 30.0 30.0 30.0 30.0 30.0 30.0 30.0 30.0 30.0 30.0
10.1 30.0 30.0 30.0 30.0 30.0 30.0 30.0 30.0 30.0 30.0 30.0
10.2 30.0 30.0 30.0 30.0 30.0 30.0 30.0 30.0 30.0 30.0 30.0
10.3 30.0 30.0 30.0 30.0 30.0 30.0 30.0 30.0 30.0 30.0 30.0
10.4 30.0 30.0 30.0 30.0 30.0 30.0 30.0 30.0 30.0 30.0 30.0
10.5 30.0 30.0 30.0 30.0 30.0 30.0 30.0 30.0 30.0 30.0 30.0
10.6 30.0 30.0 30.0 30.0 30.0 30.0 30.0 30.0 30.0 30.0 30.0
10.7 30.0 30.0 30.0 30.0 30.0 30.0 30.0 30.0 30.0 30.0 30.0
10.8 30.0 30.0 30.0 30.0 30.0 30.0 30.0 30.0 30.0 30.0 30.0
10.9 30.0 30.0 30.0 30.0 30.0 30.0 30.0 30.0 30.0 30.0 30.0
11.0 30.0 30.0 30.0 30.0 30.0 30.0 30.0 30.0 30.0 30.0 30.0
11.1 30.0 30.0 30.0 30.0 30.0 30.0 30.0 30.0 30.0 30.0 30.0
11.2 30.0 30.0 30.0 30.0 30.0 30.0 30.0 30.0 30.0 30.0 30.0
11.3 30.0 30.0 30.0 30.0 30.0 30.0 30.0 30.0 30.0 30.0 30.0
11.4 30.0 30.0 30.0 30.0 30.0 30.0 30.0 30.0 30.0 30.0 30.0
11.5 30.0 30.0 30.0 30.0 30.0 30.0 30.0 30.0 30.0 30.0 30.0
11.6 30.0 30.0 30.0 30.0 30.0 30.0 30.0 30.0 30.0 30.0 30.0
11.7 30.0 30.0 30.0 30.0 30.0 30.0 30.0 30.0 30.0 30.0 30.0
11.8 30.0 30.0 30.0 30.0 30.0 30.0 30.0 30.0 30.0 30.0 30.0
11.9 30.0 30.0 30.0 30.0 30.0 30.0 30.0 30.0 30.0 30.0 30.0
12.0 30.0 30.0 30.0 30.0 30.0 30.0 30.0 30.0 30.0 30.0 30.0
12.1 30.0 30.0 30.0 30.0 30.0 30.0 30.0 30.0 30.0 30.0 30.0
12.2 30.0 30.0 30.0 30.0 30.0 30.0 30.0 30.0 30.0 30.0 30.0
12.3 30.0 30.0 30.0 30.0 30.0 30.0 30.0 30.0 30.0 30.0 30.0
12.4 30.0 30.0 30.0 30.0 30.0 30.0 30.0 30.0 30.0 30.0 30.0
12.5 30.0 30.0 30.0 30.0 30.0 30.0 30.0 30.0 30.0 30.0 30.0
12.6 30.0 30.0 30.0 30.0 30.0 30.0 30.0 30.0 30.0 30.0 30.0
12.7 30.0 30.0 30.0 30.0 30.0 30.0 30.0 30.0 30.0 30.0 30.0
12.8 30.0 30.0 30.0 30.0 30.0 30.0 30.0 30.0 30.0 30.0 30.0
12.9 30.0 30.0 30.0 30.0 30.0 30.0 30.0 30.0 30.0 30.0 30.0
13.0 30.0 30.0 30.0 30.0 30.0 30.0 30.0 30.0 30.0 30.0 30.0
13.1 30.0 30.0 30.0 30.0 30.0 30.0 30.0 30.0 30.0 30.0 30.0
13.2 30.0 30.0 30.0 30.0 30.0 30.0 30.0 30.0 30.0 30.0 30.0
13.3 30.0 30.0 30.0 30.0 30.0 30.0 30.0 30.0 30.0 30.0 30.0
13.4 30.0 30.0 30.0 30.0 30.0 30.0 30.0 30.0 30.0 30.0 30.0
13.5 30.0 30.0 30.0 30.0 30.0 30.0 30.0 30.0 30.0 30.0 30.0
13.6 30.0 30.0 30.0 30.0 30.0 30.0 30.0 30.0 30.0 30.0 30.0
13.7 30.0 30.0 30.0 30.0 30.0 30.0 30.0 30.0 30.0 30.0 30.0
13.8 30.0 30.0 30.0 30.0 30.0 30.0 30.0 30.0 30.0 30.0 30.0
13.9 30.0 30.0 30.0 30.0 30.0 30.0 30.0 30.0 30.0 30.0 30.0
14.0 30.0 30.0 30.0 30.0 30.0 30.0 30.0 30.0 30.0 30.0 30.0
14.1 30.0 30.0 30.0 30.0 30.0 30.0 30.0 30.0 30.0 30.0 30.0
14.2 30.0 30.0 30.0 30.0 30.0 30.0 30.0 30.0 30.0 30.0 30.0
14.3 30.0 30.0 30.0 30.0 30.0 30.0 30.0 30.0 30.0 30.0 30.0
14.4 30.0 30.0 30.0 30.0 30.0 30.0 30.0 30.0 30.0 30.0 30.0
14.5 30.0 30.0 30.0 30.0 30.0 30.0 30.0 30.0 30.0 30.0 30.0
14.6 30.0 30.0 30.0 30.0 30.0 30.0 30.0 30.0 30.0 30.0 30.0
14.7 30.0 30.0 30.0 30.0 30.0 30.0 30.0 30.0 30.0 30.0 30.0
14.8 30.0 30.0 30.0 30.0 30.0 30.0 30.0 30.0 30.0 30.0 30.0
14.9 30.0 30.0 30.0 30.0 30.0 30.0 30.0 30.0 30.0 30.0 30.0
15.0 30.0 30.0 30.0 30.0 30.0 30.0 30.0 30.0 30.0 30.0 30.0
15.1 30.0 30.0 30.0 30.0 30.0 30.0 30.0 30.0 30.0 30.0 30.0
15.2 30.0 30.0 30.0 30.0 30.0 30.0 30.0 30.0 30.0 30.0 30.0
15.3 30.0 30.0 30.0 30.0 30.0 30.0 30.0 30.0 30.0 30.0 30.0
15.4 30.0 30.0 30.0 30.0 30.0 30.0 30.0 30.0 30.0 30.0 30.0
15.5 30.0 29.873840365611308 30.0 30.0 30.0 30.0 30.0 30.0 30.0 30.0 30.0
15.6 30.0 29.705052378509695 30.0 30.0 30.0 30.0 30.0 30.0 30.0 30.0 30.0
15.7 30.0 29.538548138767048 30.0 30.0 30.0 30.0 30.0 30.0 30.0 30.0 30.0
15.8 30.0 29.738644174216834 30.0 30.0 30.0 30.0 30.0 30.0 30.0 30.0 30.0
15.9 30.0 29.955711425229993 30.0 30.0 30.0 30.0 30.0 30.0 30.0 30.0 30.0
16.0 30.0 30.0 30.0 30.0 30.0 30.0 30.0 30.0 30.0 30.0 30.0
16.1 30.0 29.2 30.0 30.0 30.0 30.0 30.0 30.0 30.0 30.0 30.0
16.2 30.0 28.4 30.0 30.0 30.0 30.0 30.0 30.0 30.0 30.0 30.0
16.3 30.0 27.599999999999998 30.0 30.0 30.0 30.0 30.0 30.0 30.0 30.0 30.0
16.4 30.0 26.799999999999997 30.0 30.0 30.0 30.0 30.0 30.0 30.0 30.0 30.0
16.5 30.0 26.488324377123813 30.0 30.0 30.0 30.0 30.0 30.0 30.0 30.0 30.0
16.6 30.0 26.364233840147296 30.0 30.0 30.0 30.0 30.0 30.0 30.0 30.0 30.0
16.7 30.0 26.240994878405417 30.0 30.0 30.0 30.0 30.0 30.0 30.0 30.0 30.0
16.8 30.0 26.120690177657387 30.0 30.0 30.0 30.0 30.0 30.0 30.0 30.0 30.0
16.9 30.0 26.00324987454614 30.0 30.0 30.0 30.0 30.0 30.0 30.0 30.0 30.0
17.0 30.0 25.888605769128006 30.0 30.0 30.0 30.0 30.0 30.0 30.0 30.0 30.0
17.1 30.0 25.776691285267486 30.0 30.0 30.0 30.0 30.0 30.0 30.0 30.0 30.0
17.2 30.0 25.66744143197505 30.0 30.0 30.0 30.0 30.0 30.0 30.0 30.0 30.0
17.3 30.0 25.55983649165766 30.0 30.0 30.0 30.0 30.0 30.0 30.0 30.0 30.0
17.4 30.0 25.453211149104714 30.0 30.0 30.0 30.0 30.0 30.0 30.0 30.0 30.0
17.5 30.0 25.34918642466276 30.0 30.0 30.0 30.0 30.0 30.0 30.0 30.0 30.0
17.6 30.0 25.6462821876305 30.0 30.0 30.0 30.0 30.0 30.0 30.0 30.0 30.0
17.7 30.0 25.95442302713893 30.0 30.0 30.0 30.0 30.0 30.0 30.0 30.0 30.0
17.8 30.0 26.28351759539687 30.0 30.0 30.0 30.0 30.0 30.0 30.0 30.0 30.0
17.9 30.0 25.48351759539687 30.0 30.0 30.0 30.0 30.0 30.0 30.0 30.0 30.0
18.0 30.0 24.683517595396868 30.0 30.0 30.0 30.0 30.0 30.0 30.0 30.0 30.0
18.1 30.0 23.883517595396867 30.0 30.0 30.0 30.0 30.0 30.0 30.0 30.0 30.0
18.2 30.0 23.083517595396867 30.0 30.0 30.0 30.0 30.0 30.0 30.0 30.0 30.0
18.3 30.0 22.5550304267612 30.0 30.0 30.0 30.0 30.0 30.0 30.0 30.0 30.0
18.4 30.0 22.49925567663948 30.0 30.0 30.0 30.0 30.0 30.0 30.0 30.0 30.0
18.5 30.0 22.444948683099906 30.0 30.0 30.0 30.0 30.0 30.0 30.0 30.0 30.0
18.6 30.0 22.391856518833272 30.0 30.0 30.0 30.0 30.0 30.0 30.0 30.0 30.0
18.7 30.0 22.338984448652226 30.0 30.0 30.0 30.0 30.0 30.0 30.0 30.0 30.0
18.8 30.0 22.28754135334097 30.0 30.0 30.0 30.0 30.0 30.0 30.0 30.0 30.0
18.9 30.0 22.237488611957083 30.0 30.0 30.0 30.0 30.0 30.0 30.0 30.0 30.0
19.0 30.0 22.188788647367264 30.0 30.0 30.0 30.0 30.0 30.0 30.0 30.0 30.0
19.1 30.0 22.14140489803666 30.0 30.0 30.0 30.0 30.0 30.0 30.0 30.0 30.0
19.2 30.0 22.09530179057982 30.0 30.0 30.0 30.0 30.0 30.0 30.0 30.0 30.0
19.3 30.0 22.050444713054354 30.0 30.0 30.0 30.0 30.0 30.0 30.0 30.0 30.0
19.4 30.0 22.43387340826915 30.0 30.0 30.0 30.0 30.0 30.0 30.0 30.0 30.0
19.5 30.0 22.82432884079554 30.0 30.0 30.0 30.0 30.0 30.0 30.0 30.0 30.0
19.6 30.0 23.234250180296588 30.0 30.0 30.0 30.0 30.0 30.0 30.0 30.0 30.0
19.7 30.0 22.434250180296587 30.0 30.0 30.0 30.0 30.0 30.0 30.0 30.0 30.0
19.8 30.0 21.634250180296586 30.0 30.0 30.0 30.0 30.0 30.0 30.0 30.0 30.0
19.9 30.0 20.834250180296586 30.0 30.0 30.0 30.0 30.0 30.0 30.0 30.0 30.0
20.0 30.0 20.034250180296585 30.0 30.0 30.0 30.0 30.0 30.0 30.0 30.0 30.0
20.1 30.0 19.49449717036661 30.0 30.0 30.0 30.0 30.0 30.0 30.0 30.0 30.0
20.2 30.0 19.500040853511248 30.0 30.0 30.0 30.0 30.0 30.0 30.0 30.0 30.0
20.3 30.0 18.700040853511247 29.2 29.2 29.2 29.2 29.2 29.2 29.2 29.2 29.2
20.4 30.0 17.900040853511246 28.4 28.4 28.4 28.4 28.4 28.4 28.4 28.4 28.4
20.5 30.0 17.100040853511246 27.599999999999998 27.599999999999998 27.599999999999998 27.599999999999998 27.599999999999998 27.599999999999998 27.599999999999998 27.599999999999998 27.599999999999998
20.6 30.0 16.300040853511245 26.799999999999997 26.799999999999997 26.799999999999997 26.799999999999997 26.799999999999997 26.799999999999997 26.799999999999997 26.799999999999997 26.799999999999997
20.7 30.0 15.500040853511244 25.999999999999996 25.999999999999996 25.999999999999996 25.999999999999996 25.999999999999996 25.999999999999996 25.999999999999996 25.999999999999996 25.999999999999996
20.8 30.0 14.700040853511243 25.199999999999996 25.199999999999996 25.199999999999996 25.199999999999996 25.199999999999996 25.199999999999996 25.199999999999996 25.199999999999996 25.199999999999996
20.9 30.0 13.900040853511243 24.399999999999995 24.399999999999995 24.399999999999995 24.399999999999995 24.399999999999995 24.399999999999995 24.399999999999995 24.399999999999995 24.399999999999995
21.0 30.0 13.100040853511242 23.599999999999994 23.599999999999994 23.599999999999994 23.599999999999994 23.599999999999994 23.599999999999994 23.599999999999994 23.599999999999994 23.599999999999994
21.1 30.0 12.300040853511241 22.799999999999994 22.799999999999994 22.799999999999994 22.799999999999994 22.799999999999994 22.799999999999994 22.799999999999994 22.799999999999994 22.799999999999994
21.2 30.0 11.50004085351124 21.999999999999993 21.999999999999993 21.999999999999993 21.999999999999993 21.999999999999993 21.999999999999993 21.999999999999993 21.999999999999993 21.999999999999993
21.3 30.0 11.50004085351124 21.999999999999993 21.999999999999993 21.999999999999993 21.999999999999993 21.999999999999993 21.999999999999993 21.999999999999993 21.999999999999993 21.999999999999993
21.4 30.0 11.50004085351124 21.999999999999993 21.999999999999993 21.999999999999993 21.999999999999993 21.999999999999993 21.999999999999993 21.999999999999993 21.999999999999993 21.999999999999993
21.5 30.0 11.50004085351124 21.999999999999993 21.999999999999993 21.999999999999993 21.999999999999993 21.999999999999993 21.999999999999993 21.999999999999993 21.999999999999993 21.999999999999993
21.6 30.0 11.50004085351124 21.999999999999993 21.999999999999993 21.999999999999993 21.999999999999993 21.999999999999993 21.999999999999993 21.999999999999993 21.999999999999993 21.999999999999993
21.7 30.0 11.50004085351124 21.999999999999993 21.999999999999993 21.999999999999993 21.999999999999993 21.999999999999993 21.999999999999993 21.999999999999993 21.999999999999993 21.999999999999993
21.8 30.0 11.50004085351124 21.999999999999993 21.999999999999993 21.999999999999993 21.999999999999993 21.999999999999993 21.999999999999993 21.999999999999993 21.999999999999993 21.999999999999993
21.9 30.0 11.50004085351124 21.999999999999993 21.999999999999993 21.999999999999993 21.999999999999993 21.999999999999993 21.999999999999993 21.999999999999993 21.999999999999993 21.999999999999993
22.0 30.0 11.50004085351124 21.999999999999993 21.999999999999993 21.999999999999993 21.999999999999993 21.999999999999993 21.999999999999993 21.999999999999993 21.999999999999993 21.999999999999993
22.1 30.0 11.50004085351124 21.999999999999993 21.999999999999993 21.999999999999993 21.999999999999993 21.999999999999993 21.999999999999993 21.999999999999993 21.999999999999993 21.999999999999993
22.2 30.0 11.50004085351124 21.999999999999993 21.999999999999993 21.999999999999993 21.999999999999993 21.999999999999993 21.999999999999993 21.999999999999993 21.999999999999993 21.999999999999993
22.3 30.0 11.50004085351124 21.999999999999993 21.999999999999993 21.999999999999993 21.999999999999993 21.999999999999993 21.999999999999993 21.999999999999993 21.999999999999993 21.999999999999993
22.4 30.0 11.50004085351124 21.999999999999993 21.999999999999993 21.999999999999993 21.999999999999993 21.999999999999993 21.999999999999993 21.999999999999993 21.999999999999993 21.999999999999993
22.5 30.0 11.50004085351124 21.999999999999993 21.999999999999993 21.999999999999993 21.999999999999993 21.999999999999993 21.999999999999993 21.999999999999993 21.999999999999993 21.999999999999993
22.6 30.0 11.50004085351124 21.999999999999993 21.999999999999993 21.999999999999993 21.999999999999993 21.999999999999993 21.999999999999993 21.999999999999993 21.999999999999993 21.999999999999993
22.7 30.0 11.50004085351124 21.999999999999993 21.999999999999993 21.999999999999993 21.999999999999993 21.999999999999993 21.999999999999993 21.999999999999993 21.999999999999993 21.999999999999993
22.8 30.0 11.50004085351124 21.999999999999993 21.999999999999993 21.999999999999993 21.999999999999993 21.999999999999993 21.999999999999993 21.999999999999993 21.999999999999993 21.999999999999993
22.9 30.0 11.50004085351124 21.999999999999993 21.999999999999993 21.999999999999993 21.999999999999993 21.999999999999993 21.999999999999993 21.999999999999993 21.999999999999993 21.999999999999993
23.0 30.0 11.50004085351124 21.999999999999993 21.999999999999993 21.999999999999993 21.999999999999993 21.999999999999993 21.999999999999993 21.999999999999993 21.999999999999993 21.999999999999993
23.1 30.0 11.50004085351124 21.999999999999993 21.999999999999993 21.999999999999993 21.999999999999993 21.999999999999993 21.999999999999993 21.999999999999993 21.999999999999993 21.999999999999993
23.2 30.0 11.50004085351124 21.999999999999993 21.999999999999993 21.999999999999993 21.999999999999993 21.999999999999993 21.999999999999993 21.999999999999993 21.999999999999993 21.999999999999993
23.3 30.0 11.50004085351124 21.999999999999993 21.999999999999993 21.999999999999993 21.999999999999993 21.999999999999993 21.999999999999993 21.999999999999993 21.999999999999993 21.999999999999993
23.4 30.0 11.50004085351124 21.999999999999993 21.999999999999993 21.999999999999993 21.999999999999993 21.999999999999993 21.999999999999993 21.999999999999993 21.999999999999993 21.999999999999993
23.5 30.0 11.50004085351124 21.999999999999993 21.999999999999993 21.999999999999993 21.999999999999993 21.999999999999993 21.999999999999993 21.999999999999993 21.999999999999993 21.999999999999993
23.6 30.0 11.50004085351124 21.999999999999993 21.999999999999993 21.999999999999993 21.999999999999993 21.999999999999993 21.999999999999993 21.999999999999993 21.999999999999993 21.999999999999993
23.7 30.0 11.50004085351124 21.999999999999993 21.999999999999993 21.999999999999993 21.999999999999993 21.999999999999993 21.999999999999993 21.999999999999993 21.999999999999993 21.999999999999993
23.8 30.0 11.50004085351124 21.999999999999993 21.999999999999993 21.999999999999993 21.999999999999993 21.999999999999993 21.999999999999993 21.999999999999993 21.999999999999993 21.999999999999993
23.9 30.0 11.50004085351124 21.999999999999993 21.999999999999993 21.999999999999993 21.999999999999993 21.999999999999993 21.999999999999993 21.999999999999993 21.999999999999993 21.999999999999993
24.0 30.0 11.50004085351124 21.999999999999993 21.999999999999993 21.999999999999993 21.999999999999993 21.999999999999993 21.999999999999993 21.999999999999993 21.999999999999993 21.999999999999993
24.1 30.0 11.50004085351124 21.999999999999993 21.999999999999993 21.999999999999993 21.999999999999993 21.999999999999993 21.999999999999993 21.999999999999993 21.999999999999993 21.999999999999993
24.2 30.0 11.50004085351124 21.999999999999993 21.999999999999993 21.999999999999993 21.999999999999993 21.999999999999993 21.999999999999993 21.999999999999993 21.999999999999993 21.999999999999993
24.3 30.0 11.50004085351124 21.999999999999993 21.999999999999993 21.999999999999993 21.999999999999993 21.999999999999993 21.999999999999993 21.999999999999993 21.999999999999993 21.999999999999993
24.4 30.0 11.50004085351124 21.999999999999993 21.999999999999993 21.999999999999993 21.999999999999993 21.999999999999993 21.999999999999993 21.999999999999993 21.999999999999993 21.999999999999993
24.5 30.0 11.50004085351124 21.999999999999993 21.999999999999993 21.999999999999993 21.999999999999993 21.999999999999993 21.999999999999993 21.999999999999993 21.999999999999993 21.999999999999993
24.6 30.0 11.50004085351124 21.999999999999993 21.999999999999993 21.999999999999993 21.999999999999993 21.999999999999993 21.999999999999993 21.999999999999993 21.999999999999993 21.999999999999993
24.7 30.0 11.50004085351124 21.999999999999993 21.999999999999993 21.999999999999993 21.999999999999993 21.999999999999993 21.999999999999993 21.999999999999993 21.999999999999993 21.999999999999993
24.8 30.0 11.50004085351124 21.999999999999993 21.999999999999993 21.999999999999993 21.999999999999993 21.999999999999993 21.999999999999993 21.999999999999993 21.999999999999993 21.999999999999993
24.9 30.0 11.50004085351124 21.999999999999993 21.999999999999993 21.999999999999993 21.999999999999993 21.999999999999993 21.999999999999993 21.999999999999993 21.999999999999993 21.999999999999993
25.0 30.0 11.50004085351124 21.999999999999993 21.999999999999993 21.999999999999993 21.999999999999993 21.999999999999993 21.999999999999993 21.999999999999993 21.999999999999993 21.999999999999993
25.1 30.0 11.50004085351124 21.999999999999993 21.999999999999993 21.999999999999993 21.999999999999993 21.999999999999993 21.999999999999993 21.999999999999993 21.999999999999993 21.999999999999993
25.2 30.0 11.50004085351124 21.999999999999993 21.999999999999993 21.999999999999993 21.999999999999993 21.999999999999993 21.999999999999993 21.999999999999993 21.999999999999993 21.999999999999993
25.3 30.0 11.50004085351124 21.999999999999993 21.999999999999993 21.999999999999993 21.999999999999993 21.999999999999993 21.999999999999993 21.999999999999993 21.999999999999993 21.999999999999993
25.4 30.0 11.50004085351124 21.999999999999993 21.999999999999993 21.999999999999993 21.999999999999993 21.999999999999993 21.999999999999993 21.999999999999993 21.999999999999993 21.999999999999993
25.5 30.0 11.50004085351124 21.999999999999993 21.999999999999993 21.999999999999993 21.999999999999993 21.999999999999993 21.999999999999993 21.999999999999993 21.999999999999993 21.999999999999993
25.6 30.0 11.50004085351124 21.999999999999993 21.999999999999993 21.999999999999993 21.999999999999993 21.999999999999993 21.999999999999993 21.999999999999993 21.999999999999993 21.999999999999993
25.7 30.0 11.50004085351124 21.999999999999993 21.999999999999993 21.999999999999993 21.999999999999993 21.999999999999993 21.999999999999993 21.999999999999993 21.999999999999993 21.999999999999993
25.8 30.0 11.50004085351124 21.999999999999993 21.999999999999993 21.999999999999993 21.999999999999993 21.999999999999993 21.999999999999993 21.999999999999993 21.999999999999993 21.999999999999993
25.9 30.0 11.50004085351124 21.999999999999993 21.999999999999993 21.999999999999993 21.999999999999993 21.999999999999993 21.999999999999993 21.999999999999993 21.999999999999993 21.999999999999993
26.0 30.0 11.50004085351124 21.999999999999993 21.999999999999993 21.999999999999993 21.999999999999993 21.999999999999993 21.999999999999993 21.999999999999993 21.999999999999993 21.999999999999993
26.1 30.0 11.50004085351124 21.999999999999993 21.999999999999993 21.999999999999993 21.999999999999993 21.999999999999993 21.999999999999993 21.999999999999993 21.999999999999993 21.999999999999993
26.2 30.0 11.50004085351124 21.999999999999993 21.999999999999993 21.999999999999993 21.999999999999993 21.999999999999993 21.999999999999993 21.999999999999993 21.999999999999993 21.999999999999993
26.3 30.0 11.50004085351124 21.999999999999993 21.999999999999993 21.999999999999993 21.999999999999993 21.999999999999993 21.999999999999993 21.999999999999993 21.999999999999993 21.999999999999993
26.4 30.0 11.50004085351124 21.999999999999993 21.999999999999993 21.999999999999993 21.999999999999993 21.999999999999993 21.999999999999993 21.999999999999993 21.999999999999993 21.999999999999993
26.5 30.0 11.50004085351124 21.999999999999993 21.999999999999993 21.999999999999993 21.999999999999993 21.999999999999993 21.999999999999993 21.999999999999993 21.999999999999993 21.999999999999993
26.6 30.0 11.50004085351124 21.999999999999993 21.999999999999993 21.999999999999993 21.999999999999993 21.999999999999993 21.999999999999993 21.999999999999993 21.999999999999993 21.999999999999993
26.7 30.0 11.50004085351124 21.999999999999993 21.999999999999993 21.999999999999993 21.999999999999993 21.999999999999993 21.999999999999993 21.999999999999993 21.999999999999993 21.999999999999993
26.8 30.0 11.50004085351124 21.999999999999993 21.999999999999993 21.999999999999993 21.999999999999993 21.999999999999993 21.999999999999993 21.999999999999993 21.999999999999993 21.999999999999993
26.9 30.0 11.50004085351124 21.999999999999993 21.999999999999993 21.999999999999993 21.999999999999993 21.999999999999993 21.999999999999993 21.999999999999993 21.999999999999993 21.999999999999993
27.0 30.0 11.50004085351124 21.999999999999993 21.999999999999993 21.999999999999993 21.999999999999993 21.999999999999993 21.999999999999993 21.999999999999993 21.999999999999993 21.999999999999993
27.1 30.0 11.50004085351124 21.999999999999993 21.999999999999993 21.999999999999993 21.999999999999993 21.999999999999993 21.999999999999993 21.999999999999993 21.999999999999993 21.999999999999993
27.2 30.0 11.50004085351124 21.845702247515472 21.999999999999993 21.999999999999993 21.999999999999993 21.999999999999993 21.999999999999993 21.999999999999993 21.999999999999993 21.999999999999993
27.3 30.0 11.50004085351124 21.565147826779697 21.999999999999993 21.999999999999993 21.999999999999993 21.999999999999993 21.999999999999993 21.999999999999993 21.999999999999993 21.999999999999993
27.4 30.0 11.50004085351124 21.285561521966635 21.999999999999993 21.999999999999993 21.999999999999993 21.999999999999993 21.999999999999993 21.999999999999993 21.999999999999993 21.999999999999993
27.5 30.0 11.50004085351124 21.013741503398407 21.999999999999993 21.999999999999993 21.999999999999993 21.999999999999993 21.999999999999993 21.999999999999993 21.999999999999993 21.999999999999993
27.6 30.0 11.50004085351124 20.748028384927323 21.999999999999993 21.999999999999993 21.999999999999993 21.999999999999993 21.999999999999993 21.999999999999993 21.999999999999993 21.999999999999993
27.7 30.0 11.50004085351124 20.483800169743994 21.999999999999993 21.999999999999993 21.999999999999993 21.999999999999993 21.999999999999993 21.999999999999993 21.999999999999993 21.999999999999993
27.8 30.0 11.50004085351124 20.227121332137312 21.999999999999993 21.999999999999993 21.999999999999993 21.999999999999993 21.999999999999993 21.999999999999993 21.999999999999993 21.999999999999993
27.9 30.0 11.50004085351124 19.97712253371121 21.999999999999993 21.999999999999993 21.999999999999993 21.999999999999993 21.999999999999993 21.999999999999993 21.999999999999993 21.999999999999993
28.0 30.0 11.50004085351124 19.72779660194067 21.999999999999993 21.999999999999993 21.999999999999993 21.999999999999993 21.999999999999993 21.999999999999993 21.999999999999993 21.999999999999993
28.1 30.0 11.50004085351124 19.485803785810365 21.999999999999993 21.999999999999993 21.999999999999993 21.999999999999993 21.999999999999993 21.999999999999993 21.999999999999993 21.999999999999993
28.2 30.0 11.50004085351124 19.25092840544864 21.999999999999993 21.999999999999993 21.999999999999993 21.999999999999993 21.999999999999993 21.999999999999993 21.999999999999993 21.999999999999993
28.3 30.0 11.50004085351124 19.01759631010048 21.999999999999993 21.999999999999993 21.999999999999993 21.999999999999993 21.999999999999993 21.999999999999993 21.999999999999993 21.999999999999993
28.4 30.0 11.50004085351124 18.789791599294766 21.999999999999993 21.999999999999993 21.999999999999993 21.999999999999993 21.999999999999993 21.999999999999993 21.999999999999993 21.999999999999993
28.5 30.0 11.50004085351124 18.568890061543826 21.999999999999993 21.999999999999993 21.999999999999993 21.999999999999993 21.999999999999993 21.999999999999993 21.999999999999993 21.999999999999993
28.6 30.0 11.50004085351124 18.35326633821611 21.999999999999993 21.999999999999993 21.999999999999993 21.999999999999993 21.999999999999993 21.999999999999993 21.999999999999993 21.999999999999993
28.7 30.0 11.50004085351124 18.139103041819048 21.999999999999993 21.999999999999993 21.999999999999993 21.999999999999993 21.999999999999993 21.999999999999993 21.999999999999993 21.999999999999993
28.8 30.0 11.50004085351124 17.931632348434498 21.999999999999993 21.999999999999993 21.999999999999993 21.999999999999993 21.999999999999993 21.999999999999993 21.999999999999993 21.999999999999993
28.9 30.0 11.50004085351124 17.7306451142181 21.999999999999993 21.999999999999993 21.999999999999993 21.999999999999993 21.999999999999993 21.999999999999993 21.999999999999993 21.999999999999993
29.0 30.0 11.50004085351124 17.53387223852485 21.999999999999993 21.999999999999993 21.999999999999993 21.999999999999993 21.999999999999993 21.999999999999993 21.999999999999993 21.999999999999993
29.1 30.0 11.50004085351124 17.3392325164277 21.999999999999993 21.999999999999993 21.999999999999993 21.999999999999993 21.999999999999993 21.999999999999993 21.999999999999993 21.999999999999993
29.2 30.0 11.50004085351124 17.15087149504328 21.999999999999993 21.999999999999993 21.999999999999993 21.999999999999993 21.999999999999993 21.999999999999993 21.999999999999993 21.999999999999993
29.3 30.0 11.50004085351124 16.96858663563909 21.999999999999993 21.999999999999993 21.999999999999993 21.999999999999993 21.999999999999993 21.999999999999993 21.999999999999993 21.999999999999993
29.4 30.0 11.50004085351124 16.79192133075613 21.999999999999993 21.999999999999993 21.999999999999993 21.999999999999993 21.999999999999993 21.999999999999993 21.999999999999993 21.999999999999993
29.5 30.0 11.50004085351124 16.615525314848014 21.999999999999993 21.999999999999993 21.999999999999993 21.999999999999993 21.999999999999993 21.999999999999993 21.999999999999993 21.999999999999993
29.6 30.0 11.50004085351124 16.445009166136856 21.999999999999993 21.999999999999993 21.999999999999993 21.999999999999993 21.999999999999993 21.999999999999993 21.999999999999993 21.999999999999993
29.7 30.0 11.50004085351124 16.280176889049358 21.999999999999993 21.999999999999993 21.999999999999993 21.999999999999993 21.999999999999993 21.999999999999993 21.999999999999993 21.999999999999993
29.8 30.0 11.50004085351124 16.120839021198094 21.999999999999993 21.999999999999993 21.999999999999993 21.999999999999993 21.999999999999993 21.999999999999993 21.999999999999993 21.999999999999993
29.9 30.0 11.50004085351124 15.965668016146843 21.999999999999993 21.999999999999993 21.999999999999993 21.999999999999993 21.999999999999993 21.999999999999993 21.999999999999993 21.999999999999993
30.0 30.0 11.50004085351124 15.81168087260769 21.999999999999993 21.999999999999993 21.999999999999993 21.999999999999993 21.999999999999993 21.999999999999993 21.999999999999993 21.999999999999993
30.1 30.0 11.50004085351124 15.663003630569909 21.999999999999993 21.999999999999993 21.999999999999993 21.999999999999993 21.999999999999993 21.999999999999993 21.999999999999993 21.999999999999993
30.2 30.0 11.50004085351124 15.51945318998167 21.999999999999993 21.999999999999993 21.999999999999993 21.999999999999993 21.999999999999993 21.999999999999993 21.999999999999993 21.999999999999993
30.3 30.0 11.50004085351124 15.380852764586153 21.999999999999993 21.999999999999993 21.999999999999993 21.999999999999993 21.999999999999993 21.999999999999993 21.999999999999993 21.999999999999993
30.4 30.0 11.50004085351124 15.247031664204213 21.999999999999993 21.999999999999993 21.999999999999993 21.999999999999993 21.999999999999993 21.999999999999993 21.999999999999993 21.999999999999993
30.5 30.0 12.10004085351124 15.114890266115385 22.599999999999994 22.599999999999994 22.599999999999994 22.599999999999994 22.599999999999994 22.599999999999994 22.599999999999994 22.599999999999994
30.6 30.0 12.70004085351124 15.306969616970331 23.199999999999996 23.199999999999996 23.199999999999996 23.199999999999996 23.199999999999996 23.199999999999996 23.199999999999996 23.199999999999996
30.7 30.0 13.30004085351124 15.52742034926475 23.799999999999997 23.799999999999997 23.799999999999997 23.799999999999997 23.799999999999997 23.799999999999997 23.799999999999997 23.799999999999997
30.8 30.0 13.90004085351124 15.778201775394352 24.4 24.4 24.4 24.4 24.4 24.4 24.4 24.4
30.9 30.0 14.500040853511239 16.05299104726881 25.0 25.0 25.0 25.0 25.0 25.0 25.0 25.0
31.0 30.0 15.100040853511238 16.34456073592737 25.6 25.6 25.6 25.6 25.6 25.6 25.6 25.6
31.1 30.0 15.700040853511238 16.663076739846833 26.200000000000003 26.200000000000003 26.200000000000003 26.200000000000003 26.200000000000003 26.200000000000003 26.200000000000003 26.200000000000003
31.2 30.0 16.300040853511238 17.000945392341357 26.800000000000004 26.800000000000004 26.800000000000004 26.800000000000004 26.800000000000004 26.800000000000004 26.800000000000004 26.800000000000004
31.3 30.0 16.90004085351124 17.355756241202027 27.400000000000006 27.400000000000006 27.400000000000006 27.400000000000006 27.400000000000006 27.400000000000006 27.400000000000006 27.400000000000006
31.4 30.0 17.50004085351124 17.727274029471285 28.000000000000007 28.000000000000007 28.000000000000007 28.000000000000007 28.000000000000007 28.000000000000007 28.000000000000007 28.000000000000007
31.5 30.0 18.100040853511242 18.11392299272252 28.60000000000001 28.60000000000001 28.60000000000001 28.60000000000001 28.60000000000001 28.60000000000001 28.60000000000001 28.60000000000001
31.6 30.0 18.700040853511243 18.51914225701278 29.20000000000001 29.20000000000001 29.20000000000001 29.20000000000001 29.20000000000001 29.20000000000001 29.20000000000001 29.20000000000001
31.7 30.0 19.300040853511245 18.933716179740255 29.80000000000001 29.80000000000001 29.80000000000001 29.80000000000001 29.80000000000001 29.80000000000001 29.80000000000001 29.80000000000001
31.8 30.0 19.900040853511246 19.361147042903188 30.0 30.0 30.0 30.0 30.0 30.0 30.0 30.0
31.9 30.0 20.500040853511248 19.800526272626957 30.0 30.0 30.0 30.0 30.0 30.0 30.0 30.0
32.0 30.0 21.10004085351125 20.25192710582031 30.0 30.0 30.0 30.0 30.0 30.0 30.0 30.0
32.1 30.0 21.70004085351125 20.713302951569002 30.0 30.0 30.0 30.0 30.0 30.0 30.0 30.0
32.2 30.0 22.300040853511252 21.179232835010296 30.0 30.0 30.0 30.0 30.0 30.0 30.0 30.0
32.3 30.0 22.900040853511253 21.658734866996497 30.0 30.0 30.0 30.0 30.0 30.0 30.0 30.0
32.4 30.0 23.500040853511255 22.143636132943122 30.0 30.0 30.0 30.0 30.0 30.0 30.0 30.0
32.5 30.0 24.100040853511256 22.636078486657237 30.0 30.0 30.0 30.0 30.0 30.0 30.0 30.0
32.6 30.0 24.700040853511258 23.13513120298258 30.0 30.0 30.0 30.0 30.0 30.0 30.0 30.0
32.7 30.0 25.30004085351126 23.638458855483762 30.0 30.0 30.0 30.0 30.0 30.0 30.0 30.0
32.8 30.0 25.90004085351126 24.151537955385148 30.0 30.0 30.0 30.0 30.0 30.0 30.0 30.0
32.9 30.0 26.500040853511262 24.66775154917609 30.0 30.0 30.0 30.0 30.0 30.0 30.0 30.0
33.0 30.0 27.100040853511263 25.186399807924126 30.0 30.0 30.0 30.0 30.0 30.0 30.0 30.0
33.1 30.0 27.700040853511265 25.713238885011283 30.0 30.0 30.0 30.0 30.0 30.0 30.0 30.0
33.2 30.0 28.300040853511266 26.243877999821102 30.0 30.0 30.0 30.0 30.0 30.0 30.0 30.0
33.3 30.0 28.900040853511268 26.77672278371359 30.0 30.0 30.0 30.0 30.0 30.0 30.0 30.0
33.4 30.0 29.50004085351127 27.31414633234067 30.0 30.0 30.0 30.0 30.0 30.0 30.0 30.0
33.5 30.0 30.0 27.85473484418548 30.0 30.0 30.0 30.0 30.0 30.0 30.0 30.0
33.6 30.0 30.0 28.3144917238571 30.0 30.0 30.0 30.0 30.0 30.0 30.0 30.0
33.7 30.0 30.0 28.351947463326905 30.0 30.0 30.0 30.0 30.0 30.0 30.0 30.0
33.8 30.0 30.0 28.388570853030796 30.0 30.0 30.0 30.0 30.0 30.0 30.0 30.0
33.9 30.0 30.0 28.424380389630116 30.0 30.0 30.0 30.0 30.0 30.0 30.0 30.0
34.0 30.0 30.0 28.459394158749475 30.0 30.0 30.0 30.0 30.0 30.0 30.0 30.0
34.1 30.0 30.0 28.493629844110604 30.0 30.0 30.0 30.0 30.0 30.0 30.0 30.0
34.2 30.0 30.0 28.5271047364637 30.0 30.0 30.0 30.0 30.0 30.0 30.0 30.0
34.3 30.0 30.0 28.559835742320075 30.0 30.0 30.0 30.0 30.0 30.0 30.0 30.0
34.4 30.0 30.0 28.591839392490712 30.0 30.0 30.0 30.0 30.0 30.0 30.0 30.0
34.5 30.0 30.0 28.62313185043541 30.0 30.0 30.0 30.0 30.0 30.0 30.0 30.0
34.6 30.0 30.0 28.65372892042572 30.0 30.0 30.0 30.0 30.0 30.0 30.0 30.0
34.7 30.0 30.0 28.683646055527362 30.0 30.0 30.0 30.0 30.0 30.0 30.0 30.0
34.8 30.0 30.0 28.712898365404502 30.0 30.0 30.0 30.0 30.0 30.0 30.0 30.0
34.9 30.0 30.0 28.741500623951023 30.0 30.0 30.0 30.0 30.0 30.0 30.0 30.0
35.0 30.0 30.0 28.769467276752117 30.0 30.0 30.0 30.0 30.0 30.0 30.0 30.0
35.1 30.0 30.0 28.79681244837985 30.0 30.0 30.0 30.0 30.0 30.0 30.0 30.0
35.2 30.0 30.0 28.82303799410243 30.0 30.0 30.0 30.0 30.0 30.0 30.0 30.0
35.3 30.0 30.0 28.848624124665424 30.0 30.0 30.0 30.0 30.0 30.0 30.0 30.0
35.4 30.0 30.0 28.87365403499876 30.0 30.0 30.0 30.0 30.0 30.0 30.0 30.0
35.5 30.0 30.0 28.898139816846566 30.0 30.0 30.0 30.0 30.0 30.0 30.0 30.0
35.6 30.0 30.0 28.92209329908902 30.0 30.0 30.0 30.0 30.0 30.0 30.0 30.0
35.7 30.0 30.0 28.945526053456664 30.0 30.0 30.0 30.0 30.0 30.0 30.0 30.0
35.8 30.0 30.0 28.968449400120626 30.0 30.0 30.0 30.0 30.0 30.0 30.0 30.0
35.9 30.0 30.0 28.990874413161446 30.0 30.0 30.0 30.0 30.0 30.0 30.0 30.0
36.0 30.0 30.0 29.0128119259188 30.0 30.0 30.0 30.0 30.0 30.0 30.0 30.0
36.1 30.0 30.0 29.034272536224933 30.0 30.0 30.0 30.0 30.0 30.0 30.0 30.0
36.2 30.0 30.0 29.055266611524424 30.0 30.0 30.0 30.0 30.0 30.0 30.0 30.0
36.3 30.0 30.0 29.07580429388255 30.0 30.0 30.0 30.0 30.0 30.0 30.0 30.0
36.4 30.0 30.0 29.095895504885064 30.0 30.0 30.0 30.0 30.0 30.0 30.0 30.0
36.5 30.0 30.0 29.115549950431074 30.0 30.0 30.0 30.0 30.0 30.0 30.0 30.0
36.6 30.0 30.0 29.13477712542174 30.0 30.0 30.0 30.0 30.0 30.0 30.0 30.0
36.7 30.0 30.0 29.153586318347323 30.0 30.0 30.0 30.0 30.0 30.0 30.0 30.0
36.8 30.0 30.0 29.17198661577454 30.0 30.0 30.0 30.0 30.0 30.0 30.0 30.0
36.9 30.0 30.0 29.18998690673596 30.0 30.0 30.0 30.0 30.0 30.0 30.0 30.0
37.0 30.0 30.0 29.20759588702432 30.0 30.0 30.0 30.0 30.0 30.0 30.0 30.0
37.1 30.0 30.0 29.22482206339337 30.0 30.0 30.0 30.0 30.0 30.0 30.0 30.0
37.2 30.0 30.0 29.24167375766744 30.0 30.0 30.0 30.0 30.0 30.0 30.0 30.0
37.3 30.0 30.0 29.25815911076158 30.0 30.0 30.0 30.0 30.0 30.0 30.0 30.0
37.4 30.0 30.0 29.27428608661454 30.0 30.0 30.0 30.0 30.0 30.0 30.0 30.0
37.5 30.0 30.0 29.290062476035942 30.0 30.0 30.0 30.0 30.0 30.0 30.0 30.0
37.6 30.0 30.0 29.30549590046998 30.0 30.0 30.0 30.0 30.0 30.0 30.0 30.0
37.7 30.0 30.0 29.320593815677128 30.0 30.0 30.0 30.0 30.0 30.0 30.0 30.0
37.8 30.0 30.0 29.335363515336304 30.0 30.0 30.0 30.0 30.0 30.0 30.0 30.0
37.9 30.0 30.0 29.349812134568086 30.0 30.0 30.0 30.0 30.0 30.0 30.0 30.0
38.0 30.0 30.0 29.3639466533818 30.0 30.0 30.0 30.0 30.0 30.0 30.0 30.0
38.1 30.0 30.0 29.37777390004746 30.0 30.0 30.0 30.0 30.0 30.0 30.0 30.0
38.2 30.0 30.0 29.391300554394284 30.0 30.0 30.0 30.0 30.0 30.0 30.0 30.0
38.3 30.0 30.0 29.4045331510379 30.0 30.0 30.0 30.0 30.0 30.0 30.0 30.0
38.4 30.0 30.0 29.417478082537098 30.0 30.0 30.0 30.0 30.0 30.0 30.0 30.0
38.5 30.0 30.0 29.430141602481946 30.0 30.0 30.0 30.0 30.0 30.0 30.0 30.0
38.6 30.0 30.0 29.44252982851491 30.0 30.0 30.0 30.0 30.0 30.0 30.0 30.0
38.7 30.0 30.0 29.454648745286303 30.0 30.0 30.0 30.0 30.0 30.0 30.0 30.0
38.8 30.0 30.0 29.466504207345295 30.0 30.0 30.0 30.0 30.0 30.0 30.0 30.0
38.9 30.0 30.0 29.478101941968255 30.0 30.0 30.0 30.0 30.0 30.0 30.0 30.0
39.0 30.0 30.0 29.489447551925476 30.0 30.0 30.0 30.0 30.0 30.0 30.0 30.0
39.1 30.0 30.0 29.500546518187917 30.0 30.0 30.0 30.0 30.0 30.0 30.0 30.0
39.2 30.0 30.0 29.511404202575125 30.0 30.0 30.0 30.0 30.0 30.0 30.0 30.0
39.3 30.0 30.0 29.52202585034521 30.0 30.0 30.0 30.0 30.0 30.0 30.0 30.0
39.4 30.0 30.0 29.53241659272897 30.0 30.0 30.0 30.0 30.0 30.0 30.0 30.0
39.5 30.0 30.0 29.542581449408786 30.0 30.0 30.0 30.0 30.0 30.0 30.0 30.0
39.6 30.0 30.0 29.552525330943368 30.0 30.0 30.0 30.0 30.0 30.0 30.0 30.0
39.7 30.0 30.0 29.56225304114029 30.0 30.0 30.0 30.0 30.0 30.0 30.0 30.0
39.8 30.0 30.0 29.571769279376372 30.0 30.0 30.0 30.0 30.0 30.0 30.0 30.0
39.9 30.0 30.0 29.58107864286816 30.0 30.0 30.0 30.0 30.0 30.0 30.0 30.0
40.0 30.0 30.0 29.590185628892762 30.0 30.0 30.0 30.0 30.0 30.0 30.0 30.0
40.1 30.0 30.0 29.59909463696027 30.0 30.0 30.0 30.0 30.0 30.0 30.0 30.0
40.2 30.0 30.0 29.60764380134494 30.0 30.0 30.0 30.0 30.0 30.0 30.0 30.0
40.3 30.0 30.0 29.615991805571618 30.0 30.0 30.0 30.0 30.0 30.0 30.0 30.0
40.4 30.0 30.0 29.624162192687113 30.0 30.0 30.0 30.0 30.0 30.0 30.0 30.0
40.5 30.0 30.0 29.632158741778905 30.0 30.0 30.0 30.0 30.0 30.0 30.0 30.0
40.6 30.0 30.0 29.639985151528293 30.0 30.0 30.0 30.0 30.0 30.0 30.0 30.0
40.7 30.0 30.0 29.647645041921276 30.0 30.0 30.0 30.0 30.0 30.0 30.0 30.0
40.8 30.0 30.0 29.65514195592291 30.0 30.0 30.0 30.0 30.0 30.0 30.0 30.0
40.9 30.0 30.0 29.662479361116045 30.0 30.0 30.0 30.0 30.0 30.0 30.0 30.0
41.0 30.0 30.0 29.66966065130502 30.0 30.0 30.0 30.0 30.0 30.0 30.0 30.0
41.1 30.0 30.0 29.676689148085725 30.0 30.0 30.0 30.0 30.0 30.0 30.0 30.0
41.2 30.0 30.0 29.683568102381756 30.0 30.0 30.0 30.0 30.0 30.0 30.0 30.0
41.3 30.0 30.0 29.690300695948093 30.0 30.0 30.0 30.0 30.0 30.0 30.0 30.0
41.4 30.0 30.0 29.696890042842828 30.0 30.0 30.0 30.0 30.0 30.0 30.0 30.0
41.5 30.0 30.0 29.703339190867467 30.0 30.0 30.0 30.0 30.0 30.0 30.0 30.0
41.6 30.0 30.0 29.709651122976638 30.0 30.0 30.0 30.0 30.0 30.0 30.0 30.0
41.7 30.0 30.0 29.71582875865801 30.0 30.0 30.0 30.0 30.0 30.0 30.0 30.0
41.8 30.0 30.0 29.721874955282306 30.0 30.0 30.0 30.0 30.0 30.0 30.0 30.0
41.9 30.0 30.0 29.727792509425278 30.0 30.0 30.0 30.0 30.0 30.0 30.0 30.0
42.0 30.0 30.0 29.733584158160916 30.0 30.0 30.0 30.0 30.0 30.0 30.0 30.0
42.1 30.0 30.0 29.73925258032769 30.0 30.0 30.0 30.0 30.0 30.0 30.0 30.0
42.2 30.0 30.0 29.74480039776748 30.0 30.0 30.0 30.0 30.0 30.0 30.0 30.0
42.3 30.0 30.0 29.750230176538416 30.0 30.0 30.0 30.0 30.0 30.0 30.0 30.0
42.4 30.0 30.0 29.755544428101455 30.0 30.0 30.0 30.0 30.0 30.0 30.0 30.0
42.5 30.0 30.0 29.760745610482235 30.0 30.0 30.0 30.0 30.0 30.0 30.0 30.0
42.6 30.0 30.0 29.76583612940812 30.0 30.0 30.0 30.0 30.0 30.0 30.0 30.0
42.7 30.0 30.0 29.7708183394207 30.0 30.0 30.0 30.0 30.0 30.0 30.0 30.0
42.8 30.0 30.0 29.775694544964942 30.0 30.0 30.0 30.0 30.0 30.0 30.0 30.0
42.9 30.0 30.0 29.780467001455055 30.0 30.0 30.0 30.0 30.0 30.0 30.0 30.0
43.0 30.0 30.0 29.7851379163177 30.0 30.0 30.0 30.0 30.0 30.0 30.0 30.0
43.1 30.0 30.0 29.78970945001303 30.0 30.0 30.0 30.0 30.0 30.0 30.0 30.0
43.2 30.0 30.0 29.79418371703399 30.0 30.0 30.0 30.0 30.0 30.0 30.0 30.0
43.3 30.0 30.0 29.798562786884297 30.0 30.0 30.0 30.0 30.0 30.0 30.0 30.0
43.4 30.0 30.0 29.802848685035745 30.0 30.0 30.0 30.0 30.0 30.0 30.0 30.0
43.5 30.0 30.0 29.80704339386478 30.0 30.0 30.0 30.0 30.0 30.0 30.0 30.0
43.6 30.0 30.0 29.811148853569748 30.0 30.0 30.0 30.0 30.0 30.0 30.0 30.0
43.7 30.0 30.0 29.815166963068286 30.0 30.0 30.0 30.0 30.0 30.0 30.0 30.0
43.8 30.0 30.0 29.81909958087537 30.0 30.0 30.0 30.0 30.0 30.0 30.0 30.0
43.9 30.0 30.0 29.82294852596309 30.0 30.0 30.0 30.0 30.0 30.0 30.0 30.0
44.0 30.0 30.0 29.8267155786022 30.0 30.0 30.0 30.0 30.0 30.0 30.0 30.0
44.1 30.0 30.0 29.830402481185146 30.0 30.0 30.0 30.0 30.0 30.0 30.0 30.0
44.2 30.0 30.0 29.834010939032293 30.0 30.0 30.0 30.0 30.0 30.0 30.0 30.0
44.3 30.0 30.0 29.83754262118059 30.0 30.0 30.0 30.0 30.0 30.0 30.0 30.0
44.4 30.0 30.0 29.84099916115547 30.0 30.0 30.0 30.0 30.0 30.0 30.0 30.0
44.5 30.0 30.0 29.844382157726617 30.0 30.0 30.0 30.0 30.0 30.0 30.0 30.0
44.6 30.0 30.0 29.847693175647347 30.0 30.0 30.0 30.0 30.0 30.0 30.0 30.0
44.7 30.0 30.0 29.850933746378246 30.0 30.0 30.0 30.0 30.0 30.0 30.0 30.0
44.8 30.0 30.0 29.85410536879571 30.0 30.0 30.0 30.0 30.0 30.0 30.0 30.0
44.9 30.0 30.0 29.857209509885177 30.0 30.0 30.0 30.0 30.0 30.0 30.0 30.0
45.0 30.0 30.0 29.860247605419495 30.0 30.0 30.0 30.0 30.0 30.0 30.0 30.0
45.1 30.0 30.0 29.86322106062332 30.0 30.0 30.0 30.0 30.0 30.0 30.0 30.0
45.2 30.0 30.0 29.866131250822832 30.0 30.0 30.0 30.0 30.0 30.0 30.0 30.0
45.3 30.0 30.0 29.8689795220819 30.0 30.0 30.0 30.0 30.0 30.0 30.0 30.0
45.4 30.0 30.0 29.871767191824883 30.0 30.0 30.0 30.0 30.0 30.0 30.0 30.0
45.5 30.0 30.0 29.874495549445612 30.0 30.0 30.0 30.0 30.0 30.0 30.0 30.0
45.6 30.0 30.0 29.877165856904174 30.0 30.0 30.0 30.0 30.0 30.0 30.0 30.0
45.7 30.0 30.0 29.879779349310436 30.0 30.0 30.0 30.0 30.0 30.0 30.0 30.0
45.8 30.0 30.0 29.88233723549528 30.0 30.0 30.0 30.0 30.0 30.0 30.0 30.0
45.9 30.0 30.0 29.884840698569864 30.0 30.0 30.0 30.0 30.0 30.0 30.0 30.0
46.0 30.0 30.0 29.887290896472653 30.0 30.0 30.0 30.0 30.0 30.0 30.0 30.0
46.1 30.0 30.0 29.889688962505158 30.0 30.0 30.0 30.0 30.0 30.0 30.0 30.0
46.2 30.0 30.0 29.89203600585616 30.0 30.0 30.0 30.0 30.0 30.0 30.0 30.0
46.3 30.0 30.0 29.894333112114495 30.0 30.0 30.0 30.0 30.0 30.0 30.0 30.0
46.4 30.0 30.0 29.89658134377161 30.0 30.0 30.0 30.0 30.0 30.0 30.0 30.0
46.5 30.0 30.0 29.8987817407126 30.0 30.0 30.0 30.0 30.0 30.0 30.0 30.0
46.6 30.0 30.0 29.900935320697446 30.0 30.0 30.0 30.0 30.0 30.0 30.0 30.0
46.7 30.0 30.0 29.90304307983154 30.0 30.0 30.0 30.0 30.0 30.0 30.0 30.0
46.8 30.0 30.0 29.90510599302664 30.0 30.0 30.0 30.0 30.0 30.0 30.0 30.0
46.9 30.0 30.0 29.907125014451637 30.0 30.0 30.0 30.0 30.0 30.0 30.0 30.0
47.0 30.0 30.0 29.909101077973943 30.0 30.0 30.0 30.0 30.0 30.0 30.0 30.0
47.1 30.0 30.0 29.91103509759152 30.0 30.0 30.0 30.0 30.0 30.0 30.0 30.0
47.2 30.0 30.0 29.91292796785549 30.0 30.0 30.0 30.0 30.0 30.0 30.0 30.0
47.3 30.0 30.0 29.914780564284058 30.0 30.0 30.0 30.0 30.0 30.0 30.0 30.0
47.4 30.0 30.0 29.916593743767333 30.0 30.0 30.0 30.0 30.0 30.0 30.0 30.0
47.5 30.0 30.0 29.918368344963735 30.0 30.0 30.0 30.0 30.0 30.0 30.0 30.0
47.6 30.0 30.0 29.92010518868787 30.0 30.0 30.0 30.0 30.0 30.0 30.0 30.0
47.7 30.0 30.0 29.921805078290223 30.0 30.0 30.0 30.0 30.0 30.0 30.0 30.0
47.8 30.0 30.0 29.923468800028772 30.0 30.0 30.0 30.0 30.0 30.0 30.0 30.0
47.9 30.0 30.0 29.925097123432394 30.0 30.0 30.0 30.0 30.0 30.0 30.0 30.0
48.0 30.0 30.0 29.926690801657237 30.0 30.0 30.0 30.0 30.0 30.0 30.0 30.0
48.1 30.0 30.0 29.928250571834727 30.0 30.0 30.0 30.0 30.0 30.0 30.0 30.0
48.2 30.0 30.0 29.929777155412733 30.0 30.0 30.0 30.0 30.0 30.0 30.0 30.0
48.3 30.0 30.0 29.931271258489073 30.0 30.0 30.0 30.0 30.0 30.0 30.0 30.0
48.4 30.0 30.0 29.932733572138265 30.0 30.0 30.0 30.0 30.0 30.0 30.0 30.0
48.5 30.0 30.0 29.93416477273111 30.0 30.0 30.0 30.0 30.0 30.0 30.0 30.0
48.6 30.0 30.0 29.93556552224748 30.0 30.0 30.0 30.0 30.0 30.0 30.0 30.0
48.7 30.0 30.0 29.93693646858267 30.0 30.0 30.0 30.0 30.0 30.0 30.0 30.0
48.8 30.0 30.0 29.938278245846828 30.0 30.0 30.0 30.0 30.0 30.0 30.0 30.0
48.9 30.0 30.0 29.939591474658634 30.0 30.0 30.0 30.0 30.0 30.0 30.0 30.0
49.0 30.0 30.0 29.94087676243186 30.0 30.0 30.0 30.0 30.0 30.0 30.0 30.0
49.1 30.0 30.0 29.942134703656755 30.0 30.0 30.0 30.0 30.0 30.0 30.0 30.0
49.2 30.0 30.0 29.943365880174714 30.0 30.0 30.0 30.0 30.0 30.0 30.0 30.0
49.3 30.0 30.0 29.94457086144756 30.0 30.0 30.0 30.0 30.0 30.0 30.0 30.0
49.4 30.0 30.0 29.945750204820996 30.0 30.0 30.0 30.0 30.0 30.0 30.0 30.0
49.5 30.0 30.0 29.946904455782274 30.0 30.0 30.0 30.0 30.0 30.0 30.0 30.0
49.6 30.0 30.0 29.94803414821243 30.0 30.0 30.0 30.0 30.0 30.0 30.0 30.0
49.7 30.0 30.0 29.949139804633486 30.0 30.0 30.0 30.0 30.0 30.0 30.0 30.0
49.8 30.0 30.0 29.950221936449765 30.0 30.0 30.0 30.0 30.0 30.0 30.0 30.0
49.9 30.0 30.0 29.951281044184846 30.0 30.0 30.0 30.0 30.0 30.0 30.0 30.0
50.0 30.0 30.0 29.95231761771279 30.0 30.0 30.0 30.0 30.0 30.0 30.0 30.0
50.1 30.0 30.0 29.953332136484864 30.0 30.0 30.0 30.0 30.0 30.0 30.0 30.0
50.2 30.0 30.0 29.954325069751174 30.0 30.0 30.0 30.0 30.0 30.0 30.0 30.0
50.3 30.0 30.0 29.955296876777716 30.0 30.0 30.0 30.0 30.0 30.0 30.0 30.0
50.4 30.0 30.0 29.956248007059028 30.0 30.0 30.0 30.0 30.0 30.0 30.0 30.0
50.5 30.0 30.0 29.957178900525818 30.0 30.0 30.0 30.0 30.0 30.0 30.0 30.0
50.6 30.0 30.0 29.958089987748654 30.0 30.0 30.0 30.0 30.0 30.0 30.0 30.0
50.7 30.0 30.0 29.958981690136966 30.0 30.0 30.0 30.0 30.0 30.0 30.0 30.0
50.8 30.0 30.0 29.959854420134032 30.0 30.0 30.0 30.0 30.0 30.0 30.0 30.0
50.9 30.0 30.0 29.960708581407747 30.0 30.0 30.0 30.0 30.0 30.0 30.0 30.0
51.0 30.0 30.0 29.96154456903739 30.0 30.0 30.0 30.0 30.0 30.0 30.0 30.0
51.1 30.0 30.0 29.962362769696178 30.0 30.0 30.0 30.0 30.0 30.0 30.0 30.0
51.2 30.0 30.0 29.963163561830275 30.0 30.0 30.0 30.0 30.0 30.0 30.0 30.0
51.3 30.0 30.0 29.963947315833916 30.0 30.0 30.0 30.0 30.0 30.0 30.0 30.0
51.4 30.0 30.0 29.964714394220465 30.0 30.0 30.0 30.0 30.0 30.0 30.0 30.0
51.5 30.0 30.0 29.965465151790287 30.0 30.0 30.0 30.0 30.0 30.0 30.0 30.0
51.6 30.0 30.0 29.966199935794748 30.0 30.0 30.0 30.0 30.0 30.0 30.0 30.0
51.7 30.0 30.0 29.966919086097022 30.0 30.0 30.0 30.0 30.0 30.0 30.0 30.0
51.8 30.0 30.0 29.96762293532902 30.0 30.0 30.0 30.0 30.0 30.0 30.0 30.0
51.9 30.0 30.0 29.968311809045446 30.0 30.0 30.0 30.0 30.0 30.0 30.0 30.0
52.0 30.0 30.0 29.968986025874308 30.0 30.0 30.0 30.0 30.0 30.0 30.0 30.0
52.1 30.0 30.0 29.969645897664222 30.0 30.0 30.0 30.0 30.0 30.0 30.0 30.0
52.2 30.0 30.0 29.970291729628837 30.0 30.0 30.0 30.0 30.0 30.0 30.0 30.0
52.3 30.0 30.0 29.970923820487812 30.0 30.0 30.0 30.0 30.0 30.0 30.0 30.0
52.4 30.0 30.0 29.971542462605093 30.0 30.0 30.0 30.0 30.0 30.0 30.0 30.0
52.5 30.0 30.0 29.972147942124163 30.0 30.0 30.0 30.0 30.0 30.0 30.0 30.0
52.6 30.0 30.0 29.972740539100204 30.0 30.0 30.0 30.0 30.0 30.0 30.0 30.0
52.7 30.0 30.0 29.973320527629966 30.0 30.0 30.0 30.0 30.0 30.0 30.0 30.0
52.8 30.0 30.0 29.973888175978285 30.0 30.0 30.0 30.0 30.0 30.0 30.0 30.0
52.9 30.0 30.0 29.974443746702168 30.0 30.0 30.0 30.0 30.0 30.0 30.0 30.0
53.0 30.0 30.0 29.974987496772364 30.0 30.0 30.0 30.0 30.0 30.0 30.0 30.0
53.1 30.0 30.0 29.97551967769213 30.0 30.0 30.0 30.0 30.0 30.0 30.0 30.0
53.2 30.0 30.0 29.97604053561359 30.0 30.0 30.0 30.0 30.0 30.0 30.0 30.0
53.3 30.0 30.0 29.976550311451632 30.0 30.0 30.0 30.0 30.0 30.0 30.0 30.0
53.4 30.0 30.0 29.977049240995182 30.0 30.0 30.0 30.0 30.0 30.0 30.0 30.0
53.5 30.0 30.0 29.97753755501652 30.0 30.0 30.0 30.0 30.0 30.0 30.0 30.0
53.6 30.0 30.0 29.97801547937792 30.0 30.0 30.0 30.0 30.0 30.0 30.0 30.0
53.7 30.0 30.0 29.978483235135833 30.0 30.0 30.0 30.0 30.0 30.0 30.0 30.0
53.8 30.0 30.0 29.978941038643576 30.0 30.0 30.0 30.0 30.0 30.0 30.0 30.0
53.9 30.0 30.0 29.979389101651154 30.0 30.0 30.0 30.0 30.0 30.0 30.0 30.0
54.0 30.0 30.0 29.97982763140329 30.0 30.0 30.0 30.0 30.0 30.0 30.0 30.0
54.1 30.0 30.0 29.980256830735097 30.0 30.0 30.0 30.0 30.0 30.0 30.0 30.0
54.2 30.0 30.0 29.980676898166248 30.0 30.0 30.0 30.0 30.0 30.0 30.0 30.0
54.3 30.0 30.0 29.98108802799248 30.0 30.0 30.0 30.0 30.0 30.0 30.0 30.0
54.4 30.0 30.0 29.981490410375592 30.0 30.0 30.0 30.0 30.0 30.0 30.0 30.0
54.5 30.0 30.0 29.981884231431383 30.0 30.0 30.0 30.0 30.0 30.0 30.0 30.0
54.6 30.0 30.0 29.982269673315777 30.0 30.0 30.0 30.0 30.0 30.0 30.0 30.0
54.7 30.0 30.0 29.982646914309086 30.0 30.0 30.0 30.0 30.0 30.0 30.0 30.0
54.8 30.0 30.0 29.983016128898257 30.0 30.0 30.0 30.0 30.0 30.0 30.0 30.0
54.9 30.0 30.0 29.983377487857847 30.0 30.0 30.0 30.0 30.0 30.0 30.0 30.0
55.0 30.0 30.0 29.983731158328993 30.0 30.0 30.0 30.0 30.0 30.0 30.0 30.0
55.1 30.0 30.0 29.984077303896505 30.0 30.0 30.0 30.0 30.0 30.0 30.0 30.0
55.2 30.0 30.0 29.984416084664637 30.0 30.0 30.0 30.0 30.0 30.0 30.0 30.0
55.3 30.0 30.0 29.984747657331397 30.0 30.0 30.0 30.0 30.0 30.0 30.0 30.0
55.4 30.0 30.0 29.985072175260516 30.0 30.0 30.0 30.0 30.0 30.0 30.0 30.0
55.5 30.0 30.0 29.985389788552876 30.0 30.0 30.0 30.0 30.0 30.0 30.0 30.0
55.6 30.0 30.0 29.985700644115575 30.0 30.0 30.0 30.0 30.0 30.0 30.0 30.0
55.7 30.0 30.0 29.986004885730143 30.0 30.0 30.0 30.0 30.0 30.0 30.0 30.0
55.8 30.0 30.0 29.98630265411883 30.0 30.0 30.0 30.0 30.0 30.0 30.0 30.0
55.9 30.0 30.0 29.986594087009898 30.0 30.0 30.0 30.0 30.0 30.0 30.0 30.0
56.0 30.0 30.0 29.986879319201204 30.0 30.0 30.0 30.0 30.0 30.0 30.0 30.0
56.1 30.0 30.0 29.9871584826225 30.0 30.0 30.0 30.0 30.0 30.0 30.0 30.0
56.2 30.0 30.0 29.987431706396496 30.0 30.0 30.0 30.0 30.0 30.0 30.0 30.0
56.3 30.0 30.0 29.987699116898728 30.0 30.0 30.0 30.0 30.0 30.0 30.0 30.0
56.4 30.0 30.0 29.98796083781574 30.0 30.0 30.0 30.0 30.0 30.0 30.0 30.0
56.5 30.0 30.0 29.988216990202638 30.0 30.0 30.0 30.0 30.0 30.0 30.0 30.0
56.6 30.0 30.0 29.988467692538705 30.0 30.0 30.0 30.0 30.0 30.0 30.0 30.0
56.7 30.0 30.0 29.988713060782587 30.0 30.0 30.0 30.0 30.0 30.0 30.0 30.0
56.8 30.0 30.0 29.988953208425478 30.0 30.0 30.0 30.0 30.0 30.0 30.0 30.0
56.9 30.0 30.0 29.98918824654407 30.0 30.0 30.0 30.0 30.0 30.0 30.0 30.0
57.0 30.0 30.0 29.989418283851617 30.0 30.0 30.0 30.0 30.0 30.0 30.0 30.0
57.1 30.0 30.0 29.98964342674835 30.0 30.0 30.0 30.0 30.0 30.0 30.0 30.0
57.2 30.0 30.0 29.989863779370744 30.0 30.0 30.0 30.0 30.0 30.0 30.0 30.0
57.3 30.0 30.0 29.99007944363948 30.0 30.0 30.0 30.0 30.0 30.0 30.0 30.0
57.4 30.0 30.0 29.99029051930668 30.0 30.0 30.0 30.0 30.0 30.0 30.0 30.0
57.5 30.0 30.0 29.99049710400224 30.0 30.0 30.0 30.0 30.0 30.0 30.0 30.0
57.6 30.0 30.0 29.99069929327875 30.0 30.0 30.0 30.0 30.0 30.0 30.0 30.0
57.7 30.0 30.0 29.990897180655768 30.0 30.0 30.0 30.0 30.0 30.0 30.0 30.0
57.8 30.0 30.0 29.9910908576631 30.0 30.0 30.0 30.0 30.0 30.0 30.0 30.0
57.9 30.0 30.0 29.991280413883075 30.0 30.0 30.0 30.0 30.0 30.0 30.0 30.0
58.0 30.0 30.0 29.991465936991947 30.0 30.0 30.0 30.0 30.0 30.0 30.0 30.0
58.1 30.0 30.0 29.99164751280064 30.0 30.0 30.0 30.0 30.0 30.0 30.0 30.0
58.2 30.0 30.0 29.99182522529421 30.0 30.0 30.0 30.0 30.0 30.0 30.0 30.0
58.3 30.0 30.0 29.99199915667096 30.0 30.0 30.0 30.0 30.0 30.0 30.0 30.0
58.4 30.0 30.0 29.992169387380045 30.0 30.0 30.0 30.0 30.0 30.0 30.0 30.0
58.5 30.0 30.0 29.992335996159227 30.0 30.0 30.0 30.0 30.0 30.0 30.0 30.0
58.6 30.0 30.0 29.992499060070767 30.0 30.0 30.0 30.0 30.0 30.0 30.0 30.0
58.7 30.0 30.0 29.992658654537315 30.0 30.0 30.0 30.0 30.0 30.0 30.0 30.0
58.8 30.0 30.0 29.992814853376952 30.0 30.0 30.0 30.0 30.0 30.0 30.0 30.0
58.9 30.0 30.0 29.992967728837034 30.0 30.0 30.0 30.0 30.0 30.0 30.0 30.0
59.0 30.0 30.0 29.993117351627767 30.0 30.0 30.0 30.0 30.0 30.0 30.0 30.0
59.1 30.0 30.0 29.99326379095483 30.0 30.0 30.0 30.0 30.0 30.0 30.0 30.0
59.2 30.0 30.0 29.99340711455149 30.0 30.0 30.0 30.0 30.0 30.0 30.0 30.0
59.3 30.0 30.0 29.993547388709946 30.0 30.0 30.0 30.0 30.0 30.0 30.0 30.0
59.4 30.0 30.0 29.993684678311904 30.0 30.0 30.0 30.0 30.0 30.0 30.0 30.0
59.5 30.0 30.0 29.993819046858473 30.0 30.0 30.0 30.0 30.0 30.0 30.0 30.0
59.6 30.0 30.0 29.993950556499787 30.0 30.0 30.0 30.0 30.0 30.0 30.0 30.0
59.7 30.0 30.0 29.99407926806362 30.0 30.0 30.0 30.0 30.0 30.0 30.0 30.0
59.8 30.0 30.0 29.994205241083563 30.0 30.0 30.0 30.0 30.0 30.0 30.0 30.0
59.9 30.0 30.0 29.994328533826486 30.0 30.0 30.0 30.0 30.0 30.0 30.0 30.0
60.0 30.0 30.0 29.994449203319554 30.0 30.0 30.0 30.0 30.0 30.0 30.0 30.0
60.1 30.0 30.0 29.994567305376613 30.0 30.0 30.0 30.0 30.0 30.0 30.0 30.0
60.2 30.0 30.0 29.994682894623946 30.0 30.0 30.0 30.0 30.0 30.0 30.0 30.0
60.3 30.0 30.0 29.994796024525524 30.0 30.0 30.0 30.0 30.0 30.0 30.0 30.0
60.4 30.0 30.0 29.994906747407963 30.0 30.0 30.0 30.0 30.0 30.0 30.0 30.0
60.5 30.0 30.0 29.995015114484424 30.0 30.0 30.0 30.0 30.0 30.0 30.0 30.0
60.6 30.0 30.0 29.995121175878424 30.0 30.0 30.0 30.0 30.0 30.0 30.0 30.0
60.7 30.0 30.0 29.995224980646938 30.0 30.0 30.0 30.0 30.0 30.0 30.0 30.0
60.8 30.0 30.0 29.995326576803354 30.0 30.0 30.0 30.0 30.0 30.0 30.0 30.0
60.9 30.0 30.0 29.99542601133943 30.0 30.0 30.0 30.0 30.0 30.0 30.0 30.0
61.0 30.0 30.0 29.99552333024715 30.0 30.0 30.0 30.0 30.0 30.0 30.0 30.0
61.1 30.0 30.0 29.995618578539723 30.0 30.0 30.0 30.0 30.0 30.0 30.0 30.0
61.2 30.0 30.0 29.995711800272886 30.0 30.0 30.0 30.0 30.0 30.0 30.0 30.0
61.3 30.0 30.0 29.99580303856491 30.0 30.0 30.0 30.0 30.0 30.0 30.0 30.0
61.4 30.0 30.0 29.995892335616738 30.0 30.0 30.0 30.0 30.0 30.0 30.0 30.0
61.5 30.0 30.0 29.99597973273123 30.0 30.0 30.0 30.0 30.0 30.0 30.0 30.0
61.6 30.0 30.0 29.996065270332714 30.0 30.0 30.0 30.0 30.0 30.0 30.0 30.0
61.7 30.0 30.0 29.996148987985183 30.0 30.0 30.0 30.0 30.0 30.0 30.0 30.0
61.8 30.0 30.0 29.99623092441105 30.0 30.0 30.0 30.0 30.0 30.0 30.0 30.0
61.9 30.0 30.0 29.996311117508668 30.0 30.0 30.0 30.0 30.0 30.0 30.0 30.0
62.0 30.0 30.0 29.99638960437023 30.0 30.0 30.0 30.0 30.0 30.0 30.0 30.0
62.1 30.0 30.0 29.996466421298507 30.0 30.0 30.0 30.0 30.0 30.0 30.0 30.0
62.2 30.0 30.0 29.99654160382407 30.0 30.0 30.0 30.0 30.0 30.0 30.0 30.0
62.3 30.0 30.0 29.996615186721453 30.0 30.0 30.0 30.0 30.0 30.0 30.0 30.0
62.4 30.0 30.0 29.9966872040253 30.0 30.0 30.0 30.0 30.0 30.0 30.0 30.0
62.5 30.0 30.0 29.996757689046042 30.0 30.0 30.0 30.0 30.0 30.0 30.0 30.0
62.6 30.0 30.0 29.996826674385495 30.0 30.0 30.0 30.0 30.0 30.0 30.0 30.0
62.7 30.0 30.0 29.996894191951725 30.0 30.0 30.0 30.0 30.0 30.0 30.0 30.0
62.8 30.0 30.0 29.99696027297407 30.0 30.0 30.0 30.0 30.0 30.0 30.0 30.0
62.9 30.0 30.0 29.997024948017174 30.0 30.0 30.0 30.0 30.0 30.0 30.0 30.0
63.0 30.0 30.0 29.997088246995563 30.0 30.0 30.0 30.0 30.0 30.0 30.0 30.0
63.1 30.0 30.0 29.997150199187136 30.0 30.0 30.0 30.0 30.0 30.0 30.0 30.0
63.2 30.0 30.0 29.99721083324697 30.0 30.0 30.0 30.0 30.0 30.0 30.0 30.0
63.3 30.0 30.0 29.997270177220404 30.0 30.0 30.0 30.0 30.0 30.0 30.0 30.0
63.4 30.0 30.0 29.99732825855618 30.0 30.0 30.0 30.0 30.0 30.0 30.0 30.0
63.5 30.0 30.0 29.997385104118838 30.0 30.0 30.0 30.0 30.0 30.0 30.0 30.0
63.6 30.0 30.0 29.99744074020138 30.0 30.0 30.0 30.0 30.0 30.0 30.0 30.0
63.7 30.0 30.0 29.99749519253748 30.0 30.0 30.0 30.0 30.0 30.0 30.0 30.0
63.8 30.0 30.0 29.997548486313274 30.0 30.0 30.0 30.0 30.0 30.0 30.0 30.0
63.9 30.0 30.0 29.997600646178963 30.0 30.0 30.0 30.0 30.0 30.0 30.0 30.0
64.0 30.0 30.0 29.997651696260256 30.0 30.0 30.0 30.0 30.0 30.0 30.0 30.0
64.1 30.0 30.0 29.997701660169565 30.0 30.0 30.0 30.0 30.0 30.0 30.0 30.0
64.2 30.0 30.0 29.997750561017057 30.0 30.0 30.0 30.0 30.0 30.0 30.0 30.0
64.3 30.0 30.0 29.997798421420992 30.0 30.0 30.0 30.0 30.0 30.0 30.0 30.0
64.4 30.0 30.0 29.99784526351838 30.0 30.0 30.0 30.0 30.0 30.0 30.0 30.0
64.5 30.0 30.0 29.99789110897541 30.0 30.0 30.0 30.0 30.0 30.0 30.0 30.0
64.6 30.0 30.0 29.99793597899724 30.0 30.0 30.0 30.0 30.0 30.0 30.0 30.0
64.7 30.0 30.0 29.997979894337774 30.0 30.0 30.0 30.0 30.0 30.0 30.0 30.0
64.8 30.0 30.0 29.998022875309314 30.0 30.0 30.0 30.0 30.0 30.0 30.0 30.0
64.9 30.0 30.0 29.998064941792055 30.0 30.0 30.0 30.0 30.0 30.0 30.0 30.0
65.0 30.0 30.0 29.998106113243285 30.0 30.0 30.0 30.0 30.0 30.0 30.0 30.0
65.1 30.0 30.0 29.99814640870618 30.0 30.0 30.0 30.0 30.0 30.0 30.0 30.0
65.2 30.0 30.0 29.998185846818803 30.0 30.0 30.0 30.0 30.0 30.0 30.0 30.0
65.3 30.0 30.0 29.998224445822615 30.0 30.0 30.0 30.0 30.0 30.0 30.0 30.0
65.4 30.0 30.0 29.998262223571093 30.0 30.0 30.0 30.0 30.0 30.0 30.0 30.0
65.5 30.0 30.0 29.998299197537662 30.0 30.0 30.0 30.0 30.0 30.0 30.0 30.0
65.6 30.0 30.0 29.998335384824117 30.0 30.0 30.0 30.0 30.0 30.0 30.0 30.0
65.7 30.0 30.0 29.998370802168253 30.0 30.0 30.0 30.0 30.0 30.0 30.0 30.0
65.8 30.0 30.0 29.998405465951908 30.0 30.0 30.0 30.0 30.0 30.0 30.0 30.0
65.9 30.0 30.0 29.998439392208216 30.0 30.0 30.0 30.0 30.0 30.0 30.0 30.0
66.0 30.0 30.0 29.998472596629348 30.0 30.0 30.0 30.0 30.0 30.0 30.0 30.0
66.1 30.0 30.0 29.998505094573378 30.0 30.0 30.0 30.0 30.0 30.0 30.0 30.0
66.2 30.0 30.0 29.998536901071837 30.0 30.0 30.0 30.0 30.0 30.0 30.0 30.0
66.3 30.0 30.0 29.99856803083628 30.0 30.0 30.0 30.0 30.0 30.0 30.0 30.0
66.4 30.0 30.0 29.998598498265277 30.0 30.0 30.0 30.0 30.0 30.0 30.0 30.0
66.5 30.0 30.0 29.998628317451146 30.0 30.0 30.0 30.0 30.0 30.0 30.0 30.0
66.6 30.0 30.0 29.99865750218619 30.0 30.0 30.0 30.0 30.0 30.0 30.0 30.0
66.7 30.0 30.0 29.99868606596943 30.0 30.0 30.0 30.0 30.0 30.0 30.0 30.0
66.8 30.0 30.0 29.998714022012642 30.0 30.0 30.0 30.0 30.0 30.0 30.0 30.0
66.9 30.0 30.0 29.99874138324641 30.0 30.0 30.0 30.0 30.0 30.0 30.0 30.0
67.0 30.0 30.0 29.998768162326265 30.0 30.0 30.0 30.0 30.0 30.0 30.0 30.0
67.1 30.0 30.0 29.998794371638457 30.0 30.0 30.0 30.0 30.0 30.0 30.0 30.0
67.2 30.0 30.0 29.99882002330568 30.0 30.0 30.0 30.0 30.0 30.0 30.0 30.0
67.3 30.0 30.0 29.998845129192773 30.0 30.0 30.0 30.0 30.0 30.0 30.0 30.0
67.4 30.0 30.0 29.998869700912056 30.0 30.0 30.0 30.0 30.0 30.0 30.0 30.0
67.5 30.0 30.0 29.99889374982882 30.0 30.0 30.0 30.0 30.0 30.0 30.0 30.0
67.6 30.0 30.0 29.998917287066476 30.0 30.0 30.0 30.0 30.0 30.0 30.0 30.0
67.7 30.0 30.0 29.99894032351187 30.0 30.0 30.0 30.0 30.0 30.0 30.0 30.0
67.8 30.0 30.0 29.998962869820122 30.0 30.0 30.0 30.0 30.0 30.0 30.0 30.0
67.9 30.0 30.0 29.99898493641965 30.0 30.0 30.0 30.0 30.0 30.0 30.0 30.0
68.0 30.0 30.0 29.99900653351711 30.0 30.0 30.0 30.0 30.0 30.0 30.0 30.0
68.1 30.0 30.0 29.99902767110186 30.0 30.0 30.0 30.0 30.0 30.0 30.0 30.0
68.2 30.0 30.0 29.999048358950766 30.0 30.0 30.0 30.0 30.0 30.0 30.0 30.0
68.3 30.0 30.0 29.999068606632683 30.0 30.0 30.0 30.0 30.0 30.0 30.0 30.0
68.4 30.0 30.0 29.99908842351279 30.0 30.0 30.0 30.0 30.0 30.0 30.0 30.0
68.5 30.0 30.0 29.999107818757157 30.0 30.0 30.0 30.0 30.0 30.0 30.0 30.0
68.6 30.0 30.0 29.99912680133678 30.0 30.0 30.0 30.0 30.0 30.0 30.0 30.0
68.7 30.0 30.0 29.99914538003177 30.0 30.0 30.0 30.0 30.0 30.0 30.0 30.0
68.8 30.0 30.0 29.999163563435303 30.0 30.0 30.0 30.0 30.0 30.0 30.0 30.0
68.9 30.0 30.0 29.99918135995798 30.0 30.0 30.0 30.0 30.0 30.0 30.0 30.0
69.0 30.0 30.0 29.99919877783121 30.0 30.0 30.0 30.0 30.0 30.0 30.0 30.0
69.1 30.0 30.0 29.999215825111378 30.0 30.0 30.0 30.0 30.0 30.0 30.0 30.0
69.2 30.0 30.0 29.99923250968351 30.0 30.0 30.0 30.0 30.0 30.0 30.0 30.0
69.3 30.0 30.0 29.99924883926467 30.0 30.0 30.0 30.0 30.0 30.0 30.0 30.0
69.4 30.0 30.0 29.999264821408016 30.0 30.0 30.0 30.0 30.0 30.0 30.0 30.0
69.5 30.0 30.0 29.99928046350571 30.0 30.0 30.0 30.0 30.0 30.0 30.0 30.0
69.6 30.0 30.0 29.99929577279278 30.0 30.0 30.0 30.0 30.0 30.0 30.0 30.0
69.7 30.0 30.0 29.99931075635042 30.0 30.0 30.0 30.0 30.0 30.0 30.0 30.0
69.8 30.0 30.0 29.999325421108885 30.0 30.0 30.0 30.0 30.0 30.0 30.0 30.0
69.9 30.0 30.0 29.999339773851254 30.0 30.0 30.0 30.0 30.0 30.0 30.0 30.0
70.0 30.0 30.0 29.99935382121617 30.0 30.0 30.0 30.0 30.0 30.0 30.0 30.0
70.1 30.0 30.0 29.999367569700905 30.0 30.0 30.0 30.0 30.0 30.0 30.0 30.0
70.2 30.0 30.0 29.99938102566476 30.0 30.0 30.0 30.0 30.0 30.0 30.0 30.0
70.3 30.0 30.0 29.99939419533149 30.0 30.0 30.0 30.0 30.0 30.0 30.0 30.0
70.4 30.0 30.0 29.99940708479248 30.0 30.0 30.0 30.0 30.0 30.0 30.0 30.0
70.5 30.0 30.0 29.999419700009664 30.0 30.0 30.0 30.0 30.0 30.0 30.0 30.0
70.6 30.0 30.0 29.99943204681793 30.0 30.0 30.0 30.0 30.0 30.0 30.0 30.0
70.7 30.0 30.0 29.99944413092823 30.0 30.0 30.0 30.0 30.0 30.0 30.0 30.0
70.8 30.0 30.0 29.999455957929797 30.0 30.0 30.0 30.0 30.0 30.0 30.0 30.0
70.9 30.0 30.0 29.99946753329295 30.0 30.0 30.0 30.0 30.0 30.0 30.0 30.0
71.0 30.0 30.0 29.99947886237181 30.0 30.0 30.0 30.0 30.0 30.0 30.0 30.0
71.1 30.0 30.0 29.999489950406414 30.0 30.0 30.0 30.0 30.0 30.0 30.0 30.0
71.2 30.0 30.0 29.99950080252545 30.0 30.0 30.0 30.0 30.0 30.0 30.0 30.0
71.3 30.0 30.0 29.999511423748352 30.0 30.0 30.0 30.0 30.0 30.0 30.0 30.0
71.4 30.0 30.0 29.999521818987755 30.0 30.0 30.0 30.0 30.0 30.0 30.0 30.0
71.5 30.0 30.0 29.999531993051882 30.0 30.0 30.0 30.0 30.0 30.0 30.0 30.0
71.6 30.0 30.0 29.999541950646496 30.0 30.0 30.0 30.0 30.0 30.0 30.0 30.0
71.7 30.0 30.0 29.999551696377416 30.0 30.0 30.0 30.0 30.0 30.0 30.0 30.0
71.8 30.0 30.0 29.99956123475235 30.0 30.0 30.0 30.0 30.0 30.0 30.0 30.0
71.9 30.0 30.0 29.99957057018312 30.0 30.0 30.0 30.0 30.0 30.0 30.0 30.0
72.0 30.0 30.0 29.999579706987696 30.0 30.0 30.0 30.0 30.0 30.0 30.0 30.0
72.1 30.0 30.0 29.99958864939223 30.0 30.0 30.0 30.0 30.0 30.0 30.0 30.0
72.2 30.0 30.0 29.999597401532796 30.0 30.0 30.0 30.0 30.0 30.0 30.0 30.0
72.3 30.0 30.0 29.999605967457608 30.0 30.0 30.0 30.0 30.0 30.0 30.0 30.0
72.4 30.0 30.0 29.999614351128685 30.0 30.0 30.0 30.0 30.0 30.0 30.0 30.0
72.5 30.0 30.0 29.99962255642385 30.0 30.0 30.0 30.0 30.0 30.0 30.0 30.0
72.6 30.0 30.0 29.999630587138224 30.0 30.0 30.0 30.0 30.0 30.0 30.0 30.0
72.7 30.0 30.0 29.999638446986307 30.0 30.0 30.0 30.0 30.0 30.0 30.0 30.0
72.8 30.0 30.0 29.999646139603666 30.0 30.0 30.0 30.0 30.0 30.0 30.0 30.0
72.9 30.0 30.0 29.999653668548262 30.0 30.0 30.0 30.0 30.0 30.0 30.0 30.0
73.0 30.0 30.0 29.999661037302587 30.0 30.0 30.0 30.0 30.0 30.0 30.0 30.0
73.1 30.0 30.0 29.99966824927483 30.0 30.0 30.0 30.0 30.0 30.0 30.0 30.0
73.2 30.0 30.0 29.999675307800903 30.0 30.0 30.0 30.0 30.0 30.0 30.0 30.0
73.3 30.0 30.0 29.999682216145594 30.0 30.0 30.0 30.0 30.0 30.0 30.0 30.0
73.4 30.0 30.0 29.99968897750424 30.0 30.0 30.0 30.0 30.0 30.0 30.0 30.0
73.5 30.0 30.0 29.999695595004134 30.0 30.0 30.0 30.0 30.0 30.0 30.0 30.0
73.6 30.0 30.0 29.999702071706224 30.0 30.0 30.0 30.0 30.0 30.0 30.0 30.0
73.7 30.0 30.0 29.999708410606125 30.0 30.0 30.0 30.0 30.0 30.0 30.0 30.0
73.8 30.0 30.0 29.9997146146358 30.0 30.0 30.0 30.0 30.0 30.0 30.0 30.0
73.9 30.0 30.0 29.999720686664798 30.0 30.0 30.0 30.0 30.0 30.0 30.0 30.0
74.0 30.0 30.0 29.999726629501723 30.0 30.0 30.0 30.0 30.0 30.0 30.0 30.0
74.1 30.0 30.0 29.999732445895273 30.0 30.0 30.0 30.0 30.0 30.0 30.0 30.0
74.2 30.0 30.0 29.99973813853581 30.0 30.0 30.0 30.0 30.0 30.0 30.0 30.0
74.3 30.0 30.0 29.999743710056332 30.0 30.0 30.0 30.0 30.0 30.0 30.0 30.0
74.4 30.0 30.0 29.999749163033893 30.0 30.0 30.0 30.0 30.0 30.0 30.0 30.0
74.5 30.0 30.0 29.9997544999906 30.0 30.0 30.0 30.0 30.0 30.0 30.0 30.0
74.6 30.0 30.0 29.99975972339506 30.0 30.0 30.0 30.0 30.0 30.0 30.0 30.0
74.7 30.0 30.0 29.99976483566323 30.0 30.0 30.0 30.0 30.0 30.0 30.0 30.0
74.8 30.0 30.0 29.9997698391598 30.0 30.0 30.0 30.0 30.0 30.0 30.0 30.0
74.9 30.0 30.0 29.99977473619895 30.0 30.0 30.0 30.0 30.0 30.0 30.0 30.0
75.0 30.0 30.0 29.99977952904581 30.0 30.0 30.0 30.0 30.0 30.0 30.0 30.0
75.1 30.0 30.0 29.99978421991722 30.0 30.0 30.0 30.0 30.0 30.0 30.0 30.0
75.2 30.0 30.0 29.99978881098281 30.0 30.0 30.0 30.0 30.0 30.0 30.0 30.0
75.3 30.0 30.0 29.999793304366154 30.0 30.0 30.0 30.0 30.0 30.0 30.0 30.0
75.4 30.0 30.0 29.99979770214564 30.0 30.0 30.0 30.0 30.0 30.0 30.0 30.0
75.5 30.0 30.0 29.999802006355342 30.0 30.0 30.0 30.0 30.0 30.0 30.0 30.0
75.6 30.0 30.0 29.999806218986087 30.0 30.0 30.0 30.0 30.0 30.0 30.0 30.0
75.7 30.0 30.0 29.99981034198642 30.0 30.0 30.0 30.0 30.0 30.0 30.0 30.0
75.8 30.0 30.0 29.999814377263284 30.0 30.0 30.0 30.0 30.0 30.0 30.0 30.0
75.9 30.0 30.0 29.999818326683165 30.0 30.0 30.0 30.0 30.0 30.0 30.0 30.0
76.0 30.0 30.0 29.9998221920729 30.0 30.0 30.0 30.0 30.0 30.0 30.0 30.0
76.1 30.0 30.0 29.99982597522032 30.0 30.0 30.0 30.0 30.0 30.0 30.0 30.0
76.2 30.0 30.0 29.999829677875226 30.0 30.0 30.0 30.0 30.0 30.0 30.0 30.0
76.3 30.0 30.0 29.99983330175019 30.0 30.0 30.0 30.0 30.0 30.0 30.0 30.0
76.4 30.0 30.0 29.999836848521483 30.0 30.0 30.0 30.0 30.0 30.0 30.0 30.0
76.5 30.0 30.0 29.99984031982958 30.0 30.0 30.0 30.0 30.0 30.0 30.0 30.0
76.6 30.0 30.0 29.999843717280033 30.0 30.0 30.0 30.0 30.0 30.0 30.0 30.0
76.7 30.0 30.0 29.99984704244433 30.0 30.0 30.0 30.0 30.0 30.0 30.0 30.0
76.8 30.0 30.0 29.999850296860387 30.0 30.0 30.0 30.0 30.0 30.0 30.0 30.0
76.9 30.0 30.0 29.999853482033615 30.0 30.0 30.0 30.0 30.0 30.0 30.0 30.0
77.0 30.0 30.0 29.999856599437198 30.0 30.0 30.0 30.0 30.0 30.0 30.0 30.0
77.1 30.0 30.0 29.999859650512978 30.0 30.0 30.0 30.0 30.0 30.0 30.0 30.0
77.2 30.0 30.0 29.99986263667232 30.0 30.0 30.0 30.0 30.0 30.0 30.0 30.0
77.3 30.0 30.0 29.999865559296293 30.0 30.0 30.0 30.0 30.0 30.0 30.0 30.0
77.4 30.0 30.0 29.999868419736757 30.0 30.0 30.0 30.0 30.0 30.0 30.0 30.0
77.5 30.0 30.0 29.999871219316837 30.0 30.0 30.0 30.0 30.0 30.0 30.0 30.0
77.6 30.0 30.0 29.9998739593314 30.0 30.0 30.0 30.0 30.0 30.0 30.0 30.0
77.7 30.0 30.0 29.99987664104774 30.0 30.0 30.0 30.0 30.0 30.0 30.0 30.0
77.8 30.0 30.0 29.99987926570625 30.0 30.0 30.0 30.0 30.0 30.0 30.0 30.0
77.9 30.0 30.0 29.999881834521016 30.0 30.0 30.0 30.0 30.0 30.0 30.0 30.0
78.0 30.0 30.0 29.99988434868018 30.0 30.0 30.0 30.0 30.0 30.0 30.0 30.0
78.1 30.0 30.0 29.999886809346542 30.0 30.0 30.0 30.0 30.0 30.0 30.0 30.0
78.2 30.0 30.0 29.999889217658325 30.0 30.0 30.0 30.0 30.0 30.0 30.0 30.0
78.3 30.0 30.0 29.999891574729464 30.0 30.0 30.0 30.0 30.0 30.0 30.0 30.0
78.4 30.0 30.0 29.999893881650102 30.0 30.0 30.0 30.0 30.0 30.0 30.0 30.0
78.5 30.0 30.0 29.99989613948734 30.0 30.0 30.0 30.0 30.0 30.0 30.0 30.0
78.6 30.0 30.0 29.999898349285456 30.0 30.0 30.0 30.0 30.0 30.0 30.0 30.0
78.7 30.0 30.0 29.999900512066663 30.0 30.0 30.0 30.0 30.0 30.0 30.0 30.0
78.8 30.0 30.0 29.99990262883121 30.0 30.0 30.0 30.0 30.0 30.0 30.0 30.0
78.9 30.0 30.0 29.99990470055816 30.0 30.0 30.0 30.0 30.0 30.0 30.0 30.0
79.0 30.0 30.0 29.999906728205872 30.0 30.0 30.0 30.0 30.0 30.0 30.0 30.0
79.1 30.0 30.0 29.999908712712088 30.0 30.0 30.0 30.0 30.0 30.0 30.0 30.0
79.2 30.0 30.0 29.999910654994817 30.0 30.0 30.0 30.0 30.0 30.0 30.0 30.0
79.3 30.0 30.0 29.999912555952335 30.0 30.0 30.0 30.0 30.0 30.0 30.0 30.0
79.4 30.0 30.0 29.999914416463945 30.0 30.0 30.0 30.0 30.0 30.0 30.0 30.0
79.5 30.0 30.0 29.999916237390284 30.0 30.0 30.0 30.0 30.0 30.0 30.0 30.0
79.6 30.0 30.0 29.9999180195735 30.0 30.0 30.0 30.0 30.0 30.0 30.0 30.0
79.7 30.0 30.0 29.999919763837852 30.0 30.0 30.0 30.0 30.0 30.0 30.0 30.0
79.8 30.0 30.0 29.99992147099027 30.0 30.0 30.0 30.0 30.0 30.0 30.0 30.0
79.9 30.0 30.0 29.99992314182028 30.0 30.0 30.0 30.0 30.0 30.0 30.0 30.0
80.0 30.0 30.0 29.999924777100652 30.0 30.0 30.0 30.0 30.0 30.0 30.0 30.0
80.1 30.0 30.0 29.999926377587922 30.0 30.0 30.0 30.0 30.0 30.0 30.0 30.0
80.2 30.0 30.0 29.999927944022257 30.0 30.0 30.0 30.0 30.0 30.0 30.0 30.0
80.3 30.0 30.0 29.99992947712816 30.0 30.0 30.0 30.0 30.0 30.0 30.0 30.0
80.4 30.0 30.0 29.99993097761484 30.0 30.0 30.0 30.0 30.0 30.0 30.0 30.0
80.5 30.0 30.0 29.999932446176224 30.0 30.0 30.0 30.0 30.0 30.0 30.0 30.0
80.6 30.0 30.0 29.99993388349163 30.0 30.0 30.0 30.0 30.0 30.0 30.0 30.0
80.7 30.0 30.0 29.999935290225856 30.0 30.0 30.0 30.0 30.0 30.0 30.0 30.0
80.8 30.0 30.0 29.99993666702958 30.0 30.0 30.0 30.0 30.0 30.0 30.0 30.0
80.9 30.0 30.0 29.99993801453954 30.0 30.0 30.0 30.0 30.0 30.0 30.0 30.0
81.0 30.0 30.0 29.999939333379135 30.0 30.0 30.0 30.0 30.0 30.0 30.0 30.0
81.1 30.0 30.0 29.999940624158302 30.0 30.0 30.0 30.0 30.0 30.0 30.0 30.0
81.2 30.0 30.0 29.99994188747411 30.0 30.0 30.0 30.0 30.0 30.0 30.0 30.0
81.3 30.0 30.0 29.999943123910874 30.0 30.0 30.0 30.0 30.0 30.0 30.0 30.0
81.4 30.0 30.0 29.999944334040404 30.0 30.0 30.0 30.0 30.0 30.0 30.0 30.0
81.5 30.0 30.0 29.999945518422525 30.0 30.0 30.0 30.0 30.0 30.0 30.0 30.0
81.6 30.0 30.0 29.999946677605067 30.0 30.0 30.0 30.0 30.0 30.0 30.0 30.0
81.7 30.0 30.0 29.99994781212414 30.0 30.0 30.0 30.0 30.0 30.0 30.0 30.0
81.8 30.0 30.0 29.99994892250445 30.0 30.0 30.0 30.0 30.0 30.0 30.0 30.0
81.9 30.0 30.0 29.99995000925967 30.0 30.0 30.0 30.0 30.0 30.0 30.0 30.0
82.0 30.0 30.0 29.99995107289244 30.0 30.0 30.0 30.0 30.0 30.0 30.0 30.0
82.1 30.0 30.0 29.999952113894754 30.0 30.0 30.0 30.0 30.0 30.0 30.0 30.0
82.2 30.0 30.0 29.999953132748065 30.0 30.0 30.0 30.0 30.0 30.0 30.0 30.0
82.3 30.0 30.0 29.99995412992367 30.0 30.0 30.0 30.0 30.0 30.0 30.0 30.0
82.4 30.0 30.0 29.999955105882695 30.0 30.0 30.0 30.0 30.0 30.0 30.0 30.0
82.5 30.0 30.0 29.9999560610767 30.0 30.0 30.0 30.0 30.0 30.0 30.0 30.0
82.6 30.0 30.0 29.999956995947368 30.0 30.0 30.0 30.0 30.0 30.0 30.0 30.0
82.7 30.0 30.0 29.999957910927193 30.0 30.0 30.0 30.0 30.0 30.0 30.0 30.0
82.8 30.0 30.0 29.99995880643938 30.0 30.0 30.0 30.0 30.0 30.0 30.0 30.0
82.9 30.0 30.0 29.99995968289814 30.0 30.0 30.0 30.0 30.0 30.0 30.0 30.0
83.0 30.0 30.0 29.999960540708773 30.0 30.0 30.0 30.0 30.0 30.0 30.0 30.0
83.1 30.0 30.0 29.99996138026817 30.0 30.0 30.0 30.0 30.0 30.0 30.0 30.0
83.2 30.0 30.0 29.999962201964607 30.0 30.0 30.0 30.0 30.0 30.0 30.0 30.0
83.3 30.0 30.0 29.999963006178138 30.0 30.0 30.0 30.0 30.0 30.0 30.0 30.0
83.4 30.0 30.0 29.999963793280685 30.0 30.0 30.0 30.0 30.0 30.0 30.0 30.0
83.5 30.0 30.0 29.99996456363644 30.0 30.0 30.0 30.0 30.0 30.0 30.0 30.0
83.6 30.0 30.0 29.999965317601642 30.0 30.0 30.0 30.0 30.0 30.0 30.0 30.0
83.7 30.0 30.0 29.999966055525007 30.0 30.0 30.0 30.0 30.0 30.0 30.0 30.0
83.8 30.0 30.0 29.99996677774788 30.0 30.0 30.0 30.0 30.0 30.0 30.0 30.0
83.9 30.0 30.0 29.99996748460436 30.0 30.0 30.0 30.0 30.0 30.0 30.0 30.0
84.0 30.0 30.0 29.999968176421273 30.0 30.0 30.0 30.0 30.0 30.0 30.0 30.0
84.1 30.0 30.0 29.9999688535187 30.0 30.0 30.0 30.0 30.0 30.0 30.0 30.0
84.2 30.0 30.0 29.99996951620982 30.0 30.0 30.0 30.0 30.0 30.0 30.0 30.0
84.3 30.0 30.0 29.999970164801066 30.0 30.0 30.0 30.0 30.0 30.0 30.0 30.0
84.4 30.0 30.0 29.999970799592568 30.0 30.0 30.0 30.0 30.0 30.0 30.0 30.0
84.5 30.0 30.0 29.99997142087788 30.0 30.0 30.0 30.0 30.0 30.0 30.0 30.0
84.6 30.0 30.0 29.99997202894427 30.0 30.0 30.0 30.0 30.0 30.0 30.0 30.0
84.7 30.0 30.0 29.999972624073095 30.0 30.0 30.0 30.0 30.0 30.0 30.0 30.0
84.8 30.0 30.0 29.999973206539625 30.0 30.0 30.0 30.0 30.0 30.0 30.0 30.0
84.9 30.0 30.0 29.999973776613228 30.0 30.0 30.0 30.0 30.0 30.0 30.0 30.0
85.0 30.0 30.0 29.999974334557653 30.0 30.0 30.0 30.0 30.0 30.0 30.0 30.0
85.1 30.0 30.0 29.999974880630848 30.0 30.0 30.0 30.0 30.0 30.0 30.0 30.0
85.2 30.0 30.0 29.99997541508554 30.0 30.0 30.0 30.0 30.0 30.0 30.0 30.0
85.3 30.0 30.0 29.99997593816884 30.0 30.0 30.0 30.0 30.0 30.0 30.0 30.0
85.4 30.0 30.0 29.99997645012273 30.0 30.0 30.0 30.0 30.0 30.0 30.0 30.0
85.5 30.0 30.0 29.99997695118397 30.0 30.0 30.0 30.0 30.0 30.0 30.0 30.0
85.6 30.0 30.0 29.99997744158429 30.0 30.0 30.0 30.0 30.0 30.0 30.0 30.0
85.7 30.0 30.0 29.999977921550574 30.0 30.0 30.0 30.0 30.0 30.0 30.0 30.0
85.8 30.0 30.0 29.99997839130478 30.0 30.0 30.0 30.0 30.0 30.0 30.0 30.0
85.9 30.0 30.0 29.99997885106422 30.0 30.0 30.0 30.0 30.0 30.0 30.0 30.0
86.0 30.0 30.0 29.999979301041563 30.0 30.0 30.0 30.0 30.0 30.0 30.0 30.0
86.1 30.0 30.0 29.999979741444925 30.0 30.0 30.0 30.0 30.0 30.0 30.0 30.0
86.2 30.0 30.0 29.999980172477976 30.0 30.0 30.0 30.0 30.0 30.0 30.0 30.0
86.3 30.0 30.0 29.999980594340126 30.0 30.0 30.0 30.0 30.0 30.0 30.0 30.0
86.4 30.0 30.0 29.99998100722653 30.0 30.0 30.0 30.0 30.0 30.0 30.0 30.0
86.5 30.0 30.0 29.99998141132809 30.0 30.0 30.0 30.0 30.0 30.0 30.0 30.0
86.6 30.0 30.0 29.99998180683173 30.0 30.0 30.0 30.0 30.0 30.0 30.0 30.0
86.7 30.0 30.0 29.999982193920417 30.0 30.0 30.0 30.0 30.0 30.0 30.0 30.0
86.8 30.0 30.0 29.999982572773142 30.0 30.0 30.0 30.0 30.0 30.0 30.0 30.0
86.9 30.0 30.0 29.999982943565232 30.0 30.0 30.0 30.0 30.0 30.0 30.0 30.0
87.0 30.0 30.0 29.99998330646813 30.0 30.0 30.0 30.0 30.0 30.0 30.0 30.0
87.1 30.0 30.0 29.999983661649612 30.0 30.0 30.0 30.0 30.0 30.0 30.0 30.0
87.2 30.0 30.0 29.999984009274065 30.0 30.0 30.0 30.0 30.0 30.0 30.0 30.0
87.3 30.0 30.0 29.999984349502295 30.0 30.0 30.0 30.0 30.0 30.0 30.0 30.0
87.4 30.0 30.0 29.999984682491622 30.0 30.0 30.0 30.0 30.0 30.0 30.0 30.0
87.5 30.0 30.0 29.999985008396084 30.0 30.0 30.0 30.0 30.0 30.0 30.0 30.0
87.6 30.0 30.0 29.99998532736642 30.0 30.0 30.0 30.0 30.0 30.0 30.0 30.0
87.7 30.0 30.0 29.99998563955009 30.0 30.0 30.0 30.0 30.0 30.0 30.0 30.0
87.8 30.0 30.0 29.999985945091545 30.0 30.0 30.0 30.0 30.0 30.0 30.0 30.0
87.9 30.0 30.0 29.999986244132145 30.0 30.0 30.0 30.0 30.0 30.0 30.0 30.0
88.0 30.0 30.0 29.999986536810155 30.0 30.0 30.0 30.0 30.0 30.0 30.0 30.0
88.1 30.0 30.0 29.999986823261025 30.0 30.0 30.0 30.0 30.0 30.0 30.0 30.0
88.2 30.0 30.0 29.99998710361722 30.0 30.0 30.0 30.0 30.0 30.0 30.0 30.0
88.3 30.0 30.0 29.999987378008385 30.0 30.0 30.0 30.0 30.0 30.0 30.0 30.0
88.4 30.0 30.0 29.999987646561365 30.0 30.0 30.0 30.0 30.0 30.0 30.0 30.0
88.5 30.0 30.0 29.999987909400495 30.0 30.0 30.0 30.0 30.0 30.0 30.0 30.0
88.6 30.0 30.0 29.9999881666473 30.0 30.0 30.0 30.0 30.0 30.0 30.0 30.0
88.7 30.0 30.0 29.999988418420784 30.0 30.0 30.0 30.0 30.0 30.0 30.0 30.0
88.8 30.0 30.0 29.999988664837343 30.0 30.0 30.0 30.0 30.0 30.0 30.0 30.0
88.9 30.0 30.0 29.99998890601105 30.0 30.0 30.0 30.0 30.0 30.0 30.0 30.0
89.0 30.0 30.0 29.999989142053373 30.0 30.0 30.0 30.0 30.0 30.0 30.0 30.0
89.1 30.0 30.0 29.999989373073543 30.0 30.0 30.0 30.0 30.0 30.0 30.0 30.0
89.2 30.0 30.0 29.999989599178374 30.0 30.0 30.0 30.0 30.0 30.0 30.0 30.0
89.3 30.0 30.0 29.999989820472464 30.0 30.0 30.0 30.0 30.0 30.0 30.0 30.0
89.4 30.0 30.0 29.99999003705818 30.0 30.0 30.0 30.0 30.0 30.0 30.0 30.0
89.5 30.0 30.0 29.99999024903566 30.0 30.0 30.0 30.0 30.0 30.0 30.0 30.0
89.6 30.0 30.0 29.999990456503106 30.0 30.0 30.0 30.0 30.0 30.0 30.0 30.0
89.7 30.0 30.0 29.999990659556218 30.0 30.0 30.0 30.0 30.0 30.0 30.0 30.0
89.8 30.0 30.0 29.99999085828903 30.0 30.0 30.0 30.0 30.0 30.0 30.0 30.0
89.9 30.0 30.0 29.99999105279357 30.0 30.0 30.0 30.0 30.0 30.0 30.0 30.0
90.0 30.0 30.0 29.999991243159712 30.0 30.0 30.0 30.0 30.0 30.0 30.0 30.0
90.1 30.0 30.0 29.999991429475507 30.0 30.0 30.0 30.0 30.0 30.0 30.0 30.0
90.2 30.0 30.0 29.999991611827067 30.0 30.0 30.0 30.0 30.0 30.0 30.0 30.0
90.3 30.0 30.0 29.999991790298857 30.0 30.0 30.0 30.0 30.0 30.0 30.0 30.0
90.4 30.0 30.0 29.99999196497331 30.0 30.0 30.0 30.0 30.0 30.0 30.0 30.0
90.5 30.0 30.0 29.999992135931322 30.0 30.0 30.0 30.0 30.0 30.0 30.0 30.0
90.6 30.0 30.0 29.999992303251933 30.0 30.0 30.0 30.0 30.0 30.0 30.0 30.0
90.7 30.0 30.0 29.99999246701255 30.0 30.0 30.0 30.0 30.0 30.0 30.0 30.0
90.8 30.0 30.0 29.999992627288833 30.0 30.0 30.0 30.0 30.0 30.0 30.0 30.0
90.9 30.0 30.0 29.999992784154998 30.0 30.0 30.0 30.0 30.0 30.0 30.0 30.0
91.0 30.0 30.0 29.9999929376837 30.0 30.0 30.0 30.0 30.0 30.0 30.0 30.0
91.1 30.0 30.0 29.99999308794577 30.0 30.0 30.0 30.0 30.0 30.0 30.0 30.0
91.2 30.0 30.0 29.999993235010677 30.0 30.0 30.0 30.0 30.0 30.0 30.0 30.0
91.3 30.0 30.0 29.999993378946535 30.0 30.0 30.0 30.0 30.0 30.0 30.0 30.0
91.4 30.0 30.0 29.999993519820105 30.0 30.0 30.0 30.0 30.0 30.0 30.0 30.0
91.5 30.0 30.0 29.999993657696212 30.0 30.0 30.0 30.0 30.0 30.0 30.0 30.0
91.6 30.0 30.0 29.999993792638907 30.0 30.0 30.0 30.0 30.0 30.0 30.0 30.0
91.7 30.0 30.0 29.999993924710505 30.0 30.0 30.0 30.0 30.0 30.0 30.0 30.0
91.8 30.0 30.0 29.999994053971957 30.0 30.0 30.0 30.0 30.0 30.0 30.0 30.0
91.9 30.0 30.0 29.99999418048325 30.0 30.0 30.0 30.0 30.0 30.0 30.0 30.0
92.0 30.0 30.0 29.999994304302824 30.0 30.0 30.0 30.0 30.0 30.0 30.0 30.0
92.1 30.0 30.0 29.999994425487962 30.0 30.0 30.0 30.0 30.0 30.0 30.0 30.0
92.2 30.0 30.0 29.999994544094587 30.0 30.0 30.0 30.0 30.0 30.0 30.0 30.0
92.3 30.0 30.0 29.999994660177652 30.0 30.0 30.0 30.0 30.0 30.0 30.0 30.0
92.4 30.0 30.0 29.999994773790956 30.0 30.0 30.0 30.0 30.0 30.0 30.0 30.0
92.5 30.0 30.0 29.99999488498694 30.0 30.0 30.0 30.0 30.0 30.0 30.0 30.0
92.6 30.0 30.0 29.999994993817076 30.0 30.0 30.0 30.0 30.0 30.0 30.0 30.0
92.7 30.0 30.0 29.999995100331677 30.0 30.0 30.0 30.0 30.0 30.0 30.0 30.0
92.8 30.0 30.0 29.999995204579896 30.0 30.0 30.0 30.0 30.0 30.0 30.0 30.0
92.9 30.0 30.0 29.999995306610106 30.0 30.0 30.0 30.0 30.0 30.0 30.0 30.0
93.0 30.0 30.0 29.99999540646953 30.0 30.0 30.0 30.0 30.0 30.0 30.0 30.0
93.1 30.0 30.0 29.999995504204215 30.0 30.0 30.0 30.0 30.0 30.0 30.0 30.0
93.2 30.0 30.0 29.99999559985945 30.0 30.0 30.0 30.0 30.0 30.0 30.0 30.0
93.3 30.0 30.0 29.999995693479544 30.0 30.0 30.0 30.0 30.0 30.0 30.0 30.0
93.4 30.0 30.0 29.999995785107654 30.0 30.0 30.0 30.0 30.0 30.0 30.0 30.0
93.5 30.0 30.0 29.999995874786155 30.0 30.0 30.0 30.0 30.0 30.0 30.0 30.0
93.6 30.0 30.0 29.99999596255665 30.0 30.0 30.0 30.0 30.0 30.0 30.0 30.0
93.7 30.0 30.0 29.999996048459778 30.0 30.0 30.0 30.0 30.0 30.0 30.0 30.0
93.8 30.0 30.0 29.999996132535017 30.0 30.0 30.0 30.0 30.0 30.0 30.0 30.0
93.9 30.0 30.0 29.999996214821454 30.0 30.0 30.0 30.0 30.0 30.0 30.0 30.0
94.0 30.0 30.0 29.99999629535721 30.0 30.0 30.0 30.0 30.0 30.0 30.0 30.0
94.1 30.0 30.0 29.99999637417944 30.0 30.0 30.0 30.0 30.0 30.0 30.0 30.0
94.2 30.0 30.0 29.99999645132452 30.0 30.0 30.0 30.0 30.0 30.0 30.0 30.0
94.3 30.0 30.0 29.999996526828255 30.0 30.0 30.0 30.0 30.0 30.0 30.0 30.0
94.4 30.0 30.0 29.999996600725474 30.0 30.0 30.0 30.0 30.0 30.0 30.0 30.0
94.5 30.0 30.0 29.999996673050425 30.0 30.0 30.0 30.0 30.0 30.0 30.0 30.0
94.6 30.0 30.0 29.999996743836594 30.0 30.0 30.0 30.0 30.0 30.0 30.0 30.0
94.7 30.0 30.0 29.999996813116674 30.0 30.0 30.0 30.0 30.0 30.0 30.0 30.0
94.8 30.0 30.0 29.999996880922794 30.0 30.0 30.0 30.0 30.0 30.0 30.0 30.0
94.9 30.0 30.0 29.999996947286107 30.0 30.0 30.0 30.0 30.0 30.0 30.0 30.0
95.0 30.0 30.0 29.99999701223738 30.0 30.0 30.0 30.0 30.0 30.0 30.0 30.0
95.1 30.0 30.0 29.999997075806803 30.0 30.0 30.0 30.0 30.0 30.0 30.0 30.0
95.2 30.0 30.0 29.999997138023595 30.0 30.0 30.0 30.0 30.0 30.0 30.0 30.0
95.3 30.0 30.0 29.99999719891678 30.0 30.0 30.0 30.0 30.0 30.0 30.0 30.0
95.4 30.0 30.0 29.999997258514227 30.0 30.0 30.0 30.0 30.0 30.0 30.0 30.0
95.5 30.0 30.0 29.9999973168438 30.0 30.0 30.0 30.0 30.0 30.0 30.0 30.0
95.6 30.0 30.0 29.9999973739322 30.0 30.0 30.0 30.0 30.0 30.0 30.0 30.0
95.7 30.0 30.0 29.999997429805944 30.0 30.0 30.0 30.0 30.0 30.0 30.0 30.0
95.8 30.0 30.0 29.999997484490958 30.0 30.0 30.0 30.0 30.0 30.0 30.0 30.0
95.9 30.0 30.0 29.999997538012398 30.0 30.0 30.0 30.0 30.0 30.0 30.0 30.0
96.0 30.0 30.0 29.999997590395036 30.0 30.0 30.0 30.0 30.0 30.0 30.0 30.0
96.1 30.0 30.0 29.999997641663253 30.0 30.0 30.0 30.0 30.0 30.0 30.0 30.0
96.2 30.0 30.0 29.999997691840655 30.0 30.0 30.0 30.0 30.0 30.0 30.0 30.0
96.3 30.0 30.0 29.999997740950466 30.0 30.0 30.0 30.0 30.0 30.0 30.0 30.0
96.4 30.0 30.0 29.999997789015328 30.0 30.0 30.0 30.0 30.0 30.0 30.0 30.0
96.5 30.0 30.0 29.99999783605749 30.0 30.0 30.0 30.0 30.0 30.0 30.0 30.0
96.6 30.0 30.0 29.99999788209882 30.0 30.0 30.0 30.0 30.0 30.0 30.0 30.0
96.7 30.0 30.0 29.999997927160607 30.0 30.0 30.0 30.0 30.0 30.0 30.0 30.0
96.8 30.0 30.0 29.99999797126355 30.0 30.0 30.0 30.0 30.0 30.0 30.0 30.0
96.9 30.0 30.0 29.99999801442817 30.0 30.0 30.0 30.0 30.0 30.0 30.0 30.0
97.0 30.0 30.0 29.999998056674393 30.0 30.0 30.0 30.0 30.0 30.0 30.0 30.0
97.1 30.0 30.0 29.999998098021763 30.0 30.0 30.0 30.0 30.0 30.0 30.0 30.0
97.2 30.0 30.0 29.99999813848944 30.0 30.0 30.0 30.0 30.0 30.0 30.0 30.0
97.3 30.0 30.0 29.999998178096 30.0 30.0 30.0 30.0 30.0 30.0 30.0 30.0
97.4 30.0 30.0 29.999998216859826 30.0 30.0 30.0 30.0 30.0 30.0 30.0 30.0
97.5 30.0 30.0 29.99999825479891 30.0 30.0 30.0 30.0 30.0 30.0 30.0 30.0
97.6 30.0 30.0 29.999998291930872 30.0 30.0 30.0 30.0 30.0 30.0 30.0 30.0
97.7 30.0 30.0 29.99999832827273 30.0 30.0 30.0 30.0 30.0 30.0 30.0 30.0
97.8 30.0 30.0 29.99999836384133 30.0 30.0 30.0 30.0 30.0 30.0 30.0 30.0
97.9 30.0 30.0 29.9999983986533 30.0 30.0 30.0 30.0 30.0 30.0 30.0 30.0
98.0 30.0 30.0 29.99999843272452 30.0 30.0 30.0 30.0 30.0 30.0 30.0 30.0
98.1 30.0 30.0 29.999998466070853 30.0 30.0 30.0 30.0 30.0 30.0 30.0 30.0
98.2 30.0 30.0 29.999998498707587 30.0 30.0 30.0 30.0 30.0 30.0 30.0 30.0
98.3 30.0 30.0 29.99999853065001 30.0 30.0 30.0 30.0 30.0 30.0 30.0 30.0
98.4 30.0 30.0 29.999998561912825 30.0 30.0 30.0 30.0 30.0 30.0 30.0 30.0
98.5 30.0 30.0 29.999998592510355 30.0 30.0 30.0 30.0 30.0 30.0 30.0 30.0
98.6 30.0 30.0 29.99999862245692 30.0 30.0 30.0 30.0 30.0 30.0 30.0 30.0
98.7 30.0 30.0 29.99999865176626 30.0 30.0 30.0 30.0 30.0 30.0 30.0 30.0
98.8 30.0 30.0 29.99999868045211 30.0 30.0 30.0 30.0 30.0 30.0 30.0 30.0
98.9 30.0 30.0 29.999998708527627 30.0 30.0 30.0 30.0 30.0 30.0 30.0 30.0
99.0 30.0 30.0 29.999998736005786 30.0 30.0 30.0 30.0 30.0 30.0 30.0 30.0
99.1 30.0 30.0 29.999998762899352 30.0 30.0 30.0 30.0 30.0 30.0 30.0 30.0
99.2 30.0 30.0 29.999998789220708 30.0 30.0 30.0 30.0 30.0 30.0 30.0 30.0
99.3 30.0 30.0 29.99999881498205 30.0 30.0 30.0 30.0 30.0 30.0 30.0 30.0
99.4 30.0 30.0 29.999998840195175 30.0 30.0 30.0 30.0 30.0 30.0 30.0 30.0
99.5 30.0 30.0 29.9999988648719 30.0 30.0 30.0 30.0 30.0 30.0 30.0 30.0
99.6 30.0 30.0 29.999998889023626 30.0 30.0 30.0 30.0 30.0 30.0 30.0 30.0
99.7 30.0 30.0 29.999998912661393 30.0 30.0 30.0 30.0 30.0 30.0 30.0 30.0
99.8 30.0 30.0 29.999998935796228 30.0 30.0 30.0 30.0 30.0 30.0 30.0 30.0
99.9 30.0 30.0 29.999998958438777 30.0 30.0 30.0 30.0 30.0 30.0 30.0 30.0
