0.0 0.0 -1073741824.0 -1073741824.0 -1073741824.0 -1073741824.0 -1073741824.0 -1073741824.0 -1073741824.0 -1073741824.0 -1073741824.0 -1073741824.0
0.1 0.6000000000000001 -1073741824.0 -1073741824.0 -1073741824.0 -1073741824.0 -1073741824.0 -1073741824.0 -1073741824.0 -1073741824.0 -1073741824.0 -1073741824.0
0.2 30.0 0.0 0.0 0.0 0.0 0.0 0.0 0.0 0.0 0.0 0.0
0.3 30.0 30.0 30.0 30.0 30.0 30.0 30.0 30.0 30.0 30.0 0.0
0.4 30.0 30.0 30.0 30.0 30.0 30.0 30.0 30.0 30.0 30.0 0.0
0.5 30.0 30.0 30.0 30.0 30.0 30.0 30.0 30.0 30.0 30.0 0.0
0.6 30.0 30.0 30.0 30.0 30.0 30.0 30.0 30.0 30.0 30.0 0.0
0.7 30.0 30.0 30.0 30.0 30.0 30.0 30.0 30.0 30.0 30.0 0.0
0.8 30.0 30.0 30.0 30.0 30.0 30.0 30.0 30.0 30.0 30.0 0.0
0.9 30.0 30.0 30.0 30.0 30.0 30.0 30.0 30.0 30.0 30.0 0.0
1.0 30.0 30.0 30.0 30.0 30.0 30.0 30.0 30.0 30.0 30.0 0.0
1.1 30.0 30.0 30.0 30.0 30.0 30.0 30.0 30.0 30.0 30.0 0.0
1.2 30.0 30.0 30.0 30.0 30.0 30.0 30.0 30.0 30.0 30.0 0.0
1.3 30.0 30.0 30.0 30.0 30.0 30.0 30.0 30.0 30.0 30.0 0.0
1.4 30.0 30.0 30.0 30.0 30.0 30.0 30.0 30.0 30.0 30.0 0.0
1.5 30.0 30.0 30.0 30.0 30.0 30.0 30.0 30.0 30.0 30.0 0.0
1.6 30.0 30.0 30.0 30.0 30.0 30.0 30.0 30.0 30.0 30.0 0.0
1.7 30.0 30.0 30.0 30.0 30.0 30.0 30.0 30.0 30.0 30.0 0.0
1.8 30.0 30.0 30.0 30.0 30.0 30.0 30.0 30.0 30.0 30.0 0.0
1.9 30.0 30.0 30.0 30.0 30.0 30.0 30.0 30.0 30.0 30.0 0.0
2.0 30.0 30.0 30.0 30.0 30.0 30.0 30.0 30.0 30.0 30.0 0.0
2.1 30.0 30.0 30.0 30.0 30.0 30.0 30.0 30.0 30.0 30.0 0.0
2.2 29.899364212595902 29.899364212595902 29.899364212595902 29.899364212595902 29.899364212595902 29.899364212595902 29.899364212595902 29.899364212595902 29.899364212595902 29.899364212595902 0.0
2.3 29.798728425191804 29.798728425191804 29.798728425191804 29.798728425191804 29.798728425191804 29.798728425191804 29.798728425191804 29.798728425191804 29.798728425191804 29.798728425191804 0.0
2.4 29.698092637787706 29.698092637787706 29.698092637787706 29.698092637787706 29.698092637787706 29.698092637787706 29.698092637787706 29.698092637787706 29.698092637787706 29.698092637787706 0.0
2.5 29.597456850383608 29.597456850383608 29.597456850383608 29.597456850383608 29.597456850383608 29.597456850383608 29.597456850383608 29.597456850383608 29.597456850383608 29.597456850383608 0.0
2.6 29.49682106297951 29.49682106297951 29.49682106297951 29.49682106297951 29.49682106297951 29.49682106297951 29.49682106297951 29.49682106297951 29.49682106297951 29.49682106297951 0.0
2.7 29.396185275575412 29.396185275575412 29.396185275575412 29.396185275575412 29.396185275575412 29.396185275575412 29.396185275575412 29.396185275575412 29.396185275575412 29.396185275575412 0.0
2.8 29.295549488171314 29.295549488171314 29.295549488171314 29.295549488171314 29.295549488171314 29.295549488171314 29.295549488171314 29.295549488171314 29.295549488171314 29.295549488171314 0.0
2.9 29.194913700767216 29.194913700767216 29.194913700767216 29.194913700767216 29.194913700767216 29.194913700767216 29.194913700767216 29.194913700767216 29.194913700767216 29.194913700767216 0.0
3.0 29.09427791336312 29.09427791336312 29.09427791336312 29.09427791336312 29.09427791336312 29.09427791336312 29.09427791336312 29.09427791336312 29.09427791336312 29.09427791336312 0.0
3.1 28.99364212595902 28.99364212595902 28.99364212595902 28.99364212595902 28.99364212595902 28.99364212595902 28.99364212595902 28.99364212595902 28.99364212595902 28.99364212595902 0.0
3.2 28.893006338554923 28.893006338554923 28.893006338554923 28.893006338554923 28.893006338554923 28.893006338554923 28.893006338554923 28.893006338554923 28.893006338554923 28.893006338554923 0.0
3.3 28.792370551150825 28.792370551150825 28.792370551150825 28.792370551150825 28.792370551150825 28.792370551150825 28.792370551150825 28.792370551150825 28.792370551150825 28.792370551150825 0.0
3.4 28.691734763746727 28.691734763746727 28.691734763746727 28.691734763746727 28.691734763746727 28.691734763746727 28.691734763746727 28.691734763746727 28.691734763746727 28.691734763746727 0.0
3.5 28.59109897634263 28.59109897634263 28.59109897634263 28.59109897634263 28.59109897634263 28.59109897634263 28.59109897634263 28.59109897634263 28.59109897634263 28.59109897634263 0.0
3.6 28.49046318893853 28.49046318893853 28.49046318893853 28.49046318893853 28.49046318893853 28.49046318893853 28.49046318893853 28.49046318893853 28.49046318893853 28.49046318893853 0.0
3.7 28.389827401534433 28.389827401534433 28.389827401534433 28.389827401534433 28.389827401534433 28.389827401534433 28.389827401534433 28.389827401534433 28.389827401534433 28.389827401534433 0.0
3.8 28.289191614130335 28.289191614130335 28.289191614130335 28.289191614130335 28.289191614130335 28.289191614130335 28.289191614130335 28.289191614130335 28.289191614130335 28.289191614130335 0.0
3.9 28.188555826726237 28.188555826726237 28.188555826726237 28.188555826726237 28.188555826726237 28.188555826726237 28.188555826726237 28.188555826726237 28.188555826726237 28.188555826726237 0.0
4.0 28.08792003932214 28.08792003932214 28.08792003932214 28.08792003932214 28.08792003932214 28.08792003932214 28.08792003932214 28.08792003932214 28.08792003932214 28.08792003932214 0.0
4.1 27.98728425191804 27.98728425191804 27.98728425191804 27.98728425191804 27.98728425191804 27.98728425191804 27.98728425191804 27.98728425191804 27.98728425191804 27.98728425191804 0.0
4.2 27.886648464513943 27.886648464513943 27.886648464513943 27.886648464513943 27.886648464513943 27.886648464513943 27.886648464513943 27.886648464513943 27.886648464513943 27.886648464513943 0.0
4.3 27.786012677109845 27.786012677109845 27.786012677109845 27.786012677109845 27.786012677109845 27.786012677109845 27.786012677109845 27.786012677109845 27.786012677109845 27.786012677109845 0.0
4.4 27.685376889705747 27.685376889705747 27.685376889705747 27.685376889705747 27.685376889705747 27.685376889705747 27.685376889705747 27.685376889705747 27.685376889705747 27.685376889705747 0.0
4.5 27.58474110230165 27.58474110230165 27.58474110230165 27.58474110230165 27.58474110230165 27.58474110230165 27.58474110230165 27.58474110230165 27.58474110230165 27.58474110230165 0.0
4.6 27.48410531489755 27.48410531489755 27.48410531489755 27.48410531489755 27.48410531489755 27.48410531489755 27.48410531489755 27.48410531489755 27.48410531489755 27.48410531489755 0.0
4.7 27.383469527493453 27.383469527493453 27.383469527493453 27.383469527493453 27.383469527493453 27.383469527493453 27.383469527493453 27.383469527493453 27.383469527493453 27.383469527493453 0.0
4.8 27.282833740089355 27.282833740089355 27.282833740089355 27.282833740089355 27.282833740089355 27.282833740089355 27.282833740089355 27.282833740089355 27.282833740089355 27.282833740089355 0.0
4.9 27.182197952685257 27.182197952685257 27.182197952685257 27.182197952685257 27.182197952685257 27.182197952685257 27.182197952685257 27.182197952685257 27.182197952685257 27.182197952685257 0.0
5.0 27.08156216528116 27.08156216528116 27.08156216528116 27.08156216528116 27.08156216528116 27.08156216528116 27.08156216528116 27.08156216528116 27.08156216528116 27.08156216528116 0.0
5.1 26.98092637787706 26.98092637787706 26.98092637787706 26.98092637787706 26.98092637787706 26.98092637787706 26.98092637787706 26.98092637787706 26.98092637787706 26.98092637787706 0.0
5.2 26.880290590472963 26.880290590472963 26.880290590472963 26.880290590472963 26.880290590472963 26.880290590472963 26.880290590472963 26.880290590472963 26.880290590472963 26.880290590472963 0.0
5.3 26.779654803068865 26.779654803068865 26.779654803068865 26.779654803068865 26.779654803068865 26.779654803068865 26.779654803068865 26.779654803068865 26.779654803068865 26.779654803068865 0.0
5.4 26.679019015664768 26.679019015664768 26.679019015664768 26.679019015664768 26.679019015664768 26.679019015664768 26.679019015664768 26.679019015664768 26.679019015664768 26.679019015664768 0.0
5.5 26.57838322826067 26.57838322826067 26.57838322826067 26.57838322826067 26.57838322826067 26.57838322826067 26.57838322826067 26.57838322826067 26.57838322826067 26.57838322826067 0.0
5.6 26.47774744085657 26.47774744085657 26.47774744085657 26.47774744085657 26.47774744085657 26.47774744085657 26.47774744085657 26.47774744085657 26.47774744085657 26.47774744085657 0.0
5.7 26.377111653452474 26.377111653452474 26.377111653452474 26.377111653452474 26.377111653452474 26.377111653452474 26.377111653452474 26.377111653452474 26.377111653452474 26.377111653452474 0.0
5.8 26.276475866048376 26.276475866048376 26.276475866048376 26.276475866048376 26.276475866048376 26.276475866048376 26.276475866048376 26.276475866048376 26.276475866048376 26.276475866048376 0.0
5.9 26.175840078644278 26.175840078644278 26.175840078644278 26.175840078644278 26.175840078644278 26.175840078644278 26.175840078644278 26.175840078644278 26.175840078644278 26.175840078644278 0.0
6.0 26.07520429124018 26.07520429124018 26.07520429124018 26.07520429124018 26.07520429124018 26.07520429124018 26.07520429124018 26.07520429124018 26.07520429124018 26.07520429124018 0.0
6.1 25.974568503836082 25.974568503836082 25.974568503836082 25.974568503836082 25.974568503836082 25.974568503836082 25.974568503836082 25.974568503836082 25.974568503836082 25.974568503836082 0.0
6.2 25.873932716431984 25.873932716431984 25.873932716431984 25.873932716431984 25.873932716431984 25.873932716431984 25.873932716431984 25.873932716431984 25.873932716431984 25.873932716431984 0.0
6.3 25.773296929027886 25.773296929027886 25.773296929027886 25.773296929027886 25.773296929027886 25.773296929027886 25.773296929027886 25.773296929027886 25.773296929027886 25.773296929027886 0.0
6.4 25.672661141623788 25.672661141623788 25.672661141623788 25.672661141623788 25.672661141623788 25.672661141623788 25.672661141623788 25.672661141623788 25.672661141623788 25.672661141623788 0.0
6.5 25.57202535421969 25.57202535421969 25.57202535421969 25.57202535421969 25.57202535421969 25.57202535421969 25.57202535421969 25.57202535421969 25.57202535421969 25.57202535421969 0.0
6.6 25.471389566815592 25.471389566815592 25.471389566815592 25.471389566815592 25.471389566815592 25.471389566815592 25.471389566815592 25.471389566815592 25.471389566815592 25.471389566815592 0.0
6.7 25.370753779411494 25.370753779411494 25.370753779411494 25.370753779411494 25.370753779411494 25.370753779411494 25.370753779411494 25.370753779411494 25.370753779411494 25.370753779411494 0.0
6.8 25.270117992007396 25.270117992007396 25.270117992007396 25.270117992007396 25.270117992007396 25.270117992007396 25.270117992007396 25.270117992007396 25.270117992007396 25.270117992007396 0.0
6.9 25.169482204603298 25.169482204603298 25.169482204603298 25.169482204603298 25.169482204603298 25.169482204603298 25.169482204603298 25.169482204603298 25.169482204603298 25.169482204603298 0.0
7.0 25.0688464171992 25.0688464171992 25.0688464171992 25.0688464171992 25.0688464171992 25.0688464171992 25.0688464171992 25.0688464171992 25.0688464171992 25.0688464171992 0.0
7.1 24.968210629795102 24.968210629795102 24.968210629795102 24.968210629795102 24.968210629795102 24.968210629795102 24.968210629795102 24.968210629795102 24.968210629795102 24.968210629795102 0.0
7.2 24.867574842391004 24.867574842391004 24.867574842391004 24.867574842391004 24.867574842391004 24.867574842391004 24.867574842391004 24.867574842391004 24.867574842391004 24.867574842391004 0.0
7.3 24.766939054986906 24.766939054986906 24.766939054986906 24.766939054986906 24.766939054986906 24.766939054986906 24.766939054986906 24.766939054986906 24.766939054986906 24.766939054986906 0.0
7.4 24.66630326758281 24.66630326758281 24.66630326758281 24.66630326758281 24.66630326758281 24.66630326758281 24.66630326758281 24.66630326758281 24.66630326758281 24.66630326758281 0.0
7.5 24.56566748017871 24.56566748017871 24.56566748017871 24.56566748017871 24.56566748017871 24.56566748017871 24.56566748017871 24.56566748017871 24.56566748017871 24.56566748017871 0.0
7.6 24.465031692774613 24.465031692774613 24.465031692774613 24.465031692774613 24.465031692774613 24.465031692774613 24.465031692774613 24.465031692774613 24.465031692774613 24.465031692774613 0.0
7.7 24.364395905370515 24.364395905370515 24.364395905370515 24.364395905370515 24.364395905370515 24.364395905370515 24.364395905370515 24.364395905370515 24.364395905370515 24.364395905370515 0.0
7.8 24.263760117966417 24.263760117966417 24.263760117966417 24.263760117966417 24.263760117966417 24.263760117966417 24.263760117966417 24.263760117966417 24.263760117966417 24.263760117966417 0.0
7.9 24.16312433056232 24.16312433056232 24.16312433056232 24.16312433056232 24.16312433056232 24.16312433056232 24.16312433056232 24.16312433056232 24.16312433056232 24.16312433056232 0.0
8.0 24.06248854315822 24.06248854315822 24.06248854315822 24.06248854315822 24.06248854315822 24.06248854315822 24.06248854315822 24.06248854315822 24.06248854315822 24.06248854315822 0.0
8.1 23.961852755754123 23.961852755754123 23.961852755754123 23.961852755754123 23.961852755754123 23.961852755754123 23.961852755754123 23.961852755754123 23.961852755754123 23.961852755754123 0.0
8.2 23.861216968350025 23.861216968350025 23.861216968350025 23.861216968350025 23.861216968350025 23.861216968350025 23.861216968350025 23.861216968350025 23.861216968350025 23.861216968350025 0.0
8.3 23.760581180945927 23.760581180945927 23.760581180945927 23.760581180945927 23.760581180945927 23.760581180945927 23.760581180945927 23.760581180945927 23.760581180945927 23.760581180945927 0.0
8.4 23.65994539354183 23.65994539354183 23.65994539354183 23.65994539354183 23.65994539354183 23.65994539354183 23.65994539354183 23.65994539354183 23.65994539354183 23.65994539354183 0.0
8.5 23.55930960613773 23.55930960613773 23.55930960613773 23.55930960613773 23.55930960613773 23.55930960613773 23.55930960613773 23.55930960613773 23.55930960613773 23.55930960613773 0.0
8.6 23.458673818733633 23.458673818733633 23.458673818733633 23.458673818733633 23.458673818733633 23.458673818733633 23.458673818733633 23.458673818733633 23.458673818733633 23.458673818733633 0.0
8.7 23.358038031329535 23.358038031329535 23.358038031329535 23.358038031329535 23.358038031329535 23.358038031329535 23.358038031329535 23.358038031329535 23.358038031329535 23.358038031329535 0.0
8.8 23.257402243925437 23.257402243925437 23.257402243925437 23.257402243925437 23.257402243925437 23.257402243925437 23.257402243925437 23.257402243925437 23.257402243925437 23.257402243925437 0.0
8.9 23.15676645652134 23.15676645652134 23.15676645652134 23.15676645652134 23.15676645652134 23.15676645652134 23.15676645652134 23.15676645652134 23.15676645652134 23.15676645652134 0.0
9.0 23.05613066911724 23.05613066911724 23.05613066911724 23.05613066911724 23.05613066911724 23.05613066911724 23.05613066911724 23.05613066911724 23.05613066911724 23.05613066911724 0.0
9.1 22.955494881713143 22.955494881713143 22.955494881713143 22.955494881713143 22.955494881713143 22.955494881713143 22.955494881713143 22.955494881713143 22.955494881713143 22.955494881713143 0.0
9.2 22.854859094309045 22.854859094309045 22.854859094309045 22.854859094309045 22.854859094309045 22.854859094309045 22.854859094309045 22.854859094309045 22.854859094309045 22.854859094309045 0.0
9.3 22.754223306904947 22.754223306904947 22.754223306904947 22.754223306904947 22.754223306904947 22.754223306904947 22.754223306904947 22.754223306904947 22.754223306904947 22.754223306904947 0.0
9.4 22.65358751950085 22.65358751950085 22.65358751950085 22.65358751950085 22.65358751950085 22.65358751950085 22.65358751950085 22.65358751950085 22.65358751950085 22.65358751950085 0.0
9.5 22.55295173209675 22.55295173209675 22.55295173209675 22.55295173209675 22.55295173209675 22.55295173209675 22.55295173209675 22.55295173209675 22.55295173209675 22.55295173209675 0.0
9.6 22.452315944692653 22.452315944692653 22.452315944692653 22.452315944692653 22.452315944692653 22.452315944692653 22.452315944692653 22.452315944692653 22.452315944692653 22.452315944692653 0.0
9.7 22.351680157288556 22.351680157288556 22.351680157288556 22.351680157288556 22.351680157288556 22.351680157288556 22.351680157288556 22.351680157288556 22.351680157288556 22.351680157288556 0.0
9.8 22.251044369884458 22.251044369884458 22.251044369884458 22.251044369884458 22.251044369884458 22.251044369884458 22.251044369884458 22.251044369884458 22.251044369884458 22.251044369884458 0.0
9.9 22.15040858248036 22.15040858248036 22.15040858248036 22.15040858248036 22.15040858248036 22.15040858248036 22.15040858248036 22.15040858248036 22.15040858248036 22.15040858248036 0.0
10.0 22.04977279507626 22.04977279507626 22.04977279507626 22.04977279507626 22.04977279507626 22.04977279507626 22.04977279507626 22.04977279507626 22.04977279507626 22.04977279507626 0.0
10.1 21.949137007672164 21.949137007672164 21.949137007672164 21.949137007672164 21.949137007672164 21.949137007672164 21.949137007672164 21.949137007672164 21.949137007672164 21.949137007672164 0.0
10.2 21.848501220268066 21.848501220268066 21.848501220268066 21.848501220268066 21.848501220268066 21.848501220268066 21.848501220268066 21.848501220268066 21.848501220268066 21.848501220268066 0.0
10.3 21.747865432863968 21.747865432863968 21.747865432863968 21.747865432863968 21.747865432863968 21.747865432863968 21.747865432863968 21.747865432863968 21.747865432863968 21.747865432863968 0.0
10.4 21.64722964545987 21.64722964545987 21.64722964545987 21.64722964545987 21.64722964545987 21.64722964545987 21.64722964545987 21.64722964545987 21.64722964545987 21.64722964545987 0.0
10.5 21.546593858055772 21.546593858055772 21.546593858055772 21.546593858055772 21.546593858055772 21.546593858055772 21.546593858055772 21.546593858055772 21.546593858055772 21.546593858055772 0.0
10.6 21.445958070651674 21.445958070651674 21.445958070651674 21.445958070651674 21.445958070651674 21.445958070651674 21.445958070651674 21.445958070651674 21.445958070651674 21.445958070651674 0.0
10.7 21.345322283247576 21.345322283247576 21.345322283247576 21.345322283247576 21.345322283247576 21.345322283247576 21.345322283247576 21.345322283247576 21.345322283247576 21.345322283247576 0.0
10.8 21.244686495843478 21.244686495843478 21.244686495843478 21.244686495843478 21.244686495843478 21.244686495843478 21.244686495843478 21.244686495843478 21.244686495843478 21.244686495843478 0.0
10.9 21.14405070843938 21.14405070843938 21.14405070843938 21.14405070843938 21.14405070843938 21.14405070843938 21.14405070843938 21.14405070843938 21.14405070843938 21.14405070843938 0.0
11.0 21.043414921035282 21.043414921035282 21.043414921035282 21.043414921035282 21.043414921035282 21.043414921035282 21.043414921035282 21.043414921035282 21.043414921035282 21.043414921035282 0.0
11.1 20.942779133631184 20.942779133631184 20.942779133631184 20.942779133631184 20.942779133631184 20.942779133631184 20.942779133631184 20.942779133631184 20.942779133631184 20.942779133631184 0.0
11.2 20.842143346227086 20.842143346227086 20.842143346227086 20.842143346227086 20.842143346227086 20.842143346227086 20.842143346227086 20.842143346227086 20.842143346227086 20.842143346227086 0.0
11.3 20.74150755882299 20.74150755882299 20.74150755882299 20.74150755882299 20.74150755882299 20.74150755882299 20.74150755882299 20.74150755882299 20.74150755882299 20.74150755882299 0.0
11.4 20.64087177141889 20.64087177141889 20.64087177141889 20.64087177141889 20.64087177141889 20.64087177141889 20.64087177141889 20.64087177141889 20.64087177141889 20.64087177141889 0.0
11.5 20.540235984014792 20.540235984014792 20.540235984014792 20.540235984014792 20.540235984014792 20.540235984014792 20.540235984014792 20.540235984014792 20.540235984014792 20.540235984014792 0.0
11.6 20.439600196610694 20.439600196610694 20.439600196610694 20.439600196610694 20.439600196610694 20.439600196610694 20.439600196610694 20.439600196610694 20.439600196610694 20.439600196610694 0.0
11.7 20.338964409206596 20.338964409206596 20.338964409206596 20.338964409206596 20.338964409206596 20.338964409206596 20.338964409206596 20.338964409206596 20.338964409206596 20.338964409206596 0.0
11.8 20.2383286218025 20.2383286218025 20.2383286218025 20.2383286218025 20.2383286218025 20.2383286218025 20.2383286218025 20.2383286218025 20.2383286218025 20.2383286218025 0.0
11.9 20.1376928343984 20.1376928343984 20.1376928343984 20.1376928343984 20.1376928343984 20.1376928343984 20.1376928343984 20.1376928343984 20.1376928343984 20.1376928343984 0.0
12.0 20.037057046994303 20.037057046994303 20.037057046994303 20.037057046994303 20.037057046994303 20.037057046994303 20.037057046994303 20.037057046994303 20.037057046994303 20.037057046994303 0.0
12.1 19.936421259590205 19.936421259590205 19.936421259590205 19.936421259590205 19.936421259590205 19.936421259590205 19.936421259590205 19.936421259590205 19.936421259590205 19.936421259590205 0.0
12.2 19.835785472186107 19.835785472186107 19.835785472186107 19.835785472186107 19.835785472186107 19.835785472186107 19.835785472186107 19.835785472186107 19.835785472186107 19.835785472186107 0.0
12.3 19.73514968478201 19.73514968478201 19.73514968478201 19.73514968478201 19.73514968478201 19.73514968478201 19.73514968478201 19.73514968478201 19.73514968478201 19.73514968478201 0.0
12.4 19.63451389737791 19.63451389737791 19.63451389737791 19.63451389737791 19.63451389737791 19.63451389737791 19.63451389737791 19.63451389737791 19.63451389737791 19.63451389737791 0.0
12.5 19.533878109973813 19.533878109973813 19.533878109973813 19.533878109973813 19.533878109973813 19.533878109973813 19.533878109973813 19.533878109973813 19.533878109973813 19.533878109973813 0.0
12.6 19.533878109973813 19.433242322569715 19.433242322569715 19.433242322569715 19.433242322569715 19.433242322569715 19.433242322569715 19.433242322569715 19.433242322569715 19.433242322569715 0.0
12.7 19.533878109973813 19.332606535165617 19.332606535165617 19.332606535165617 19.332606535165617 19.332606535165617 19.332606535165617 19.332606535165617 19.332606535165617 19.332606535165617 0.0
12.8 19.533878109973813 19.23197074776152 19.23197074776152 19.23197074776152 19.23197074776152 19.23197074776152 19.23197074776152 19.23197074776152 19.23197074776152 19.23197074776152 0.0
12.9 19.533878109973813 19.13133496035742 19.13133496035742 19.13133496035742 19.13133496035742 19.13133496035742 19.13133496035742 19.13133496035742 19.13133496035742 19.13133496035742 0.0
13.0 19.533878109973813 19.030699172953323 19.030699172953323 19.030699172953323 19.030699172953323 19.030699172953323 19.030699172953323 19.030699172953323 19.030699172953323 19.030699172953323 0.0
13.1 19.533878109973813 18.930063385549225 18.930063385549225 18.930063385549225 18.930063385549225 18.930063385549225 18.930063385549225 18.930063385549225 18.930063385549225 18.930063385549225 0.0
13.2 19.533878109973813 18.829427598145127 18.829427598145127 18.829427598145127 18.829427598145127 18.829427598145127 18.829427598145127 18.829427598145127 18.829427598145127 18.829427598145127 0.0
13.3 19.533878109973813 18.72879181074103 18.72879181074103 18.72879181074103 18.72879181074103 18.72879181074103 18.72879181074103 18.72879181074103 18.72879181074103 18.72879181074103 0.0
13.4 19.533878109973813 18.62815602333693 18.62815602333693 18.62815602333693 18.62815602333693 18.62815602333693 18.62815602333693 18.62815602333693 18.62815602333693 18.62815602333693 0.0
13.5 19.533878109973813 18.527520235932833 18.527520235932833 18.527520235932833 18.527520235932833 18.527520235932833 18.527520235932833 18.527520235932833 18.527520235932833 18.527520235932833 0.0
13.6 19.533878109973813 18.426884448528735 18.426884448528735 18.426884448528735 18.426884448528735 18.426884448528735 18.426884448528735 18.426884448528735 18.426884448528735 18.426884448528735 0.0
13.7 19.533878109973813 18.326248661124637 18.326248661124637 18.326248661124637 18.326248661124637 18.326248661124637 18.326248661124637 18.326248661124637 18.326248661124637 18.326248661124637 0.0
13.8 19.533878109973813 18.22561287372054 18.22561287372054 18.22561287372054 18.22561287372054 18.22561287372054 18.22561287372054 18.22561287372054 18.22561287372054 18.22561287372054 0.0
13.9 19.533878109973813 18.12497708631644 18.12497708631644 18.12497708631644 18.12497708631644 18.12497708631644 18.12497708631644 18.12497708631644 18.12497708631644 18.12497708631644 0.0
14.0 20.133878109973814 18.024341298912343 18.024341298912343 18.024341298912343 18.024341298912343 18.024341298912343 18.024341298912343 18.024341298912343 18.024341298912343 18.024341298912343 0.0
14.1 20.733878109973816 17.923705511508246 17.923705511508246 17.923705511508246 17.923705511508246 17.923705511508246 17.923705511508246 17.923705511508246 17.923705511508246 17.923705511508246 0.0
14.2 21.333878109973817 17.923705511508246 17.823069724104148 17.823069724104148 17.823069724104148 17.823069724104148 17.823069724104148 17.823069724104148 17.823069724104148 17.823069724104148 0.0
14.3 21.93387810997382 17.923705511508246 17.72243393670005 17.72243393670005 17.72243393670005 17.72243393670005 17.72243393670005 17.72243393670005 17.72243393670005 17.72243393670005 0.0
14.4 22.53387810997382 17.923705511508246 17.62179814929595 17.62179814929595 17.62179814929595 17.62179814929595 17.62179814929595 17.62179814929595 17.62179814929595 17.62179814929595 0.0
14.5 23.13387810997382 17.923705511508246 17.521162361891854 17.521162361891854 17.521162361891854 17.521162361891854 17.521162361891854 17.521162361891854 17.521162361891854 17.521162361891854 0.0
14.6 23.733878109973823 17.923705511508246 17.420526574487756 17.420526574487756 17.420526574487756 17.420526574487756 17.420526574487756 17.420526574487756 17.420526574487756 17.420526574487756 0.0
14.7 24.333878109973824 17.923705511508246 17.319890787083658 17.319890787083658 17.319890787083658 17.319890787083658 17.319890787083658 17.319890787083658 17.319890787083658 17.319890787083658 0.0
14.8 24.933878109973826 17.923705511508246 17.21925499967956 17.21925499967956 17.21925499967956 17.21925499967956 17.21925499967956 17.21925499967956 17.21925499967956 17.21925499967956 0.0
14.9 25.533878109973827 17.923705511508246 17.118619212275462 17.118619212275462 17.118619212275462 17.118619212275462 17.118619212275462 17.118619212275462 17.118619212275462 17.118619212275462 0.0
15.0 26.13387810997383 17.923705511508246 17.017983424871364 17.017983424871364 17.017983424871364 17.017983424871364 17.017983424871364 17.017983424871364 17.017983424871364 17.017983424871364 0.0
15.1 26.73387810997383 17.923705511508246 16.917347637467266 16.917347637467266 16.917347637467266 16.917347637467266 16.917347637467266 16.917347637467266 16.917347637467266 16.917347637467266 0.0
15.2 27.33387810997383 17.923705511508246 16.816711850063168 16.816711850063168 16.816711850063168 16.816711850063168 16.816711850063168 16.816711850063168 16.816711850063168 16.816711850063168 0.0
15.3 27.933878109973833 17.923705511508246 16.71607606265907 16.71607606265907 16.71607606265907 16.71607606265907 16.71607606265907 16.71607606265907 16.71607606265907 16.71607606265907 0.0
15.4 28.533878109973834 17.923705511508246 16.615440275254972 16.615440275254972 16.615440275254972 16.615440275254972 16.615440275254972 16.615440275254972 16.615440275254972 16.615440275254972 0.0
15.5 29.133878109973836 17.923705511508246 16.514804487850874 16.514804487850874 16.514804487850874 16.514804487850874 16.514804487850874 16.514804487850874 16.514804487850874 16.514804487850874 0.0
15.6 29.733878109973837 18.523705511508247 16.414168700446776 16.414168700446776 16.414168700446776 16.414168700446776 16.414168700446776 16.414168700446776 16.414168700446776 16.414168700446776 0.0
15.7 30.0 19.12370551150825 16.31353291304268 16.31353291304268 16.31353291304268 16.31353291304268 16.31353291304268 16.31353291304268 16.31353291304268 16.31353291304268 0.0
15.8 30.0 19.72370551150825 16.31353291304268 16.21289712563858 16.21289712563858 16.21289712563858 16.21289712563858 16.21289712563858 16.21289712563858 16.21289712563858 0.0
15.9 30.0 20.32370551150825 16.31353291304268 16.112261338234482 16.112261338234482 16.112261338234482 16.112261338234482 16.112261338234482 16.112261338234482 16.112261338234482 0.0
16.0 30.0 20.923705511508253 16.31353291304268 16.011625550830384 16.011625550830384 16.011625550830384 16.011625550830384 16.011625550830384 16.011625550830384 16.011625550830384 0.0
16.1 30.0 21.523705511508254 16.31353291304268 15.910989763426286 15.910989763426286 15.910989763426286 15.910989763426286 15.910989763426286 15.910989763426286 15.910989763426286 0.0
16.2 30.0 22.123705511508255 16.31353291304268 15.810353976022189 15.810353976022189 15.810353976022189 15.810353976022189 15.810353976022189 15.810353976022189 15.810353976022189 0.0
16.3 30.0 22.723705511508257 16.31353291304268 15.70971818861809 15.70971818861809 15.70971818861809 15.70971818861809 15.70971818861809 15.70971818861809 15.70971818861809 0.0
16.4 30.0 23.32370551150826 16.31353291304268 15.609082401213993 15.609082401213993 15.609082401213993 15.609082401213993 15.609082401213993 15.609082401213993 15.609082401213993 0.0
16.5 30.0 23.92370551150826 16.31353291304268 15.508446613809895 15.508446613809895 15.508446613809895 15.508446613809895 15.508446613809895 15.508446613809895 15.508446613809895 0.0
16.6 30.0 24.52370551150826 16.31353291304268 15.407810826405797 15.407810826405797 15.407810826405797 15.407810826405797 15.407810826405797 15.407810826405797 15.407810826405797 0.0
16.7 30.0 25.123705511508263 16.31353291304268 15.307175039001699 15.307175039001699 15.307175039001699 15.307175039001699 15.307175039001699 15.307175039001699 15.307175039001699 0.0
16.8 30.0 25.723705511508264 16.31353291304268 15.2065392515976 15.2065392515976 15.2065392515976 15.2065392515976 15.2065392515976 15.2065392515976 15.2065392515976 0.0
16.9 30.0 26.323705511508265 16.31353291304268 15.105903464193503 15.105903464193503 15.105903464193503 15.105903464193503 15.105903464193503 15.105903464193503 15.105903464193503 0.0
17.0 30.0 26.923705511508267 16.31353291304268 15.005267676789405 15.005267676789405 15.005267676789405 15.005267676789405 15.005267676789405 15.005267676789405 15.005267676789405 0.0
17.1 30.0 27.52370551150827 16.31353291304268 14.904631889385307 14.904631889385307 14.904631889385307 14.904631889385307 14.904631889385307 14.904631889385307 14.904631889385307 0.0
17.2 30.0 28.12370551150827 16.91353291304268 14.803996101981209 14.803996101981209 14.803996101981209 14.803996101981209 14.803996101981209 14.803996101981209 14.803996101981209 0.0
17.3 30.0 28.72370551150827 17.51353291304268 14.703360314577111 14.703360314577111 14.703360314577111 14.703360314577111 14.703360314577111 14.703360314577111 14.703360314577111 0.0
17.4 30.0 29.323705511508273 18.113532913042683 14.703360314577111 14.602724527173013 14.602724527173013 14.602724527173013 14.602724527173013 14.602724527173013 14.602724527173013 0.0
17.5 30.0 29.923705511508274 18.713532913042684 14.703360314577111 14.502088739768915 14.502088739768915 14.502088739768915 14.502088739768915 14.502088739768915 14.502088739768915 0.0
17.6 30.0 30.0 19.313532913042685 14.703360314577111 14.401452952364817 14.401452952364817 14.401452952364817 14.401452952364817 14.401452952364817 14.401452952364817 0.0
17.7 30.0 30.0 19.913532913042687 14.703360314577111 14.30081716496072 14.30081716496072 14.30081716496072 14.30081716496072 14.30081716496072 14.30081716496072 0.0
17.8 30.0 30.0 20.513532913042688 14.703360314577111 14.200181377556621 14.200181377556621 14.200181377556621 14.200181377556621 14.200181377556621 14.200181377556621 0.0
17.9 30.0 30.0 21.11353291304269 14.703360314577111 14.099545590152523 14.099545590152523 14.099545590152523 14.099545590152523 14.099545590152523 14.099545590152523 0.0
18.0 30.0 30.0 21.71353291304269 14.703360314577111 13.998909802748425 13.998909802748425 13.998909802748425 13.998909802748425 13.998909802748425 13.998909802748425 0.0
18.1 30.0 30.0 22.313532913042692 14.703360314577111 13.898274015344327 13.898274015344327 13.898274015344327 13.898274015344327 13.898274015344327 13.898274015344327 0.0
18.2 30.0 30.0 22.913532913042694 14.703360314577111 13.79763822794023 13.79763822794023 13.79763822794023 13.79763822794023 13.79763822794023 13.79763822794023 0.0
18.3 30.0 30.0 23.513532913042695 14.703360314577111 13.697002440536131 13.697002440536131 13.697002440536131 13.697002440536131 13.697002440536131 13.697002440536131 0.0
18.4 30.0 30.0 24.113532913042697 14.703360314577111 13.596366653132034 13.596366653132034 13.596366653132034 13.596366653132034 13.596366653132034 13.596366653132034 0.0
18.5 30.0 30.0 24.713532913042698 14.703360314577111 13.495730865727936 13.495730865727936 13.495730865727936 13.495730865727936 13.495730865727936 13.495730865727936 0.0
18.6 30.0 30.0 25.3135329130427 14.703360314577111 13.395095078323838 13.395095078323838 13.395095078323838 13.395095078323838 13.395095078323838 13.395095078323838 0.0
18.7 30.0 30.0 25.9135329130427 14.703360314577111 13.29445929091974 13.29445929091974 13.29445929091974 13.29445929091974 13.29445929091974 13.29445929091974 0.0
18.8 30.0 30.0 26.513532913042702 15.30336031457711 13.193823503515642 13.193823503515642 13.193823503515642 13.193823503515642 13.193823503515642 13.193823503515642 0.0
18.9 30.0 30.0 27.113532913042704 15.90336031457711 13.093187716111544 13.093187716111544 13.093187716111544 13.093187716111544 13.093187716111544 13.093187716111544 0.0
19.0 30.0 30.0 27.713532913042705 16.50336031457711 13.093187716111544 12.992551928707446 12.992551928707446 12.992551928707446 12.992551928707446 12.992551928707446 0.0
19.1 30.0 30.0 28.313532913042707 17.103360314577113 13.093187716111544 12.891916141303348 12.891916141303348 12.891916141303348 12.891916141303348 12.891916141303348 0.0
19.2 30.0 30.0 28.913532913042708 17.703360314577115 13.093187716111544 12.79128035389925 12.79128035389925 12.79128035389925 12.79128035389925 12.79128035389925 0.0
19.3 30.0 30.0 29.51353291304271 18.303360314577116 13.093187716111544 12.690644566495152 12.690644566495152 12.690644566495152 12.690644566495152 12.690644566495152 0.0
19.4 30.0 30.0 30.0 18.903360314577117 13.093187716111544 12.590008779091054 12.590008779091054 12.590008779091054 12.590008779091054 12.590008779091054 0.0
19.5 30.0 30.0 30.0 19.50336031457712 13.093187716111544 12.489372991686956 12.489372991686956 12.489372991686956 12.489372991686956 12.489372991686956 0.0
19.6 30.0 30.0 30.0 20.10336031457712 13.093187716111544 12.388737204282858 12.388737204282858 12.388737204282858 12.388737204282858 12.388737204282858 0.0
19.7 30.0 30.0 30.0 20.70336031457712 13.093187716111544 12.28810141687876 12.28810141687876 12.28810141687876 12.28810141687876 12.28810141687876 0.0
19.8 30.0 30.0 30.0 21.303360314577123 13.093187716111544 12.187465629474662 12.187465629474662 12.187465629474662 12.187465629474662 12.187465629474662 0.0
19.9 30.0 30.0 30.0 21.903360314577125 13.093187716111544 12.086829842070564 12.086829842070564 12.086829842070564 12.086829842070564 12.086829842070564 0.0
20.0 30.0 30.0 30.0 22.503360314577126 13.093187716111544 11.986194054666466 11.986194054666466 11.986194054666466 11.986194054666466 11.986194054666466 0.0
20.1 30.0 30.0 30.0 23.103360314577127 13.093187716111544 11.885558267262368 11.885558267262368 11.885558267262368 11.885558267262368 11.885558267262368 0.0
20.2 30.0 30.0 30.0 23.70336031457713 13.093187716111544 11.78492247985827 11.78492247985827 11.78492247985827 11.78492247985827 11.78492247985827 0.0
20.3 30.0 30.0 30.0 24.30336031457713 13.093187716111544 11.684286692454172 11.684286692454172 11.684286692454172 11.684286692454172 11.684286692454172 0.0
20.4 30.0 30.0 30.0 24.90336031457713 13.693187716111543 11.583650905050074 11.583650905050074 11.583650905050074 11.583650905050074 11.583650905050074 0.0
20.5 30.0 30.0 30.0 25.503360314577133 14.293187716111543 11.483015117645976 11.483015117645976 11.483015117645976 11.483015117645976 11.483015117645976 0.0
20.6 30.0 30.0 30.0 26.103360314577134 14.893187716111543 11.483015117645976 11.382379330241879 11.382379330241879 11.382379330241879 11.382379330241879 0.0
20.7 30.0 30.0 30.0 26.703360314577136 15.493187716111542 11.483015117645976 11.28174354283778 11.28174354283778 11.28174354283778 11.28174354283778 0.0
20.8 30.0 30.0 30.0 27.303360314577137 16.093187716111544 11.483015117645976 11.181107755433683 11.181107755433683 11.181107755433683 11.181107755433683 0.0
20.9 30.0 30.0 30.0 27.90336031457714 16.693187716111545 11.483015117645976 11.080471968029585 11.080471968029585 11.080471968029585 11.080471968029585 0.0
21.0 30.0 30.0 30.0 28.50336031457714 17.293187716111547 11.483015117645976 10.979836180625487 10.979836180625487 10.979836180625487 10.979836180625487 0.0
21.1 30.0 30.0 30.0 29.10336031457714 17.893187716111548 11.483015117645976 10.879200393221389 10.879200393221389 10.879200393221389 10.879200393221389 0.0
21.2 30.0 30.0 30.0 29.703360314577143 18.49318771611155 11.483015117645976 10.77856460581729 10.77856460581729 10.77856460581729 10.77856460581729 0.0
21.3 30.0 30.0 30.0 30.0 19.09318771611155 11.483015117645976 10.677928818413193 10.677928818413193 10.677928818413193 10.677928818413193 0.0
21.4 30.0 30.0 30.0 30.0 19.693187716111552 11.483015117645976 10.577293031009095 10.577293031009095 10.577293031009095 10.577293031009095 0.0
21.5 30.0 30.0 30.0 30.0 20.293187716111554 11.483015117645976 10.476657243604997 10.476657243604997 10.476657243604997 10.476657243604997 0.0
21.6 30.0 30.0 30.0 30.0 20.893187716111555 11.483015117645976 10.376021456200899 10.376021456200899 10.376021456200899 10.376021456200899 0.0
21.7 30.0 30.0 30.0 30.0 21.493187716111557 11.483015117645976 10.275385668796801 10.275385668796801 10.275385668796801 10.275385668796801 0.0
21.8 30.0 30.0 30.0 30.0 22.093187716111558 11.483015117645976 10.174749881392703 10.174749881392703 10.174749881392703 10.174749881392703 0.0
21.9 30.0 30.0 30.0 30.0 22.69318771611156 11.483015117645976 10.074114093988605 10.074114093988605 10.074114093988605 10.074114093988605 0.0
22.0 30.0 30.0 30.0 30.0 23.29318771611156 12.083015117645976 9.973478306584507 9.973478306584507 9.973478306584507 9.973478306584507 0.0
22.1 30.0 30.0 30.0 30.0 23.893187716111562 12.683015117645976 9.87284251918041 9.87284251918041 9.87284251918041 9.87284251918041 0.0
22.2 30.0 30.0 30.0 30.0 24.493187716111564 13.283015117645975 9.87284251918041 9.772206731776311 9.772206731776311 9.772206731776311 0.0
22.3 30.0 30.0 30.0 30.0 25.093187716111565 13.883015117645975 9.87284251918041 9.671570944372213 9.671570944372213 9.671570944372213 0.0
22.4 30.0 30.0 30.0 30.0 25.693187716111566 14.483015117645975 9.87284251918041 9.570935156968115 9.570935156968115 9.570935156968115 0.0
22.5 30.0 30.0 30.0 30.0 26.293187716111568 15.083015117645974 9.87284251918041 9.470299369564017 9.470299369564017 9.470299369564017 0.0
22.6 30.0 30.0 30.0 30.0 26.89318771611157 15.683015117645974 9.87284251918041 9.36966358215992 9.36966358215992 9.36966358215992 0.0
22.7 30.0 30.0 30.0 30.0 27.49318771611157 16.283015117645974 9.87284251918041 9.269027794755822 9.269027794755822 9.269027794755822 0.0
22.8 30.0 30.0 30.0 30.0 28.093187716111572 16.883015117645975 9.87284251918041 9.168392007351724 9.168392007351724 9.168392007351724 0.0
22.9 30.0 30.0 30.0 30.0 28.693187716111574 17.483015117645976 9.87284251918041 9.067756219947626 9.067756219947626 9.067756219947626 0.0
23.0 30.0 30.0 30.0 30.0 29.293187716111575 18.083015117645978 9.87284251918041 8.967120432543528 8.967120432543528 8.967120432543528 0.0
23.1 30.0 30.0 30.0 30.0 29.893187716111576 18.68301511764598 9.87284251918041 8.86648464513943 8.86648464513943 8.86648464513943 0.0
23.2 30.0 30.0 30.0 30.0 30.0 19.28301511764598 9.87284251918041 8.765848857735332 8.765848857735332 8.765848857735332 0.0
23.3 30.0 30.0 30.0 30.0 30.0 19.883015117645982 9.87284251918041 8.665213070331234 8.665213070331234 8.665213070331234 0.0
23.4 30.0 30.0 30.0 30.0 30.0 20.483015117645984 9.87284251918041 8.564577282927136 8.564577282927136 8.564577282927136 0.0
23.5 30.0 30.0 30.0 30.0 30.0 21.083015117645985 9.87284251918041 8.463941495523038 8.463941495523038 8.463941495523038 0.0
23.6 30.0 30.0 30.0 30.0 30.0 21.683015117645986 10.472842519180409 8.36330570811894 8.36330570811894 8.36330570811894 0.0
23.7 30.0 30.0 30.0 30.0 30.0 22.283015117645988 11.072842519180409 8.262669920714842 8.262669920714842 8.262669920714842 0.0
23.8 30.0 30.0 30.0 30.0 30.0 22.88301511764599 11.672842519180408 8.262669920714842 8.162034133310744 8.162034133310744 0.0
23.9 30.0 30.0 30.0 30.0 30.0 23.48301511764599 12.272842519180408 8.262669920714842 8.061398345906646 8.061398345906646 0.0
24.0 30.0 30.0 30.0 30.0 30.0 24.083015117645992 12.872842519180407 8.262669920714842 7.960762558502548 7.960762558502548 0.0
24.1 30.0 30.0 30.0 30.0 30.0 24.683015117645994 13.472842519180407 8.262669920714842 7.86012677109845 7.86012677109845 0.0
24.2 30.0 30.0 30.0 30.0 30.0 25.283015117645995 14.072842519180407 8.262669920714842 7.759490983694352 7.759490983694352 0.0
24.3 30.0 30.0 30.0 30.0 30.0 25.883015117645996 14.672842519180406 8.262669920714842 7.658855196290254 7.658855196290254 0.0
24.4 30.0 30.0 30.0 30.0 30.0 26.483015117645998 15.272842519180406 8.262669920714842 7.558219408886156 7.558219408886156 0.0
24.5 30.0 30.0 30.0 30.0 30.0 27.083015117646 15.872842519180406 8.262669920714842 7.457583621482058 7.457583621482058 0.0
24.6 30.0 30.0 30.0 30.0 30.0 27.683015117646 16.472842519180407 8.262669920714842 7.35694783407796 7.35694783407796 0.0
24.7 30.0 30.0 30.0 30.0 30.0 28.283015117646002 17.07284251918041 8.262669920714842 7.256312046673862 7.256312046673862 0.0
24.8 30.0 30.0 30.0 30.0 30.0 28.883015117646003 17.67284251918041 8.262669920714842 7.1556762592697645 7.1556762592697645 0.0
24.9 30.0 30.0 30.0 30.0 30.0 29.483015117646005 18.27284251918041 8.262669920714842 7.0550404718656665 7.0550404718656665 0.0
25.0 30.0 30.0 30.0 30.0 30.0 30.0 18.872842519180413 8.262669920714842 6.954404684461569 6.954404684461569 0.0
25.1 30.0 30.0 30.0 30.0 30.0 30.0 19.472842519180414 8.262669920714842 6.853768897057471 6.853768897057471 0.0
25.2 30.0 30.0 30.0 30.0 30.0 30.0 20.072842519180416 8.862669920714842 6.753133109653373 6.753133109653373 0.0
25.3 30.0 30.0 30.0 30.0 30.0 30.0 20.672842519180417 9.462669920714841 6.652497322249275 6.652497322249275 0.0
25.4 30.0 30.0 30.0 30.0 30.0 30.0 21.27284251918042 10.062669920714841 6.652497322249275 6.551861534845177 0.0
25.5 30.0 30.0 30.0 30.0 30.0 30.0 21.87284251918042 10.66266992071484 6.652497322249275 6.451225747441079 0.0
25.6 30.0 30.0 30.0 30.0 30.0 30.0 22.47284251918042 11.26266992071484 6.652497322249275 6.350589960036981 0.0
25.7 30.0 30.0 30.0 30.0 30.0 30.0 23.072842519180423 11.86266992071484 6.652497322249275 6.249954172632883 0.0
25.8 30.0 30.0 30.0 30.0 30.0 30.0 23.672842519180424 12.46266992071484 6.652497322249275 6.149318385228785 0.0
25.9 30.0 30.0 30.0 30.0 30.0 30.0 24.272842519180426 13.06266992071484 6.652497322249275 6.048682597824687 0.0
26.0 30.0 30.0 30.0 30.0 30.0 30.0 24.872842519180427 13.662669920714839 6.652497322249275 5.948046810420589 0.0
26.1 30.0 30.0 30.0 30.0 30.0 30.0 25.47284251918043 14.262669920714838 6.652497322249275 5.847411023016491 0.0
26.2 30.0 30.0 30.0 30.0 30.0 30.0 26.07284251918043 14.862669920714838 6.652497322249275 5.746775235612393 0.0
26.3 30.0 30.0 30.0 30.0 30.0 30.0 26.67284251918043 15.462669920714838 6.652497322249275 5.646139448208295 0.0
26.4 30.0 30.0 30.0 30.0 30.0 30.0 27.272842519180433 16.06266992071484 6.652497322249275 5.545503660804197 0.0
26.5 30.0 30.0 30.0 30.0 30.0 30.0 27.872842519180434 16.66266992071484 6.652497322249275 5.444867873400099 0.0
26.6 30.0 30.0 30.0 30.0 30.0 30.0 28.472842519180436 17.262669920714842 6.652497322249275 5.344232085996001 0.0
26.7 30.0 30.0 30.0 30.0 30.0 30.0 29.072842519180437 17.862669920714843 6.652497322249275 5.243596298591903 0.0
26.8 30.0 30.0 30.0 30.0 30.0 30.0 29.67284251918044 18.462669920714845 7.252497322249274 5.142960511187805 0.0
26.9 30.0 30.0 30.0 30.0 30.0 30.0 30.0 19.062669920714846 7.852497322249274 5.042324723783707 0.0
27.0 30.0 30.0 30.0 30.0 30.0 30.0 30.0 19.662669920714848 8.452497322249274 5.042324723783707 0.0
27.1 30.0 30.0 30.0 30.0 30.0 30.0 30.0 20.26266992071485 9.052497322249273 5.042324723783707 0.0
27.2 30.0 30.0 30.0 30.0 30.0 30.0 30.0 20.86266992071485 9.652497322249273 5.042324723783707 0.0
27.3 30.0 30.0 30.0 30.0 30.0 30.0 30.0 21.462669920714852 10.252497322249273 5.042324723783707 0.0
27.4 30.0 30.0 30.0 30.0 30.0 30.0 30.0 22.062669920714853 10.852497322249272 5.042324723783707 0.0
27.5 30.0 30.0 30.0 30.0 30.0 30.0 30.0 22.662669920714855 11.452497322249272 5.042324723783707 0.0
27.6 30.0 30.0 30.0 30.0 30.0 30.0 30.0 23.262669920714856 12.052497322249272 5.042324723783707 0.0
27.7 30.0 30.0 30.0 30.0 30.0 30.0 30.0 23.862669920714858 12.652497322249271 5.042324723783707 0.0
27.8 30.0 30.0 30.0 30.0 30.0 30.0 30.0 24.46266992071486 13.25249732224927 5.042324723783707 0.0
27.9 30.0 30.0 30.0 30.0 30.0 30.0 30.0 25.06266992071486 13.85249732224927 5.042324723783707 0.0
28.0 30.0 30.0 30.0 30.0 30.0 30.0 30.0 25.662669920714862 14.45249732224927 5.042324723783707 0.0
28.1 30.0 30.0 30.0 30.0 30.0 30.0 30.0 26.262669920714863 15.05249732224927 5.042324723783707 0.0
28.2 30.0 30.0 30.0 30.0 30.0 30.0 30.0 26.862669920714865 15.65249732224927 5.042324723783707 0.0
28.3 30.0 30.0 30.0 30.0 30.0 30.0 30.0 27.462669920714866 16.25249732224927 5.042324723783707 0.0
28.4 30.0 30.0 30.0 30.0 30.0 30.0 30.0 28.062669920714868 16.85249732224927 5.642324723783707 0.0
28.5 30.0 30.0 30.0 30.0 30.0 30.0 30.0 28.66266992071487 17.452497322249272 6.242324723783707 0.0
28.6 30.0 30.0 30.0 30.0 30.0 30.0 30.0 29.26266992071487 18.052497322249273 6.842324723783706 0.0
28.7 30.0 30.0 30.0 30.0 30.0 30.0 30.0 29.862669920714872 18.652497322249275 7.442324723783706 0.0
28.8 30.0 30.0 30.0 30.0 30.0 30.0 30.0 30.0 19.252497322249276 8.042324723783706 0.0
28.9 30.0 30.0 30.0 30.0 30.0 30.0 30.0 30.0 19.852497322249278 8.642324723783705 0.0
29.0 30.0 30.0 30.0 30.0 30.0 30.0 30.0 30.0 20.45249732224928 9.242324723783705 0.0
29.1 30.0 30.0 30.0 30.0 30.0 30.0 30.0 30.0 21.05249732224928 9.842324723783705 0.0
29.2 30.0 30.0 30.0 30.0 30.0 30.0 30.0 30.0 21.652497322249282 10.442324723783704 0.0
29.3 30.0 30.0 30.0 30.0 30.0 30.0 30.0 30.0 22.252497322249283 11.042324723783704 0.0
29.4 30.0 30.0 30.0 30.0 30.0 30.0 30.0 30.0 22.852497322249285 11.642324723783704 0.0
29.5 30.0 30.0 30.0 30.0 30.0 30.0 30.0 30.0 23.452497322249286 12.242324723783703 0.0
29.6 30.0 30.0 30.0 30.0 30.0 30.0 30.0 30.0 24.052497322249287 12.842324723783703 0.0
29.7 30.0 30.0 30.0 30.0 30.0 30.0 30.0 30.0 24.65249732224929 13.442324723783702 0.0
29.8 30.0 30.0 30.0 30.0 30.0 30.0 30.0 30.0 25.25249732224929 14.042324723783702 0.0
29.9 30.0 30.0 30.0 30.0 30.0 30.0 30.0 30.0 25.85249732224929 14.642324723783702 0.0
30.0 30.0 30.0 30.0 30.0 30.0 30.0 30.0 30.0 26.452497322249293 15.242324723783701 0.0
30.1 30.0 30.0 30.0 30.0 30.0 30.0 30.0 30.0 27.052497322249295 15.842324723783701 0.0
30.2 30.0 30.0 30.0 30.0 30.0 30.0 30.0 30.0 27.652497322249296 16.442324723783702 0.0
30.3 30.0 30.0 30.0 30.0 30.0 30.0 30.0 30.0 28.252497322249297 17.042324723783704 0.0
30.4 30.0 30.0 30.0 30.0 30.0 30.0 30.0 30.0 28.8524973222493 17.642324723783705 0.0
30.5 30.0 30.0 30.0 30.0 30.0 30.0 30.0 30.0 29.4524973222493 18.242324723783707 0.0
30.6 30.0 30.0 30.0 30.0 30.0 30.0 30.0 30.0 30.0 18.842324723783708 0.0
30.7 30.0 30.0 30.0 30.0 30.0 30.0 30.0 30.0 30.0 19.44232472378371 0.0
30.8 30.0 30.0 30.0 30.0 30.0 30.0 30.0 30.0 30.0 20.04232472378371 0.0
30.9 30.0 30.0 30.0 30.0 30.0 30.0 30.0 30.0 30.0 20.642324723783712 0.0
31.0 30.0 30.0 30.0 30.0 30.0 30.0 30.0 30.0 30.0 21.242324723783714 0.0
31.1 30.0 30.0 30.0 30.0 30.0 30.0 30.0 30.0 30.0 21.842324723783715 0.0
31.2 30.0 30.0 30.0 30.0 30.0 30.0 30.0 30.0 30.0 22.442324723783717 0.0
31.3 30.0 30.0 30.0 30.0 30.0 30.0 30.0 30.0 30.0 23.042324723783718 0.0
31.4 30.0 30.0 30.0 30.0 30.0 30.0 30.0 30.0 30.0 23.64232472378372 0.0
31.5 30.0 30.0 30.0 30.0 30.0 30.0 30.0 30.0 30.0 24.24232472378372 0.0
31.6 30.0 30.0 30.0 30.0 30.0 30.0 30.0 30.0 30.0 24.842324723783722 0.0
31.7 30.0 30.0 30.0 30.0 30.0 30.0 30.0 30.0 30.0 25.442324723783724 0.0
31.8 30.0 30.0 30.0 30.0 30.0 30.0 30.0 30.0 30.0 26.042324723783725 0.0
31.9 30.0 30.0 30.0 30.0 30.0 30.0 30.0 30.0 30.0 26.642324723783727 0.0
32.0 30.0 30.0 30.0 30.0 30.0 30.0 30.0 30.0 30.0 27.242324723783728 0.0
32.1 30.0 30.0 30.0 30.0 30.0 30.0 30.0 30.0 30.0 27.84232472378373 0.0
32.2 30.0 30.0 30.0 30.0 30.0 30.0 30.0 30.0 30.0 28.44232472378373 0.0
32.3 30.0 30.0 30.0 30.0 30.0 30.0 30.0 30.0 30.0 29.042324723783732 0.0
32.4 30.0 30.0 30.0 30.0 30.0 30.0 30.0 30.0 30.0 29.642324723783734 0.0
32.5 30.0 30.0 30.0 30.0 30.0 30.0 30.0 30.0 30.0 30.0 0.0
32.6 30.0 30.0 30.0 30.0 30.0 30.0 30.0 30.0 30.0 30.0 0.0
32.7 30.0 30.0 30.0 30.0 30.0 30.0 30.0 30.0 30.0 30.0 0.0
32.8 30.0 30.0 30.0 30.0 30.0 30.0 30.0 30.0 30.0 30.0 0.0
32.9 30.0 30.0 30.0 30.0 30.0 30.0 30.0 30.0 30.0 30.0 0.0
33.0 30.0 30.0 30.0 30.0 30.0 30.0 30.0 30.0 30.0 30.0 0.0
33.1 30.0 30.0 30.0 30.0 30.0 30.0 30.0 30.0 30.0 30.0 0.0
33.2 30.0 30.0 30.0 30.0 30.0 30.0 30.0 30.0 30.0 30.0 0.0
33.3 30.0 30.0 30.0 30.0 30.0 30.0 30.0 30.0 30.0 30.0 0.0
33.4 30.0 30.0 30.0 30.0 30.0 30.0 30.0 30.0 30.0 30.0 0.0
33.5 30.0 30.0 30.0 30.0 30.0 30.0 30.0 30.0 30.0 30.0 0.0
33.6 30.0 30.0 30.0 30.0 30.0 30.0 30.0 30.0 30.0 30.0 0.0
33.7 30.0 30.0 30.0 30.0 30.0 30.0 30.0 30.0 30.0 30.0 0.0
33.8 30.0 30.0 30.0 30.0 30.0 30.0 30.0 30.0 30.0 30.0 0.0
33.9 30.0 30.0 30.0 30.0 30.0 30.0 30.0 30.0 30.0 30.0 0.0
34.0 30.0 30.0 30.0 30.0 30.0 30.0 30.0 30.0 30.0 30.0 0.0
34.1 30.0 30.0 30.0 30.0 30.0 30.0 30.0 30.0 30.0 30.0 0.0
34.2 30.0 30.0 30.0 30.0 30.0 30.0 30.0 30.0 30.0 30.0 0.0
34.3 30.0 30.0 30.0 30.0 30.0 30.0 30.0 30.0 30.0 30.0 0.0
34.4 30.0 30.0 30.0 30.0 30.0 30.0 30.0 30.0 30.0 30.0 0.0
34.5 30.0 30.0 30.0 30.0 30.0 30.0 30.0 30.0 30.0 30.0 0.0
34.6 30.0 30.0 30.0 30.0 30.0 30.0 30.0 30.0 30.0 30.0 0.0
34.7 30.0 30.0 30.0 30.0 30.0 30.0 30.0 30.0 30.0 30.0 0.0
34.8 30.0 30.0 30.0 30.0 30.0 30.0 30.0 30.0 30.0 30.0 0.0
34.9 30.0 30.0 30.0 30.0 30.0 30.0 30.0 30.0 30.0 30.0 0.0
35.0 30.0 30.0 30.0 30.0 30.0 30.0 30.0 30.0 30.0 30.0 0.0
35.1 30.0 30.0 30.0 30.0 30.0 30.0 30.0 30.0 30.0 30.0 0.0
35.2 30.0 30.0 30.0 30.0 30.0 30.0 30.0 30.0 30.0 30.0 0.0
35.3 30.0 30.0 30.0 30.0 30.0 30.0 30.0 30.0 30.0 30.0 0.0
35.4 30.0 30.0 30.0 30.0 30.0 30.0 30.0 30.0 30.0 30.0 0.0
35.5 30.0 30.0 30.0 30.0 30.0 30.0 30.0 30.0 30.0 30.0 0.0
35.6 30.0 30.0 30.0 30.0 30.0 30.0 30.0 30.0 30.0 30.0 0.0
35.7 30.0 30.0 30.0 30.0 30.0 30.0 30.0 30.0 30.0 30.0 0.0
35.8 30.0 30.0 30.0 30.0 30.0 30.0 30.0 30.0 30.0 30.0 0.0
35.9 30.0 30.0 30.0 30.0 30.0 30.0 30.0 30.0 30.0 30.0 0.0
36.0 30.0 30.0 30.0 30.0 30.0 30.0 30.0 30.0 30.0 30.0 0.0
36.1 30.0 30.0 30.0 30.0 30.0 30.0 30.0 30.0 30.0 30.0 0.0
36.2 30.0 30.0 30.0 30.0 30.0 30.0 30.0 30.0 30.0 30.0 0.0
36.3 30.0 30.0 30.0 30.0 30.0 30.0 30.0 30.0 30.0 30.0 0.0
36.4 30.0 30.0 30.0 30.0 30.0 30.0 30.0 30.0 30.0 30.0 0.0
36.5 30.0 30.0 30.0 30.0 30.0 30.0 30.0 30.0 30.0 30.0 0.0
36.6 30.0 30.0 30.0 30.0 30.0 30.0 30.0 30.0 30.0 30.0 0.0
36.7 30.0 30.0 30.0 30.0 30.0 30.0 30.0 30.0 30.0 30.0 0.0
36.8 30.0 30.0 30.0 30.0 30.0 30.0 30.0 30.0 30.0 30.0 0.0
36.9 30.0 30.0 30.0 30.0 30.0 30.0 30.0 30.0 30.0 30.0 0.0
37.0 30.0 30.0 30.0 30.0 30.0 30.0 30.0 30.0 30.0 30.0 0.0
37.1 30.0 30.0 30.0 30.0 30.0 30.0 30.0 30.0 30.0 30.0 0.0
37.2 30.0 30.0 30.0 30.0 30.0 30.0 30.0 30.0 30.0 30.0 0.0
37.3 30.0 30.0 30.0 30.0 30.0 30.0 30.0 30.0 30.0 30.0 0.0
37.4 30.0 30.0 30.0 30.0 30.0 30.0 30.0 30.0 30.0 30.0 0.0
37.5 30.0 30.0 30.0 30.0 30.0 30.0 30.0 30.0 30.0 30.0 0.0
37.6 30.0 30.0 30.0 30.0 30.0 30.0 30.0 30.0 30.0 30.0 0.0
37.7 30.0 30.0 30.0 30.0 30.0 30.0 30.0 30.0 30.0 30.0 0.0
37.8 30.0 30.0 30.0 30.0 30.0 30.0 30.0 30.0 30.0 30.0 0.0
37.9 30.0 30.0 30.0 30.0 30.0 30.0 30.0 30.0 30.0 30.0 0.0
38.0 30.0 30.0 30.0 30.0 30.0 30.0 30.0 30.0 30.0 30.0 0.0
38.1 30.0 30.0 30.0 30.0 30.0 30.0 30.0 30.0 30.0 30.0 0.0
38.2 30.0 30.0 30.0 30.0 30.0 30.0 30.0 30.0 30.0 30.0 0.0
38.3 30.0 30.0 30.0 30.0 30.0 30.0 30.0 30.0 30.0 30.0 0.0
38.4 30.0 30.0 30.0 30.0 30.0 30.0 30.0 30.0 30.0 30.0 0.0
38.5 30.0 30.0 30.0 30.0 30.0 30.0 30.0 30.0 30.0 30.0 0.0
38.6 30.0 30.0 30.0 30.0 30.0 30.0 30.0 30.0 30.0 30.0 0.0
38.7 30.0 30.0 30.0 30.0 30.0 30.0 30.0 30.0 30.0 30.0 0.0
38.8 30.0 30.0 30.0 30.0 30.0 30.0 30.0 30.0 30.0 30.0 0.0
38.9 30.0 30.0 30.0 30.0 30.0 30.0 30.0 30.0 30.0 30.0 0.0
39.0 30.0 30.0 30.0 30.0 30.0 30.0 30.0 30.0 30.0 30.0 0.0
39.1 30.0 30.0 30.0 30.0 30.0 30.0 30.0 30.0 30.0 30.0 0.0
39.2 30.0 30.0 30.0 30.0 30.0 30.0 30.0 30.0 30.0 30.0 0.0
39.3 30.0 30.0 30.0 30.0 30.0 30.0 30.0 30.0 30.0 30.0 0.0
39.4 30.0 30.0 30.0 30.0 30.0 30.0 30.0 30.0 30.0 30.0 0.0
39.5 30.0 30.0 30.0 30.0 30.0 30.0 30.0 30.0 30.0 30.0 0.0
39.6 30.0 30.0 30.0 30.0 30.0 30.0 30.0 30.0 30.0 30.0 0.0
39.7 30.0 30.0 30.0 30.0 30.0 30.0 30.0 30.0 30.0 30.0 0.0
39.8 30.0 30.0 30.0 30.0 30.0 30.0 30.0 30.0 30.0 30.0 0.0
39.9 30.0 30.0 30.0 30.0 30.0 30.0 30.0 30.0 30.0 30.0 0.0
40.0 30.0 30.0 30.0 30.0 30.0 30.0 30.0 30.0 30.0 30.0 0.0
40.1 30.0 30.0 30.0 30.0 30.0 30.0 30.0 30.0 30.0 30.0 0.0
40.2 30.0 30.0 30.0 30.0 30.0 30.0 30.0 30.0 30.0 30.0 0.0
40.3 30.0 30.0 30.0 30.0 30.0 30.0 30.0 30.0 30.0 30.0 0.0
40.4 30.0 30.0 30.0 30.0 30.0 30.0 30.0 30.0 30.0 30.0 0.0
40.5 30.0 30.0 30.0 30.0 30.0 30.0 30.0 30.0 30.0 30.0 0.0
40.6 30.0 30.0 30.0 30.0 30.0 30.0 30.0 30.0 30.0 30.0 0.0
40.7 30.0 30.0 30.0 30.0 30.0 30.0 30.0 30.0 30.0 30.0 0.0
40.8 30.0 30.0 30.0 30.0 30.0 30.0 30.0 30.0 30.0 30.0 0.0
40.9 30.0 30.0 30.0 30.0 30.0 30.0 30.0 30.0 30.0 30.0 0.0
41.0 30.0 30.0 30.0 30.0 30.0 30.0 30.0 30.0 30.0 30.0 0.0
41.1 30.0 30.0 30.0 30.0 30.0 30.0 30.0 30.0 30.0 30.0 0.0
41.2 30.0 30.0 30.0 30.0 30.0 30.0 30.0 30.0 30.0 30.0 0.0
41.3 30.0 30.0 30.0 30.0 30.0 30.0 30.0 30.0 30.0 30.0 0.0
41.4 30.0 30.0 30.0 30.0 30.0 30.0 30.0 30.0 30.0 30.0 0.0
41.5 30.0 30.0 30.0 30.0 30.0 30.0 30.0 30.0 30.0 30.0 0.0
41.6 30.0 30.0 30.0 30.0 30.0 30.0 30.0 30.0 30.0 30.0 0.0
41.7 30.0 30.0 30.0 30.0 30.0 30.0 30.0 30.0 30.0 30.0 0.0
41.8 30.0 30.0 30.0 30.0 30.0 30.0 30.0 30.0 30.0 30.0 0.0
41.9 30.0 30.0 30.0 30.0 30.0 30.0 30.0 30.0 30.0 30.0 0.0
42.0 30.0 30.0 30.0 30.0 30.0 30.0 30.0 30.0 30.0 30.0 0.0
42.1 30.0 30.0 30.0 30.0 30.0 30.0 30.0 30.0 30.0 30.0 0.0
42.2 30.0 30.0 30.0 30.0 30.0 30.0 30.0 30.0 30.0 30.0 0.0
42.3 30.0 30.0 30.0 30.0 30.0 30.0 30.0 30.0 30.0 30.0 0.0
42.4 30.0 30.0 30.0 30.0 30.0 30.0 30.0 30.0 30.0 30.0 0.0
42.5 30.0 30.0 30.0 30.0 30.0 30.0 30.0 30.0 30.0 30.0 0.0
42.6 30.0 30.0 30.0 30.0 30.0 30.0 30.0 30.0 30.0 30.0 0.0
42.7 30.0 30.0 30.0 30.0 30.0 30.0 30.0 30.0 30.0 30.0 0.0
42.8 30.0 30.0 30.0 30.0 30.0 30.0 30.0 30.0 30.0 30.0 0.0
42.9 30.0 30.0 30.0 30.0 30.0 30.0 30.0 30.0 30.0 30.0 0.0
43.0 30.0 30.0 30.0 30.0 30.0 30.0 30.0 30.0 30.0 30.0 0.0
43.1 30.0 30.0 30.0 30.0 30.0 30.0 30.0 30.0 30.0 30.0 0.0
43.2 30.0 30.0 30.0 30.0 30.0 30.0 30.0 30.0 30.0 30.0 0.0
43.3 30.0 30.0 30.0 30.0 30.0 30.0 30.0 30.0 30.0 30.0 0.0
43.4 30.0 30.0 30.0 30.0 30.0 30.0 30.0 30.0 30.0 30.0 0.0
43.5 30.0 30.0 30.0 30.0 30.0 30.0 30.0 30.0 30.0 30.0 0.0
43.6 30.0 30.0 30.0 30.0 30.0 30.0 30.0 30.0 30.0 30.0 0.0
43.7 30.0 30.0 30.0 30.0 30.0 30.0 30.0 30.0 30.0 30.0 0.0
43.8 30.0 30.0 30.0 30.0 30.0 30.0 30.0 30.0 30.0 30.0 0.0
43.9 30.0 30.0 30.0 30.0 30.0 30.0 30.0 30.0 30.0 30.0 0.0
44.0 30.0 30.0 30.0 30.0 30.0 30.0 30.0 30.0 30.0 30.0 0.0
44.1 30.0 30.0 30.0 30.0 30.0 30.0 30.0 30.0 30.0 30.0 0.0
44.2 30.0 30.0 30.0 30.0 30.0 30.0 30.0 30.0 30.0 30.0 0.0
44.3 30.0 30.0 30.0 30.0 30.0 30.0 30.0 30.0 30.0 30.0 0.0
44.4 30.0 30.0 30.0 30.0 30.0 30.0 30.0 30.0 30.0 30.0 0.0
44.5 30.0 30.0 30.0 30.0 30.0 30.0 30.0 30.0 30.0 30.0 0.0
44.6 30.0 30.0 30.0 30.0 30.0 30.0 30.0 30.0 30.0 30.0 0.0
44.7 30.0 30.0 30.0 30.0 30.0 30.0 30.0 30.0 30.0 30.0 0.0
44.8 30.0 30.0 30.0 30.0 30.0 30.0 30.0 30.0 30.0 30.0 0.0
44.9 30.0 30.0 30.0 30.0 30.0 30.0 30.0 30.0 30.0 30.0 0.0
45.0 30.0 30.0 30.0 30.0 30.0 30.0 30.0 30.0 30.0 30.0 0.0
45.1 30.0 30.0 30.0 30.0 30.0 30.0 30.0 30.0 30.0 30.0 0.0
45.2 30.0 30.0 30.0 30.0 30.0 30.0 30.0 30.0 30.0 30.0 0.0
45.3 30.0 30.0 30.0 30.0 30.0 30.0 30.0 30.0 30.0 30.0 0.0
45.4 30.0 30.0 30.0 30.0 30.0 30.0 30.0 30.0 30.0 30.0 0.0
45.5 30.0 30.0 30.0 30.0 30.0 30.0 30.0 30.0 30.0 30.0 0.0
45.6 30.0 30.0 30.0 30.0 30.0 30.0 30.0 30.0 30.0 30.0 0.0
45.7 30.0 30.0 30.0 30.0 30.0 30.0 30.0 30.0 30.0 30.0 0.0
45.8 30.0 30.0 30.0 30.0 30.0 30.0 30.0 30.0 30.0 30.0 0.0
45.9 30.0 30.0 30.0 30.0 30.0 30.0 30.0 30.0 30.0 30.0 0.0
46.0 30.0 30.0 30.0 30.0 30.0 30.0 30.0 30.0 30.0 30.0 0.0
46.1 30.0 30.0 30.0 30.0 30.0 30.0 30.0 30.0 30.0 30.0 0.0
46.2 30.0 30.0 30.0 30.0 30.0 30.0 30.0 30.0 30.0 30.0 0.0
46.3 30.0 30.0 30.0 30.0 30.0 30.0 30.0 30.0 30.0 30.0 0.0
46.4 30.0 30.0 30.0 30.0 30.0 30.0 30.0 30.0 30.0 30.0 0.0
46.5 30.0 30.0 30.0 30.0 30.0 30.0 30.0 30.0 30.0 30.0 0.0
46.6 30.0 30.0 30.0 30.0 30.0 30.0 30.0 30.0 30.0 30.0 0.0
46.7 30.0 30.0 30.0 30.0 30.0 30.0 30.0 30.0 30.0 30.0 0.0
46.8 30.0 30.0 30.0 30.0 30.0 30.0 30.0 30.0 30.0 30.0 0.0
46.9 30.0 30.0 30.0 30.0 30.0 30.0 30.0 30.0 30.0 30.0 0.0
47.0 30.0 30.0 30.0 30.0 30.0 30.0 30.0 30.0 30.0 30.0 0.0
47.1 30.0 30.0 30.0 30.0 30.0 30.0 30.0 30.0 30.0 30.0 0.0
47.2 30.0 30.0 30.0 30.0 30.0 30.0 30.0 30.0 30.0 30.0 0.0
47.3 30.0 30.0 30.0 30.0 30.0 30.0 30.0 30.0 30.0 30.0 0.0
47.4 30.0 30.0 30.0 30.0 30.0 30.0 30.0 30.0 30.0 30.0 0.0
47.5 30.0 30.0 30.0 30.0 30.0 30.0 30.0 30.0 30.0 30.0 0.0
47.6 30.0 30.0 30.0 30.0 30.0 30.0 30.0 30.0 30.0 30.0 0.0
47.7 30.0 30.0 30.0 30.0 30.0 30.0 30.0 30.0 30.0 30.0 0.0
47.8 30.0 30.0 30.0 30.0 30.0 30.0 30.0 30.0 30.0 30.0 0.0
47.9 30.0 30.0 30.0 30.0 30.0 30.0 30.0 30.0 30.0 30.0 0.0
48.0 30.0 30.0 30.0 30.0 30.0 30.0 30.0 30.0 30.0 30.0 0.0
48.1 30.0 30.0 30.0 30.0 30.0 30.0 30.0 30.0 30.0 30.0 0.0
48.2 30.0 30.0 30.0 30.0 30.0 30.0 30.0 30.0 30.0 30.0 0.0
48.3 30.0 30.0 30.0 30.0 30.0 30.0 30.0 30.0 30.0 30.0 0.0
48.4 30.0 30.0 30.0 30.0 30.0 30.0 30.0 30.0 30.0 30.0 0.0
48.5 30.0 30.0 30.0 30.0 30.0 30.0 30.0 30.0 30.0 30.0 0.0
48.6 30.0 30.0 30.0 30.0 30.0 30.0 30.0 30.0 30.0 30.0 0.0
48.7 30.0 30.0 30.0 30.0 30.0 30.0 30.0 30.0 30.0 30.0 0.0
48.8 30.0 30.0 30.0 30.0 30.0 30.0 30.0 30.0 30.0 30.0 0.0
48.9 30.0 30.0 30.0 30.0 30.0 30.0 30.0 30.0 30.0 30.0 0.0
49.0 30.0 30.0 30.0 30.0 30.0 30.0 30.0 30.0 30.0 30.0 0.0
49.1 30.0 30.0 30.0 30.0 30.0 30.0 30.0 30.0 30.0 30.0 0.0
49.2 30.0 30.0 30.0 30.0 30.0 30.0 30.0 30.0 30.0 30.0 0.0
49.3 30.0 30.0 30.0 30.0 30.0 30.0 30.0 30.0 30.0 30.0 0.0
49.4 30.0 30.0 30.0 30.0 30.0 30.0 30.0 30.0 30.0 30.0 0.0
49.5 30.0 30.0 30.0 30.0 30.0 30.0 30.0 30.0 30.0 30.0 0.0
49.6 30.0 30.0 30.0 30.0 30.0 30.0 30.0 30.0 30.0 30.0 0.0
49.7 30.0 30.0 30.0 30.0 30.0 30.0 30.0 30.0 30.0 30.0 0.0
49.8 30.0 30.0 30.0 30.0 30.0 30.0 30.0 30.0 30.0 30.0 0.0
49.9 30.0 30.0 30.0 30.0 30.0 30.0 30.0 30.0 30.0 30.0 0.0
50.0 30.0 30.0 30.0 30.0 30.0 30.0 30.0 30.0 30.0 30.0 0.0
50.1 30.0 30.0 30.0 30.0 30.0 30.0 30.0 30.0 30.0 30.0 0.0
50.2 30.0 30.0 30.0 30.0 30.0 30.0 30.0 30.0 30.0 30.0 0.0
50.3 30.0 30.0 30.0 30.0 30.0 30.0 30.0 30.0 30.0 30.0 0.0
50.4 30.0 30.0 30.0 30.0 30.0 30.0 30.0 30.0 30.0 30.0 0.0
50.5 30.0 30.0 30.0 30.0 30.0 30.0 30.0 30.0 30.0 30.0 0.0
50.6 30.0 30.0 30.0 30.0 30.0 30.0 30.0 30.0 30.0 30.0 0.0
50.7 30.0 30.0 30.0 30.0 30.0 30.0 30.0 30.0 30.0 30.0 0.0
50.8 30.0 30.0 30.0 30.0 30.0 30.0 30.0 30.0 30.0 30.0 0.0
50.9 30.0 30.0 30.0 30.0 30.0 30.0 30.0 30.0 30.0 30.0 0.0
51.0 30.0 30.0 30.0 30.0 30.0 30.0 30.0 30.0 30.0 30.0 0.0
51.1 30.0 30.0 30.0 30.0 30.0 30.0 30.0 30.0 30.0 30.0 0.0
51.2 30.0 30.0 30.0 30.0 30.0 30.0 30.0 30.0 30.0 30.0 0.0
51.3 30.0 30.0 30.0 30.0 30.0 30.0 30.0 30.0 30.0 30.0 0.0
51.4 30.0 30.0 30.0 30.0 30.0 30.0 30.0 30.0 30.0 30.0 0.0
51.5 30.0 30.0 30.0 30.0 30.0 30.0 30.0 30.0 30.0 30.0 0.0
51.6 30.0 30.0 30.0 30.0 30.0 30.0 30.0 30.0 30.0 30.0 0.0
51.7 30.0 30.0 30.0 30.0 30.0 30.0 30.0 30.0 30.0 30.0 0.0
51.8 30.0 30.0 30.0 30.0 30.0 30.0 30.0 30.0 30.0 30.0 0.0
51.9 30.0 30.0 30.0 30.0 30.0 30.0 30.0 30.0 30.0 30.0 0.0
52.0 30.0 30.0 30.0 30.0 30.0 30.0 30.0 30.0 30.0 30.0 0.0
52.1 30.0 30.0 30.0 30.0 30.0 30.0 30.0 30.0 30.0 30.0 0.0
52.2 30.0 30.0 30.0 30.0 30.0 30.0 30.0 30.0 30.0 30.0 0.0
52.3 30.0 30.0 30.0 30.0 30.0 30.0 30.0 30.0 30.0 30.0 0.0
52.4 30.0 30.0 30.0 30.0 30.0 30.0 30.0 30.0 30.0 30.0 0.0
52.5 30.0 30.0 30.0 30.0 30.0 30.0 30.0 30.0 30.0 30.0 0.0
52.6 30.0 30.0 30.0 30.0 30.0 30.0 30.0 30.0 30.0 30.0 0.0
52.7 30.0 30.0 30.0 30.0 30.0 30.0 30.0 30.0 30.0 30.0 0.0
52.8 30.0 30.0 30.0 30.0 30.0 30.0 30.0 30.0 30.0 30.0 0.0
52.9 30.0 30.0 30.0 30.0 30.0 30.0 30.0 30.0 30.0 30.0 0.0
53.0 30.0 30.0 30.0 30.0 30.0 30.0 30.0 30.0 30.0 30.0 0.0
53.1 30.0 30.0 30.0 30.0 30.0 30.0 30.0 30.0 30.0 30.0 0.0
53.2 30.0 30.0 30.0 30.0 30.0 30.0 30.0 30.0 30.0 30.0 0.0
53.3 30.0 30.0 30.0 30.0 30.0 30.0 30.0 30.0 30.0 30.0 0.0
53.4 30.0 30.0 30.0 30.0 30.0 30.0 30.0 30.0 30.0 30.0 0.0
53.5 30.0 30.0 30.0 30.0 30.0 30.0 30.0 30.0 30.0 30.0 0.0
53.6 30.0 30.0 30.0 30.0 30.0 30.0 30.0 30.0 30.0 30.0 0.0
53.7 30.0 30.0 30.0 30.0 30.0 30.0 30.0 30.0 30.0 30.0 0.0
53.8 30.0 30.0 30.0 30.0 30.0 30.0 30.0 30.0 30.0 30.0 0.0
53.9 30.0 30.0 30.0 30.0 30.0 30.0 30.0 30.0 30.0 30.0 0.0
54.0 30.0 30.0 30.0 30.0 30.0 30.0 30.0 30.0 30.0 30.0 0.0
54.1 30.0 30.0 30.0 30.0 30.0 30.0 30.0 30.0 30.0 30.0 0.0
54.2 30.0 30.0 30.0 30.0 30.0 30.0 30.0 30.0 30.0 30.0 0.0
54.3 30.0 30.0 30.0 30.0 30.0 30.0 30.0 30.0 30.0 30.0 0.0
54.4 30.0 30.0 30.0 30.0 30.0 30.0 30.0 30.0 30.0 30.0 0.0
54.5 30.0 30.0 30.0 30.0 30.0 30.0 30.0 30.0 30.0 30.0 0.0
54.6 30.0 30.0 30.0 30.0 30.0 30.0 30.0 30.0 30.0 30.0 0.0
54.7 30.0 30.0 30.0 30.0 30.0 30.0 30.0 30.0 30.0 30.0 0.0
54.8 30.0 30.0 30.0 30.0 30.0 30.0 30.0 30.0 30.0 30.0 0.0
54.9 30.0 30.0 30.0 30.0 30.0 30.0 30.0 30.0 30.0 30.0 0.0
55.0 30.0 30.0 30.0 30.0 30.0 30.0 30.0 30.0 30.0 30.0 0.0
55.1 30.0 30.0 30.0 30.0 30.0 30.0 30.0 30.0 30.0 30.0 0.0
55.2 30.0 30.0 30.0 30.0 30.0 30.0 30.0 30.0 30.0 30.0 0.0
55.3 30.0 30.0 30.0 30.0 30.0 30.0 30.0 30.0 30.0 30.0 0.0
55.4 30.0 30.0 30.0 30.0 30.0 30.0 30.0 30.0 30.0 30.0 0.0
55.5 30.0 30.0 30.0 30.0 30.0 30.0 30.0 30.0 30.0 30.0 0.0
55.6 30.0 30.0 30.0 30.0 30.0 30.0 30.0 30.0 30.0 30.0 0.0
55.7 30.0 30.0 30.0 30.0 30.0 30.0 30.0 30.0 30.0 30.0 0.0
55.8 30.0 30.0 30.0 30.0 30.0 30.0 30.0 30.0 30.0 30.0 0.0
55.9 30.0 30.0 30.0 30.0 30.0 30.0 30.0 30.0 30.0 30.0 0.0
56.0 30.0 30.0 30.0 30.0 30.0 30.0 30.0 30.0 30.0 30.0 0.0
56.1 30.0 30.0 30.0 30.0 30.0 30.0 30.0 30.0 30.0 30.0 0.0
56.2 30.0 30.0 30.0 30.0 30.0 30.0 30.0 30.0 30.0 30.0 0.0
56.3 30.0 30.0 30.0 30.0 30.0 30.0 30.0 30.0 30.0 30.0 0.0
56.4 30.0 30.0 30.0 30.0 30.0 30.0 30.0 30.0 30.0 30.0 0.0
56.5 30.0 30.0 30.0 30.0 30.0 30.0 30.0 30.0 30.0 30.0 0.0
56.6 30.0 30.0 30.0 30.0 30.0 30.0 30.0 30.0 30.0 30.0 0.0
56.7 30.0 30.0 30.0 30.0 30.0 30.0 30.0 30.0 30.0 30.0 0.0
56.8 30.0 30.0 30.0 30.0 30.0 30.0 30.0 30.0 30.0 30.0 0.0
56.9 30.0 30.0 30.0 30.0 30.0 30.0 30.0 30.0 30.0 30.0 0.0
57.0 30.0 30.0 30.0 30.0 30.0 30.0 30.0 30.0 30.0 30.0 0.0
57.1 30.0 30.0 30.0 30.0 30.0 30.0 30.0 30.0 30.0 30.0 0.0
57.2 30.0 30.0 30.0 30.0 30.0 30.0 30.0 30.0 30.0 30.0 0.0
57.3 30.0 30.0 30.0 30.0 30.0 30.0 30.0 30.0 30.0 30.0 0.0
57.4 30.0 30.0 30.0 30.0 30.0 30.0 30.0 30.0 30.0 30.0 0.0
57.5 30.0 30.0 30.0 30.0 30.0 30.0 30.0 30.0 30.0 30.0 0.0
57.6 30.0 30.0 30.0 30.0 30.0 30.0 30.0 30.0 30.0 30.0 0.0
57.7 30.0 30.0 30.0 30.0 30.0 30.0 30.0 30.0 30.0 30.0 0.0
57.8 30.0 30.0 30.0 30.0 30.0 30.0 30.0 30.0 30.0 30.0 0.0
57.9 30.0 30.0 30.0 30.0 30.0 30.0 30.0 30.0 30.0 30.0 0.0
58.0 30.0 30.0 30.0 30.0 30.0 30.0 30.0 30.0 30.0 30.0 0.0
58.1 30.0 30.0 30.0 30.0 30.0 30.0 30.0 30.0 30.0 30.0 0.0
58.2 30.0 30.0 30.0 30.0 30.0 30.0 30.0 30.0 30.0 30.0 0.0
58.3 30.0 30.0 30.0 30.0 30.0 30.0 30.0 30.0 30.0 30.0 0.0
58.4 30.0 30.0 30.0 30.0 30.0 30.0 30.0 30.0 30.0 30.0 0.0
58.5 30.0 30.0 30.0 30.0 30.0 30.0 30.0 30.0 30.0 30.0 0.0
58.6 30.0 30.0 30.0 30.0 30.0 30.0 30.0 30.0 30.0 30.0 0.0
58.7 30.0 30.0 30.0 30.0 30.0 30.0 30.0 30.0 30.0 30.0 0.0
58.8 30.0 30.0 30.0 30.0 30.0 30.0 30.0 30.0 30.0 30.0 0.0
58.9 30.0 30.0 30.0 30.0 30.0 30.0 30.0 30.0 30.0 30.0 0.0
59.0 30.0 30.0 30.0 30.0 30.0 30.0 30.0 30.0 30.0 30.0 0.0
59.1 30.0 30.0 30.0 30.0 30.0 30.0 30.0 30.0 30.0 30.0 0.0
59.2 30.0 30.0 30.0 30.0 30.0 30.0 30.0 30.0 30.0 30.0 0.0
59.3 30.0 30.0 30.0 30.0 30.0 30.0 30.0 30.0 30.0 30.0 0.0
59.4 30.0 30.0 30.0 30.0 30.0 30.0 30.0 30.0 30.0 30.0 0.0
59.5 30.0 30.0 30.0 30.0 30.0 30.0 30.0 30.0 30.0 30.0 0.0
59.6 30.0 30.0 30.0 30.0 30.0 30.0 30.0 30.0 30.0 30.0 0.0
59.7 30.0 30.0 30.0 30.0 30.0 30.0 30.0 30.0 30.0 30.0 0.0
59.8 30.0 30.0 30.0 30.0 30.0 30.0 30.0 30.0 30.0 30.0 0.0
59.9 30.0 30.0 30.0 30.0 30.0 30.0 30.0 30.0 30.0 30.0 0.0
60.0 30.0 30.0 30.0 30.0 30.0 30.0 30.0 30.0 30.0 30.0 0.0
60.1 30.0 30.0 30.0 30.0 30.0 30.0 30.0 30.0 30.0 30.0 0.0
60.2 30.0 30.0 30.0 30.0 30.0 30.0 30.0 30.0 30.0 30.0 0.0
60.3 30.0 30.0 30.0 30.0 30.0 30.0 30.0 30.0 30.0 30.0 0.0
60.4 30.0 30.0 30.0 30.0 30.0 30.0 30.0 30.0 30.0 30.0 0.0
60.5 30.0 30.0 30.0 30.0 30.0 30.0 30.0 30.0 30.0 30.0 0.0
60.6 30.0 30.0 30.0 30.0 30.0 30.0 30.0 30.0 30.0 30.0 0.0
60.7 30.0 30.0 30.0 30.0 30.0 30.0 30.0 30.0 30.0 30.0 0.0
60.8 30.0 30.0 30.0 30.0 30.0 30.0 30.0 30.0 30.0 30.0 0.0
60.9 30.0 30.0 30.0 30.0 30.0 30.0 30.0 30.0 30.0 30.0 0.0
61.0 30.0 30.0 30.0 30.0 30.0 30.0 30.0 30.0 30.0 30.0 0.0
61.1 30.0 30.0 30.0 30.0 30.0 30.0 30.0 30.0 30.0 30.0 0.0
61.2 30.0 30.0 30.0 30.0 30.0 30.0 30.0 30.0 30.0 30.0 0.0
61.3 30.0 30.0 30.0 30.0 30.0 30.0 30.0 30.0 30.0 30.0 0.0
61.4 30.0 30.0 30.0 30.0 30.0 30.0 30.0 30.0 30.0 30.0 0.0
61.5 30.0 30.0 30.0 30.0 30.0 30.0 30.0 30.0 30.0 30.0 0.0
61.6 30.0 30.0 30.0 30.0 30.0 30.0 30.0 30.0 30.0 30.0 0.0
61.7 30.0 30.0 30.0 30.0 30.0 30.0 30.0 30.0 30.0 30.0 0.0
61.8 30.0 30.0 30.0 30.0 30.0 30.0 30.0 30.0 30.0 30.0 0.0
61.9 30.0 30.0 30.0 30.0 30.0 30.0 30.0 30.0 30.0 30.0 0.0
62.0 30.0 30.0 30.0 30.0 30.0 30.0 30.0 30.0 30.0 30.0 0.0
62.1 30.0 30.0 30.0 30.0 30.0 30.0 30.0 30.0 30.0 30.0 0.0
62.2 30.0 30.0 30.0 30.0 30.0 30.0 30.0 30.0 30.0 30.0 0.0
62.3 30.0 30.0 30.0 30.0 30.0 30.0 30.0 30.0 30.0 30.0 0.0
62.4 30.0 30.0 30.0 30.0 30.0 30.0 30.0 30.0 30.0 30.0 0.0
62.5 30.0 30.0 30.0 30.0 30.0 30.0 30.0 30.0 30.0 30.0 0.0
62.6 30.0 30.0 30.0 30.0 30.0 30.0 30.0 30.0 30.0 30.0 0.0
62.7 30.0 30.0 30.0 30.0 30.0 30.0 30.0 30.0 30.0 30.0 0.0
62.8 30.0 30.0 30.0 30.0 30.0 30.0 30.0 30.0 30.0 30.0 0.0
62.9 30.0 30.0 30.0 30.0 30.0 30.0 30.0 30.0 30.0 30.0 0.0
63.0 30.0 30.0 30.0 30.0 30.0 30.0 30.0 30.0 30.0 30.0 0.0
63.1 30.0 30.0 30.0 30.0 30.0 30.0 30.0 30.0 30.0 30.0 0.0
63.2 30.0 30.0 30.0 30.0 30.0 30.0 30.0 30.0 30.0 30.0 0.0
63.3 30.0 30.0 30.0 30.0 30.0 30.0 30.0 30.0 30.0 30.0 0.0
63.4 30.0 30.0 30.0 30.0 30.0 30.0 30.0 30.0 30.0 30.0 0.0
63.5 30.0 30.0 30.0 30.0 30.0 30.0 30.0 30.0 30.0 30.0 0.0
63.6 30.0 30.0 30.0 30.0 30.0 30.0 30.0 30.0 30.0 30.0 0.0
63.7 30.0 30.0 30.0 30.0 30.0 30.0 30.0 30.0 30.0 30.0 0.0
63.8 30.0 30.0 30.0 30.0 30.0 30.0 30.0 30.0 30.0 30.0 0.0
63.9 30.0 30.0 30.0 30.0 30.0 30.0 30.0 30.0 30.0 30.0 0.0
64.0 30.0 30.0 30.0 30.0 30.0 30.0 30.0 30.0 30.0 30.0 0.0
64.1 30.0 30.0 30.0 30.0 30.0 30.0 30.0 30.0 30.0 30.0 0.0
64.2 30.0 30.0 30.0 30.0 30.0 30.0 30.0 30.0 30.0 30.0 0.0
64.3 30.0 30.0 30.0 30.0 30.0 30.0 30.0 30.0 30.0 30.0 0.0
64.4 30.0 30.0 30.0 30.0 30.0 30.0 30.0 30.0 30.0 30.0 0.0
64.5 30.0 30.0 30.0 30.0 30.0 30.0 30.0 30.0 30.0 30.0 0.0
64.6 30.0 30.0 30.0 30.0 30.0 30.0 30.0 30.0 30.0 30.0 0.0
64.7 30.0 30.0 30.0 30.0 30.0 30.0 30.0 30.0 30.0 30.0 0.0
64.8 30.0 30.0 30.0 30.0 30.0 30.0 30.0 30.0 30.0 30.0 0.0
64.9 30.0 30.0 30.0 30.0 30.0 30.0 30.0 30.0 30.0 30.0 0.0
65.0 30.0 30.0 30.0 30.0 30.0 30.0 30.0 30.0 30.0 30.0 0.0
65.1 30.0 30.0 30.0 30.0 30.0 30.0 30.0 30.0 30.0 30.0 0.0
65.2 30.0 30.0 30.0 30.0 30.0 30.0 30.0 30.0 30.0 30.0 0.0
65.3 30.0 30.0 30.0 30.0 30.0 30.0 30.0 30.0 30.0 30.0 0.0
65.4 30.0 30.0 30.0 30.0 30.0 30.0 30.0 30.0 30.0 30.0 0.0
65.5 30.0 30.0 30.0 30.0 30.0 30.0 30.0 30.0 30.0 30.0 0.0
65.6 30.0 30.0 30.0 30.0 30.0 30.0 30.0 30.0 30.0 30.0 0.0
65.7 30.0 30.0 30.0 30.0 30.0 30.0 30.0 30.0 30.0 30.0 0.0
65.8 30.0 30.0 30.0 30.0 30.0 30.0 30.0 30.0 30.0 30.0 0.0
65.9 30.0 30.0 30.0 30.0 30.0 30.0 30.0 30.0 30.0 30.0 0.0
66.0 30.0 30.0 30.0 30.0 30.0 30.0 30.0 30.0 30.0 30.0 0.0
66.1 30.0 30.0 30.0 30.0 30.0 30.0 30.0 30.0 30.0 30.0 0.0
66.2 30.0 30.0 30.0 30.0 30.0 30.0 30.0 30.0 30.0 30.0 0.0
66.3 30.0 30.0 30.0 30.0 30.0 30.0 30.0 30.0 30.0 30.0 0.0
66.4 30.0 30.0 30.0 30.0 30.0 30.0 30.0 30.0 30.0 30.0 0.0
66.5 30.0 30.0 30.0 30.0 30.0 30.0 30.0 30.0 30.0 30.0 0.0
66.6 30.0 30.0 30.0 30.0 30.0 30.0 30.0 30.0 30.0 30.0 0.0
66.7 30.0 30.0 30.0 30.0 30.0 30.0 30.0 30.0 30.0 30.0 0.0
66.8 30.0 30.0 30.0 30.0 30.0 30.0 30.0 30.0 30.0 30.0 0.0
66.9 30.0 30.0 30.0 30.0 30.0 30.0 30.0 30.0 30.0 30.0 0.0
67.0 30.0 30.0 30.0 30.0 30.0 30.0 30.0 30.0 30.0 30.0 0.0
67.1 30.0 30.0 30.0 30.0 30.0 30.0 30.0 30.0 30.0 30.0 0.0
67.2 30.0 30.0 30.0 30.0 30.0 30.0 30.0 30.0 30.0 30.0 0.0
67.3 30.0 30.0 30.0 30.0 30.0 30.0 30.0 30.0 30.0 30.0 0.0
67.4 30.0 30.0 30.0 30.0 30.0 30.0 30.0 30.0 30.0 30.0 0.0
67.5 30.0 30.0 30.0 30.0 30.0 30.0 30.0 30.0 30.0 30.0 0.0
67.6 30.0 30.0 30.0 30.0 30.0 30.0 30.0 30.0 30.0 30.0 0.0
67.7 30.0 30.0 30.0 30.0 30.0 30.0 30.0 30.0 30.0 30.0 0.0
67.8 30.0 30.0 30.0 30.0 30.0 30.0 30.0 30.0 30.0 30.0 0.0
67.9 30.0 30.0 30.0 30.0 30.0 30.0 30.0 30.0 30.0 30.0 0.0
68.0 30.0 30.0 30.0 30.0 30.0 30.0 30.0 30.0 30.0 30.0 0.0
68.1 30.0 30.0 30.0 30.0 30.0 30.0 30.0 30.0 30.0 30.0 0.0
68.2 30.0 30.0 30.0 30.0 30.0 30.0 30.0 30.0 30.0 30.0 0.0
68.3 30.0 30.0 30.0 30.0 30.0 30.0 30.0 30.0 30.0 30.0 0.0
68.4 30.0 30.0 30.0 30.0 30.0 30.0 30.0 30.0 30.0 30.0 0.0
68.5 30.0 30.0 30.0 30.0 30.0 30.0 30.0 30.0 30.0 30.0 0.0
68.6 30.0 30.0 30.0 30.0 30.0 30.0 30.0 30.0 30.0 30.0 0.0
68.7 30.0 30.0 30.0 30.0 30.0 30.0 30.0 30.0 30.0 30.0 0.0
68.8 30.0 30.0 30.0 30.0 30.0 30.0 30.0 30.0 30.0 30.0 0.0
68.9 30.0 30.0 30.0 30.0 30.0 30.0 30.0 30.0 30.0 30.0 0.0
69.0 30.0 30.0 30.0 30.0 30.0 30.0 30.0 30.0 30.0 30.0 0.0
69.1 30.0 30.0 30.0 30.0 30.0 30.0 30.0 30.0 30.0 30.0 0.0
69.2 30.0 30.0 30.0 30.0 30.0 30.0 30.0 30.0 30.0 30.0 0.0
69.3 30.0 30.0 30.0 30.0 30.0 30.0 30.0 30.0 30.0 30.0 0.0
69.4 30.0 30.0 30.0 30.0 30.0 30.0 30.0 30.0 30.0 30.0 0.0
69.5 30.0 30.0 30.0 30.0 30.0 30.0 30.0 30.0 30.0 30.0 0.0
69.6 30.0 30.0 30.0 30.0 30.0 30.0 30.0 30.0 30.0 30.0 0.0
69.7 30.0 30.0 30.0 30.0 30.0 30.0 30.0 30.0 30.0 30.0 0.0
69.8 30.0 30.0 30.0 30.0 30.0 30.0 30.0 30.0 30.0 30.0 0.0
69.9 30.0 30.0 30.0 30.0 30.0 30.0 30.0 30.0 30.0 30.0 0.0
70.0 30.0 30.0 30.0 30.0 30.0 30.0 30.0 30.0 30.0 30.0 0.0
70.1 30.0 30.0 30.0 30.0 30.0 30.0 30.0 30.0 30.0 30.0 0.0
70.2 30.0 30.0 30.0 30.0 30.0 30.0 30.0 30.0 30.0 30.0 0.0
70.3 30.0 30.0 30.0 30.0 30.0 30.0 30.0 30.0 30.0 30.0 0.0
70.4 30.0 30.0 30.0 30.0 30.0 30.0 30.0 30.0 30.0 30.0 0.0
70.5 30.0 30.0 30.0 30.0 30.0 30.0 30.0 30.0 30.0 30.0 0.0
70.6 30.0 30.0 30.0 30.0 30.0 30.0 30.0 30.0 30.0 30.0 0.0
70.7 30.0 30.0 30.0 30.0 30.0 30.0 30.0 30.0 30.0 30.0 0.0
70.8 30.0 30.0 30.0 30.0 30.0 30.0 30.0 30.0 30.0 30.0 0.0
70.9 30.0 30.0 30.0 30.0 30.0 30.0 30.0 30.0 30.0 30.0 0.0
71.0 30.0 30.0 30.0 30.0 30.0 30.0 30.0 30.0 30.0 30.0 0.0
71.1 30.0 30.0 30.0 30.0 30.0 30.0 30.0 30.0 30.0 30.0 0.0
71.2 30.0 30.0 30.0 30.0 30.0 30.0 30.0 30.0 30.0 30.0 0.0
71.3 30.0 30.0 30.0 30.0 30.0 30.0 30.0 30.0 30.0 30.0 0.0
71.4 30.0 30.0 30.0 30.0 30.0 30.0 30.0 30.0 30.0 30.0 0.0
71.5 30.0 30.0 30.0 30.0 30.0 30.0 30.0 30.0 30.0 30.0 0.0
71.6 30.0 30.0 30.0 30.0 30.0 30.0 30.0 30.0 30.0 30.0 0.0
71.7 30.0 30.0 30.0 30.0 30.0 30.0 30.0 30.0 30.0 30.0 0.0
71.8 30.0 30.0 30.0 30.0 30.0 30.0 30.0 30.0 30.0 30.0 0.0
71.9 30.0 30.0 30.0 30.0 30.0 30.0 30.0 30.0 30.0 30.0 0.0
72.0 30.0 30.0 30.0 30.0 30.0 30.0 30.0 30.0 30.0 30.0 0.0
72.1 30.0 30.0 30.0 30.0 30.0 30.0 30.0 30.0 30.0 30.0 0.0
72.2 30.0 30.0 30.0 30.0 30.0 30.0 30.0 30.0 30.0 30.0 0.0
72.3 30.0 30.0 30.0 30.0 30.0 30.0 30.0 30.0 30.0 30.0 0.0
72.4 30.0 30.0 30.0 30.0 30.0 30.0 30.0 30.0 30.0 30.0 0.0
72.5 30.0 30.0 30.0 30.0 30.0 30.0 30.0 30.0 30.0 30.0 0.0
72.6 30.0 30.0 30.0 30.0 30.0 30.0 30.0 30.0 30.0 30.0 0.0
72.7 30.0 30.0 30.0 30.0 30.0 30.0 30.0 30.0 30.0 30.0 0.0
72.8 30.0 30.0 30.0 30.0 30.0 30.0 30.0 30.0 30.0 30.0 0.0
72.9 30.0 30.0 30.0 30.0 30.0 30.0 30.0 30.0 30.0 30.0 0.0
73.0 30.0 30.0 30.0 30.0 30.0 30.0 30.0 30.0 30.0 30.0 0.0
73.1 30.0 30.0 30.0 30.0 30.0 30.0 30.0 30.0 30.0 30.0 0.0
73.2 30.0 30.0 30.0 30.0 30.0 30.0 30.0 30.0 30.0 30.0 0.0
73.3 30.0 30.0 30.0 30.0 30.0 30.0 30.0 30.0 30.0 30.0 0.0
73.4 30.0 30.0 30.0 30.0 30.0 30.0 30.0 30.0 30.0 30.0 0.0
73.5 30.0 30.0 30.0 30.0 30.0 30.0 30.0 30.0 30.0 30.0 0.0
73.6 30.0 30.0 30.0 30.0 30.0 30.0 30.0 30.0 30.0 30.0 0.0
73.7 30.0 30.0 30.0 30.0 30.0 30.0 30.0 30.0 30.0 30.0 0.0
73.8 30.0 30.0 30.0 30.0 30.0 30.0 30.0 30.0 30.0 30.0 0.0
73.9 30.0 30.0 30.0 30.0 30.0 30.0 30.0 30.0 30.0 30.0 0.0
74.0 30.0 30.0 30.0 30.0 30.0 30.0 30.0 30.0 30.0 30.0 0.0
74.1 30.0 30.0 30.0 30.0 30.0 30.0 30.0 30.0 30.0 30.0 0.0
74.2 30.0 30.0 30.0 30.0 30.0 30.0 30.0 30.0 30.0 30.0 0.0
74.3 30.0 30.0 30.0 30.0 30.0 30.0 30.0 30.0 30.0 30.0 0.0
74.4 30.0 30.0 30.0 30.0 30.0 30.0 30.0 30.0 30.0 30.0 0.0
74.5 30.0 30.0 30.0 30.0 30.0 30.0 30.0 30.0 30.0 30.0 0.0
74.6 30.0 30.0 30.0 30.0 30.0 30.0 30.0 30.0 30.0 30.0 0.0
74.7 30.0 30.0 30.0 30.0 30.0 30.0 30.0 30.0 30.0 30.0 0.0
74.8 30.0 30.0 30.0 30.0 30.0 30.0 30.0 30.0 30.0 30.0 0.0
74.9 30.0 30.0 30.0 30.0 30.0 30.0 30.0 30.0 30.0 30.0 0.0
75.0 30.0 30.0 30.0 30.0 30.0 30.0 30.0 30.0 30.0 30.0 0.0
75.1 30.0 30.0 30.0 30.0 30.0 30.0 30.0 30.0 30.0 30.0 0.0
75.2 30.0 30.0 30.0 30.0 30.0 30.0 30.0 30.0 30.0 30.0 0.0
75.3 30.0 30.0 30.0 30.0 30.0 30.0 30.0 30.0 30.0 30.0 0.0
75.4 30.0 30.0 30.0 30.0 30.0 30.0 30.0 30.0 30.0 30.0 0.0
75.5 30.0 30.0 30.0 30.0 30.0 30.0 30.0 30.0 30.0 30.0 0.0
75.6 30.0 30.0 30.0 30.0 30.0 30.0 30.0 30.0 30.0 30.0 0.0
75.7 30.0 30.0 30.0 30.0 30.0 30.0 30.0 30.0 30.0 30.0 0.0
75.8 30.0 30.0 30.0 30.0 30.0 30.0 30.0 30.0 30.0 30.0 0.0
75.9 30.0 30.0 30.0 30.0 30.0 30.0 30.0 30.0 30.0 30.0 0.0
76.0 30.0 30.0 30.0 30.0 30.0 30.0 30.0 30.0 30.0 30.0 0.0
76.1 30.0 30.0 30.0 30.0 30.0 30.0 30.0 30.0 30.0 30.0 0.0
76.2 30.0 30.0 30.0 30.0 30.0 30.0 30.0 30.0 30.0 30.0 0.0
76.3 30.0 30.0 30.0 30.0 30.0 30.0 30.0 30.0 30.0 30.0 0.0
76.4 30.0 30.0 30.0 30.0 30.0 30.0 30.0 30.0 30.0 30.0 0.0
76.5 30.0 30.0 30.0 30.0 30.0 30.0 30.0 30.0 30.0 30.0 0.0
76.6 30.0 30.0 30.0 30.0 30.0 30.0 30.0 30.0 30.0 30.0 0.0
76.7 30.0 30.0 30.0 30.0 30.0 30.0 30.0 30.0 30.0 30.0 0.0
76.8 30.0 30.0 30.0 30.0 30.0 30.0 30.0 30.0 30.0 30.0 0.0
76.9 30.0 30.0 30.0 30.0 30.0 30.0 30.0 30.0 30.0 30.0 0.0
77.0 30.0 30.0 30.0 30.0 30.0 30.0 30.0 30.0 30.0 30.0 0.0
77.1 30.0 30.0 30.0 30.0 30.0 30.0 30.0 30.0 30.0 30.0 0.0
77.2 30.0 30.0 30.0 30.0 30.0 30.0 30.0 30.0 30.0 30.0 0.0
77.3 30.0 30.0 30.0 30.0 30.0 30.0 30.0 30.0 30.0 30.0 0.0
77.4 30.0 30.0 30.0 30.0 30.0 30.0 30.0 30.0 30.0 30.0 0.0
77.5 30.0 30.0 30.0 30.0 30.0 30.0 30.0 30.0 30.0 30.0 0.0
77.6 30.0 30.0 30.0 30.0 30.0 30.0 30.0 30.0 30.0 30.0 0.0
77.7 30.0 30.0 30.0 30.0 30.0 30.0 30.0 30.0 30.0 30.0 0.0
77.8 30.0 30.0 30.0 30.0 30.0 30.0 30.0 30.0 30.0 30.0 0.0
77.9 30.0 30.0 30.0 30.0 30.0 30.0 30.0 30.0 30.0 30.0 0.0
78.0 30.0 30.0 30.0 30.0 30.0 30.0 30.0 30.0 30.0 30.0 0.0
78.1 30.0 30.0 30.0 30.0 30.0 30.0 30.0 30.0 30.0 30.0 0.0
78.2 30.0 30.0 30.0 30.0 30.0 30.0 30.0 30.0 30.0 30.0 0.0
78.3 30.0 30.0 30.0 30.0 30.0 30.0 30.0 30.0 30.0 30.0 0.0
78.4 30.0 30.0 30.0 30.0 30.0 30.0 30.0 30.0 30.0 30.0 0.0
78.5 30.0 30.0 30.0 30.0 30.0 30.0 30.0 30.0 30.0 30.0 0.0
78.6 30.0 30.0 30.0 30.0 30.0 30.0 30.0 30.0 30.0 30.0 0.0
78.7 30.0 30.0 30.0 30.0 30.0 30.0 30.0 30.0 30.0 30.0 0.0
78.8 30.0 30.0 30.0 30.0 30.0 30.0 30.0 30.0 30.0 30.0 0.0
78.9 30.0 30.0 30.0 30.0 30.0 30.0 30.0 30.0 30.0 30.0 0.0
79.0 30.0 30.0 30.0 30.0 30.0 30.0 30.0 30.0 30.0 30.0 0.0
79.1 30.0 30.0 30.0 30.0 30.0 30.0 30.0 30.0 30.0 30.0 0.0
79.2 30.0 30.0 30.0 30.0 30.0 30.0 30.0 30.0 30.0 30.0 0.0
79.3 30.0 30.0 30.0 30.0 30.0 30.0 30.0 30.0 30.0 30.0 0.0
79.4 30.0 30.0 30.0 30.0 30.0 30.0 30.0 30.0 30.0 30.0 0.0
79.5 30.0 30.0 30.0 30.0 30.0 30.0 30.0 30.0 30.0 30.0 0.0
79.6 30.0 30.0 30.0 30.0 30.0 30.0 30.0 30.0 30.0 30.0 0.0
79.7 30.0 30.0 30.0 30.0 30.0 30.0 30.0 30.0 30.0 30.0 0.0
79.8 30.0 30.0 30.0 30.0 30.0 30.0 30.0 30.0 30.0 30.0 0.0
79.9 30.0 30.0 30.0 30.0 30.0 30.0 30.0 30.0 30.0 30.0 0.0
80.0 30.0 30.0 30.0 30.0 30.0 30.0 30.0 30.0 30.0 30.0 0.0
80.1 30.0 30.0 30.0 30.0 30.0 30.0 30.0 30.0 30.0 30.0 0.0
80.2 30.0 30.0 30.0 30.0 30.0 30.0 30.0 30.0 30.0 30.0 0.0
80.3 30.0 30.0 30.0 30.0 30.0 30.0 30.0 30.0 30.0 30.0 0.0
80.4 30.0 30.0 30.0 30.0 30.0 30.0 30.0 30.0 30.0 30.0 0.0
80.5 30.0 30.0 30.0 30.0 30.0 30.0 30.0 30.0 30.0 30.0 0.0
80.6 30.0 30.0 30.0 30.0 30.0 30.0 30.0 30.0 30.0 30.0 0.0
80.7 30.0 30.0 30.0 30.0 30.0 30.0 30.0 30.0 30.0 30.0 0.0
80.8 30.0 30.0 30.0 30.0 30.0 30.0 30.0 30.0 30.0 30.0 0.0
80.9 30.0 30.0 30.0 30.0 30.0 30.0 30.0 30.0 30.0 30.0 0.0
81.0 30.0 30.0 30.0 30.0 30.0 30.0 30.0 30.0 30.0 30.0 0.0
81.1 30.0 30.0 30.0 30.0 30.0 30.0 30.0 30.0 30.0 30.0 0.0
81.2 30.0 30.0 30.0 30.0 30.0 30.0 30.0 30.0 30.0 30.0 0.0
81.3 30.0 30.0 30.0 30.0 30.0 30.0 30.0 30.0 30.0 30.0 0.0
81.4 30.0 30.0 30.0 30.0 30.0 30.0 30.0 30.0 30.0 30.0 0.0
81.5 30.0 30.0 30.0 30.0 30.0 30.0 30.0 30.0 30.0 30.0 0.0
81.6 30.0 30.0 30.0 30.0 30.0 30.0 30.0 30.0 30.0 30.0 0.0
81.7 30.0 30.0 30.0 30.0 30.0 30.0 30.0 30.0 30.0 30.0 0.0
81.8 30.0 30.0 30.0 30.0 30.0 30.0 30.0 30.0 30.0 30.0 0.0
81.9 30.0 30.0 30.0 30.0 30.0 30.0 30.0 30.0 30.0 30.0 0.0
82.0 30.0 30.0 30.0 30.0 30.0 30.0 30.0 30.0 30.0 30.0 0.0
82.1 30.0 30.0 30.0 30.0 30.0 30.0 30.0 30.0 30.0 30.0 0.0
82.2 30.0 30.0 30.0 30.0 30.0 30.0 30.0 30.0 30.0 30.0 0.0
82.3 30.0 30.0 30.0 30.0 30.0 30.0 30.0 30.0 30.0 30.0 0.0
82.4 30.0 30.0 30.0 30.0 30.0 30.0 30.0 30.0 30.0 30.0 0.0
82.5 30.0 30.0 30.0 30.0 30.0 30.0 30.0 30.0 30.0 30.0 0.0
82.6 30.0 30.0 30.0 30.0 30.0 30.0 30.0 30.0 30.0 30.0 0.0
82.7 30.0 30.0 30.0 30.0 30.0 30.0 30.0 30.0 30.0 30.0 0.0
82.8 30.0 30.0 30.0 30.0 30.0 30.0 30.0 30.0 30.0 30.0 0.0
82.9 30.0 30.0 30.0 30.0 30.0 30.0 30.0 30.0 30.0 30.0 0.0
83.0 30.0 30.0 30.0 30.0 30.0 30.0 30.0 30.0 30.0 30.0 0.0
83.1 30.0 30.0 30.0 30.0 30.0 30.0 30.0 30.0 30.0 30.0 0.0
83.2 30.0 30.0 30.0 30.0 30.0 30.0 30.0 30.0 30.0 30.0 0.0
83.3 30.0 30.0 30.0 30.0 30.0 30.0 30.0 30.0 30.0 30.0 0.0
83.4 30.0 30.0 30.0 30.0 30.0 30.0 30.0 30.0 30.0 30.0 0.0
83.5 30.0 30.0 30.0 30.0 30.0 30.0 30.0 30.0 30.0 30.0 0.0
83.6 30.0 30.0 30.0 30.0 30.0 30.0 30.0 30.0 30.0 30.0 0.0
83.7 30.0 30.0 30.0 30.0 30.0 30.0 30.0 30.0 30.0 30.0 0.0
83.8 30.0 30.0 30.0 30.0 30.0 30.0 30.0 30.0 30.0 30.0 0.0
83.9 30.0 30.0 30.0 30.0 30.0 30.0 30.0 30.0 30.0 30.0 0.0
84.0 30.0 30.0 30.0 30.0 30.0 30.0 30.0 30.0 30.0 30.0 0.0
84.1 30.0 30.0 30.0 30.0 30.0 30.0 30.0 30.0 30.0 30.0 0.0
84.2 30.0 30.0 30.0 30.0 30.0 30.0 30.0 30.0 30.0 30.0 0.0
84.3 30.0 30.0 30.0 30.0 30.0 30.0 30.0 30.0 30.0 30.0 0.0
84.4 30.0 30.0 30.0 30.0 30.0 30.0 30.0 30.0 30.0 30.0 0.0
84.5 30.0 30.0 30.0 30.0 30.0 30.0 30.0 30.0 30.0 30.0 0.0
84.6 30.0 30.0 30.0 30.0 30.0 30.0 30.0 30.0 30.0 30.0 0.0
84.7 30.0 30.0 30.0 30.0 30.0 30.0 30.0 30.0 30.0 30.0 0.0
84.8 30.0 30.0 30.0 30.0 30.0 30.0 30.0 30.0 30.0 30.0 0.0
84.9 30.0 30.0 30.0 30.0 30.0 30.0 30.0 30.0 30.0 30.0 0.0
85.0 30.0 30.0 30.0 30.0 30.0 30.0 30.0 30.0 30.0 30.0 0.0
85.1 30.0 30.0 30.0 30.0 30.0 30.0 30.0 30.0 30.0 30.0 0.0
85.2 30.0 30.0 30.0 30.0 30.0 30.0 30.0 30.0 30.0 30.0 0.0
85.3 30.0 30.0 30.0 30.0 30.0 30.0 30.0 30.0 30.0 30.0 0.0
85.4 30.0 30.0 30.0 30.0 30.0 30.0 30.0 30.0 30.0 30.0 0.0
85.5 30.0 30.0 30.0 30.0 30.0 30.0 30.0 30.0 30.0 30.0 0.0
85.6 30.0 30.0 30.0 30.0 30.0 30.0 30.0 30.0 30.0 30.0 0.0
85.7 30.0 30.0 30.0 30.0 30.0 30.0 30.0 30.0 30.0 30.0 0.0
85.8 30.0 30.0 30.0 30.0 30.0 30.0 30.0 30.0 30.0 30.0 0.0
85.9 30.0 30.0 30.0 30.0 30.0 30.0 30.0 30.0 30.0 30.0 0.0
86.0 30.0 30.0 30.0 30.0 30.0 30.0 30.0 30.0 30.0 30.0 0.0
86.1 30.0 30.0 30.0 30.0 30.0 30.0 30.0 30.0 30.0 30.0 0.0
86.2 30.0 30.0 30.0 30.0 30.0 30.0 30.0 30.0 30.0 30.0 0.0
86.3 30.0 30.0 30.0 30.0 30.0 30.0 30.0 30.0 30.0 30.0 0.0
86.4 30.0 30.0 30.0 30.0 30.0 30.0 30.0 30.0 30.0 30.0 0.0
86.5 30.0 30.0 30.0 30.0 30.0 30.0 30.0 30.0 30.0 30.0 0.0
86.6 30.0 30.0 30.0 30.0 30.0 30.0 30.0 30.0 30.0 30.0 0.0
86.7 30.0 30.0 30.0 30.0 30.0 30.0 30.0 30.0 30.0 30.0 0.0
86.8 30.0 30.0 30.0 30.0 30.0 30.0 30.0 30.0 30.0 30.0 0.0
86.9 30.0 30.0 30.0 30.0 30.0 30.0 30.0 30.0 30.0 30.0 0.0
87.0 30.0 30.0 30.0 30.0 30.0 30.0 30.0 30.0 30.0 30.0 0.0
87.1 30.0 30.0 30.0 30.0 30.0 30.0 30.0 30.0 30.0 30.0 0.0
87.2 30.0 30.0 30.0 30.0 30.0 30.0 30.0 30.0 30.0 30.0 0.0
87.3 30.0 30.0 30.0 30.0 30.0 30.0 30.0 30.0 30.0 30.0 0.0
87.4 30.0 30.0 30.0 30.0 30.0 30.0 30.0 30.0 30.0 30.0 0.0
87.5 30.0 30.0 30.0 30.0 30.0 30.0 30.0 30.0 30.0 30.0 0.0
87.6 30.0 30.0 30.0 30.0 30.0 30.0 30.0 30.0 30.0 30.0 0.0
87.7 30.0 30.0 30.0 30.0 30.0 30.0 30.0 30.0 30.0 30.0 0.0
87.8 30.0 30.0 30.0 30.0 30.0 30.0 30.0 30.0 30.0 30.0 0.0
87.9 30.0 30.0 30.0 30.0 30.0 30.0 30.0 30.0 30.0 30.0 0.0
88.0 30.0 30.0 30.0 30.0 30.0 30.0 30.0 30.0 30.0 30.0 0.0
88.1 30.0 30.0 30.0 30.0 30.0 30.0 30.0 30.0 30.0 30.0 0.0
88.2 30.0 30.0 30.0 30.0 30.0 30.0 30.0 30.0 30.0 30.0 0.0
88.3 30.0 30.0 30.0 30.0 30.0 30.0 30.0 30.0 30.0 30.0 0.0
88.4 30.0 30.0 30.0 30.0 30.0 30.0 30.0 30.0 30.0 30.0 0.0
88.5 30.0 30.0 30.0 30.0 30.0 30.0 30.0 30.0 30.0 30.0 0.0
88.6 30.0 30.0 30.0 30.0 30.0 30.0 30.0 30.0 30.0 30.0 0.0
88.7 30.0 30.0 30.0 30.0 30.0 30.0 30.0 30.0 30.0 30.0 0.0
88.8 30.0 30.0 30.0 30.0 30.0 30.0 30.0 30.0 30.0 30.0 0.0
88.9 30.0 30.0 30.0 30.0 30.0 30.0 30.0 30.0 30.0 30.0 0.0
89.0 30.0 30.0 30.0 30.0 30.0 30.0 30.0 30.0 30.0 30.0 0.0
89.1 30.0 30.0 30.0 30.0 30.0 30.0 30.0 30.0 30.0 30.0 0.0
89.2 30.0 30.0 30.0 30.0 30.0 30.0 30.0 30.0 30.0 30.0 0.0
89.3 30.0 30.0 30.0 30.0 30.0 30.0 30.0 30.0 30.0 30.0 0.0
89.4 30.0 30.0 30.0 30.0 30.0 30.0 30.0 30.0 30.0 30.0 0.0
89.5 30.0 30.0 30.0 30.0 30.0 30.0 30.0 30.0 30.0 30.0 0.0
89.6 30.0 30.0 30.0 30.0 30.0 30.0 30.0 30.0 30.0 30.0 0.0
89.7 30.0 30.0 30.0 30.0 30.0 30.0 30.0 30.0 30.0 30.0 0.0
89.8 30.0 30.0 30.0 30.0 30.0 30.0 30.0 30.0 30.0 30.0 0.0
89.9 30.0 30.0 30.0 30.0 30.0 30.0 30.0 30.0 30.0 30.0 0.0
90.0 30.0 30.0 30.0 30.0 30.0 30.0 30.0 30.0 30.0 30.0 0.0
90.1 30.0 30.0 30.0 30.0 30.0 30.0 30.0 30.0 30.0 30.0 0.0
90.2 30.0 30.0 30.0 30.0 30.0 30.0 30.0 30.0 30.0 30.0 0.0
90.3 30.0 30.0 30.0 30.0 30.0 30.0 30.0 30.0 30.0 30.0 0.0
90.4 30.0 30.0 30.0 30.0 30.0 30.0 30.0 30.0 30.0 30.0 0.0
90.5 30.0 30.0 30.0 30.0 30.0 30.0 30.0 30.0 30.0 30.0 0.0
90.6 30.0 30.0 30.0 30.0 30.0 30.0 30.0 30.0 30.0 30.0 0.0
90.7 30.0 30.0 30.0 30.0 30.0 30.0 30.0 30.0 30.0 30.0 0.0
90.8 30.0 30.0 30.0 30.0 30.0 30.0 30.0 30.0 30.0 30.0 0.0
90.9 30.0 30.0 30.0 30.0 30.0 30.0 30.0 30.0 30.0 30.0 0.0
91.0 30.0 30.0 30.0 30.0 30.0 30.0 30.0 30.0 30.0 30.0 0.0
91.1 30.0 30.0 30.0 30.0 30.0 30.0 30.0 30.0 30.0 30.0 0.0
91.2 30.0 30.0 30.0 30.0 30.0 30.0 30.0 30.0 30.0 30.0 0.0
91.3 30.0 30.0 30.0 30.0 30.0 30.0 30.0 30.0 30.0 30.0 0.0
91.4 30.0 30.0 30.0 30.0 30.0 30.0 30.0 30.0 30.0 30.0 0.0
91.5 30.0 30.0 30.0 30.0 30.0 30.0 30.0 30.0 30.0 30.0 0.0
91.6 30.0 30.0 30.0 30.0 30.0 30.0 30.0 30.0 30.0 30.0 0.0
91.7 30.0 30.0 30.0 30.0 30.0 30.0 30.0 30.0 30.0 30.0 0.0
91.8 30.0 30.0 30.0 30.0 30.0 30.0 30.0 30.0 30.0 30.0 0.0
91.9 30.0 30.0 30.0 30.0 30.0 30.0 30.0 30.0 30.0 30.0 0.0
92.0 30.0 30.0 30.0 30.0 30.0 30.0 30.0 30.0 30.0 30.0 0.0
92.1 30.0 30.0 30.0 30.0 30.0 30.0 30.0 30.0 30.0 30.0 0.0
92.2 30.0 30.0 30.0 30.0 30.0 30.0 30.0 30.0 30.0 30.0 0.0
92.3 30.0 30.0 30.0 30.0 30.0 30.0 30.0 30.0 30.0 30.0 0.0
92.4 30.0 30.0 30.0 30.0 30.0 30.0 30.0 30.0 30.0 30.0 0.0
92.5 30.0 30.0 30.0 30.0 30.0 30.0 30.0 30.0 30.0 30.0 0.0
92.6 30.0 30.0 30.0 30.0 30.0 30.0 30.0 30.0 30.0 30.0 0.0
92.7 30.0 30.0 30.0 30.0 30.0 30.0 30.0 30.0 30.0 30.0 0.0
92.8 30.0 30.0 30.0 30.0 30.0 30.0 30.0 30.0 30.0 30.0 0.0
92.9 30.0 30.0 30.0 30.0 30.0 30.0 30.0 30.0 30.0 30.0 0.0
93.0 30.0 30.0 30.0 30.0 30.0 30.0 30.0 30.0 30.0 30.0 0.0
93.1 30.0 30.0 30.0 30.0 30.0 30.0 30.0 30.0 30.0 30.0 0.0
93.2 30.0 30.0 30.0 30.0 30.0 30.0 30.0 30.0 30.0 30.0 0.0
93.3 30.0 30.0 30.0 30.0 30.0 30.0 30.0 30.0 30.0 30.0 0.0
93.4 30.0 30.0 30.0 30.0 30.0 30.0 30.0 30.0 30.0 30.0 0.0
93.5 30.0 30.0 30.0 30.0 30.0 30.0 30.0 30.0 30.0 30.0 0.0
93.6 30.0 30.0 30.0 30.0 30.0 30.0 30.0 30.0 30.0 30.0 0.0
93.7 30.0 30.0 30.0 30.0 30.0 30.0 30.0 30.0 30.0 30.0 0.0
93.8 30.0 30.0 30.0 30.0 30.0 30.0 30.0 30.0 30.0 30.0 0.0
93.9 30.0 30.0 30.0 30.0 30.0 30.0 30.0 30.0 30.0 30.0 0.0
94.0 30.0 30.0 30.0 30.0 30.0 30.0 30.0 30.0 30.0 30.0 0.0
94.1 30.0 30.0 30.0 30.0 30.0 30.0 30.0 30.0 30.0 30.0 0.0
94.2 30.0 30.0 30.0 30.0 30.0 30.0 30.0 30.0 30.0 30.0 0.0
94.3 30.0 30.0 30.0 30.0 30.0 30.0 30.0 30.0 30.0 30.0 0.0
94.4 30.0 30.0 30.0 30.0 30.0 30.0 30.0 30.0 30.0 30.0 0.0
94.5 30.0 30.0 30.0 30.0 30.0 30.0 30.0 30.0 30.0 30.0 0.0
94.6 30.0 30.0 30.0 30.0 30.0 30.0 30.0 30.0 30.0 30.0 0.0
94.7 30.0 30.0 30.0 30.0 30.0 30.0 30.0 30.0 30.0 30.0 0.0
94.8 30.0 30.0 30.0 30.0 30.0 30.0 30.0 30.0 30.0 30.0 0.0
94.9 30.0 30.0 30.0 30.0 30.0 30.0 30.0 30.0 30.0 30.0 0.0
95.0 30.0 30.0 30.0 30.0 30.0 30.0 30.0 30.0 30.0 30.0 0.0
95.1 30.0 30.0 30.0 30.0 30.0 30.0 30.0 30.0 30.0 30.0 0.0
95.2 30.0 30.0 30.0 30.0 30.0 30.0 30.0 30.0 30.0 30.0 0.0
95.3 30.0 30.0 30.0 30.0 30.0 30.0 30.0 30.0 30.0 30.0 0.0
95.4 30.0 30.0 30.0 30.0 30.0 30.0 30.0 30.0 30.0 30.0 0.0
95.5 30.0 30.0 30.0 30.0 30.0 30.0 30.0 30.0 30.0 30.0 0.0
95.6 30.0 30.0 30.0 30.0 30.0 30.0 30.0 30.0 30.0 30.0 0.0
95.7 30.0 30.0 30.0 30.0 30.0 30.0 30.0 30.0 30.0 30.0 0.0
95.8 30.0 30.0 30.0 30.0 30.0 30.0 30.0 30.0 30.0 30.0 0.0
95.9 30.0 30.0 30.0 30.0 30.0 30.0 30.0 30.0 30.0 30.0 0.0
96.0 30.0 30.0 30.0 30.0 30.0 30.0 30.0 30.0 30.0 30.0 0.0
96.1 30.0 30.0 30.0 30.0 30.0 30.0 30.0 30.0 30.0 30.0 0.0
96.2 30.0 30.0 30.0 30.0 30.0 30.0 30.0 30.0 30.0 30.0 0.0
96.3 30.0 30.0 30.0 30.0 30.0 30.0 30.0 30.0 30.0 30.0 0.0
96.4 30.0 30.0 30.0 30.0 30.0 30.0 30.0 30.0 30.0 30.0 0.0
96.5 30.0 30.0 30.0 30.0 30.0 30.0 30.0 30.0 30.0 30.0 0.0
96.6 30.0 30.0 30.0 30.0 30.0 30.0 30.0 30.0 30.0 30.0 0.0
96.7 30.0 30.0 30.0 30.0 30.0 30.0 30.0 30.0 30.0 30.0 0.0
96.8 30.0 30.0 30.0 30.0 30.0 30.0 30.0 30.0 30.0 30.0 0.0
96.9 30.0 30.0 30.0 30.0 30.0 30.0 30.0 30.0 30.0 30.0 0.0
97.0 30.0 30.0 30.0 30.0 30.0 30.0 30.0 30.0 30.0 30.0 0.0
97.1 30.0 30.0 30.0 30.0 30.0 30.0 30.0 30.0 30.0 30.0 0.0
97.2 30.0 30.0 30.0 30.0 30.0 30.0 30.0 30.0 30.0 30.0 0.0
97.3 30.0 30.0 30.0 30.0 30.0 30.0 30.0 30.0 30.0 30.0 0.0
97.4 30.0 30.0 30.0 30.0 30.0 30.0 30.0 30.0 30.0 30.0 0.0
97.5 30.0 30.0 30.0 30.0 30.0 30.0 30.0 30.0 30.0 30.0 0.0
97.6 30.0 30.0 30.0 30.0 30.0 30.0 30.0 30.0 30.0 30.0 0.0
97.7 30.0 30.0 30.0 30.0 30.0 30.0 30.0 30.0 30.0 30.0 0.0
97.8 30.0 30.0 30.0 30.0 30.0 30.0 30.0 30.0 30.0 30.0 0.0
97.9 30.0 30.0 30.0 30.0 30.0 30.0 30.0 30.0 30.0 30.0 0.0
98.0 30.0 30.0 30.0 30.0 30.0 30.0 30.0 30.0 30.0 30.0 0.0
98.1 30.0 30.0 30.0 30.0 30.0 30.0 30.0 30.0 30.0 30.0 0.0
98.2 30.0 30.0 30.0 30.0 30.0 30.0 30.0 30.0 30.0 30.0 0.0
98.3 30.0 30.0 30.0 30.0 30.0 30.0 30.0 30.0 30.0 30.0 0.0
98.4 30.0 30.0 30.0 30.0 30.0 30.0 30.0 30.0 30.0 30.0 0.0
98.5 30.0 30.0 30.0 30.0 30.0 30.0 30.0 30.0 30.0 30.0 0.0
98.6 30.0 30.0 30.0 30.0 30.0 30.0 30.0 30.0 30.0 30.0 0.0
98.7 30.0 30.0 30.0 30.0 30.0 30.0 30.0 30.0 30.0 30.0 0.0
98.8 30.0 30.0 30.0 30.0 30.0 30.0 30.0 30.0 30.0 30.0 0.0
98.9 30.0 30.0 30.0 30.0 30.0 30.0 30.0 30.0 30.0 30.0 0.0
99.0 30.0 30.0 30.0 30.0 30.0 30.0 30.0 30.0 30.0 30.0 0.0
99.1 30.0 30.0 30.0 30.0 30.0 30.0 30.0 30.0 30.0 30.0 0.0
99.2 30.0 30.0 30.0 30.0 30.0 30.0 30.0 30.0 30.0 30.0 0.0
99.3 30.0 30.0 30.0 30.0 30.0 30.0 30.0 30.0 30.0 30.0 0.0
99.4 30.0 30.0 30.0 30.0 30.0 30.0 30.0 30.0 30.0 30.0 0.0
99.5 30.0 30.0 30.0 30.0 30.0 30.0 30.0 30.0 30.0 30.0 0.0
99.6 30.0 30.0 30.0 30.0 30.0 30.0 30.0 30.0 30.0 30.0 0.0
99.7 30.0 30.0 30.0 30.0 30.0 30.0 30.0 30.0 30.0 30.0 0.0
99.8 30.0 30.0 30.0 30.0 30.0 30.0 30.0 30.0 30.0 30.0 0.0
99.9 30.0 30.0 30.0 30.0 30.0 30.0 30.0 30.0 30.0 30.0 0.0
