0.0 0.0 -1073741824.0 -1073741824.0 -1073741824.0 -1073741824.0 -1073741824.0 -1073741824.0 -1073741824.0 -1073741824.0 -1073741824.0 -1073741824.0
0.1 0.6000000000000001 -1073741824.0 -1073741824.0 -1073741824.0 -1073741824.0 -1073741824.0 -1073741824.0 -1073741824.0 -1073741824.0 -1073741824.0 -1073741824.0
0.2 27.0 0.0 0.0 0.0 0.0 0.0 0.0 0.0 0.0 0.0 0.0
0.3 27.0 27.0 27.0 27.0 27.0 27.0 27.0 27.0 27.0 27.0 0.0
0.4 27.0 27.0 27.0 27.0 27.0 27.0 27.0 27.0 27.0 27.0 0.0
0.5 27.0 27.0 27.0 27.0 27.0 27.0 27.0 27.0 27.0 27.0 0.0
0.6 27.0 27.0 27.0 27.0 27.0 27.0 27.0 27.0 27.0 27.0 0.0
0.7 27.0 27.0 27.0 27.0 27.0 27.0 27.0 27.0 27.0 27.0 0.0
0.8 27.0 27.0 27.0 27.0 27.0 27.0 27.0 27.0 27.0 27.0 0.0
0.9 27.0 27.0 27.0 27.0 27.0 27.0 27.0 27.0 27.0 27.0 0.0
1.0 27.0 27.0 27.0 27.0 27.0 27.0 27.0 27.0 27.0 27.0 0.0
1.1 27.0 27.0 27.0 27.0 27.0 27.0 27.0 27.0 27.0 27.0 0.0
1.2 27.0 27.0 27.0 27.0 27.0 27.0 27.0 27.0 27.0 27.0 0.0
1.3 27.0 27.0 27.0 27.0 27.0 27.0 27.0 27.0 27.0 27.0 0.0
1.4 27.0 27.0 27.0 27.0 27.0 27.0 27.0 27.0 27.0 27.0 0.0
1.5 27.0 27.0 27.0 27.0 27.0 27.0 27.0 27.0 27.0 27.0 0.0
1.6 27.0 27.0 27.0 27.0 27.0 27.0 27.0 27.0 27.0 27.0 0.0
1.7 27.0 27.0 27.0 27.0 27.0 27.0 27.0 27.0 27.0 27.0 0.0
1.8 27.0 27.0 27.0 27.0 27.0 27.0 27.0 27.0 27.0 27.0 0.0
1.9 27.0 27.0 27.0 27.0 27.0 27.0 27.0 27.0 27.0 27.0 0.0
2.0 27.0 27.0 27.0 27.0 27.0 27.0 27.0 27.0 27.0 27.0 0.0
2.1 27.0 27.0 27.0 27.0 27.0 27.0 27.0 27.0 27.0 27.0 0.0
2.2 26.95853575903195 26.95853575903195 26.95853575903195 26.95853575903195 26.95853575903195 26.95853575903195 26.95853575903195 26.95853575903195 26.95853575903195 26.95853575903195 0.0
2.3 26.9170715180639 26.9170715180639 26.9170715180639 26.9170715180639 26.9170715180639 26.9170715180639 26.9170715180639 26.9170715180639 26.9170715180639 26.9170715180639 0.0
2.4 26.87560727709585 26.87560727709585 26.87560727709585 26.87560727709585 26.87560727709585 26.87560727709585 26.87560727709585 26.87560727709585 26.87560727709585 26.87560727709585 0.0
2.5 26.8341430361278 26.8341430361278 26.8341430361278 26.8341430361278 26.8341430361278 26.8341430361278 26.8341430361278 26.8341430361278 26.8341430361278 26.8341430361278 0.0
2.6 26.79267879515975 26.79267879515975 26.79267879515975 26.79267879515975 26.79267879515975 26.79267879515975 26.79267879515975 26.79267879515975 26.79267879515975 26.79267879515975 0.0
2.7 26.751214554191698 26.751214554191698 26.751214554191698 26.751214554191698 26.751214554191698 26.751214554191698 26.751214554191698 26.751214554191698 26.751214554191698 26.751214554191698 0.0
2.8 26.709750313223648 26.709750313223648 26.709750313223648 26.709750313223648 26.709750313223648 26.709750313223648 26.709750313223648 26.709750313223648 26.709750313223648 26.709750313223648 0.0
2.9 26.668286072255597 26.668286072255597 26.668286072255597 26.668286072255597 26.668286072255597 26.668286072255597 26.668286072255597 26.668286072255597 26.668286072255597 26.668286072255597 0.0
3.0 26.626821831287547 26.626821831287547 26.626821831287547 26.626821831287547 26.626821831287547 26.626821831287547 26.626821831287547 26.626821831287547 26.626821831287547 26.626821831287547 0.0
3.1 26.585357590319497 26.585357590319497 26.585357590319497 26.585357590319497 26.585357590319497 26.585357590319497 26.585357590319497 26.585357590319497 26.585357590319497 26.585357590319497 0.0
3.2 26.543893349351446 26.543893349351446 26.543893349351446 26.543893349351446 26.543893349351446 26.543893349351446 26.543893349351446 26.543893349351446 26.543893349351446 26.543893349351446 0.0
3.3 26.502429108383396 26.502429108383396 26.502429108383396 26.502429108383396 26.502429108383396 26.502429108383396 26.502429108383396 26.502429108383396 26.502429108383396 26.502429108383396 0.0
3.4 26.460964867415345 26.460964867415345 26.460964867415345 26.460964867415345 26.460964867415345 26.460964867415345 26.460964867415345 26.460964867415345 26.460964867415345 26.460964867415345 0.0
3.5 26.419500626447295 26.419500626447295 26.419500626447295 26.419500626447295 26.419500626447295 26.419500626447295 26.419500626447295 26.419500626447295 26.419500626447295 26.419500626447295 0.0
3.6 26.378036385479245 26.378036385479245 26.378036385479245 26.378036385479245 26.378036385479245 26.378036385479245 26.378036385479245 26.378036385479245 26.378036385479245 26.378036385479245 0.0
3.7 26.336572144511194 26.336572144511194 26.336572144511194 26.336572144511194 26.336572144511194 26.336572144511194 26.336572144511194 26.336572144511194 26.336572144511194 26.336572144511194 0.0
3.8 26.295107903543144 26.295107903543144 26.295107903543144 26.295107903543144 26.295107903543144 26.295107903543144 26.295107903543144 26.295107903543144 26.295107903543144 26.295107903543144 0.0
3.9 26.253643662575094 26.253643662575094 26.253643662575094 26.253643662575094 26.253643662575094 26.253643662575094 26.253643662575094 26.253643662575094 26.253643662575094 26.253643662575094 0.0
4.0 26.212179421607043 26.212179421607043 26.212179421607043 26.212179421607043 26.212179421607043 26.212179421607043 26.212179421607043 26.212179421607043 26.212179421607043 26.212179421607043 0.0
4.1 26.170715180638993 26.170715180638993 26.170715180638993 26.170715180638993 26.170715180638993 26.170715180638993 26.170715180638993 26.170715180638993 26.170715180638993 26.170715180638993 0.0
4.2 26.129250939670943 26.129250939670943 26.129250939670943 26.129250939670943 26.129250939670943 26.129250939670943 26.129250939670943 26.129250939670943 26.129250939670943 26.129250939670943 0.0
4.3 26.087786698702892 26.087786698702892 26.087786698702892 26.087786698702892 26.087786698702892 26.087786698702892 26.087786698702892 26.087786698702892 26.087786698702892 26.087786698702892 0.0
4.4 26.046322457734842 26.046322457734842 26.046322457734842 26.046322457734842 26.046322457734842 26.046322457734842 26.046322457734842 26.046322457734842 26.046322457734842 26.046322457734842 0.0
4.5 26.00485821676679 26.00485821676679 26.00485821676679 26.00485821676679 26.00485821676679 26.00485821676679 26.00485821676679 26.00485821676679 26.00485821676679 26.00485821676679 0.0
4.6 25.96339397579874 25.96339397579874 25.96339397579874 25.96339397579874 25.96339397579874 25.96339397579874 25.96339397579874 25.96339397579874 25.96339397579874 25.96339397579874 0.0
4.7 25.92192973483069 25.92192973483069 25.92192973483069 25.92192973483069 25.92192973483069 25.92192973483069 25.92192973483069 25.92192973483069 25.92192973483069 25.92192973483069 0.0
4.8 25.88046549386264 25.88046549386264 25.88046549386264 25.88046549386264 25.88046549386264 25.88046549386264 25.88046549386264 25.88046549386264 25.88046549386264 25.88046549386264 0.0
4.9 25.83900125289459 25.83900125289459 25.83900125289459 25.83900125289459 25.83900125289459 25.83900125289459 25.83900125289459 25.83900125289459 25.83900125289459 25.83900125289459 0.0
5.0 25.79753701192654 25.79753701192654 25.79753701192654 25.79753701192654 25.79753701192654 25.79753701192654 25.79753701192654 25.79753701192654 25.79753701192654 25.79753701192654 0.0
5.1 25.75607277095849 25.75607277095849 25.75607277095849 25.75607277095849 25.75607277095849 25.75607277095849 25.75607277095849 25.75607277095849 25.75607277095849 25.75607277095849 0.0
5.2 25.71460852999044 25.71460852999044 25.71460852999044 25.71460852999044 25.71460852999044 25.71460852999044 25.71460852999044 25.71460852999044 25.71460852999044 25.71460852999044 0.0
5.3 25.67314428902239 25.67314428902239 25.67314428902239 25.67314428902239 25.67314428902239 25.67314428902239 25.67314428902239 25.67314428902239 25.67314428902239 25.67314428902239 0.0
5.4 25.63168004805434 25.63168004805434 25.63168004805434 25.63168004805434 25.63168004805434 25.63168004805434 25.63168004805434 25.63168004805434 25.63168004805434 25.63168004805434 0.0
5.5 25.590215807086288 25.590215807086288 25.590215807086288 25.590215807086288 25.590215807086288 25.590215807086288 25.590215807086288 25.590215807086288 25.590215807086288 25.590215807086288 0.0
5.6 25.548751566118238 25.548751566118238 25.548751566118238 25.548751566118238 25.548751566118238 25.548751566118238 25.548751566118238 25.548751566118238 25.548751566118238 25.548751566118238 0.0
5.7 25.507287325150187 25.507287325150187 25.507287325150187 25.507287325150187 25.507287325150187 25.507287325150187 25.507287325150187 25.507287325150187 25.507287325150187 25.507287325150187 0.0
5.8 25.465823084182137 25.465823084182137 25.465823084182137 25.465823084182137 25.465823084182137 25.465823084182137 25.465823084182137 25.465823084182137 25.465823084182137 25.465823084182137 0.0
5.9 25.424358843214087 25.424358843214087 25.424358843214087 25.424358843214087 25.424358843214087 25.424358843214087 25.424358843214087 25.424358843214087 25.424358843214087 25.424358843214087 0.0
6.0 25.382894602246036 25.382894602246036 25.382894602246036 25.382894602246036 25.382894602246036 25.382894602246036 25.382894602246036 25.382894602246036 25.382894602246036 25.382894602246036 0.0
6.1 25.341430361277986 25.341430361277986 25.341430361277986 25.341430361277986 25.341430361277986 25.341430361277986 25.341430361277986 25.341430361277986 25.341430361277986 25.341430361277986 0.0
6.2 25.299966120309936 25.299966120309936 25.299966120309936 25.299966120309936 25.299966120309936 25.299966120309936 25.299966120309936 25.299966120309936 25.299966120309936 25.299966120309936 0.0
6.3 25.258501879341885 25.258501879341885 25.258501879341885 25.258501879341885 25.258501879341885 25.258501879341885 25.258501879341885 25.258501879341885 25.258501879341885 25.258501879341885 0.0
6.4 25.217037638373835 25.217037638373835 25.217037638373835 25.217037638373835 25.217037638373835 25.217037638373835 25.217037638373835 25.217037638373835 25.217037638373835 25.217037638373835 0.0
6.5 25.175573397405785 25.175573397405785 25.175573397405785 25.175573397405785 25.175573397405785 25.175573397405785 25.175573397405785 25.175573397405785 25.175573397405785 25.175573397405785 0.0
6.6 25.134109156437734 25.134109156437734 25.134109156437734 25.134109156437734 25.134109156437734 25.134109156437734 25.134109156437734 25.134109156437734 25.134109156437734 25.134109156437734 0.0
6.7 25.092644915469684 25.092644915469684 25.092644915469684 25.092644915469684 25.092644915469684 25.092644915469684 25.092644915469684 25.092644915469684 25.092644915469684 25.092644915469684 0.0
6.8 25.051180674501634 25.051180674501634 25.051180674501634 25.051180674501634 25.051180674501634 25.051180674501634 25.051180674501634 25.051180674501634 25.051180674501634 25.051180674501634 0.0
6.9 25.009716433533583 25.009716433533583 25.009716433533583 25.009716433533583 25.009716433533583 25.009716433533583 25.009716433533583 25.009716433533583 25.009716433533583 25.009716433533583 0.0
7.0 24.968252192565533 24.968252192565533 24.968252192565533 24.968252192565533 24.968252192565533 24.968252192565533 24.968252192565533 24.968252192565533 24.968252192565533 24.968252192565533 0.0
7.1 24.926787951597483 24.926787951597483 24.926787951597483 24.926787951597483 24.926787951597483 24.926787951597483 24.926787951597483 24.926787951597483 24.926787951597483 24.926787951597483 0.0
7.2 24.885323710629432 24.885323710629432 24.885323710629432 24.885323710629432 24.885323710629432 24.885323710629432 24.885323710629432 24.885323710629432 24.885323710629432 24.885323710629432 0.0
7.3 24.843859469661382 24.843859469661382 24.843859469661382 24.843859469661382 24.843859469661382 24.843859469661382 24.843859469661382 24.843859469661382 24.843859469661382 24.843859469661382 0.0
7.4 24.80239522869333 24.80239522869333 24.80239522869333 24.80239522869333 24.80239522869333 24.80239522869333 24.80239522869333 24.80239522869333 24.80239522869333 24.80239522869333 0.0
7.5 24.76093098772528 24.76093098772528 24.76093098772528 24.76093098772528 24.76093098772528 24.76093098772528 24.76093098772528 24.76093098772528 24.76093098772528 24.76093098772528 0.0
7.6 24.71946674675723 24.71946674675723 24.71946674675723 24.71946674675723 24.71946674675723 24.71946674675723 24.71946674675723 24.71946674675723 24.71946674675723 24.71946674675723 0.0
7.7 24.67800250578918 24.67800250578918 24.67800250578918 24.67800250578918 24.67800250578918 24.67800250578918 24.67800250578918 24.67800250578918 24.67800250578918 24.67800250578918 0.0
7.8 24.63653826482113 24.63653826482113 24.63653826482113 24.63653826482113 24.63653826482113 24.63653826482113 24.63653826482113 24.63653826482113 24.63653826482113 24.63653826482113 0.0
7.9 24.59507402385308 24.59507402385308 24.59507402385308 24.59507402385308 24.59507402385308 24.59507402385308 24.59507402385308 24.59507402385308 24.59507402385308 24.59507402385308 0.0
8.0 24.55360978288503 24.55360978288503 24.55360978288503 24.55360978288503 24.55360978288503 24.55360978288503 24.55360978288503 24.55360978288503 24.55360978288503 24.55360978288503 0.0
8.1 24.51214554191698 24.51214554191698 24.51214554191698 24.51214554191698 24.51214554191698 24.51214554191698 24.51214554191698 24.51214554191698 24.51214554191698 24.51214554191698 0.0
8.2 24.47068130094893 24.47068130094893 24.47068130094893 24.47068130094893 24.47068130094893 24.47068130094893 24.47068130094893 24.47068130094893 24.47068130094893 24.47068130094893 0.0
8.3 24.42921705998088 24.42921705998088 24.42921705998088 24.42921705998088 24.42921705998088 24.42921705998088 24.42921705998088 24.42921705998088 24.42921705998088 24.42921705998088 0.0
8.4 24.387752819012828 24.387752819012828 24.387752819012828 24.387752819012828 24.387752819012828 24.387752819012828 24.387752819012828 24.387752819012828 24.387752819012828 24.387752819012828 0.0
8.5 24.346288578044778 24.346288578044778 24.346288578044778 24.346288578044778 24.346288578044778 24.346288578044778 24.346288578044778 24.346288578044778 24.346288578044778 24.346288578044778 0.0
8.6 24.304824337076727 24.304824337076727 24.304824337076727 24.304824337076727 24.304824337076727 24.304824337076727 24.304824337076727 24.304824337076727 24.304824337076727 24.304824337076727 0.0
8.7 24.263360096108677 24.263360096108677 24.263360096108677 24.263360096108677 24.263360096108677 24.263360096108677 24.263360096108677 24.263360096108677 24.263360096108677 24.263360096108677 0.0
8.8 24.221895855140627 24.221895855140627 24.221895855140627 24.221895855140627 24.221895855140627 24.221895855140627 24.221895855140627 24.221895855140627 24.221895855140627 24.221895855140627 0.0
8.9 24.180431614172576 24.180431614172576 24.180431614172576 24.180431614172576 24.180431614172576 24.180431614172576 24.180431614172576 24.180431614172576 24.180431614172576 24.180431614172576 0.0
9.0 24.138967373204526 24.138967373204526 24.138967373204526 24.138967373204526 24.138967373204526 24.138967373204526 24.138967373204526 24.138967373204526 24.138967373204526 24.138967373204526 0.0
9.1 24.097503132236476 24.097503132236476 24.097503132236476 24.097503132236476 24.097503132236476 24.097503132236476 24.097503132236476 24.097503132236476 24.097503132236476 24.097503132236476 0.0
9.2 24.056038891268425 24.056038891268425 24.056038891268425 24.056038891268425 24.056038891268425 24.056038891268425 24.056038891268425 24.056038891268425 24.056038891268425 24.056038891268425 0.0
9.3 24.014574650300375 24.014574650300375 24.014574650300375 24.014574650300375 24.014574650300375 24.014574650300375 24.014574650300375 24.014574650300375 24.014574650300375 24.014574650300375 0.0
9.4 23.973110409332325 23.973110409332325 23.973110409332325 23.973110409332325 23.973110409332325 23.973110409332325 23.973110409332325 23.973110409332325 23.973110409332325 23.973110409332325 0.0
9.5 23.931646168364274 23.931646168364274 23.931646168364274 23.931646168364274 23.931646168364274 23.931646168364274 23.931646168364274 23.931646168364274 23.931646168364274 23.931646168364274 0.0
9.6 23.890181927396224 23.890181927396224 23.890181927396224 23.890181927396224 23.890181927396224 23.890181927396224 23.890181927396224 23.890181927396224 23.890181927396224 23.890181927396224 0.0
9.7 23.848717686428174 23.848717686428174 23.848717686428174 23.848717686428174 23.848717686428174 23.848717686428174 23.848717686428174 23.848717686428174 23.848717686428174 23.848717686428174 0.0
9.8 23.807253445460123 23.807253445460123 23.807253445460123 23.807253445460123 23.807253445460123 23.807253445460123 23.807253445460123 23.807253445460123 23.807253445460123 23.807253445460123 0.0
9.9 23.765789204492073 23.765789204492073 23.765789204492073 23.765789204492073 23.765789204492073 23.765789204492073 23.765789204492073 23.765789204492073 23.765789204492073 23.765789204492073 0.0
10.0 23.724324963524023 23.724324963524023 23.724324963524023 23.724324963524023 23.724324963524023 23.724324963524023 23.724324963524023 23.724324963524023 23.724324963524023 23.724324963524023 0.0
10.1 23.682860722555972 23.682860722555972 23.682860722555972 23.682860722555972 23.682860722555972 23.682860722555972 23.682860722555972 23.682860722555972 23.682860722555972 23.682860722555972 0.0
10.2 23.641396481587922 23.641396481587922 23.641396481587922 23.641396481587922 23.641396481587922 23.641396481587922 23.641396481587922 23.641396481587922 23.641396481587922 23.641396481587922 0.0
10.3 23.59993224061987 23.59993224061987 23.59993224061987 23.59993224061987 23.59993224061987 23.59993224061987 23.59993224061987 23.59993224061987 23.59993224061987 23.59993224061987 0.0
10.4 23.55846799965182 23.55846799965182 23.55846799965182 23.55846799965182 23.55846799965182 23.55846799965182 23.55846799965182 23.55846799965182 23.55846799965182 23.55846799965182 0.0
10.5 23.51700375868377 23.51700375868377 23.51700375868377 23.51700375868377 23.51700375868377 23.51700375868377 23.51700375868377 23.51700375868377 23.51700375868377 23.51700375868377 0.0
10.6 23.47553951771572 23.47553951771572 23.47553951771572 23.47553951771572 23.47553951771572 23.47553951771572 23.47553951771572 23.47553951771572 23.47553951771572 23.47553951771572 0.0
10.7 23.47553951771572 23.43407527674767 23.43407527674767 23.43407527674767 23.43407527674767 23.43407527674767 23.43407527674767 23.43407527674767 23.43407527674767 23.43407527674767 0.0
10.8 23.47553951771572 23.39261103577962 23.39261103577962 23.39261103577962 23.39261103577962 23.39261103577962 23.39261103577962 23.39261103577962 23.39261103577962 23.39261103577962 0.0
10.9 23.47553951771572 23.35114679481157 23.35114679481157 23.35114679481157 23.35114679481157 23.35114679481157 23.35114679481157 23.35114679481157 23.35114679481157 23.35114679481157 0.0
11.0 23.47553951771572 23.30968255384352 23.30968255384352 23.30968255384352 23.30968255384352 23.30968255384352 23.30968255384352 23.30968255384352 23.30968255384352 23.30968255384352 0.0
11.1 23.47553951771572 23.26821831287547 23.26821831287547 23.26821831287547 23.26821831287547 23.26821831287547 23.26821831287547 23.26821831287547 23.26821831287547 23.26821831287547 0.0
11.2 23.47553951771572 23.22675407190742 23.22675407190742 23.22675407190742 23.22675407190742 23.22675407190742 23.22675407190742 23.22675407190742 23.22675407190742 23.22675407190742 0.0
11.3 23.47553951771572 23.185289830939368 23.185289830939368 23.185289830939368 23.185289830939368 23.185289830939368 23.185289830939368 23.185289830939368 23.185289830939368 23.185289830939368 0.0
11.4 23.47553951771572 23.143825589971318 23.143825589971318 23.143825589971318 23.143825589971318 23.143825589971318 23.143825589971318 23.143825589971318 23.143825589971318 23.143825589971318 0.0
11.5 23.47553951771572 23.102361349003267 23.102361349003267 23.102361349003267 23.102361349003267 23.102361349003267 23.102361349003267 23.102361349003267 23.102361349003267 23.102361349003267 0.0
11.6 23.47553951771572 23.060897108035217 23.060897108035217 23.060897108035217 23.060897108035217 23.060897108035217 23.060897108035217 23.060897108035217 23.060897108035217 23.060897108035217 0.0
11.7 23.47553951771572 23.019432867067167 23.019432867067167 23.019432867067167 23.019432867067167 23.019432867067167 23.019432867067167 23.019432867067167 23.019432867067167 23.019432867067167 0.0
11.8 23.47553951771572 22.977968626099116 22.977968626099116 22.977968626099116 22.977968626099116 22.977968626099116 22.977968626099116 22.977968626099116 22.977968626099116 22.977968626099116 0.0
11.9 23.47553951771572 22.936504385131066 22.936504385131066 22.936504385131066 22.936504385131066 22.936504385131066 22.936504385131066 22.936504385131066 22.936504385131066 22.936504385131066 0.0
12.0 23.47553951771572 22.895040144163016 22.895040144163016 22.895040144163016 22.895040144163016 22.895040144163016 22.895040144163016 22.895040144163016 22.895040144163016 22.895040144163016 0.0
12.1 24.075539517715722 22.853575903194965 22.853575903194965 22.853575903194965 22.853575903194965 22.853575903194965 22.853575903194965 22.853575903194965 22.853575903194965 22.853575903194965 0.0
12.2 24.675539517715723 22.812111662226915 22.812111662226915 22.812111662226915 22.812111662226915 22.812111662226915 22.812111662226915 22.812111662226915 22.812111662226915 22.812111662226915 0.0
12.3 25.275539517715725 22.770647421258865 22.770647421258865 22.770647421258865 22.770647421258865 22.770647421258865 22.770647421258865 22.770647421258865 22.770647421258865 22.770647421258865 0.0
12.4 25.875539517715726 22.729183180290814 22.729183180290814 22.729183180290814 22.729183180290814 22.729183180290814 22.729183180290814 22.729183180290814 22.729183180290814 22.729183180290814 0.0
12.5 26.475539517715728 22.729183180290814 22.687718939322764 22.687718939322764 22.687718939322764 22.687718939322764 22.687718939322764 22.687718939322764 22.687718939322764 22.687718939322764 0.0
12.6 27.07553951771573 22.729183180290814 22.646254698354713 22.646254698354713 22.646254698354713 22.646254698354713 22.646254698354713 22.646254698354713 22.646254698354713 22.646254698354713 0.0
12.7 27.67553951771573 22.729183180290814 22.604790457386663 22.604790457386663 22.604790457386663 22.604790457386663 22.604790457386663 22.604790457386663 22.604790457386663 22.604790457386663 0.0
12.8 28.275539517715732 22.729183180290814 22.563326216418613 22.563326216418613 22.563326216418613 22.563326216418613 22.563326216418613 22.563326216418613 22.563326216418613 22.563326216418613 0.0
12.9 28.875539517715733 22.729183180290814 22.521861975450562 22.521861975450562 22.521861975450562 22.521861975450562 22.521861975450562 22.521861975450562 22.521861975450562 22.521861975450562 0.0
13.0 29.475539517715735 22.729183180290814 22.480397734482512 22.480397734482512 22.480397734482512 22.480397734482512 22.480397734482512 22.480397734482512 22.480397734482512 22.480397734482512 0.0
13.1 30.0 22.729183180290814 22.43893349351446 22.43893349351446 22.43893349351446 22.43893349351446 22.43893349351446 22.43893349351446 22.43893349351446 22.43893349351446 0.0
13.2 30.0 22.729183180290814 22.39746925254641 22.39746925254641 22.39746925254641 22.39746925254641 22.39746925254641 22.39746925254641 22.39746925254641 22.39746925254641 0.0
13.3 30.0 22.729183180290814 22.35600501157836 22.35600501157836 22.35600501157836 22.35600501157836 22.35600501157836 22.35600501157836 22.35600501157836 22.35600501157836 0.0
13.4 30.0 22.729183180290814 22.31454077061031 22.31454077061031 22.31454077061031 22.31454077061031 22.31454077061031 22.31454077061031 22.31454077061031 22.31454077061031 0.0
13.5 30.0 22.729183180290814 22.27307652964226 22.27307652964226 22.27307652964226 22.27307652964226 22.27307652964226 22.27307652964226 22.27307652964226 22.27307652964226 0.0
13.6 30.0 22.729183180290814 22.23161228867421 22.23161228867421 22.23161228867421 22.23161228867421 22.23161228867421 22.23161228867421 22.23161228867421 22.23161228867421 0.0
13.7 30.0 22.729183180290814 22.19014804770616 22.19014804770616 22.19014804770616 22.19014804770616 22.19014804770616 22.19014804770616 22.19014804770616 22.19014804770616 0.0
13.8 30.0 22.729183180290814 22.14868380673811 22.14868380673811 22.14868380673811 22.14868380673811 22.14868380673811 22.14868380673811 22.14868380673811 22.14868380673811 0.0
13.9 30.0 23.329183180290816 22.10721956577006 22.10721956577006 22.10721956577006 22.10721956577006 22.10721956577006 22.10721956577006 22.10721956577006 22.10721956577006 0.0
14.0 30.0 23.929183180290817 22.06575532480201 22.06575532480201 22.06575532480201 22.06575532480201 22.06575532480201 22.06575532480201 22.06575532480201 22.06575532480201 0.0
14.1 30.0 24.52918318029082 22.02429108383396 22.02429108383396 22.02429108383396 22.02429108383396 22.02429108383396 22.02429108383396 22.02429108383396 22.02429108383396 0.0
14.2 30.0 25.12918318029082 21.982826842865908 21.982826842865908 21.982826842865908 21.982826842865908 21.982826842865908 21.982826842865908 21.982826842865908 21.982826842865908 0.0
14.3 30.0 25.72918318029082 21.982826842865908 21.941362601897858 21.941362601897858 21.941362601897858 21.941362601897858 21.941362601897858 21.941362601897858 21.941362601897858 0.0
14.4 30.0 26.329183180290823 21.982826842865908 21.899898360929807 21.899898360929807 21.899898360929807 21.899898360929807 21.899898360929807 21.899898360929807 21.899898360929807 0.0
14.5 30.0 26.929183180290824 21.982826842865908 21.858434119961757 21.858434119961757 21.858434119961757 21.858434119961757 21.858434119961757 21.858434119961757 21.858434119961757 0.0
14.6 30.0 27.529183180290826 21.982826842865908 21.816969878993707 21.816969878993707 21.816969878993707 21.816969878993707 21.816969878993707 21.816969878993707 21.816969878993707 0.0
14.7 30.0 28.129183180290827 21.982826842865908 21.775505638025656 21.775505638025656 21.775505638025656 21.775505638025656 21.775505638025656 21.775505638025656 21.775505638025656 0.0
14.8 30.0 28.72918318029083 21.982826842865908 21.734041397057606 21.734041397057606 21.734041397057606 21.734041397057606 21.734041397057606 21.734041397057606 21.734041397057606 0.0
14.9 30.0 29.32918318029083 21.982826842865908 21.692577156089556 21.692577156089556 21.692577156089556 21.692577156089556 21.692577156089556 21.692577156089556 21.692577156089556 0.0
15.0 30.0 29.92918318029083 21.982826842865908 21.651112915121505 21.651112915121505 21.651112915121505 21.651112915121505 21.651112915121505 21.651112915121505 21.651112915121505 0.0
15.1 30.0 30.0 21.982826842865908 21.609648674153455 21.609648674153455 21.609648674153455 21.609648674153455 21.609648674153455 21.609648674153455 21.609648674153455 0.0
15.2 30.0 30.0 21.982826842865908 21.568184433185404 21.568184433185404 21.568184433185404 21.568184433185404 21.568184433185404 21.568184433185404 21.568184433185404 0.0
15.3 30.0 30.0 21.982826842865908 21.526720192217354 21.526720192217354 21.526720192217354 21.526720192217354 21.526720192217354 21.526720192217354 21.526720192217354 0.0
15.4 30.0 30.0 21.982826842865908 21.485255951249304 21.485255951249304 21.485255951249304 21.485255951249304 21.485255951249304 21.485255951249304 21.485255951249304 0.0
15.5 30.0 30.0 21.982826842865908 21.443791710281253 21.443791710281253 21.443791710281253 21.443791710281253 21.443791710281253 21.443791710281253 21.443791710281253 0.0
15.6 30.0 30.0 21.982826842865908 21.402327469313203 21.402327469313203 21.402327469313203 21.402327469313203 21.402327469313203 21.402327469313203 21.402327469313203 0.0
15.7 30.0 30.0 22.58282684286591 21.360863228345153 21.360863228345153 21.360863228345153 21.360863228345153 21.360863228345153 21.360863228345153 21.360863228345153 0.0
15.8 30.0 30.0 23.18282684286591 21.319398987377102 21.319398987377102 21.319398987377102 21.319398987377102 21.319398987377102 21.319398987377102 21.319398987377102 0.0
15.9 30.0 30.0 23.782826842865912 21.277934746409052 21.277934746409052 21.277934746409052 21.277934746409052 21.277934746409052 21.277934746409052 21.277934746409052 0.0
16.0 30.0 30.0 24.382826842865914 21.236470505441 21.236470505441 21.236470505441 21.236470505441 21.236470505441 21.236470505441 21.236470505441 0.0
16.1 30.0 30.0 24.982826842865915 21.236470505441 21.19500626447295 21.19500626447295 21.19500626447295 21.19500626447295 21.19500626447295 21.19500626447295 0.0
16.2 30.0 30.0 25.582826842865916 21.236470505441 21.1535420235049 21.1535420235049 21.1535420235049 21.1535420235049 21.1535420235049 21.1535420235049 0.0
16.3 30.0 30.0 26.182826842865918 21.236470505441 21.11207778253685 21.11207778253685 21.11207778253685 21.11207778253685 21.11207778253685 21.11207778253685 0.0
16.4 30.0 30.0 26.78282684286592 21.236470505441 21.0706135415688 21.0706135415688 21.0706135415688 21.0706135415688 21.0706135415688 21.0706135415688 0.0
16.5 30.0 30.0 27.38282684286592 21.236470505441 21.02914930060075 21.02914930060075 21.02914930060075 21.02914930060075 21.02914930060075 21.02914930060075 0.0
16.6 30.0 30.0 27.982826842865922 21.236470505441 20.9876850596327 20.9876850596327 20.9876850596327 20.9876850596327 20.9876850596327 20.9876850596327 0.0
16.7 30.0 30.0 28.582826842865924 21.236470505441 20.94622081866465 20.94622081866465 20.94622081866465 20.94622081866465 20.94622081866465 20.94622081866465 0.0
16.8 30.0 30.0 29.182826842865925 21.236470505441 20.9047565776966 20.9047565776966 20.9047565776966 20.9047565776966 20.9047565776966 20.9047565776966 0.0
16.9 30.0 30.0 29.782826842865926 21.236470505441 20.86329233672855 20.86329233672855 20.86329233672855 20.86329233672855 20.86329233672855 20.86329233672855 0.0
17.0 30.0 30.0 30.0 21.236470505441 20.821828095760498 20.821828095760498 20.821828095760498 20.821828095760498 20.821828095760498 20.821828095760498 0.0
17.1 30.0 30.0 30.0 21.236470505441 20.780363854792448 20.780363854792448 20.780363854792448 20.780363854792448 20.780363854792448 20.780363854792448 0.0
17.2 30.0 30.0 30.0 21.236470505441 20.738899613824398 20.738899613824398 20.738899613824398 20.738899613824398 20.738899613824398 20.738899613824398 0.0
17.3 30.0 30.0 30.0 21.236470505441 20.697435372856347 20.697435372856347 20.697435372856347 20.697435372856347 20.697435372856347 20.697435372856347 0.0
17.4 30.0 30.0 30.0 21.236470505441 20.655971131888297 20.655971131888297 20.655971131888297 20.655971131888297 20.655971131888297 20.655971131888297 0.0
17.5 30.0 30.0 30.0 21.836470505441003 20.614506890920246 20.614506890920246 20.614506890920246 20.614506890920246 20.614506890920246 20.614506890920246 0.0
17.6 30.0 30.0 30.0 22.436470505441005 20.573042649952196 20.573042649952196 20.573042649952196 20.573042649952196 20.573042649952196 20.573042649952196 0.0
17.7 30.0 30.0 30.0 23.036470505441006 20.531578408984146 20.531578408984146 20.531578408984146 20.531578408984146 20.531578408984146 20.531578408984146 0.0
17.8 30.0 30.0 30.0 23.636470505441007 20.490114168016095 20.490114168016095 20.490114168016095 20.490114168016095 20.490114168016095 20.490114168016095 0.0
17.9 30.0 30.0 30.0 24.23647050544101 20.490114168016095 20.448649927048045 20.448649927048045 20.448649927048045 20.448649927048045 20.448649927048045 0.0
18.0 30.0 30.0 30.0 24.83647050544101 20.490114168016095 20.407185686079995 20.407185686079995 20.407185686079995 20.407185686079995 20.407185686079995 0.0
18.1 30.0 30.0 30.0 25.43647050544101 20.490114168016095 20.365721445111944 20.365721445111944 20.365721445111944 20.365721445111944 20.365721445111944 0.0
18.2 30.0 30.0 30.0 26.036470505441013 20.490114168016095 20.324257204143894 20.324257204143894 20.324257204143894 20.324257204143894 20.324257204143894 0.0
18.3 30.0 30.0 30.0 26.636470505441014 20.490114168016095 20.282792963175844 20.282792963175844 20.282792963175844 20.282792963175844 20.282792963175844 0.0
18.4 30.0 30.0 30.0 27.236470505441016 20.490114168016095 20.241328722207793 20.241328722207793 20.241328722207793 20.241328722207793 20.241328722207793 0.0
18.5 30.0 30.0 30.0 27.836470505441017 20.490114168016095 20.199864481239743 20.199864481239743 20.199864481239743 20.199864481239743 20.199864481239743 0.0
18.6 30.0 30.0 30.0 28.43647050544102 20.490114168016095 20.158400240271693 20.158400240271693 20.158400240271693 20.158400240271693 20.158400240271693 0.0
18.7 30.0 30.0 30.0 29.03647050544102 20.490114168016095 20.116935999303642 20.116935999303642 20.116935999303642 20.116935999303642 20.116935999303642 0.0
18.8 30.0 30.0 30.0 29.63647050544102 20.490114168016095 20.075471758335592 20.075471758335592 20.075471758335592 20.075471758335592 20.075471758335592 0.0
18.9 30.0 30.0 30.0 30.0 20.490114168016095 20.03400751736754 20.03400751736754 20.03400751736754 20.03400751736754 20.03400751736754 0.0
19.0 30.0 30.0 30.0 30.0 20.490114168016095 19.99254327639949 19.99254327639949 19.99254327639949 19.99254327639949 19.99254327639949 0.0
19.1 30.0 30.0 30.0 30.0 20.490114168016095 19.95107903543144 19.95107903543144 19.95107903543144 19.95107903543144 19.95107903543144 0.0
19.2 30.0 30.0 30.0 30.0 20.490114168016095 19.90961479446339 19.90961479446339 19.90961479446339 19.90961479446339 19.90961479446339 0.0
19.3 30.0 30.0 30.0 30.0 21.090114168016097 19.86815055349534 19.86815055349534 19.86815055349534 19.86815055349534 19.86815055349534 0.0
19.4 30.0 30.0 30.0 30.0 21.6901141680161 19.82668631252729 19.82668631252729 19.82668631252729 19.82668631252729 19.82668631252729 0.0
19.5 30.0 30.0 30.0 30.0 22.2901141680161 19.78522207155924 19.78522207155924 19.78522207155924 19.78522207155924 19.78522207155924 0.0
19.6 30.0 30.0 30.0 30.0 22.8901141680161 19.74375783059119 19.74375783059119 19.74375783059119 19.74375783059119 19.74375783059119 0.0
19.7 30.0 30.0 30.0 30.0 23.490114168016103 19.74375783059119 19.70229358962314 19.70229358962314 19.70229358962314 19.70229358962314 0.0
19.8 30.0 30.0 30.0 30.0 24.090114168016104 19.74375783059119 19.66082934865509 19.66082934865509 19.66082934865509 19.66082934865509 0.0
19.9 30.0 30.0 30.0 30.0 24.690114168016105 19.74375783059119 19.619365107687038 19.619365107687038 19.619365107687038 19.619365107687038 0.0
20.0 30.0 30.0 30.0 30.0 25.290114168016107 19.74375783059119 19.577900866718988 19.577900866718988 19.577900866718988 19.577900866718988 0.0
20.1 30.0 30.0 30.0 30.0 25.890114168016108 19.74375783059119 19.536436625750937 19.536436625750937 19.536436625750937 19.536436625750937 0.0
20.2 30.0 30.0 30.0 30.0 26.49011416801611 19.74375783059119 19.494972384782887 19.494972384782887 19.494972384782887 19.494972384782887 0.0
20.3 30.0 30.0 30.0 30.0 27.09011416801611 19.74375783059119 19.453508143814837 19.453508143814837 19.453508143814837 19.453508143814837 0.0
20.4 30.0 30.0 30.0 30.0 27.690114168016112 19.74375783059119 19.412043902846786 19.412043902846786 19.412043902846786 19.412043902846786 0.0
20.5 30.0 30.0 30.0 30.0 28.290114168016114 19.74375783059119 19.370579661878736 19.370579661878736 19.370579661878736 19.370579661878736 0.0
20.6 30.0 30.0 30.0 30.0 28.890114168016115 19.74375783059119 19.329115420910686 19.329115420910686 19.329115420910686 19.329115420910686 0.0
20.7 30.0 30.0 30.0 30.0 29.490114168016117 19.74375783059119 19.287651179942635 19.287651179942635 19.287651179942635 19.287651179942635 0.0
20.8 30.0 30.0 30.0 30.0 30.0 19.74375783059119 19.246186938974585 19.246186938974585 19.246186938974585 19.246186938974585 0.0
20.9 30.0 30.0 30.0 30.0 30.0 19.74375783059119 19.204722698006535 19.204722698006535 19.204722698006535 19.204722698006535 0.0
21.0 30.0 30.0 30.0 30.0 30.0 19.74375783059119 19.163258457038484 19.163258457038484 19.163258457038484 19.163258457038484 0.0
21.1 30.0 30.0 30.0 30.0 30.0 20.34375783059119 19.121794216070434 19.121794216070434 19.121794216070434 19.121794216070434 0.0
21.2 30.0 30.0 30.0 30.0 30.0 20.943757830591192 19.080329975102384 19.080329975102384 19.080329975102384 19.080329975102384 0.0
21.3 30.0 30.0 30.0 30.0 30.0 21.543757830591193 19.038865734134333 19.038865734134333 19.038865734134333 19.038865734134333 0.0
21.4 30.0 30.0 30.0 30.0 30.0 22.143757830591195 18.997401493166283 18.997401493166283 18.997401493166283 18.997401493166283 0.0
21.5 30.0 30.0 30.0 30.0 30.0 22.743757830591196 18.997401493166283 18.955937252198233 18.955937252198233 18.955937252198233 0.0
21.6 30.0 30.0 30.0 30.0 30.0 23.343757830591198 18.997401493166283 18.914473011230182 18.914473011230182 18.914473011230182 0.0
21.7 30.0 30.0 30.0 30.0 30.0 23.9437578305912 18.997401493166283 18.873008770262132 18.873008770262132 18.873008770262132 0.0
21.8 30.0 30.0 30.0 30.0 30.0 24.5437578305912 18.997401493166283 18.83154452929408 18.83154452929408 18.83154452929408 0.0
21.9 30.0 30.0 30.0 30.0 30.0 25.143757830591202 18.997401493166283 18.79008028832603 18.79008028832603 18.79008028832603 0.0
22.0 30.0 30.0 30.0 30.0 30.0 25.743757830591203 18.997401493166283 18.74861604735798 18.74861604735798 18.74861604735798 0.0
22.1 30.0 30.0 30.0 30.0 30.0 26.343757830591205 18.997401493166283 18.70715180638993 18.70715180638993 18.70715180638993 0.0
22.2 30.0 30.0 30.0 30.0 30.0 26.943757830591206 18.997401493166283 18.66568756542188 18.66568756542188 18.66568756542188 0.0
22.3 30.0 30.0 30.0 30.0 30.0 27.543757830591208 18.997401493166283 18.62422332445383 18.62422332445383 18.62422332445383 0.0
22.4 30.0 30.0 30.0 30.0 30.0 28.14375783059121 18.997401493166283 18.58275908348578 18.58275908348578 18.58275908348578 0.0
22.5 30.0 30.0 30.0 30.0 30.0 28.74375783059121 18.997401493166283 18.54129484251773 18.54129484251773 18.54129484251773 0.0
22.6 30.0 30.0 30.0 30.0 30.0 29.343757830591212 18.997401493166283 18.49983060154968 18.49983060154968 18.49983060154968 0.0
22.7 30.0 30.0 30.0 30.0 30.0 29.943757830591213 18.997401493166283 18.45836636058163 18.45836636058163 18.45836636058163 0.0
22.8 30.0 30.0 30.0 30.0 30.0 30.0 18.997401493166283 18.416902119613578 18.416902119613578 18.416902119613578 0.0
22.9 30.0 30.0 30.0 30.0 30.0 30.0 19.597401493166284 18.375437878645528 18.375437878645528 18.375437878645528 0.0
23.0 30.0 30.0 30.0 30.0 30.0 30.0 20.197401493166286 18.333973637677477 18.333973637677477 18.333973637677477 0.0
23.1 30.0 30.0 30.0 30.0 30.0 30.0 20.797401493166287 18.292509396709427 18.292509396709427 18.292509396709427 0.0
23.2 30.0 30.0 30.0 30.0 30.0 30.0 21.39740149316629 18.251045155741377 18.251045155741377 18.251045155741377 0.0
23.3 30.0 30.0 30.0 30.0 30.0 30.0 21.99740149316629 18.251045155741377 18.209580914773326 18.209580914773326 0.0
23.4 30.0 30.0 30.0 30.0 30.0 30.0 22.59740149316629 18.251045155741377 18.168116673805276 18.168116673805276 0.0
23.5 30.0 30.0 30.0 30.0 30.0 30.0 23.197401493166293 18.251045155741377 18.126652432837226 18.126652432837226 0.0
23.6 30.0 30.0 30.0 30.0 30.0 30.0 23.797401493166294 18.251045155741377 18.085188191869175 18.085188191869175 0.0
23.7 30.0 30.0 30.0 30.0 30.0 30.0 24.397401493166296 18.251045155741377 18.043723950901125 18.043723950901125 0.0
23.8 30.0 30.0 30.0 30.0 30.0 30.0 24.997401493166297 18.251045155741377 18.002259709933075 18.002259709933075 0.0
23.9 30.0 30.0 30.0 30.0 30.0 30.0 25.5974014931663 18.251045155741377 17.960795468965024 17.960795468965024 0.0
24.0 30.0 30.0 30.0 30.0 30.0 30.0 26.1974014931663 18.251045155741377 17.919331227996974 17.919331227996974 0.0
24.1 30.0 30.0 30.0 30.0 30.0 30.0 26.7974014931663 18.251045155741377 17.877866987028924 17.877866987028924 0.0
24.2 30.0 30.0 30.0 30.0 30.0 30.0 27.397401493166303 18.251045155741377 17.836402746060873 17.836402746060873 0.0
24.3 30.0 30.0 30.0 30.0 30.0 30.0 27.997401493166304 18.251045155741377 17.794938505092823 17.794938505092823 0.0
24.4 30.0 30.0 30.0 30.0 30.0 30.0 28.597401493166306 18.251045155741377 17.753474264124772 17.753474264124772 0.0
24.5 30.0 30.0 30.0 30.0 30.0 30.0 29.197401493166307 18.251045155741377 17.712010023156722 17.712010023156722 0.0
24.6 30.0 30.0 30.0 30.0 30.0 30.0 29.79740149316631 18.251045155741377 17.670545782188672 17.670545782188672 0.0
24.7 30.0 30.0 30.0 30.0 30.0 30.0 30.0 18.851045155741378 17.62908154122062 17.62908154122062 0.0
24.8 30.0 30.0 30.0 30.0 30.0 30.0 30.0 19.45104515574138 17.58761730025257 17.58761730025257 0.0
24.9 30.0 30.0 30.0 30.0 30.0 30.0 30.0 20.05104515574138 17.54615305928452 17.54615305928452 0.0
25.0 30.0 30.0 30.0 30.0 30.0 30.0 30.0 20.651045155741382 17.50468881831647 17.50468881831647 0.0
25.1 30.0 30.0 30.0 30.0 30.0 30.0 30.0 21.251045155741384 17.50468881831647 17.46322457734842 0.0
25.2 30.0 30.0 30.0 30.0 30.0 30.0 30.0 21.851045155741385 17.50468881831647 17.42176033638037 0.0
25.3 30.0 30.0 30.0 30.0 30.0 30.0 30.0 22.451045155741387 17.50468881831647 17.38029609541232 0.0
25.4 30.0 30.0 30.0 30.0 30.0 30.0 30.0 23.051045155741388 17.50468881831647 17.33883185444427 0.0
25.5 30.0 30.0 30.0 30.0 30.0 30.0 30.0 23.65104515574139 17.50468881831647 17.29736761347622 0.0
25.6 30.0 30.0 30.0 30.0 30.0 30.0 30.0 24.25104515574139 17.50468881831647 17.25590337250817 0.0
25.7 30.0 30.0 30.0 30.0 30.0 30.0 30.0 24.851045155741392 17.50468881831647 17.214439131540118 0.0
25.8 30.0 30.0 30.0 30.0 30.0 30.0 30.0 25.451045155741394 17.50468881831647 17.172974890572068 0.0
25.9 30.0 30.0 30.0 30.0 30.0 30.0 30.0 26.051045155741395 17.50468881831647 17.131510649604017 0.0
26.0 30.0 30.0 30.0 30.0 30.0 30.0 30.0 26.651045155741397 17.50468881831647 17.090046408635967 0.0
26.1 30.0 30.0 30.0 30.0 30.0 30.0 30.0 27.251045155741398 17.50468881831647 17.048582167667917 0.0
26.2 30.0 30.0 30.0 30.0 30.0 30.0 30.0 27.8510451557414 17.50468881831647 17.007117926699866 0.0
26.3 30.0 30.0 30.0 30.0 30.0 30.0 30.0 28.4510451557414 17.50468881831647 16.965653685731816 0.0
26.4 30.0 30.0 30.0 30.0 30.0 30.0 30.0 29.051045155741402 17.50468881831647 16.924189444763766 0.0
26.5 30.0 30.0 30.0 30.0 30.0 30.0 30.0 29.651045155741404 18.104688818316472 16.882725203795715 0.0
26.6 30.0 30.0 30.0 30.0 30.0 30.0 30.0 30.0 18.704688818316473 16.841260962827665 0.0
26.7 30.0 30.0 30.0 30.0 30.0 30.0 30.0 30.0 19.304688818316475 16.799796721859614 0.0
26.8 30.0 30.0 30.0 30.0 30.0 30.0 30.0 30.0 19.904688818316476 16.758332480891564 0.0
26.9 30.0 30.0 30.0 30.0 30.0 30.0 30.0 30.0 20.504688818316477 16.758332480891564 0.0
27.0 30.0 30.0 30.0 30.0 30.0 30.0 30.0 30.0 21.10468881831648 16.758332480891564 0.0
27.1 30.0 30.0 30.0 30.0 30.0 30.0 30.0 30.0 21.70468881831648 16.758332480891564 0.0
27.2 30.0 30.0 30.0 30.0 30.0 30.0 30.0 30.0 22.30468881831648 16.758332480891564 0.0
27.3 30.0 30.0 30.0 30.0 30.0 30.0 30.0 30.0 22.904688818316483 16.758332480891564 0.0
27.4 30.0 30.0 30.0 30.0 30.0 30.0 30.0 30.0 23.504688818316485 16.758332480891564 0.0
27.5 30.0 30.0 30.0 30.0 30.0 30.0 30.0 30.0 24.104688818316486 16.758332480891564 0.0
27.6 30.0 30.0 30.0 30.0 30.0 30.0 30.0 30.0 24.704688818316487 16.758332480891564 0.0
27.7 30.0 30.0 30.0 30.0 30.0 30.0 30.0 30.0 25.30468881831649 16.758332480891564 0.0
27.8 30.0 30.0 30.0 30.0 30.0 30.0 30.0 30.0 25.90468881831649 16.758332480891564 0.0
27.9 30.0 30.0 30.0 30.0 30.0 30.0 30.0 30.0 26.50468881831649 16.758332480891564 0.0
28.0 30.0 30.0 30.0 30.0 30.0 30.0 30.0 30.0 27.104688818316493 16.758332480891564 0.0
28.1 30.0 30.0 30.0 30.0 30.0 30.0 30.0 30.0 27.704688818316495 16.758332480891564 0.0
28.2 30.0 30.0 30.0 30.0 30.0 30.0 30.0 30.0 28.304688818316496 16.758332480891564 0.0
28.3 30.0 30.0 30.0 30.0 30.0 30.0 30.0 30.0 28.904688818316497 17.358332480891566 0.0
28.4 30.0 30.0 30.0 30.0 30.0 30.0 30.0 30.0 29.5046888183165 17.958332480891567 0.0
28.5 30.0 30.0 30.0 30.0 30.0 30.0 30.0 30.0 30.0 18.55833248089157 0.0
28.6 30.0 30.0 30.0 30.0 30.0 30.0 30.0 30.0 30.0 19.15833248089157 0.0
28.7 30.0 30.0 30.0 30.0 30.0 30.0 30.0 30.0 30.0 19.75833248089157 0.0
28.8 30.0 30.0 30.0 30.0 30.0 30.0 30.0 30.0 30.0 20.358332480891573 0.0
28.9 30.0 30.0 30.0 30.0 30.0 30.0 30.0 30.0 30.0 20.958332480891574 0.0
29.0 30.0 30.0 30.0 30.0 30.0 30.0 30.0 30.0 30.0 21.558332480891575 0.0
29.1 30.0 30.0 30.0 30.0 30.0 30.0 30.0 30.0 30.0 22.158332480891577 0.0
29.2 30.0 30.0 30.0 30.0 30.0 30.0 30.0 30.0 30.0 22.75833248089158 0.0
29.3 30.0 30.0 30.0 30.0 30.0 30.0 30.0 30.0 30.0 23.35833248089158 0.0
29.4 30.0 30.0 30.0 30.0 30.0 30.0 30.0 30.0 30.0 23.95833248089158 0.0
29.5 30.0 30.0 30.0 30.0 30.0 30.0 30.0 30.0 30.0 24.558332480891583 0.0
29.6 30.0 30.0 30.0 30.0 30.0 30.0 30.0 30.0 30.0 25.158332480891584 0.0
29.7 30.0 30.0 30.0 30.0 30.0 30.0 30.0 30.0 30.0 25.758332480891585 0.0
29.8 30.0 30.0 30.0 30.0 30.0 30.0 30.0 30.0 30.0 26.358332480891587 0.0
29.9 30.0 30.0 30.0 30.0 30.0 30.0 30.0 30.0 30.0 26.95833248089159 0.0
30.0 30.0 30.0 30.0 30.0 30.0 30.0 30.0 30.0 30.0 27.55833248089159 0.0
30.1 30.0 30.0 30.0 30.0 30.0 30.0 30.0 30.0 30.0 28.15833248089159 0.0
30.2 30.0 30.0 30.0 30.0 30.0 30.0 30.0 30.0 30.0 28.758332480891593 0.0
30.3 30.0 30.0 30.0 30.0 30.0 30.0 30.0 30.0 30.0 29.358332480891594 0.0
30.4 30.0 30.0 30.0 30.0 30.0 30.0 30.0 30.0 30.0 29.958332480891595 0.0
30.5 30.0 30.0 30.0 30.0 30.0 30.0 30.0 30.0 30.0 30.0 0.0
30.6 30.0 30.0 30.0 30.0 30.0 30.0 30.0 30.0 30.0 30.0 0.0
30.7 30.0 30.0 30.0 30.0 30.0 30.0 30.0 30.0 30.0 30.0 0.0
30.8 30.0 30.0 30.0 30.0 30.0 30.0 30.0 30.0 30.0 30.0 0.0
30.9 30.0 30.0 30.0 30.0 30.0 30.0 30.0 30.0 30.0 30.0 0.0
31.0 30.0 30.0 30.0 30.0 30.0 30.0 30.0 30.0 30.0 30.0 0.0
31.1 30.0 30.0 30.0 30.0 30.0 30.0 30.0 30.0 30.0 30.0 0.0
31.2 30.0 30.0 30.0 30.0 30.0 30.0 30.0 30.0 30.0 30.0 0.0
31.3 30.0 30.0 30.0 30.0 30.0 30.0 30.0 30.0 30.0 30.0 0.0
31.4 30.0 30.0 30.0 30.0 30.0 30.0 30.0 30.0 30.0 30.0 0.0
31.5 30.0 30.0 30.0 30.0 30.0 30.0 30.0 30.0 30.0 30.0 0.0
31.6 30.0 30.0 30.0 30.0 30.0 30.0 30.0 30.0 30.0 30.0 0.0
31.7 30.0 30.0 30.0 30.0 30.0 30.0 30.0 30.0 30.0 30.0 0.0
31.8 30.0 30.0 30.0 30.0 30.0 30.0 30.0 30.0 30.0 30.0 0.0
31.9 30.0 30.0 30.0 30.0 30.0 30.0 30.0 30.0 30.0 30.0 0.0
32.0 30.0 30.0 30.0 30.0 30.0 30.0 30.0 30.0 30.0 30.0 0.0
32.1 30.0 30.0 30.0 30.0 30.0 30.0 30.0 30.0 30.0 30.0 0.0
32.2 30.0 30.0 30.0 30.0 30.0 30.0 30.0 30.0 30.0 30.0 0.0
32.3 30.0 30.0 30.0 30.0 30.0 30.0 30.0 30.0 30.0 30.0 0.0
32.4 30.0 30.0 30.0 30.0 30.0 30.0 30.0 30.0 30.0 30.0 0.0
32.5 30.0 30.0 30.0 30.0 30.0 30.0 30.0 30.0 30.0 30.0 0.0
32.6 30.0 30.0 30.0 30.0 30.0 30.0 30.0 30.0 30.0 30.0 0.0
32.7 30.0 30.0 30.0 30.0 30.0 30.0 30.0 30.0 30.0 30.0 0.0
32.8 30.0 30.0 30.0 30.0 30.0 30.0 30.0 30.0 30.0 30.0 0.0
32.9 30.0 30.0 30.0 30.0 30.0 30.0 30.0 30.0 30.0 30.0 0.0
33.0 30.0 30.0 30.0 30.0 30.0 30.0 30.0 30.0 30.0 30.0 0.0
33.1 30.0 30.0 30.0 30.0 30.0 30.0 30.0 30.0 30.0 30.0 0.0
33.2 30.0 30.0 30.0 30.0 30.0 30.0 30.0 30.0 30.0 30.0 0.0
33.3 30.0 30.0 30.0 30.0 30.0 30.0 30.0 30.0 30.0 30.0 0.0
33.4 30.0 30.0 30.0 30.0 30.0 30.0 30.0 30.0 30.0 30.0 0.0
33.5 30.0 30.0 30.0 30.0 30.0 30.0 30.0 30.0 30.0 30.0 0.0
33.6 30.0 30.0 30.0 30.0 30.0 30.0 30.0 30.0 30.0 30.0 0.0
33.7 30.0 30.0 30.0 30.0 30.0 30.0 30.0 30.0 30.0 30.0 0.0
33.8 30.0 30.0 30.0 30.0 30.0 30.0 30.0 30.0 30.0 30.0 0.0
33.9 30.0 30.0 30.0 30.0 30.0 30.0 30.0 30.0 30.0 30.0 0.0
34.0 30.0 30.0 30.0 30.0 30.0 30.0 30.0 30.0 30.0 30.0 0.0
34.1 30.0 30.0 30.0 30.0 30.0 30.0 30.0 30.0 30.0 30.0 0.0
34.2 30.0 30.0 30.0 30.0 30.0 30.0 30.0 30.0 30.0 30.0 0.0
34.3 30.0 30.0 30.0 30.0 30.0 30.0 30.0 30.0 30.0 30.0 0.0
34.4 30.0 30.0 30.0 30.0 30.0 30.0 30.0 30.0 30.0 30.0 0.0
34.5 30.0 30.0 30.0 30.0 30.0 30.0 30.0 30.0 30.0 30.0 0.0
34.6 30.0 30.0 30.0 30.0 30.0 30.0 30.0 30.0 30.0 30.0 0.0
34.7 30.0 30.0 30.0 30.0 30.0 30.0 30.0 30.0 30.0 30.0 0.0
34.8 30.0 30.0 30.0 30.0 30.0 30.0 30.0 30.0 30.0 30.0 0.0
34.9 30.0 30.0 30.0 30.0 30.0 30.0 30.0 30.0 30.0 30.0 0.0
35.0 30.0 30.0 30.0 30.0 30.0 30.0 30.0 30.0 30.0 30.0 0.0
35.1 30.0 30.0 30.0 30.0 30.0 30.0 30.0 30.0 30.0 30.0 0.0
35.2 30.0 30.0 30.0 30.0 30.0 30.0 30.0 30.0 30.0 30.0 0.0
35.3 30.0 30.0 30.0 30.0 30.0 30.0 30.0 30.0 30.0 30.0 0.0
35.4 30.0 30.0 30.0 30.0 30.0 30.0 30.0 30.0 30.0 30.0 0.0
35.5 30.0 30.0 30.0 30.0 30.0 30.0 30.0 30.0 30.0 30.0 0.0
35.6 30.0 30.0 30.0 30.0 30.0 30.0 30.0 30.0 30.0 30.0 0.0
35.7 30.0 30.0 30.0 30.0 30.0 30.0 30.0 30.0 30.0 30.0 0.0
35.8 30.0 30.0 30.0 30.0 30.0 30.0 30.0 30.0 30.0 30.0 0.0
35.9 30.0 30.0 30.0 30.0 30.0 30.0 30.0 30.0 30.0 30.0 0.0
36.0 30.0 30.0 30.0 30.0 30.0 30.0 30.0 30.0 30.0 30.0 0.0
36.1 30.0 30.0 30.0 30.0 30.0 30.0 30.0 30.0 30.0 30.0 0.0
36.2 30.0 30.0 30.0 30.0 30.0 30.0 30.0 30.0 30.0 30.0 0.0
36.3 30.0 30.0 30.0 30.0 30.0 30.0 30.0 30.0 30.0 30.0 0.0
36.4 30.0 30.0 30.0 30.0 30.0 30.0 30.0 30.0 30.0 30.0 0.0
36.5 30.0 30.0 30.0 30.0 30.0 30.0 30.0 30.0 30.0 30.0 0.0
36.6 30.0 30.0 30.0 30.0 30.0 30.0 30.0 30.0 30.0 30.0 0.0
36.7 30.0 30.0 30.0 30.0 30.0 30.0 30.0 30.0 30.0 30.0 0.0
36.8 30.0 30.0 30.0 30.0 30.0 30.0 30.0 30.0 30.0 30.0 0.0
36.9 30.0 30.0 30.0 30.0 30.0 30.0 30.0 30.0 30.0 30.0 0.0
37.0 30.0 30.0 30.0 30.0 30.0 30.0 30.0 30.0 30.0 30.0 0.0
37.1 30.0 30.0 30.0 30.0 30.0 30.0 30.0 30.0 30.0 30.0 0.0
37.2 30.0 30.0 30.0 30.0 30.0 30.0 30.0 30.0 30.0 30.0 0.0
37.3 30.0 30.0 30.0 30.0 30.0 30.0 30.0 30.0 30.0 30.0 0.0
37.4 30.0 30.0 30.0 30.0 30.0 30.0 30.0 30.0 30.0 30.0 0.0
37.5 30.0 30.0 30.0 30.0 30.0 30.0 30.0 30.0 30.0 30.0 0.0
37.6 30.0 30.0 30.0 30.0 30.0 30.0 30.0 30.0 30.0 30.0 0.0
37.7 30.0 30.0 30.0 30.0 30.0 30.0 30.0 30.0 30.0 30.0 0.0
37.8 30.0 30.0 30.0 30.0 30.0 30.0 30.0 30.0 30.0 30.0 0.0
37.9 30.0 30.0 30.0 30.0 30.0 30.0 30.0 30.0 30.0 30.0 0.0
38.0 30.0 30.0 30.0 30.0 30.0 30.0 30.0 30.0 30.0 30.0 0.0
38.1 30.0 30.0 30.0 30.0 30.0 30.0 30.0 30.0 30.0 30.0 0.0
38.2 30.0 30.0 30.0 30.0 30.0 30.0 30.0 30.0 30.0 30.0 0.0
38.3 30.0 30.0 30.0 30.0 30.0 30.0 30.0 30.0 30.0 30.0 0.0
38.4 30.0 30.0 30.0 30.0 30.0 30.0 30.0 30.0 30.0 30.0 0.0
38.5 30.0 30.0 30.0 30.0 30.0 30.0 30.0 30.0 30.0 30.0 0.0
38.6 30.0 30.0 30.0 30.0 30.0 30.0 30.0 30.0 30.0 30.0 0.0
38.7 30.0 30.0 30.0 30.0 30.0 30.0 30.0 30.0 30.0 30.0 0.0
38.8 30.0 30.0 30.0 30.0 30.0 30.0 30.0 30.0 30.0 30.0 0.0
38.9 30.0 30.0 30.0 30.0 30.0 30.0 30.0 30.0 30.0 30.0 0.0
39.0 30.0 30.0 30.0 30.0 30.0 30.0 30.0 30.0 30.0 30.0 0.0
39.1 30.0 30.0 30.0 30.0 30.0 30.0 30.0 30.0 30.0 30.0 0.0
39.2 30.0 30.0 30.0 30.0 30.0 30.0 30.0 30.0 30.0 30.0 0.0
39.3 30.0 30.0 30.0 30.0 30.0 30.0 30.0 30.0 30.0 30.0 0.0
39.4 30.0 30.0 30.0 30.0 30.0 30.0 30.0 30.0 30.0 30.0 0.0
39.5 30.0 30.0 30.0 30.0 30.0 30.0 30.0 30.0 30.0 30.0 0.0
39.6 30.0 30.0 30.0 30.0 30.0 30.0 30.0 30.0 30.0 30.0 0.0
39.7 30.0 30.0 30.0 30.0 30.0 30.0 30.0 30.0 30.0 30.0 0.0
39.8 30.0 30.0 30.0 30.0 30.0 30.0 30.0 30.0 30.0 30.0 0.0
39.9 30.0 30.0 30.0 30.0 30.0 30.0 30.0 30.0 30.0 30.0 0.0
40.0 30.0 30.0 30.0 30.0 30.0 30.0 30.0 30.0 30.0 30.0 0.0
40.1 30.0 30.0 30.0 30.0 30.0 30.0 30.0 30.0 30.0 30.0 0.0
40.2 30.0 30.0 30.0 30.0 30.0 30.0 30.0 30.0 30.0 30.0 0.0
40.3 30.0 30.0 30.0 30.0 30.0 30.0 30.0 30.0 30.0 30.0 0.0
40.4 30.0 30.0 30.0 30.0 30.0 30.0 30.0 30.0 30.0 30.0 0.0
40.5 30.0 30.0 30.0 30.0 30.0 30.0 30.0 30.0 30.0 30.0 0.0
40.6 30.0 30.0 30.0 30.0 30.0 30.0 30.0 30.0 30.0 30.0 0.0
40.7 30.0 30.0 30.0 30.0 30.0 30.0 30.0 30.0 30.0 30.0 0.0
40.8 30.0 30.0 30.0 30.0 30.0 30.0 30.0 30.0 30.0 30.0 0.0
40.9 30.0 30.0 30.0 30.0 30.0 30.0 30.0 30.0 30.0 30.0 0.0
41.0 30.0 30.0 30.0 30.0 30.0 30.0 30.0 30.0 30.0 30.0 0.0
41.1 30.0 30.0 30.0 30.0 30.0 30.0 30.0 30.0 30.0 30.0 0.0
41.2 30.0 30.0 30.0 30.0 30.0 30.0 30.0 30.0 30.0 30.0 0.0
41.3 30.0 30.0 30.0 30.0 30.0 30.0 30.0 30.0 30.0 30.0 0.0
41.4 30.0 30.0 30.0 30.0 30.0 30.0 30.0 30.0 30.0 30.0 0.0
41.5 30.0 30.0 30.0 30.0 30.0 30.0 30.0 30.0 30.0 30.0 0.0
41.6 30.0 30.0 30.0 30.0 30.0 30.0 30.0 30.0 30.0 30.0 0.0
41.7 30.0 30.0 30.0 30.0 30.0 30.0 30.0 30.0 30.0 30.0 0.0
41.8 30.0 30.0 30.0 30.0 30.0 30.0 30.0 30.0 30.0 30.0 0.0
41.9 30.0 30.0 30.0 30.0 30.0 30.0 30.0 30.0 30.0 30.0 0.0
42.0 30.0 30.0 30.0 30.0 30.0 30.0 30.0 30.0 30.0 30.0 0.0
42.1 30.0 30.0 30.0 30.0 30.0 30.0 30.0 30.0 30.0 30.0 0.0
42.2 30.0 30.0 30.0 30.0 30.0 30.0 30.0 30.0 30.0 30.0 0.0
42.3 30.0 30.0 30.0 30.0 30.0 30.0 30.0 30.0 30.0 30.0 0.0
42.4 30.0 30.0 30.0 30.0 30.0 30.0 30.0 30.0 30.0 30.0 0.0
42.5 30.0 30.0 30.0 30.0 30.0 30.0 30.0 30.0 30.0 30.0 0.0
42.6 30.0 30.0 30.0 30.0 30.0 30.0 30.0 30.0 30.0 30.0 0.0
42.7 30.0 30.0 30.0 30.0 30.0 30.0 30.0 30.0 30.0 30.0 0.0
42.8 30.0 30.0 30.0 30.0 30.0 30.0 30.0 30.0 30.0 30.0 0.0
42.9 30.0 30.0 30.0 30.0 30.0 30.0 30.0 30.0 30.0 30.0 0.0
43.0 30.0 30.0 30.0 30.0 30.0 30.0 30.0 30.0 30.0 30.0 0.0
43.1 30.0 30.0 30.0 30.0 30.0 30.0 30.0 30.0 30.0 30.0 0.0
43.2 30.0 30.0 30.0 30.0 30.0 30.0 30.0 30.0 30.0 30.0 0.0
43.3 30.0 30.0 30.0 30.0 30.0 30.0 30.0 30.0 30.0 30.0 0.0
43.4 30.0 30.0 30.0 30.0 30.0 30.0 30.0 30.0 30.0 30.0 0.0
43.5 30.0 30.0 30.0 30.0 30.0 30.0 30.0 30.0 30.0 30.0 0.0
43.6 30.0 30.0 30.0 30.0 30.0 30.0 30.0 30.0 30.0 30.0 0.0
43.7 30.0 30.0 30.0 30.0 30.0 30.0 30.0 30.0 30.0 30.0 0.0
43.8 30.0 30.0 30.0 30.0 30.0 30.0 30.0 30.0 30.0 30.0 0.0
43.9 30.0 30.0 30.0 30.0 30.0 30.0 30.0 30.0 30.0 30.0 0.0
44.0 30.0 30.0 30.0 30.0 30.0 30.0 30.0 30.0 30.0 30.0 0.0
44.1 30.0 30.0 30.0 30.0 30.0 30.0 30.0 30.0 30.0 30.0 0.0
44.2 30.0 30.0 30.0 30.0 30.0 30.0 30.0 30.0 30.0 30.0 0.0
44.3 30.0 30.0 30.0 30.0 30.0 30.0 30.0 30.0 30.0 30.0 0.0
44.4 30.0 30.0 30.0 30.0 30.0 30.0 30.0 30.0 30.0 30.0 0.0
44.5 30.0 30.0 30.0 30.0 30.0 30.0 30.0 30.0 30.0 30.0 0.0
44.6 30.0 30.0 30.0 30.0 30.0 30.0 30.0 30.0 30.0 30.0 0.0
44.7 30.0 30.0 30.0 30.0 30.0 30.0 30.0 30.0 30.0 30.0 0.0
44.8 30.0 30.0 30.0 30.0 30.0 30.0 30.0 30.0 30.0 30.0 0.0
44.9 30.0 30.0 30.0 30.0 30.0 30.0 30.0 30.0 30.0 30.0 0.0
45.0 30.0 30.0 30.0 30.0 30.0 30.0 30.0 30.0 30.0 30.0 0.0
45.1 30.0 30.0 30.0 30.0 30.0 30.0 30.0 30.0 30.0 30.0 0.0
45.2 30.0 30.0 30.0 30.0 30.0 30.0 30.0 30.0 30.0 30.0 0.0
45.3 30.0 30.0 30.0 30.0 30.0 30.0 30.0 30.0 30.0 30.0 0.0
45.4 30.0 30.0 30.0 30.0 30.0 30.0 30.0 30.0 30.0 30.0 0.0
45.5 30.0 30.0 30.0 30.0 30.0 30.0 30.0 30.0 30.0 30.0 0.0
45.6 30.0 30.0 30.0 30.0 30.0 30.0 30.0 30.0 30.0 30.0 0.0
45.7 30.0 30.0 30.0 30.0 30.0 30.0 30.0 30.0 30.0 30.0 0.0
45.8 30.0 30.0 30.0 30.0 30.0 30.0 30.0 30.0 30.0 30.0 0.0
45.9 30.0 30.0 30.0 30.0 30.0 30.0 30.0 30.0 30.0 30.0 0.0
46.0 30.0 30.0 30.0 30.0 30.0 30.0 30.0 30.0 30.0 30.0 0.0
46.1 30.0 30.0 30.0 30.0 30.0 30.0 30.0 30.0 30.0 30.0 0.0
46.2 30.0 30.0 30.0 30.0 30.0 30.0 30.0 30.0 30.0 30.0 0.0
46.3 30.0 30.0 30.0 30.0 30.0 30.0 30.0 30.0 30.0 30.0 0.0
46.4 30.0 30.0 30.0 30.0 30.0 30.0 30.0 30.0 30.0 30.0 0.0
46.5 30.0 30.0 30.0 30.0 30.0 30.0 30.0 30.0 30.0 30.0 0.0
46.6 30.0 30.0 30.0 30.0 30.0 30.0 30.0 30.0 30.0 30.0 0.0
46.7 30.0 30.0 30.0 30.0 30.0 30.0 30.0 30.0 30.0 30.0 0.0
46.8 30.0 30.0 30.0 30.0 30.0 30.0 30.0 30.0 30.0 30.0 0.0
46.9 30.0 30.0 30.0 30.0 30.0 30.0 30.0 30.0 30.0 30.0 0.0
47.0 30.0 30.0 30.0 30.0 30.0 30.0 30.0 30.0 30.0 30.0 0.0
47.1 30.0 30.0 30.0 30.0 30.0 30.0 30.0 30.0 30.0 30.0 0.0
47.2 30.0 30.0 30.0 30.0 30.0 30.0 30.0 30.0 30.0 30.0 0.0
47.3 30.0 30.0 30.0 30.0 30.0 30.0 30.0 30.0 30.0 30.0 0.0
47.4 30.0 30.0 30.0 30.0 30.0 30.0 30.0 30.0 30.0 30.0 0.0
47.5 30.0 30.0 30.0 30.0 30.0 30.0 30.0 30.0 30.0 30.0 0.0
47.6 30.0 30.0 30.0 30.0 30.0 30.0 30.0 30.0 30.0 30.0 0.0
47.7 30.0 30.0 30.0 30.0 30.0 30.0 30.0 30.0 30.0 30.0 0.0
47.8 30.0 30.0 30.0 30.0 30.0 30.0 30.0 30.0 30.0 30.0 0.0
47.9 30.0 30.0 30.0 30.0 30.0 30.0 30.0 30.0 30.0 30.0 0.0
48.0 30.0 30.0 30.0 30.0 30.0 30.0 30.0 30.0 30.0 30.0 0.0
48.1 30.0 30.0 30.0 30.0 30.0 30.0 30.0 30.0 30.0 30.0 0.0
48.2 30.0 30.0 30.0 30.0 30.0 30.0 30.0 30.0 30.0 30.0 0.0
48.3 30.0 30.0 30.0 30.0 30.0 30.0 30.0 30.0 30.0 30.0 0.0
48.4 30.0 30.0 30.0 30.0 30.0 30.0 30.0 30.0 30.0 30.0 0.0
48.5 30.0 30.0 30.0 30.0 30.0 30.0 30.0 30.0 30.0 30.0 0.0
48.6 30.0 30.0 30.0 30.0 30.0 30.0 30.0 30.0 30.0 30.0 0.0
48.7 30.0 30.0 30.0 30.0 30.0 30.0 30.0 30.0 30.0 30.0 0.0
48.8 30.0 30.0 30.0 30.0 30.0 30.0 30.0 30.0 30.0 30.0 0.0
48.9 30.0 30.0 30.0 30.0 30.0 30.0 30.0 30.0 30.0 30.0 0.0
49.0 30.0 30.0 30.0 30.0 30.0 30.0 30.0 30.0 30.0 30.0 0.0
49.1 30.0 30.0 30.0 30.0 30.0 30.0 30.0 30.0 30.0 30.0 0.0
49.2 30.0 30.0 30.0 30.0 30.0 30.0 30.0 30.0 30.0 30.0 0.0
49.3 30.0 30.0 30.0 30.0 30.0 30.0 30.0 30.0 30.0 30.0 0.0
49.4 30.0 30.0 30.0 30.0 30.0 30.0 30.0 30.0 30.0 30.0 0.0
49.5 30.0 30.0 30.0 30.0 30.0 30.0 30.0 30.0 30.0 30.0 0.0
49.6 30.0 30.0 30.0 30.0 30.0 30.0 30.0 30.0 30.0 30.0 0.0
49.7 30.0 30.0 30.0 30.0 30.0 30.0 30.0 30.0 30.0 30.0 0.0
49.8 30.0 30.0 30.0 30.0 30.0 30.0 30.0 30.0 30.0 30.0 0.0
49.9 30.0 30.0 30.0 30.0 30.0 30.0 30.0 30.0 30.0 30.0 0.0
50.0 30.0 30.0 30.0 30.0 30.0 30.0 30.0 30.0 30.0 30.0 0.0
50.1 30.0 30.0 30.0 30.0 30.0 30.0 30.0 30.0 30.0 30.0 0.0
50.2 30.0 30.0 30.0 30.0 30.0 30.0 30.0 30.0 30.0 30.0 0.0
50.3 30.0 30.0 30.0 30.0 30.0 30.0 30.0 30.0 30.0 30.0 0.0
50.4 30.0 30.0 30.0 30.0 30.0 30.0 30.0 30.0 30.0 30.0 0.0
50.5 30.0 30.0 30.0 30.0 30.0 30.0 30.0 30.0 30.0 30.0 0.0
50.6 30.0 30.0 30.0 30.0 30.0 30.0 30.0 30.0 30.0 30.0 0.0
50.7 30.0 30.0 30.0 30.0 30.0 30.0 30.0 30.0 30.0 30.0 0.0
50.8 30.0 30.0 30.0 30.0 30.0 30.0 30.0 30.0 30.0 30.0 0.0
50.9 30.0 30.0 30.0 30.0 30.0 30.0 30.0 30.0 30.0 30.0 0.0
51.0 30.0 30.0 30.0 30.0 30.0 30.0 30.0 30.0 30.0 30.0 0.0
51.1 30.0 30.0 30.0 30.0 30.0 30.0 30.0 30.0 30.0 30.0 0.0
51.2 30.0 30.0 30.0 30.0 30.0 30.0 30.0 30.0 30.0 30.0 0.0
51.3 30.0 30.0 30.0 30.0 30.0 30.0 30.0 30.0 30.0 30.0 0.0
51.4 30.0 30.0 30.0 30.0 30.0 30.0 30.0 30.0 30.0 30.0 0.0
51.5 30.0 30.0 30.0 30.0 30.0 30.0 30.0 30.0 30.0 30.0 0.0
51.6 30.0 30.0 30.0 30.0 30.0 30.0 30.0 30.0 30.0 30.0 0.0
51.7 30.0 30.0 30.0 30.0 30.0 30.0 30.0 30.0 30.0 30.0 0.0
51.8 30.0 30.0 30.0 30.0 30.0 30.0 30.0 30.0 30.0 30.0 0.0
51.9 30.0 30.0 30.0 30.0 30.0 30.0 30.0 30.0 30.0 30.0 0.0
52.0 30.0 30.0 30.0 30.0 30.0 30.0 30.0 30.0 30.0 30.0 0.0
52.1 30.0 30.0 30.0 30.0 30.0 30.0 30.0 30.0 30.0 30.0 0.0
52.2 30.0 30.0 30.0 30.0 30.0 30.0 30.0 30.0 30.0 30.0 0.0
52.3 30.0 30.0 30.0 30.0 30.0 30.0 30.0 30.0 30.0 30.0 0.0
52.4 30.0 30.0 30.0 30.0 30.0 30.0 30.0 30.0 30.0 30.0 0.0
52.5 30.0 30.0 30.0 30.0 30.0 30.0 30.0 30.0 30.0 30.0 0.0
52.6 30.0 30.0 30.0 30.0 30.0 30.0 30.0 30.0 30.0 30.0 0.0
52.7 30.0 30.0 30.0 30.0 30.0 30.0 30.0 30.0 30.0 30.0 0.0
52.8 30.0 30.0 30.0 30.0 30.0 30.0 30.0 30.0 30.0 30.0 0.0
52.9 30.0 30.0 30.0 30.0 30.0 30.0 30.0 30.0 30.0 30.0 0.0
53.0 30.0 30.0 30.0 30.0 30.0 30.0 30.0 30.0 30.0 30.0 0.0
53.1 30.0 30.0 30.0 30.0 30.0 30.0 30.0 30.0 30.0 30.0 0.0
53.2 30.0 30.0 30.0 30.0 30.0 30.0 30.0 30.0 30.0 30.0 0.0
53.3 30.0 30.0 30.0 30.0 30.0 30.0 30.0 30.0 30.0 30.0 0.0
53.4 30.0 30.0 30.0 30.0 30.0 30.0 30.0 30.0 30.0 30.0 0.0
53.5 30.0 30.0 30.0 30.0 30.0 30.0 30.0 30.0 30.0 30.0 0.0
53.6 30.0 30.0 30.0 30.0 30.0 30.0 30.0 30.0 30.0 30.0 0.0
53.7 30.0 30.0 30.0 30.0 30.0 30.0 30.0 30.0 30.0 30.0 0.0
53.8 30.0 30.0 30.0 30.0 30.0 30.0 30.0 30.0 30.0 30.0 0.0
53.9 30.0 30.0 30.0 30.0 30.0 30.0 30.0 30.0 30.0 30.0 0.0
54.0 30.0 30.0 30.0 30.0 30.0 30.0 30.0 30.0 30.0 30.0 0.0
54.1 30.0 30.0 30.0 30.0 30.0 30.0 30.0 30.0 30.0 30.0 0.0
54.2 30.0 30.0 30.0 30.0 30.0 30.0 30.0 30.0 30.0 30.0 0.0
54.3 30.0 30.0 30.0 30.0 30.0 30.0 30.0 30.0 30.0 30.0 0.0
54.4 30.0 30.0 30.0 30.0 30.0 30.0 30.0 30.0 30.0 30.0 0.0
54.5 30.0 30.0 30.0 30.0 30.0 30.0 30.0 30.0 30.0 30.0 0.0
54.6 30.0 30.0 30.0 30.0 30.0 30.0 30.0 30.0 30.0 30.0 0.0
54.7 30.0 30.0 30.0 30.0 30.0 30.0 30.0 30.0 30.0 30.0 0.0
54.8 30.0 30.0 30.0 30.0 30.0 30.0 30.0 30.0 30.0 30.0 0.0
54.9 30.0 30.0 30.0 30.0 30.0 30.0 30.0 30.0 30.0 30.0 0.0
55.0 30.0 30.0 30.0 30.0 30.0 30.0 30.0 30.0 30.0 30.0 0.0
55.1 30.0 30.0 30.0 30.0 30.0 30.0 30.0 30.0 30.0 30.0 0.0
55.2 30.0 30.0 30.0 30.0 30.0 30.0 30.0 30.0 30.0 30.0 0.0
55.3 30.0 30.0 30.0 30.0 30.0 30.0 30.0 30.0 30.0 30.0 0.0
55.4 30.0 30.0 30.0 30.0 30.0 30.0 30.0 30.0 30.0 30.0 0.0
55.5 30.0 30.0 30.0 30.0 30.0 30.0 30.0 30.0 30.0 30.0 0.0
55.6 30.0 30.0 30.0 30.0 30.0 30.0 30.0 30.0 30.0 30.0 0.0
55.7 30.0 30.0 30.0 30.0 30.0 30.0 30.0 30.0 30.0 30.0 0.0
55.8 30.0 30.0 30.0 30.0 30.0 30.0 30.0 30.0 30.0 30.0 0.0
55.9 30.0 30.0 30.0 30.0 30.0 30.0 30.0 30.0 30.0 30.0 0.0
56.0 30.0 30.0 30.0 30.0 30.0 30.0 30.0 30.0 30.0 30.0 0.0
56.1 30.0 30.0 30.0 30.0 30.0 30.0 30.0 30.0 30.0 30.0 0.0
56.2 30.0 30.0 30.0 30.0 30.0 30.0 30.0 30.0 30.0 30.0 0.0
56.3 30.0 30.0 30.0 30.0 30.0 30.0 30.0 30.0 30.0 30.0 0.0
56.4 30.0 30.0 30.0 30.0 30.0 30.0 30.0 30.0 30.0 30.0 0.0
56.5 30.0 30.0 30.0 30.0 30.0 30.0 30.0 30.0 30.0 30.0 0.0
56.6 30.0 30.0 30.0 30.0 30.0 30.0 30.0 30.0 30.0 30.0 0.0
56.7 30.0 30.0 30.0 30.0 30.0 30.0 30.0 30.0 30.0 30.0 0.0
56.8 30.0 30.0 30.0 30.0 30.0 30.0 30.0 30.0 30.0 30.0 0.0
56.9 30.0 30.0 30.0 30.0 30.0 30.0 30.0 30.0 30.0 30.0 0.0
57.0 30.0 30.0 30.0 30.0 30.0 30.0 30.0 30.0 30.0 30.0 0.0
57.1 30.0 30.0 30.0 30.0 30.0 30.0 30.0 30.0 30.0 30.0 0.0
57.2 30.0 30.0 30.0 30.0 30.0 30.0 30.0 30.0 30.0 30.0 0.0
57.3 30.0 30.0 30.0 30.0 30.0 30.0 30.0 30.0 30.0 30.0 0.0
57.4 30.0 30.0 30.0 30.0 30.0 30.0 30.0 30.0 30.0 30.0 0.0
57.5 30.0 30.0 30.0 30.0 30.0 30.0 30.0 30.0 30.0 30.0 0.0
57.6 30.0 30.0 30.0 30.0 30.0 30.0 30.0 30.0 30.0 30.0 0.0
57.7 30.0 30.0 30.0 30.0 30.0 30.0 30.0 30.0 30.0 30.0 0.0
57.8 30.0 30.0 30.0 30.0 30.0 30.0 30.0 30.0 30.0 30.0 0.0
57.9 30.0 30.0 30.0 30.0 30.0 30.0 30.0 30.0 30.0 30.0 0.0
58.0 30.0 30.0 30.0 30.0 30.0 30.0 30.0 30.0 30.0 30.0 0.0
58.1 30.0 30.0 30.0 30.0 30.0 30.0 30.0 30.0 30.0 30.0 0.0
58.2 30.0 30.0 30.0 30.0 30.0 30.0 30.0 30.0 30.0 30.0 0.0
58.3 30.0 30.0 30.0 30.0 30.0 30.0 30.0 30.0 30.0 30.0 0.0
58.4 30.0 30.0 30.0 30.0 30.0 30.0 30.0 30.0 30.0 30.0 0.0
58.5 30.0 30.0 30.0 30.0 30.0 30.0 30.0 30.0 30.0 30.0 0.0
58.6 30.0 30.0 30.0 30.0 30.0 30.0 30.0 30.0 30.0 30.0 0.0
58.7 30.0 30.0 30.0 30.0 30.0 30.0 30.0 30.0 30.0 30.0 0.0
58.8 30.0 30.0 30.0 30.0 30.0 30.0 30.0 30.0 30.0 30.0 0.0
58.9 30.0 30.0 30.0 30.0 30.0 30.0 30.0 30.0 30.0 30.0 0.0
59.0 30.0 30.0 30.0 30.0 30.0 30.0 30.0 30.0 30.0 30.0 0.0
59.1 30.0 30.0 30.0 30.0 30.0 30.0 30.0 30.0 30.0 30.0 0.0
59.2 30.0 30.0 30.0 30.0 30.0 30.0 30.0 30.0 30.0 30.0 0.0
59.3 30.0 30.0 30.0 30.0 30.0 30.0 30.0 30.0 30.0 30.0 0.0
59.4 30.0 30.0 30.0 30.0 30.0 30.0 30.0 30.0 30.0 30.0 0.0
59.5 30.0 30.0 30.0 30.0 30.0 30.0 30.0 30.0 30.0 30.0 0.0
59.6 30.0 30.0 30.0 30.0 30.0 30.0 30.0 30.0 30.0 30.0 0.0
59.7 30.0 30.0 30.0 30.0 30.0 30.0 30.0 30.0 30.0 30.0 0.0
59.8 30.0 30.0 30.0 30.0 30.0 30.0 30.0 30.0 30.0 30.0 0.0
59.9 30.0 30.0 30.0 30.0 30.0 30.0 30.0 30.0 30.0 30.0 0.0
60.0 30.0 30.0 30.0 30.0 30.0 30.0 30.0 30.0 30.0 30.0 0.0
60.1 30.0 30.0 30.0 30.0 30.0 30.0 30.0 30.0 30.0 30.0 0.0
60.2 30.0 30.0 30.0 30.0 30.0 30.0 30.0 30.0 30.0 30.0 0.0
60.3 30.0 30.0 30.0 30.0 30.0 30.0 30.0 30.0 30.0 30.0 0.0
60.4 30.0 30.0 30.0 30.0 30.0 30.0 30.0 30.0 30.0 30.0 0.0
60.5 30.0 30.0 30.0 30.0 30.0 30.0 30.0 30.0 30.0 30.0 0.0
60.6 30.0 30.0 30.0 30.0 30.0 30.0 30.0 30.0 30.0 30.0 0.0
60.7 30.0 30.0 30.0 30.0 30.0 30.0 30.0 30.0 30.0 30.0 0.0
60.8 30.0 30.0 30.0 30.0 30.0 30.0 30.0 30.0 30.0 30.0 0.0
60.9 30.0 30.0 30.0 30.0 30.0 30.0 30.0 30.0 30.0 30.0 0.0
61.0 30.0 30.0 30.0 30.0 30.0 30.0 30.0 30.0 30.0 30.0 0.0
61.1 30.0 30.0 30.0 30.0 30.0 30.0 30.0 30.0 30.0 30.0 0.0
61.2 30.0 30.0 30.0 30.0 30.0 30.0 30.0 30.0 30.0 30.0 0.0
61.3 30.0 30.0 30.0 30.0 30.0 30.0 30.0 30.0 30.0 30.0 0.0
61.4 30.0 30.0 30.0 30.0 30.0 30.0 30.0 30.0 30.0 30.0 0.0
61.5 30.0 30.0 30.0 30.0 30.0 30.0 30.0 30.0 30.0 30.0 0.0
61.6 30.0 30.0 30.0 30.0 30.0 30.0 30.0 30.0 30.0 30.0 0.0
61.7 30.0 30.0 30.0 30.0 30.0 30.0 30.0 30.0 30.0 30.0 0.0
61.8 30.0 30.0 30.0 30.0 30.0 30.0 30.0 30.0 30.0 30.0 0.0
61.9 30.0 30.0 30.0 30.0 30.0 30.0 30.0 30.0 30.0 30.0 0.0
62.0 30.0 30.0 30.0 30.0 30.0 30.0 30.0 30.0 30.0 30.0 0.0
62.1 30.0 30.0 30.0 30.0 30.0 30.0 30.0 30.0 30.0 30.0 0.0
62.2 30.0 30.0 30.0 30.0 30.0 30.0 30.0 30.0 30.0 30.0 0.0
62.3 30.0 30.0 30.0 30.0 30.0 30.0 30.0 30.0 30.0 30.0 0.0
62.4 30.0 30.0 30.0 30.0 30.0 30.0 30.0 30.0 30.0 30.0 0.0
62.5 30.0 30.0 30.0 30.0 30.0 30.0 30.0 30.0 30.0 30.0 0.0
62.6 30.0 30.0 30.0 30.0 30.0 30.0 30.0 30.0 30.0 30.0 0.0
62.7 30.0 30.0 30.0 30.0 30.0 30.0 30.0 30.0 30.0 30.0 0.0
62.8 30.0 30.0 30.0 30.0 30.0 30.0 30.0 30.0 30.0 30.0 0.0
62.9 30.0 30.0 30.0 30.0 30.0 30.0 30.0 30.0 30.0 30.0 0.0
63.0 30.0 30.0 30.0 30.0 30.0 30.0 30.0 30.0 30.0 30.0 0.0
63.1 30.0 30.0 30.0 30.0 30.0 30.0 30.0 30.0 30.0 30.0 0.0
63.2 30.0 30.0 30.0 30.0 30.0 30.0 30.0 30.0 30.0 30.0 0.0
63.3 30.0 30.0 30.0 30.0 30.0 30.0 30.0 30.0 30.0 30.0 0.0
63.4 30.0 30.0 30.0 30.0 30.0 30.0 30.0 30.0 30.0 30.0 0.0
63.5 30.0 30.0 30.0 30.0 30.0 30.0 30.0 30.0 30.0 30.0 0.0
63.6 30.0 30.0 30.0 30.0 30.0 30.0 30.0 30.0 30.0 30.0 0.0
63.7 30.0 30.0 30.0 30.0 30.0 30.0 30.0 30.0 30.0 30.0 0.0
63.8 30.0 30.0 30.0 30.0 30.0 30.0 30.0 30.0 30.0 30.0 0.0
63.9 30.0 30.0 30.0 30.0 30.0 30.0 30.0 30.0 30.0 30.0 0.0
64.0 30.0 30.0 30.0 30.0 30.0 30.0 30.0 30.0 30.0 30.0 0.0
64.1 30.0 30.0 30.0 30.0 30.0 30.0 30.0 30.0 30.0 30.0 0.0
64.2 30.0 30.0 30.0 30.0 30.0 30.0 30.0 30.0 30.0 30.0 0.0
64.3 30.0 30.0 30.0 30.0 30.0 30.0 30.0 30.0 30.0 30.0 0.0
64.4 30.0 30.0 30.0 30.0 30.0 30.0 30.0 30.0 30.0 30.0 0.0
64.5 30.0 30.0 30.0 30.0 30.0 30.0 30.0 30.0 30.0 30.0 0.0
64.6 30.0 30.0 30.0 30.0 30.0 30.0 30.0 30.0 30.0 30.0 0.0
64.7 30.0 30.0 30.0 30.0 30.0 30.0 30.0 30.0 30.0 30.0 0.0
64.8 30.0 30.0 30.0 30.0 30.0 30.0 30.0 30.0 30.0 30.0 0.0
64.9 30.0 30.0 30.0 30.0 30.0 30.0 30.0 30.0 30.0 30.0 0.0
65.0 30.0 30.0 30.0 30.0 30.0 30.0 30.0 30.0 30.0 30.0 0.0
65.1 30.0 30.0 30.0 30.0 30.0 30.0 30.0 30.0 30.0 30.0 0.0
65.2 30.0 30.0 30.0 30.0 30.0 30.0 30.0 30.0 30.0 30.0 0.0
65.3 30.0 30.0 30.0 30.0 30.0 30.0 30.0 30.0 30.0 30.0 0.0
65.4 30.0 30.0 30.0 30.0 30.0 30.0 30.0 30.0 30.0 30.0 0.0
65.5 30.0 30.0 30.0 30.0 30.0 30.0 30.0 30.0 30.0 30.0 0.0
65.6 30.0 30.0 30.0 30.0 30.0 30.0 30.0 30.0 30.0 30.0 0.0
65.7 30.0 30.0 30.0 30.0 30.0 30.0 30.0 30.0 30.0 30.0 0.0
65.8 30.0 30.0 30.0 30.0 30.0 30.0 30.0 30.0 30.0 30.0 0.0
65.9 30.0 30.0 30.0 30.0 30.0 30.0 30.0 30.0 30.0 30.0 0.0
66.0 30.0 30.0 30.0 30.0 30.0 30.0 30.0 30.0 30.0 30.0 0.0
66.1 30.0 30.0 30.0 30.0 30.0 30.0 30.0 30.0 30.0 30.0 0.0
66.2 30.0 30.0 30.0 30.0 30.0 30.0 30.0 30.0 30.0 30.0 0.0
66.3 30.0 30.0 30.0 30.0 30.0 30.0 30.0 30.0 30.0 30.0 0.0
66.4 30.0 30.0 30.0 30.0 30.0 30.0 30.0 30.0 30.0 30.0 0.0
66.5 30.0 30.0 30.0 30.0 30.0 30.0 30.0 30.0 30.0 30.0 0.0
66.6 30.0 30.0 30.0 30.0 30.0 30.0 30.0 30.0 30.0 30.0 0.0
66.7 30.0 30.0 30.0 30.0 30.0 30.0 30.0 30.0 30.0 30.0 0.0
66.8 30.0 30.0 30.0 30.0 30.0 30.0 30.0 30.0 30.0 30.0 0.0
66.9 30.0 30.0 30.0 30.0 30.0 30.0 30.0 30.0 30.0 30.0 0.0
67.0 30.0 30.0 30.0 30.0 30.0 30.0 30.0 30.0 30.0 30.0 0.0
67.1 30.0 30.0 30.0 30.0 30.0 30.0 30.0 30.0 30.0 30.0 0.0
67.2 30.0 30.0 30.0 30.0 30.0 30.0 30.0 30.0 30.0 30.0 0.0
67.3 30.0 30.0 30.0 30.0 30.0 30.0 30.0 30.0 30.0 30.0 0.0
67.4 30.0 30.0 30.0 30.0 30.0 30.0 30.0 30.0 30.0 30.0 0.0
67.5 30.0 30.0 30.0 30.0 30.0 30.0 30.0 30.0 30.0 30.0 0.0
67.6 30.0 30.0 30.0 30.0 30.0 30.0 30.0 30.0 30.0 30.0 0.0
67.7 30.0 30.0 30.0 30.0 30.0 30.0 30.0 30.0 30.0 30.0 0.0
67.8 30.0 30.0 30.0 30.0 30.0 30.0 30.0 30.0 30.0 30.0 0.0
67.9 30.0 30.0 30.0 30.0 30.0 30.0 30.0 30.0 30.0 30.0 0.0
68.0 30.0 30.0 30.0 30.0 30.0 30.0 30.0 30.0 30.0 30.0 0.0
68.1 30.0 30.0 30.0 30.0 30.0 30.0 30.0 30.0 30.0 30.0 0.0
68.2 30.0 30.0 30.0 30.0 30.0 30.0 30.0 30.0 30.0 30.0 0.0
68.3 30.0 30.0 30.0 30.0 30.0 30.0 30.0 30.0 30.0 30.0 0.0
68.4 30.0 30.0 30.0 30.0 30.0 30.0 30.0 30.0 30.0 30.0 0.0
68.5 30.0 30.0 30.0 30.0 30.0 30.0 30.0 30.0 30.0 30.0 0.0
68.6 30.0 30.0 30.0 30.0 30.0 30.0 30.0 30.0 30.0 30.0 0.0
68.7 30.0 30.0 30.0 30.0 30.0 30.0 30.0 30.0 30.0 30.0 0.0
68.8 30.0 30.0 30.0 30.0 30.0 30.0 30.0 30.0 30.0 30.0 0.0
68.9 30.0 30.0 30.0 30.0 30.0 30.0 30.0 30.0 30.0 30.0 0.0
69.0 30.0 30.0 30.0 30.0 30.0 30.0 30.0 30.0 30.0 30.0 0.0
69.1 30.0 30.0 30.0 30.0 30.0 30.0 30.0 30.0 30.0 30.0 0.0
69.2 30.0 30.0 30.0 30.0 30.0 30.0 30.0 30.0 30.0 30.0 0.0
69.3 30.0 30.0 30.0 30.0 30.0 30.0 30.0 30.0 30.0 30.0 0.0
69.4 30.0 30.0 30.0 30.0 30.0 30.0 30.0 30.0 30.0 30.0 0.0
69.5 30.0 30.0 30.0 30.0 30.0 30.0 30.0 30.0 30.0 30.0 0.0
69.6 30.0 30.0 30.0 30.0 30.0 30.0 30.0 30.0 30.0 30.0 0.0
69.7 30.0 30.0 30.0 30.0 30.0 30.0 30.0 30.0 30.0 30.0 0.0
69.8 30.0 30.0 30.0 30.0 30.0 30.0 30.0 30.0 30.0 30.0 0.0
69.9 30.0 30.0 30.0 30.0 30.0 30.0 30.0 30.0 30.0 30.0 0.0
70.0 30.0 30.0 30.0 30.0 30.0 30.0 30.0 30.0 30.0 30.0 0.0
70.1 30.0 30.0 30.0 30.0 30.0 30.0 30.0 30.0 30.0 30.0 0.0
70.2 30.0 30.0 30.0 30.0 30.0 30.0 30.0 30.0 30.0 30.0 0.0
70.3 30.0 30.0 30.0 30.0 30.0 30.0 30.0 30.0 30.0 30.0 0.0
70.4 30.0 30.0 30.0 30.0 30.0 30.0 30.0 30.0 30.0 30.0 0.0
70.5 30.0 30.0 30.0 30.0 30.0 30.0 30.0 30.0 30.0 30.0 0.0
70.6 30.0 30.0 30.0 30.0 30.0 30.0 30.0 30.0 30.0 30.0 0.0
70.7 30.0 30.0 30.0 30.0 30.0 30.0 30.0 30.0 30.0 30.0 0.0
70.8 30.0 30.0 30.0 30.0 30.0 30.0 30.0 30.0 30.0 30.0 0.0
70.9 30.0 30.0 30.0 30.0 30.0 30.0 30.0 30.0 30.0 30.0 0.0
71.0 30.0 30.0 30.0 30.0 30.0 30.0 30.0 30.0 30.0 30.0 0.0
71.1 30.0 30.0 30.0 30.0 30.0 30.0 30.0 30.0 30.0 30.0 0.0
71.2 30.0 30.0 30.0 30.0 30.0 30.0 30.0 30.0 30.0 30.0 0.0
71.3 30.0 30.0 30.0 30.0 30.0 30.0 30.0 30.0 30.0 30.0 0.0
71.4 30.0 30.0 30.0 30.0 30.0 30.0 30.0 30.0 30.0 30.0 0.0
71.5 30.0 30.0 30.0 30.0 30.0 30.0 30.0 30.0 30.0 30.0 0.0
71.6 30.0 30.0 30.0 30.0 30.0 30.0 30.0 30.0 30.0 30.0 0.0
71.7 30.0 30.0 30.0 30.0 30.0 30.0 30.0 30.0 30.0 30.0 0.0
71.8 30.0 30.0 30.0 30.0 30.0 30.0 30.0 30.0 30.0 30.0 0.0
71.9 30.0 30.0 30.0 30.0 30.0 30.0 30.0 30.0 30.0 30.0 0.0
72.0 30.0 30.0 30.0 30.0 30.0 30.0 30.0 30.0 30.0 30.0 0.0
72.1 30.0 30.0 30.0 30.0 30.0 30.0 30.0 30.0 30.0 30.0 0.0
72.2 30.0 30.0 30.0 30.0 30.0 30.0 30.0 30.0 30.0 30.0 0.0
72.3 30.0 30.0 30.0 30.0 30.0 30.0 30.0 30.0 30.0 30.0 0.0
72.4 30.0 30.0 30.0 30.0 30.0 30.0 30.0 30.0 30.0 30.0 0.0
72.5 30.0 30.0 30.0 30.0 30.0 30.0 30.0 30.0 30.0 30.0 0.0
72.6 30.0 30.0 30.0 30.0 30.0 30.0 30.0 30.0 30.0 30.0 0.0
72.7 30.0 30.0 30.0 30.0 30.0 30.0 30.0 30.0 30.0 30.0 0.0
72.8 30.0 30.0 30.0 30.0 30.0 30.0 30.0 30.0 30.0 30.0 0.0
72.9 30.0 30.0 30.0 30.0 30.0 30.0 30.0 30.0 30.0 30.0 0.0
73.0 30.0 30.0 30.0 30.0 30.0 30.0 30.0 30.0 30.0 30.0 0.0
73.1 30.0 30.0 30.0 30.0 30.0 30.0 30.0 30.0 30.0 30.0 0.0
73.2 30.0 30.0 30.0 30.0 30.0 30.0 30.0 30.0 30.0 30.0 0.0
73.3 30.0 30.0 30.0 30.0 30.0 30.0 30.0 30.0 30.0 30.0 0.0
73.4 30.0 30.0 30.0 30.0 30.0 30.0 30.0 30.0 30.0 30.0 0.0
73.5 30.0 30.0 30.0 30.0 30.0 30.0 30.0 30.0 30.0 30.0 0.0
73.6 30.0 30.0 30.0 30.0 30.0 30.0 30.0 30.0 30.0 30.0 0.0
73.7 30.0 30.0 30.0 30.0 30.0 30.0 30.0 30.0 30.0 30.0 0.0
73.8 30.0 30.0 30.0 30.0 30.0 30.0 30.0 30.0 30.0 30.0 0.0
73.9 30.0 30.0 30.0 30.0 30.0 30.0 30.0 30.0 30.0 30.0 0.0
74.0 30.0 30.0 30.0 30.0 30.0 30.0 30.0 30.0 30.0 30.0 0.0
74.1 30.0 30.0 30.0 30.0 30.0 30.0 30.0 30.0 30.0 30.0 0.0
74.2 30.0 30.0 30.0 30.0 30.0 30.0 30.0 30.0 30.0 30.0 0.0
74.3 30.0 30.0 30.0 30.0 30.0 30.0 30.0 30.0 30.0 30.0 0.0
74.4 30.0 30.0 30.0 30.0 30.0 30.0 30.0 30.0 30.0 30.0 0.0
74.5 30.0 30.0 30.0 30.0 30.0 30.0 30.0 30.0 30.0 30.0 0.0
74.6 30.0 30.0 30.0 30.0 30.0 30.0 30.0 30.0 30.0 30.0 0.0
74.7 30.0 30.0 30.0 30.0 30.0 30.0 30.0 30.0 30.0 30.0 0.0
74.8 30.0 30.0 30.0 30.0 30.0 30.0 30.0 30.0 30.0 30.0 0.0
74.9 30.0 30.0 30.0 30.0 30.0 30.0 30.0 30.0 30.0 30.0 0.0
75.0 30.0 30.0 30.0 30.0 30.0 30.0 30.0 30.0 30.0 30.0 0.0
75.1 30.0 30.0 30.0 30.0 30.0 30.0 30.0 30.0 30.0 30.0 0.0
75.2 30.0 30.0 30.0 30.0 30.0 30.0 30.0 30.0 30.0 30.0 0.0
75.3 30.0 30.0 30.0 30.0 30.0 30.0 30.0 30.0 30.0 30.0 0.0
75.4 30.0 30.0 30.0 30.0 30.0 30.0 30.0 30.0 30.0 30.0 0.0
75.5 30.0 30.0 30.0 30.0 30.0 30.0 30.0 30.0 30.0 30.0 0.0
75.6 30.0 30.0 30.0 30.0 30.0 30.0 30.0 30.0 30.0 30.0 0.0
75.7 30.0 30.0 30.0 30.0 30.0 30.0 30.0 30.0 30.0 30.0 0.0
75.8 30.0 30.0 30.0 30.0 30.0 30.0 30.0 30.0 30.0 30.0 0.0
75.9 30.0 30.0 30.0 30.0 30.0 30.0 30.0 30.0 30.0 30.0 0.0
76.0 30.0 30.0 30.0 30.0 30.0 30.0 30.0 30.0 30.0 30.0 0.0
76.1 30.0 30.0 30.0 30.0 30.0 30.0 30.0 30.0 30.0 30.0 0.0
76.2 30.0 30.0 30.0 30.0 30.0 30.0 30.0 30.0 30.0 30.0 0.0
76.3 30.0 30.0 30.0 30.0 30.0 30.0 30.0 30.0 30.0 30.0 0.0
76.4 30.0 30.0 30.0 30.0 30.0 30.0 30.0 30.0 30.0 30.0 0.0
76.5 30.0 30.0 30.0 30.0 30.0 30.0 30.0 30.0 30.0 30.0 0.0
76.6 30.0 30.0 30.0 30.0 30.0 30.0 30.0 30.0 30.0 30.0 0.0
76.7 30.0 30.0 30.0 30.0 30.0 30.0 30.0 30.0 30.0 30.0 0.0
76.8 30.0 30.0 30.0 30.0 30.0 30.0 30.0 30.0 30.0 30.0 0.0
76.9 30.0 30.0 30.0 30.0 30.0 30.0 30.0 30.0 30.0 30.0 0.0
77.0 30.0 30.0 30.0 30.0 30.0 30.0 30.0 30.0 30.0 30.0 0.0
77.1 30.0 30.0 30.0 30.0 30.0 30.0 30.0 30.0 30.0 30.0 0.0
77.2 30.0 30.0 30.0 30.0 30.0 30.0 30.0 30.0 30.0 30.0 0.0
77.3 30.0 30.0 30.0 30.0 30.0 30.0 30.0 30.0 30.0 30.0 0.0
77.4 30.0 30.0 30.0 30.0 30.0 30.0 30.0 30.0 30.0 30.0 0.0
77.5 30.0 30.0 30.0 30.0 30.0 30.0 30.0 30.0 30.0 30.0 0.0
77.6 30.0 30.0 30.0 30.0 30.0 30.0 30.0 30.0 30.0 30.0 0.0
77.7 30.0 30.0 30.0 30.0 30.0 30.0 30.0 30.0 30.0 30.0 0.0
77.8 30.0 30.0 30.0 30.0 30.0 30.0 30.0 30.0 30.0 30.0 0.0
77.9 30.0 30.0 30.0 30.0 30.0 30.0 30.0 30.0 30.0 30.0 0.0
78.0 30.0 30.0 30.0 30.0 30.0 30.0 30.0 30.0 30.0 30.0 0.0
78.1 30.0 30.0 30.0 30.0 30.0 30.0 30.0 30.0 30.0 30.0 0.0
78.2 30.0 30.0 30.0 30.0 30.0 30.0 30.0 30.0 30.0 30.0 0.0
78.3 30.0 30.0 30.0 30.0 30.0 30.0 30.0 30.0 30.0 30.0 0.0
78.4 30.0 30.0 30.0 30.0 30.0 30.0 30.0 30.0 30.0 30.0 0.0
78.5 30.0 30.0 30.0 30.0 30.0 30.0 30.0 30.0 30.0 30.0 0.0
78.6 30.0 30.0 30.0 30.0 30.0 30.0 30.0 30.0 30.0 30.0 0.0
78.7 30.0 30.0 30.0 30.0 30.0 30.0 30.0 30.0 30.0 30.0 0.0
78.8 30.0 30.0 30.0 30.0 30.0 30.0 30.0 30.0 30.0 30.0 0.0
78.9 30.0 30.0 30.0 30.0 30.0 30.0 30.0 30.0 30.0 30.0 0.0
79.0 30.0 30.0 30.0 30.0 30.0 30.0 30.0 30.0 30.0 30.0 0.0
79.1 30.0 30.0 30.0 30.0 30.0 30.0 30.0 30.0 30.0 30.0 0.0
79.2 30.0 30.0 30.0 30.0 30.0 30.0 30.0 30.0 30.0 30.0 0.0
79.3 30.0 30.0 30.0 30.0 30.0 30.0 30.0 30.0 30.0 30.0 0.0
79.4 30.0 30.0 30.0 30.0 30.0 30.0 30.0 30.0 30.0 30.0 0.0
79.5 30.0 30.0 30.0 30.0 30.0 30.0 30.0 30.0 30.0 30.0 0.0
79.6 30.0 30.0 30.0 30.0 30.0 30.0 30.0 30.0 30.0 30.0 0.0
79.7 30.0 30.0 30.0 30.0 30.0 30.0 30.0 30.0 30.0 30.0 0.0
79.8 30.0 30.0 30.0 30.0 30.0 30.0 30.0 30.0 30.0 30.0 0.0
79.9 30.0 30.0 30.0 30.0 30.0 30.0 30.0 30.0 30.0 30.0 0.0
80.0 30.0 30.0 30.0 30.0 30.0 30.0 30.0 30.0 30.0 30.0 0.0
80.1 30.0 30.0 30.0 30.0 30.0 30.0 30.0 30.0 30.0 30.0 0.0
80.2 30.0 30.0 30.0 30.0 30.0 30.0 30.0 30.0 30.0 30.0 0.0
80.3 30.0 30.0 30.0 30.0 30.0 30.0 30.0 30.0 30.0 30.0 0.0
80.4 30.0 30.0 30.0 30.0 30.0 30.0 30.0 30.0 30.0 30.0 0.0
80.5 30.0 30.0 30.0 30.0 30.0 30.0 30.0 30.0 30.0 30.0 0.0
80.6 30.0 30.0 30.0 30.0 30.0 30.0 30.0 30.0 30.0 30.0 0.0
80.7 30.0 30.0 30.0 30.0 30.0 30.0 30.0 30.0 30.0 30.0 0.0
80.8 30.0 30.0 30.0 30.0 30.0 30.0 30.0 30.0 30.0 30.0 0.0
80.9 30.0 30.0 30.0 30.0 30.0 30.0 30.0 30.0 30.0 30.0 0.0
81.0 30.0 30.0 30.0 30.0 30.0 30.0 30.0 30.0 30.0 30.0 0.0
81.1 30.0 30.0 30.0 30.0 30.0 30.0 30.0 30.0 30.0 30.0 0.0
81.2 30.0 30.0 30.0 30.0 30.0 30.0 30.0 30.0 30.0 30.0 0.0
81.3 30.0 30.0 30.0 30.0 30.0 30.0 30.0 30.0 30.0 30.0 0.0
81.4 30.0 30.0 30.0 30.0 30.0 30.0 30.0 30.0 30.0 30.0 0.0
81.5 30.0 30.0 30.0 30.0 30.0 30.0 30.0 30.0 30.0 30.0 0.0
81.6 30.0 30.0 30.0 30.0 30.0 30.0 30.0 30.0 30.0 30.0 0.0
81.7 30.0 30.0 30.0 30.0 30.0 30.0 30.0 30.0 30.0 30.0 0.0
81.8 30.0 30.0 30.0 30.0 30.0 30.0 30.0 30.0 30.0 30.0 0.0
81.9 30.0 30.0 30.0 30.0 30.0 30.0 30.0 30.0 30.0 30.0 0.0
82.0 30.0 30.0 30.0 30.0 30.0 30.0 30.0 30.0 30.0 30.0 0.0
82.1 30.0 30.0 30.0 30.0 30.0 30.0 30.0 30.0 30.0 30.0 0.0
82.2 30.0 30.0 30.0 30.0 30.0 30.0 30.0 30.0 30.0 30.0 0.0
82.3 30.0 30.0 30.0 30.0 30.0 30.0 30.0 30.0 30.0 30.0 0.0
82.4 30.0 30.0 30.0 30.0 30.0 30.0 30.0 30.0 30.0 30.0 0.0
82.5 30.0 30.0 30.0 30.0 30.0 30.0 30.0 30.0 30.0 30.0 0.0
82.6 30.0 30.0 30.0 30.0 30.0 30.0 30.0 30.0 30.0 30.0 0.0
82.7 30.0 30.0 30.0 30.0 30.0 30.0 30.0 30.0 30.0 30.0 0.0
82.8 30.0 30.0 30.0 30.0 30.0 30.0 30.0 30.0 30.0 30.0 0.0
82.9 30.0 30.0 30.0 30.0 30.0 30.0 30.0 30.0 30.0 30.0 0.0
83.0 30.0 30.0 30.0 30.0 30.0 30.0 30.0 30.0 30.0 30.0 0.0
83.1 30.0 30.0 30.0 30.0 30.0 30.0 30.0 30.0 30.0 30.0 0.0
83.2 30.0 30.0 30.0 30.0 30.0 30.0 30.0 30.0 30.0 30.0 0.0
83.3 30.0 30.0 30.0 30.0 30.0 30.0 30.0 30.0 30.0 30.0 0.0
83.4 30.0 30.0 30.0 30.0 30.0 30.0 30.0 30.0 30.0 30.0 0.0
83.5 30.0 30.0 30.0 30.0 30.0 30.0 30.0 30.0 30.0 30.0 0.0
83.6 30.0 30.0 30.0 30.0 30.0 30.0 30.0 30.0 30.0 30.0 0.0
83.7 30.0 30.0 30.0 30.0 30.0 30.0 30.0 30.0 30.0 30.0 0.0
83.8 30.0 30.0 30.0 30.0 30.0 30.0 30.0 30.0 30.0 30.0 0.0
83.9 30.0 30.0 30.0 30.0 30.0 30.0 30.0 30.0 30.0 30.0 0.0
84.0 30.0 30.0 30.0 30.0 30.0 30.0 30.0 30.0 30.0 30.0 0.0
84.1 30.0 30.0 30.0 30.0 30.0 30.0 30.0 30.0 30.0 30.0 0.0
84.2 30.0 30.0 30.0 30.0 30.0 30.0 30.0 30.0 30.0 30.0 0.0
84.3 30.0 30.0 30.0 30.0 30.0 30.0 30.0 30.0 30.0 30.0 0.0
84.4 30.0 30.0 30.0 30.0 30.0 30.0 30.0 30.0 30.0 30.0 0.0
84.5 30.0 30.0 30.0 30.0 30.0 30.0 30.0 30.0 30.0 30.0 0.0
84.6 30.0 30.0 30.0 30.0 30.0 30.0 30.0 30.0 30.0 30.0 0.0
84.7 30.0 30.0 30.0 30.0 30.0 30.0 30.0 30.0 30.0 30.0 0.0
84.8 30.0 30.0 30.0 30.0 30.0 30.0 30.0 30.0 30.0 30.0 0.0
84.9 30.0 30.0 30.0 30.0 30.0 30.0 30.0 30.0 30.0 30.0 0.0
85.0 30.0 30.0 30.0 30.0 30.0 30.0 30.0 30.0 30.0 30.0 0.0
85.1 30.0 30.0 30.0 30.0 30.0 30.0 30.0 30.0 30.0 30.0 0.0
85.2 30.0 30.0 30.0 30.0 30.0 30.0 30.0 30.0 30.0 30.0 0.0
85.3 30.0 30.0 30.0 30.0 30.0 30.0 30.0 30.0 30.0 30.0 0.0
85.4 30.0 30.0 30.0 30.0 30.0 30.0 30.0 30.0 30.0 30.0 0.0
85.5 30.0 30.0 30.0 30.0 30.0 30.0 30.0 30.0 30.0 30.0 0.0
85.6 30.0 30.0 30.0 30.0 30.0 30.0 30.0 30.0 30.0 30.0 0.0
85.7 30.0 30.0 30.0 30.0 30.0 30.0 30.0 30.0 30.0 30.0 0.0
85.8 30.0 30.0 30.0 30.0 30.0 30.0 30.0 30.0 30.0 30.0 0.0
85.9 30.0 30.0 30.0 30.0 30.0 30.0 30.0 30.0 30.0 30.0 0.0
86.0 30.0 30.0 30.0 30.0 30.0 30.0 30.0 30.0 30.0 30.0 0.0
86.1 30.0 30.0 30.0 30.0 30.0 30.0 30.0 30.0 30.0 30.0 0.0
86.2 30.0 30.0 30.0 30.0 30.0 30.0 30.0 30.0 30.0 30.0 0.0
86.3 30.0 30.0 30.0 30.0 30.0 30.0 30.0 30.0 30.0 30.0 0.0
86.4 30.0 30.0 30.0 30.0 30.0 30.0 30.0 30.0 30.0 30.0 0.0
86.5 30.0 30.0 30.0 30.0 30.0 30.0 30.0 30.0 30.0 30.0 0.0
86.6 30.0 30.0 30.0 30.0 30.0 30.0 30.0 30.0 30.0 30.0 0.0
86.7 30.0 30.0 30.0 30.0 30.0 30.0 30.0 30.0 30.0 30.0 0.0
86.8 30.0 30.0 30.0 30.0 30.0 30.0 30.0 30.0 30.0 30.0 0.0
86.9 30.0 30.0 30.0 30.0 30.0 30.0 30.0 30.0 30.0 30.0 0.0
87.0 30.0 30.0 30.0 30.0 30.0 30.0 30.0 30.0 30.0 30.0 0.0
87.1 30.0 30.0 30.0 30.0 30.0 30.0 30.0 30.0 30.0 30.0 0.0
87.2 30.0 30.0 30.0 30.0 30.0 30.0 30.0 30.0 30.0 30.0 0.0
87.3 30.0 30.0 30.0 30.0 30.0 30.0 30.0 30.0 30.0 30.0 0.0
87.4 30.0 30.0 30.0 30.0 30.0 30.0 30.0 30.0 30.0 30.0 0.0
87.5 30.0 30.0 30.0 30.0 30.0 30.0 30.0 30.0 30.0 30.0 0.0
87.6 30.0 30.0 30.0 30.0 30.0 30.0 30.0 30.0 30.0 30.0 0.0
87.7 30.0 30.0 30.0 30.0 30.0 30.0 30.0 30.0 30.0 30.0 0.0
87.8 30.0 30.0 30.0 30.0 30.0 30.0 30.0 30.0 30.0 30.0 0.0
87.9 30.0 30.0 30.0 30.0 30.0 30.0 30.0 30.0 30.0 30.0 0.0
88.0 30.0 30.0 30.0 30.0 30.0 30.0 30.0 30.0 30.0 30.0 0.0
88.1 30.0 30.0 30.0 30.0 30.0 30.0 30.0 30.0 30.0 30.0 0.0
88.2 30.0 30.0 30.0 30.0 30.0 30.0 30.0 30.0 30.0 30.0 0.0
88.3 30.0 30.0 30.0 30.0 30.0 30.0 30.0 30.0 30.0 30.0 0.0
88.4 30.0 30.0 30.0 30.0 30.0 30.0 30.0 30.0 30.0 30.0 0.0
88.5 30.0 30.0 30.0 30.0 30.0 30.0 30.0 30.0 30.0 30.0 0.0
88.6 30.0 30.0 30.0 30.0 30.0 30.0 30.0 30.0 30.0 30.0 0.0
88.7 30.0 30.0 30.0 30.0 30.0 30.0 30.0 30.0 30.0 30.0 0.0
88.8 30.0 30.0 30.0 30.0 30.0 30.0 30.0 30.0 30.0 30.0 0.0
88.9 30.0 30.0 30.0 30.0 30.0 30.0 30.0 30.0 30.0 30.0 0.0
89.0 30.0 30.0 30.0 30.0 30.0 30.0 30.0 30.0 30.0 30.0 0.0
89.1 30.0 30.0 30.0 30.0 30.0 30.0 30.0 30.0 30.0 30.0 0.0
89.2 30.0 30.0 30.0 30.0 30.0 30.0 30.0 30.0 30.0 30.0 0.0
89.3 30.0 30.0 30.0 30.0 30.0 30.0 30.0 30.0 30.0 30.0 0.0
89.4 30.0 30.0 30.0 30.0 30.0 30.0 30.0 30.0 30.0 30.0 0.0
89.5 30.0 30.0 30.0 30.0 30.0 30.0 30.0 30.0 30.0 30.0 0.0
89.6 30.0 30.0 30.0 30.0 30.0 30.0 30.0 30.0 30.0 30.0 0.0
89.7 30.0 30.0 30.0 30.0 30.0 30.0 30.0 30.0 30.0 30.0 0.0
89.8 30.0 30.0 30.0 30.0 30.0 30.0 30.0 30.0 30.0 30.0 0.0
89.9 30.0 30.0 30.0 30.0 30.0 30.0 30.0 30.0 30.0 30.0 0.0
90.0 30.0 30.0 30.0 30.0 30.0 30.0 30.0 30.0 30.0 30.0 0.0
90.1 30.0 30.0 30.0 30.0 30.0 30.0 30.0 30.0 30.0 30.0 0.0
90.2 30.0 30.0 30.0 30.0 30.0 30.0 30.0 30.0 30.0 30.0 0.0
90.3 30.0 30.0 30.0 30.0 30.0 30.0 30.0 30.0 30.0 30.0 0.0
90.4 30.0 30.0 30.0 30.0 30.0 30.0 30.0 30.0 30.0 30.0 0.0
90.5 30.0 30.0 30.0 30.0 30.0 30.0 30.0 30.0 30.0 30.0 0.0
90.6 30.0 30.0 30.0 30.0 30.0 30.0 30.0 30.0 30.0 30.0 0.0
90.7 30.0 30.0 30.0 30.0 30.0 30.0 30.0 30.0 30.0 30.0 0.0
90.8 30.0 30.0 30.0 30.0 30.0 30.0 30.0 30.0 30.0 30.0 0.0
90.9 30.0 30.0 30.0 30.0 30.0 30.0 30.0 30.0 30.0 30.0 0.0
91.0 30.0 30.0 30.0 30.0 30.0 30.0 30.0 30.0 30.0 30.0 0.0
91.1 30.0 30.0 30.0 30.0 30.0 30.0 30.0 30.0 30.0 30.0 0.0
91.2 30.0 30.0 30.0 30.0 30.0 30.0 30.0 30.0 30.0 30.0 0.0
91.3 30.0 30.0 30.0 30.0 30.0 30.0 30.0 30.0 30.0 30.0 0.0
91.4 30.0 30.0 30.0 30.0 30.0 30.0 30.0 30.0 30.0 30.0 0.0
91.5 30.0 30.0 30.0 30.0 30.0 30.0 30.0 30.0 30.0 30.0 0.0
91.6 30.0 30.0 30.0 30.0 30.0 30.0 30.0 30.0 30.0 30.0 0.0
91.7 30.0 30.0 30.0 30.0 30.0 30.0 30.0 30.0 30.0 30.0 0.0
91.8 30.0 30.0 30.0 30.0 30.0 30.0 30.0 30.0 30.0 30.0 0.0
91.9 30.0 30.0 30.0 30.0 30.0 30.0 30.0 30.0 30.0 30.0 0.0
92.0 30.0 30.0 30.0 30.0 30.0 30.0 30.0 30.0 30.0 30.0 0.0
92.1 30.0 30.0 30.0 30.0 30.0 30.0 30.0 30.0 30.0 30.0 0.0
92.2 30.0 30.0 30.0 30.0 30.0 30.0 30.0 30.0 30.0 30.0 0.0
92.3 30.0 30.0 30.0 30.0 30.0 30.0 30.0 30.0 30.0 30.0 0.0
92.4 30.0 30.0 30.0 30.0 30.0 30.0 30.0 30.0 30.0 30.0 0.0
92.5 30.0 30.0 30.0 30.0 30.0 30.0 30.0 30.0 30.0 30.0 0.0
92.6 30.0 30.0 30.0 30.0 30.0 30.0 30.0 30.0 30.0 30.0 0.0
92.7 30.0 30.0 30.0 30.0 30.0 30.0 30.0 30.0 30.0 30.0 0.0
92.8 30.0 30.0 30.0 30.0 30.0 30.0 30.0 30.0 30.0 30.0 0.0
92.9 30.0 30.0 30.0 30.0 30.0 30.0 30.0 30.0 30.0 30.0 0.0
93.0 30.0 30.0 30.0 30.0 30.0 30.0 30.0 30.0 30.0 30.0 0.0
93.1 30.0 30.0 30.0 30.0 30.0 30.0 30.0 30.0 30.0 30.0 0.0
93.2 30.0 30.0 30.0 30.0 30.0 30.0 30.0 30.0 30.0 30.0 0.0
93.3 30.0 30.0 30.0 30.0 30.0 30.0 30.0 30.0 30.0 30.0 0.0
93.4 30.0 30.0 30.0 30.0 30.0 30.0 30.0 30.0 30.0 30.0 0.0
93.5 30.0 30.0 30.0 30.0 30.0 30.0 30.0 30.0 30.0 30.0 0.0
93.6 30.0 30.0 30.0 30.0 30.0 30.0 30.0 30.0 30.0 30.0 0.0
93.7 30.0 30.0 30.0 30.0 30.0 30.0 30.0 30.0 30.0 30.0 0.0
93.8 30.0 30.0 30.0 30.0 30.0 30.0 30.0 30.0 30.0 30.0 0.0
93.9 30.0 30.0 30.0 30.0 30.0 30.0 30.0 30.0 30.0 30.0 0.0
94.0 30.0 30.0 30.0 30.0 30.0 30.0 30.0 30.0 30.0 30.0 0.0
94.1 30.0 30.0 30.0 30.0 30.0 30.0 30.0 30.0 30.0 30.0 0.0
94.2 30.0 30.0 30.0 30.0 30.0 30.0 30.0 30.0 30.0 30.0 0.0
94.3 30.0 30.0 30.0 30.0 30.0 30.0 30.0 30.0 30.0 30.0 0.0
94.4 30.0 30.0 30.0 30.0 30.0 30.0 30.0 30.0 30.0 30.0 0.0
94.5 30.0 30.0 30.0 30.0 30.0 30.0 30.0 30.0 30.0 30.0 0.0
94.6 30.0 30.0 30.0 30.0 30.0 30.0 30.0 30.0 30.0 30.0 0.0
94.7 30.0 30.0 30.0 30.0 30.0 30.0 30.0 30.0 30.0 30.0 0.0
94.8 30.0 30.0 30.0 30.0 30.0 30.0 30.0 30.0 30.0 30.0 0.0
94.9 30.0 30.0 30.0 30.0 30.0 30.0 30.0 30.0 30.0 30.0 0.0
95.0 30.0 30.0 30.0 30.0 30.0 30.0 30.0 30.0 30.0 30.0 0.0
95.1 30.0 30.0 30.0 30.0 30.0 30.0 30.0 30.0 30.0 30.0 0.0
95.2 30.0 30.0 30.0 30.0 30.0 30.0 30.0 30.0 30.0 30.0 0.0
95.3 30.0 30.0 30.0 30.0 30.0 30.0 30.0 30.0 30.0 30.0 0.0
95.4 30.0 30.0 30.0 30.0 30.0 30.0 30.0 30.0 30.0 30.0 0.0
95.5 30.0 30.0 30.0 30.0 30.0 30.0 30.0 30.0 30.0 30.0 0.0
95.6 30.0 30.0 30.0 30.0 30.0 30.0 30.0 30.0 30.0 30.0 0.0
95.7 30.0 30.0 30.0 30.0 30.0 30.0 30.0 30.0 30.0 30.0 0.0
95.8 30.0 30.0 30.0 30.0 30.0 30.0 30.0 30.0 30.0 30.0 0.0
95.9 30.0 30.0 30.0 30.0 30.0 30.0 30.0 30.0 30.0 30.0 0.0
96.0 30.0 30.0 30.0 30.0 30.0 30.0 30.0 30.0 30.0 30.0 0.0
96.1 30.0 30.0 30.0 30.0 30.0 30.0 30.0 30.0 30.0 30.0 0.0
96.2 30.0 30.0 30.0 30.0 30.0 30.0 30.0 30.0 30.0 30.0 0.0
96.3 30.0 30.0 30.0 30.0 30.0 30.0 30.0 30.0 30.0 30.0 0.0
96.4 30.0 30.0 30.0 30.0 30.0 30.0 30.0 30.0 30.0 30.0 0.0
96.5 30.0 30.0 30.0 30.0 30.0 30.0 30.0 30.0 30.0 30.0 0.0
96.6 30.0 30.0 30.0 30.0 30.0 30.0 30.0 30.0 30.0 30.0 0.0
96.7 30.0 30.0 30.0 30.0 30.0 30.0 30.0 30.0 30.0 30.0 0.0
96.8 30.0 30.0 30.0 30.0 30.0 30.0 30.0 30.0 30.0 30.0 0.0
96.9 30.0 30.0 30.0 30.0 30.0 30.0 30.0 30.0 30.0 30.0 0.0
97.0 30.0 30.0 30.0 30.0 30.0 30.0 30.0 30.0 30.0 30.0 0.0
97.1 30.0 30.0 30.0 30.0 30.0 30.0 30.0 30.0 30.0 30.0 0.0
97.2 30.0 30.0 30.0 30.0 30.0 30.0 30.0 30.0 30.0 30.0 0.0
97.3 30.0 30.0 30.0 30.0 30.0 30.0 30.0 30.0 30.0 30.0 0.0
97.4 30.0 30.0 30.0 30.0 30.0 30.0 30.0 30.0 30.0 30.0 0.0
97.5 30.0 30.0 30.0 30.0 30.0 30.0 30.0 30.0 30.0 30.0 0.0
97.6 30.0 30.0 30.0 30.0 30.0 30.0 30.0 30.0 30.0 30.0 0.0
97.7 30.0 30.0 30.0 30.0 30.0 30.0 30.0 30.0 30.0 30.0 0.0
97.8 30.0 30.0 30.0 30.0 30.0 30.0 30.0 30.0 30.0 30.0 0.0
97.9 30.0 30.0 30.0 30.0 30.0 30.0 30.0 30.0 30.0 30.0 0.0
98.0 30.0 30.0 30.0 30.0 30.0 30.0 30.0 30.0 30.0 30.0 0.0
98.1 30.0 30.0 30.0 30.0 30.0 30.0 30.0 30.0 30.0 30.0 0.0
98.2 30.0 30.0 30.0 30.0 30.0 30.0 30.0 30.0 30.0 30.0 0.0
98.3 30.0 30.0 30.0 30.0 30.0 30.0 30.0 30.0 30.0 30.0 0.0
98.4 30.0 30.0 30.0 30.0 30.0 30.0 30.0 30.0 30.0 30.0 0.0
98.5 30.0 30.0 30.0 30.0 30.0 30.0 30.0 30.0 30.0 30.0 0.0
98.6 30.0 30.0 30.0 30.0 30.0 30.0 30.0 30.0 30.0 30.0 0.0
98.7 30.0 30.0 30.0 30.0 30.0 30.0 30.0 30.0 30.0 30.0 0.0
98.8 30.0 30.0 30.0 30.0 30.0 30.0 30.0 30.0 30.0 30.0 0.0
98.9 30.0 30.0 30.0 30.0 30.0 30.0 30.0 30.0 30.0 30.0 0.0
99.0 30.0 30.0 30.0 30.0 30.0 30.0 30.0 30.0 30.0 30.0 0.0
99.1 30.0 30.0 30.0 30.0 30.0 30.0 30.0 30.0 30.0 30.0 0.0
99.2 30.0 30.0 30.0 30.0 30.0 30.0 30.0 30.0 30.0 30.0 0.0
99.3 30.0 30.0 30.0 30.0 30.0 30.0 30.0 30.0 30.0 30.0 0.0
99.4 30.0 30.0 30.0 30.0 30.0 30.0 30.0 30.0 30.0 30.0 0.0
99.5 30.0 30.0 30.0 30.0 30.0 30.0 30.0 30.0 30.0 30.0 0.0
99.6 30.0 30.0 30.0 30.0 30.0 30.0 30.0 30.0 30.0 30.0 0.0
99.7 30.0 30.0 30.0 30.0 30.0 30.0 30.0 30.0 30.0 30.0 0.0
99.8 30.0 30.0 30.0 30.0 30.0 30.0 30.0 30.0 30.0 30.0 0.0
99.9 30.0 30.0 30.0 30.0 30.0 30.0 30.0 30.0 30.0 30.0 0.0
