0.0 0.0 -1073741824.0 -1073741824.0 -1073741824.0 -1073741824.0 -1073741824.0 -1073741824.0 -1073741824.0 -1073741824.0 -1073741824.0 -1073741824.0
0.1 0.6000000000000001 -1073741824.0 -1073741824.0 -1073741824.0 -1073741824.0 -1073741824.0 -1073741824.0 -1073741824.0 -1073741824.0 -1073741824.0 -1073741824.0
0.2 25.0 0.0 0.0 0.0 0.0 0.0 0.0 0.0 0.0 0.0 0.0
0.3 25.0 25.0 25.0 25.0 25.0 25.0 25.0 25.0 25.0 25.0 0.0
0.4 25.0 25.0 25.0 25.0 25.0 25.0 25.0 25.0 25.0 25.0 0.0
0.5 25.0 25.0 25.0 25.0 25.0 25.0 25.0 25.0 25.0 25.0 0.0
0.6 25.0 25.0 25.0 25.0 25.0 25.0 25.0 25.0 25.0 25.0 0.0
0.7 25.0 25.0 25.0 25.0 25.0 25.0 25.0 25.0 25.0 25.0 0.0
0.8 25.0 25.0 25.0 25.0 25.0 25.0 25.0 25.0 25.0 25.0 0.0
0.9 25.0 25.0 25.0 25.0 25.0 25.0 25.0 25.0 25.0 25.0 0.0
1.0 25.0 25.0 25.0 25.0 25.0 25.0 25.0 25.0 25.0 25.0 0.0
1.1 25.0 25.0 25.0 25.0 25.0 25.0 25.0 25.0 25.0 25.0 0.0
1.2 25.0 25.0 25.0 25.0 25.0 25.0 25.0 25.0 25.0 25.0 0.0
1.3 25.0 25.0 25.0 25.0 25.0 25.0 25.0 25.0 25.0 25.0 0.0
1.4 25.0 25.0 25.0 25.0 25.0 25.0 25.0 25.0 25.0 25.0 0.0
1.5 25.0 25.0 25.0 25.0 25.0 25.0 25.0 25.0 25.0 25.0 0.0
1.6 25.0 25.0 25.0 25.0 25.0 25.0 25.0 25.0 25.0 25.0 0.0
1.7 25.0 25.0 25.0 25.0 25.0 25.0 25.0 25.0 25.0 25.0 0.0
1.8 25.0 25.0 25.0 25.0 25.0 25.0 25.0 25.0 25.0 25.0 0.0
1.9 25.0 25.0 25.0 25.0 25.0 25.0 25.0 25.0 25.0 25.0 0.0
2.0 25.0 25.0 25.0 25.0 25.0 25.0 25.0 25.0 25.0 25.0 0.0
2.1 25.0 25.0 25.0 25.0 25.0 25.0 25.0 25.0 25.0 25.0 0.0
2.2 24.977592252222674 24.977592252222674 24.977592252222674 24.977592252222674 24.977592252222674 24.977592252222674 24.977592252222674 24.977592252222674 24.977592252222674 24.977592252222674 0.0
2.3 24.95518450444535 24.95518450444535 24.95518450444535 24.95518450444535 24.95518450444535 24.95518450444535 24.95518450444535 24.95518450444535 24.95518450444535 24.95518450444535 0.0
2.4 24.932776756668023 24.932776756668023 24.932776756668023 24.932776756668023 24.932776756668023 24.932776756668023 24.932776756668023 24.932776756668023 24.932776756668023 24.932776756668023 0.0
2.5 24.910369008890697 24.910369008890697 24.910369008890697 24.910369008890697 24.910369008890697 24.910369008890697 24.910369008890697 24.910369008890697 24.910369008890697 24.910369008890697 0.0
2.6 24.88796126111337 24.88796126111337 24.88796126111337 24.88796126111337 24.88796126111337 24.88796126111337 24.88796126111337 24.88796126111337 24.88796126111337 24.88796126111337 0.0
2.7 24.865553513336046 24.865553513336046 24.865553513336046 24.865553513336046 24.865553513336046 24.865553513336046 24.865553513336046 24.865553513336046 24.865553513336046 24.865553513336046 0.0
2.8 24.84314576555872 24.84314576555872 24.84314576555872 24.84314576555872 24.84314576555872 24.84314576555872 24.84314576555872 24.84314576555872 24.84314576555872 24.84314576555872 0.0
2.9 24.820738017781395 24.820738017781395 24.820738017781395 24.820738017781395 24.820738017781395 24.820738017781395 24.820738017781395 24.820738017781395 24.820738017781395 24.820738017781395 0.0
3.0 24.79833027000407 24.79833027000407 24.79833027000407 24.79833027000407 24.79833027000407 24.79833027000407 24.79833027000407 24.79833027000407 24.79833027000407 24.79833027000407 0.0
3.1 24.775922522226743 24.775922522226743 24.775922522226743 24.775922522226743 24.775922522226743 24.775922522226743 24.775922522226743 24.775922522226743 24.775922522226743 24.775922522226743 0.0
3.2 24.753514774449418 24.753514774449418 24.753514774449418 24.753514774449418 24.753514774449418 24.753514774449418 24.753514774449418 24.753514774449418 24.753514774449418 24.753514774449418 0.0
3.3 24.731107026672092 24.731107026672092 24.731107026672092 24.731107026672092 24.731107026672092 24.731107026672092 24.731107026672092 24.731107026672092 24.731107026672092 24.731107026672092 0.0
3.4 24.708699278894766 24.708699278894766 24.708699278894766 24.708699278894766 24.708699278894766 24.708699278894766 24.708699278894766 24.708699278894766 24.708699278894766 24.708699278894766 0.0
3.5 24.68629153111744 24.68629153111744 24.68629153111744 24.68629153111744 24.68629153111744 24.68629153111744 24.68629153111744 24.68629153111744 24.68629153111744 24.68629153111744 0.0
3.6 24.663883783340115 24.663883783340115 24.663883783340115 24.663883783340115 24.663883783340115 24.663883783340115 24.663883783340115 24.663883783340115 24.663883783340115 24.663883783340115 0.0
3.7 24.64147603556279 24.64147603556279 24.64147603556279 24.64147603556279 24.64147603556279 24.64147603556279 24.64147603556279 24.64147603556279 24.64147603556279 24.64147603556279 0.0
3.8 24.619068287785463 24.619068287785463 24.619068287785463 24.619068287785463 24.619068287785463 24.619068287785463 24.619068287785463 24.619068287785463 24.619068287785463 24.619068287785463 0.0
3.9 24.596660540008138 24.596660540008138 24.596660540008138 24.596660540008138 24.596660540008138 24.596660540008138 24.596660540008138 24.596660540008138 24.596660540008138 24.596660540008138 0.0
4.0 24.574252792230812 24.574252792230812 24.574252792230812 24.574252792230812 24.574252792230812 24.574252792230812 24.574252792230812 24.574252792230812 24.574252792230812 24.574252792230812 0.0
4.1 24.551845044453486 24.551845044453486 24.551845044453486 24.551845044453486 24.551845044453486 24.551845044453486 24.551845044453486 24.551845044453486 24.551845044453486 24.551845044453486 0.0
4.2 24.52943729667616 24.52943729667616 24.52943729667616 24.52943729667616 24.52943729667616 24.52943729667616 24.52943729667616 24.52943729667616 24.52943729667616 24.52943729667616 0.0
4.3 24.507029548898835 24.507029548898835 24.507029548898835 24.507029548898835 24.507029548898835 24.507029548898835 24.507029548898835 24.507029548898835 24.507029548898835 24.507029548898835 0.0
4.4 24.48462180112151 24.48462180112151 24.48462180112151 24.48462180112151 24.48462180112151 24.48462180112151 24.48462180112151 24.48462180112151 24.48462180112151 24.48462180112151 0.0
4.5 24.462214053344184 24.462214053344184 24.462214053344184 24.462214053344184 24.462214053344184 24.462214053344184 24.462214053344184 24.462214053344184 24.462214053344184 24.462214053344184 0.0
4.6 24.439806305566858 24.439806305566858 24.439806305566858 24.439806305566858 24.439806305566858 24.439806305566858 24.439806305566858 24.439806305566858 24.439806305566858 24.439806305566858 0.0
4.7 24.417398557789532 24.417398557789532 24.417398557789532 24.417398557789532 24.417398557789532 24.417398557789532 24.417398557789532 24.417398557789532 24.417398557789532 24.417398557789532 0.0
4.8 24.394990810012207 24.394990810012207 24.394990810012207 24.394990810012207 24.394990810012207 24.394990810012207 24.394990810012207 24.394990810012207 24.394990810012207 24.394990810012207 0.0
4.9 24.37258306223488 24.37258306223488 24.37258306223488 24.37258306223488 24.37258306223488 24.37258306223488 24.37258306223488 24.37258306223488 24.37258306223488 24.37258306223488 0.0
5.0 24.350175314457555 24.350175314457555 24.350175314457555 24.350175314457555 24.350175314457555 24.350175314457555 24.350175314457555 24.350175314457555 24.350175314457555 24.350175314457555 0.0
5.1 24.32776756668023 24.32776756668023 24.32776756668023 24.32776756668023 24.32776756668023 24.32776756668023 24.32776756668023 24.32776756668023 24.32776756668023 24.32776756668023 0.0
5.2 24.305359818902904 24.305359818902904 24.305359818902904 24.305359818902904 24.305359818902904 24.305359818902904 24.305359818902904 24.305359818902904 24.305359818902904 24.305359818902904 0.0
5.3 24.282952071125578 24.282952071125578 24.282952071125578 24.282952071125578 24.282952071125578 24.282952071125578 24.282952071125578 24.282952071125578 24.282952071125578 24.282952071125578 0.0
5.4 24.260544323348253 24.260544323348253 24.260544323348253 24.260544323348253 24.260544323348253 24.260544323348253 24.260544323348253 24.260544323348253 24.260544323348253 24.260544323348253 0.0
5.5 24.238136575570927 24.238136575570927 24.238136575570927 24.238136575570927 24.238136575570927 24.238136575570927 24.238136575570927 24.238136575570927 24.238136575570927 24.238136575570927 0.0
5.6 24.2157288277936 24.2157288277936 24.2157288277936 24.2157288277936 24.2157288277936 24.2157288277936 24.2157288277936 24.2157288277936 24.2157288277936 24.2157288277936 0.0
5.7 24.193321080016275 24.193321080016275 24.193321080016275 24.193321080016275 24.193321080016275 24.193321080016275 24.193321080016275 24.193321080016275 24.193321080016275 24.193321080016275 0.0
5.8 24.17091333223895 24.17091333223895 24.17091333223895 24.17091333223895 24.17091333223895 24.17091333223895 24.17091333223895 24.17091333223895 24.17091333223895 24.17091333223895 0.0
5.9 24.148505584461624 24.148505584461624 24.148505584461624 24.148505584461624 24.148505584461624 24.148505584461624 24.148505584461624 24.148505584461624 24.148505584461624 24.148505584461624 0.0
6.0 24.1260978366843 24.1260978366843 24.1260978366843 24.1260978366843 24.1260978366843 24.1260978366843 24.1260978366843 24.1260978366843 24.1260978366843 24.1260978366843 0.0
6.1 24.103690088906973 24.103690088906973 24.103690088906973 24.103690088906973 24.103690088906973 24.103690088906973 24.103690088906973 24.103690088906973 24.103690088906973 24.103690088906973 0.0
6.2 24.081282341129647 24.081282341129647 24.081282341129647 24.081282341129647 24.081282341129647 24.081282341129647 24.081282341129647 24.081282341129647 24.081282341129647 24.081282341129647 0.0
6.3 24.05887459335232 24.05887459335232 24.05887459335232 24.05887459335232 24.05887459335232 24.05887459335232 24.05887459335232 24.05887459335232 24.05887459335232 24.05887459335232 0.0
6.4 24.036466845574996 24.036466845574996 24.036466845574996 24.036466845574996 24.036466845574996 24.036466845574996 24.036466845574996 24.036466845574996 24.036466845574996 24.036466845574996 0.0
6.5 24.01405909779767 24.01405909779767 24.01405909779767 24.01405909779767 24.01405909779767 24.01405909779767 24.01405909779767 24.01405909779767 24.01405909779767 24.01405909779767 0.0
6.6 23.991651350020344 23.991651350020344 23.991651350020344 23.991651350020344 23.991651350020344 23.991651350020344 23.991651350020344 23.991651350020344 23.991651350020344 23.991651350020344 0.0
6.7 23.96924360224302 23.96924360224302 23.96924360224302 23.96924360224302 23.96924360224302 23.96924360224302 23.96924360224302 23.96924360224302 23.96924360224302 23.96924360224302 0.0
6.8 23.946835854465693 23.946835854465693 23.946835854465693 23.946835854465693 23.946835854465693 23.946835854465693 23.946835854465693 23.946835854465693 23.946835854465693 23.946835854465693 0.0
6.9 23.924428106688367 23.924428106688367 23.924428106688367 23.924428106688367 23.924428106688367 23.924428106688367 23.924428106688367 23.924428106688367 23.924428106688367 23.924428106688367 0.0
7.0 23.90202035891104 23.90202035891104 23.90202035891104 23.90202035891104 23.90202035891104 23.90202035891104 23.90202035891104 23.90202035891104 23.90202035891104 23.90202035891104 0.0
7.1 23.879612611133716 23.879612611133716 23.879612611133716 23.879612611133716 23.879612611133716 23.879612611133716 23.879612611133716 23.879612611133716 23.879612611133716 23.879612611133716 0.0
7.2 23.85720486335639 23.85720486335639 23.85720486335639 23.85720486335639 23.85720486335639 23.85720486335639 23.85720486335639 23.85720486335639 23.85720486335639 23.85720486335639 0.0
7.3 23.85720486335639 23.834797115579065 23.834797115579065 23.834797115579065 23.834797115579065 23.834797115579065 23.834797115579065 23.834797115579065 23.834797115579065 23.834797115579065 0.0
7.4 23.85720486335639 23.81238936780174 23.81238936780174 23.81238936780174 23.81238936780174 23.81238936780174 23.81238936780174 23.81238936780174 23.81238936780174 23.81238936780174 0.0
7.5 23.85720486335639 23.789981620024413 23.789981620024413 23.789981620024413 23.789981620024413 23.789981620024413 23.789981620024413 23.789981620024413 23.789981620024413 23.789981620024413 0.0
7.6 23.85720486335639 23.767573872247088 23.767573872247088 23.767573872247088 23.767573872247088 23.767573872247088 23.767573872247088 23.767573872247088 23.767573872247088 23.767573872247088 0.0
7.7 23.85720486335639 23.745166124469762 23.745166124469762 23.745166124469762 23.745166124469762 23.745166124469762 23.745166124469762 23.745166124469762 23.745166124469762 23.745166124469762 0.0
7.8 23.85720486335639 23.722758376692436 23.722758376692436 23.722758376692436 23.722758376692436 23.722758376692436 23.722758376692436 23.722758376692436 23.722758376692436 23.722758376692436 0.0
7.9 23.85720486335639 23.70035062891511 23.70035062891511 23.70035062891511 23.70035062891511 23.70035062891511 23.70035062891511 23.70035062891511 23.70035062891511 23.70035062891511 0.0
8.0 23.85720486335639 23.677942881137785 23.677942881137785 23.677942881137785 23.677942881137785 23.677942881137785 23.677942881137785 23.677942881137785 23.677942881137785 23.677942881137785 0.0
8.1 23.85720486335639 23.65553513336046 23.65553513336046 23.65553513336046 23.65553513336046 23.65553513336046 23.65553513336046 23.65553513336046 23.65553513336046 23.65553513336046 0.0
8.2 23.85720486335639 23.633127385583133 23.633127385583133 23.633127385583133 23.633127385583133 23.633127385583133 23.633127385583133 23.633127385583133 23.633127385583133 23.633127385583133 0.0
8.3 23.85720486335639 23.610719637805808 23.610719637805808 23.610719637805808 23.610719637805808 23.610719637805808 23.610719637805808 23.610719637805808 23.610719637805808 23.610719637805808 0.0
8.4 23.85720486335639 23.588311890028482 23.588311890028482 23.588311890028482 23.588311890028482 23.588311890028482 23.588311890028482 23.588311890028482 23.588311890028482 23.588311890028482 0.0
8.5 23.85720486335639 23.565904142251156 23.565904142251156 23.565904142251156 23.565904142251156 23.565904142251156 23.565904142251156 23.565904142251156 23.565904142251156 23.565904142251156 0.0
8.6 23.85720486335639 23.54349639447383 23.54349639447383 23.54349639447383 23.54349639447383 23.54349639447383 23.54349639447383 23.54349639447383 23.54349639447383 23.54349639447383 0.0
8.7 24.45720486335639 23.521088646696505 23.521088646696505 23.521088646696505 23.521088646696505 23.521088646696505 23.521088646696505 23.521088646696505 23.521088646696505 23.521088646696505 0.0
8.8 25.057204863356393 23.49868089891918 23.49868089891918 23.49868089891918 23.49868089891918 23.49868089891918 23.49868089891918 23.49868089891918 23.49868089891918 23.49868089891918 0.0
8.9 25.657204863356394 23.476273151141854 23.476273151141854 23.476273151141854 23.476273151141854 23.476273151141854 23.476273151141854 23.476273151141854 23.476273151141854 23.476273151141854 0.0
9.0 26.257204863356396 23.453865403364528 23.453865403364528 23.453865403364528 23.453865403364528 23.453865403364528 23.453865403364528 23.453865403364528 23.453865403364528 23.453865403364528 0.0
9.1 26.857204863356397 23.431457655587202 23.431457655587202 23.431457655587202 23.431457655587202 23.431457655587202 23.431457655587202 23.431457655587202 23.431457655587202 23.431457655587202 0.0
9.2 27.4572048633564 23.431457655587202 23.409049907809877 23.409049907809877 23.409049907809877 23.409049907809877 23.409049907809877 23.409049907809877 23.409049907809877 23.409049907809877 0.0
9.3 28.0572048633564 23.431457655587202 23.38664216003255 23.38664216003255 23.38664216003255 23.38664216003255 23.38664216003255 23.38664216003255 23.38664216003255 23.38664216003255 0.0
9.4 28.6572048633564 23.431457655587202 23.364234412255225 23.364234412255225 23.364234412255225 23.364234412255225 23.364234412255225 23.364234412255225 23.364234412255225 23.364234412255225 0.0
9.5 29.257204863356403 23.431457655587202 23.3418266644779 23.3418266644779 23.3418266644779 23.3418266644779 23.3418266644779 23.3418266644779 23.3418266644779 23.3418266644779 0.0
9.6 29.857204863356404 23.431457655587202 23.319418916700574 23.319418916700574 23.319418916700574 23.319418916700574 23.319418916700574 23.319418916700574 23.319418916700574 23.319418916700574 0.0
9.7 30.0 23.431457655587202 23.297011168923248 23.297011168923248 23.297011168923248 23.297011168923248 23.297011168923248 23.297011168923248 23.297011168923248 23.297011168923248 0.0
9.8 30.0 23.431457655587202 23.274603421145923 23.274603421145923 23.274603421145923 23.274603421145923 23.274603421145923 23.274603421145923 23.274603421145923 23.274603421145923 0.0
9.9 30.0 23.431457655587202 23.252195673368597 23.252195673368597 23.252195673368597 23.252195673368597 23.252195673368597 23.252195673368597 23.252195673368597 23.252195673368597 0.0
10.0 30.0 23.431457655587202 23.22978792559127 23.22978792559127 23.22978792559127 23.22978792559127 23.22978792559127 23.22978792559127 23.22978792559127 23.22978792559127 0.0
10.1 30.0 23.431457655587202 23.207380177813945 23.207380177813945 23.207380177813945 23.207380177813945 23.207380177813945 23.207380177813945 23.207380177813945 23.207380177813945 0.0
10.2 30.0 23.431457655587202 23.18497243003662 23.18497243003662 23.18497243003662 23.18497243003662 23.18497243003662 23.18497243003662 23.18497243003662 23.18497243003662 0.0
10.3 30.0 23.431457655587202 23.162564682259294 23.162564682259294 23.162564682259294 23.162564682259294 23.162564682259294 23.162564682259294 23.162564682259294 23.162564682259294 0.0
10.4 30.0 23.431457655587202 23.14015693448197 23.14015693448197 23.14015693448197 23.14015693448197 23.14015693448197 23.14015693448197 23.14015693448197 23.14015693448197 0.0
10.5 30.0 23.431457655587202 23.117749186704643 23.117749186704643 23.117749186704643 23.117749186704643 23.117749186704643 23.117749186704643 23.117749186704643 23.117749186704643 0.0
10.6 30.0 24.031457655587204 23.095341438927317 23.095341438927317 23.095341438927317 23.095341438927317 23.095341438927317 23.095341438927317 23.095341438927317 23.095341438927317 0.0
10.7 30.0 24.631457655587205 23.07293369114999 23.07293369114999 23.07293369114999 23.07293369114999 23.07293369114999 23.07293369114999 23.07293369114999 23.07293369114999 0.0
10.8 30.0 25.231457655587207 23.050525943372666 23.050525943372666 23.050525943372666 23.050525943372666 23.050525943372666 23.050525943372666 23.050525943372666 23.050525943372666 0.0
10.9 30.0 25.831457655587208 23.02811819559534 23.02811819559534 23.02811819559534 23.02811819559534 23.02811819559534 23.02811819559534 23.02811819559534 23.02811819559534 0.0
11.0 30.0 26.43145765558721 23.005710447818014 23.005710447818014 23.005710447818014 23.005710447818014 23.005710447818014 23.005710447818014 23.005710447818014 23.005710447818014 0.0
11.1 30.0 27.03145765558721 23.005710447818014 22.98330270004069 22.98330270004069 22.98330270004069 22.98330270004069 22.98330270004069 22.98330270004069 22.98330270004069 0.0
11.2 30.0 27.631457655587212 23.005710447818014 22.960894952263363 22.960894952263363 22.960894952263363 22.960894952263363 22.960894952263363 22.960894952263363 22.960894952263363 0.0
11.3 30.0 28.231457655587214 23.005710447818014 22.938487204486037 22.938487204486037 22.938487204486037 22.938487204486037 22.938487204486037 22.938487204486037 22.938487204486037 0.0
11.4 30.0 28.831457655587215 23.005710447818014 22.91607945670871 22.91607945670871 22.91607945670871 22.91607945670871 22.91607945670871 22.91607945670871 22.91607945670871 0.0
11.5 30.0 29.431457655587216 23.005710447818014 22.893671708931386 22.893671708931386 22.893671708931386 22.893671708931386 22.893671708931386 22.893671708931386 22.893671708931386 0.0
11.6 30.0 30.0 23.005710447818014 22.87126396115406 22.87126396115406 22.87126396115406 22.87126396115406 22.87126396115406 22.87126396115406 22.87126396115406 0.0
11.7 30.0 30.0 23.005710447818014 22.848856213376735 22.848856213376735 22.848856213376735 22.848856213376735 22.848856213376735 22.848856213376735 22.848856213376735 0.0
11.8 30.0 30.0 23.005710447818014 22.82644846559941 22.82644846559941 22.82644846559941 22.82644846559941 22.82644846559941 22.82644846559941 22.82644846559941 0.0
11.9 30.0 30.0 23.005710447818014 22.804040717822083 22.804040717822083 22.804040717822083 22.804040717822083 22.804040717822083 22.804040717822083 22.804040717822083 0.0
12.0 30.0 30.0 23.005710447818014 22.781632970044758 22.781632970044758 22.781632970044758 22.781632970044758 22.781632970044758 22.781632970044758 22.781632970044758 0.0
12.1 30.0 30.0 23.005710447818014 22.759225222267432 22.759225222267432 22.759225222267432 22.759225222267432 22.759225222267432 22.759225222267432 22.759225222267432 0.0
12.2 30.0 30.0 23.005710447818014 22.736817474490106 22.736817474490106 22.736817474490106 22.736817474490106 22.736817474490106 22.736817474490106 22.736817474490106 0.0
12.3 30.0 30.0 23.005710447818014 22.71440972671278 22.71440972671278 22.71440972671278 22.71440972671278 22.71440972671278 22.71440972671278 22.71440972671278 0.0
12.4 30.0 30.0 23.005710447818014 22.692001978935455 22.692001978935455 22.692001978935455 22.692001978935455 22.692001978935455 22.692001978935455 22.692001978935455 0.0
12.5 30.0 30.0 23.605710447818016 22.66959423115813 22.66959423115813 22.66959423115813 22.66959423115813 22.66959423115813 22.66959423115813 22.66959423115813 0.0
12.6 30.0 30.0 24.205710447818017 22.647186483380803 22.647186483380803 22.647186483380803 22.647186483380803 22.647186483380803 22.647186483380803 22.647186483380803 0.0
12.7 30.0 30.0 24.80571044781802 22.624778735603478 22.624778735603478 22.624778735603478 22.624778735603478 22.624778735603478 22.624778735603478 22.624778735603478 0.0
12.8 30.0 30.0 25.40571044781802 22.602370987826152 22.602370987826152 22.602370987826152 22.602370987826152 22.602370987826152 22.602370987826152 22.602370987826152 0.0
12.9 30.0 30.0 26.00571044781802 22.579963240048826 22.579963240048826 22.579963240048826 22.579963240048826 22.579963240048826 22.579963240048826 22.579963240048826 0.0
13.0 30.0 30.0 26.605710447818023 22.579963240048826 22.5575554922715 22.5575554922715 22.5575554922715 22.5575554922715 22.5575554922715 22.5575554922715 0.0
13.1 30.0 30.0 27.205710447818024 22.579963240048826 22.535147744494175 22.535147744494175 22.535147744494175 22.535147744494175 22.535147744494175 22.535147744494175 0.0
13.2 30.0 30.0 27.805710447818026 22.579963240048826 22.51273999671685 22.51273999671685 22.51273999671685 22.51273999671685 22.51273999671685 22.51273999671685 0.0
13.3 30.0 30.0 28.405710447818027 22.579963240048826 22.490332248939524 22.490332248939524 22.490332248939524 22.490332248939524 22.490332248939524 22.490332248939524 0.0
13.4 30.0 30.0 29.00571044781803 22.579963240048826 22.467924501162198 22.467924501162198 22.467924501162198 22.467924501162198 22.467924501162198 22.467924501162198 0.0
13.5 30.0 30.0 29.60571044781803 22.579963240048826 22.445516753384872 22.445516753384872 22.445516753384872 22.445516753384872 22.445516753384872 22.445516753384872 0.0
13.6 30.0 30.0 30.0 22.579963240048826 22.423109005607547 22.423109005607547 22.423109005607547 22.423109005607547 22.423109005607547 22.423109005607547 0.0
13.7 30.0 30.0 30.0 22.579963240048826 22.40070125783022 22.40070125783022 22.40070125783022 22.40070125783022 22.40070125783022 22.40070125783022 0.0
13.8 30.0 30.0 30.0 22.579963240048826 22.378293510052895 22.378293510052895 22.378293510052895 22.378293510052895 22.378293510052895 22.378293510052895 0.0
13.9 30.0 30.0 30.0 22.579963240048826 22.35588576227557 22.35588576227557 22.35588576227557 22.35588576227557 22.35588576227557 22.35588576227557 0.0
14.0 30.0 30.0 30.0 22.579963240048826 22.333478014498244 22.333478014498244 22.333478014498244 22.333478014498244 22.333478014498244 22.333478014498244 0.0
14.1 30.0 30.0 30.0 22.579963240048826 22.311070266720918 22.311070266720918 22.311070266720918 22.311070266720918 22.311070266720918 22.311070266720918 0.0
14.2 30.0 30.0 30.0 22.579963240048826 22.288662518943593 22.288662518943593 22.288662518943593 22.288662518943593 22.288662518943593 22.288662518943593 0.0
14.3 30.0 30.0 30.0 22.579963240048826 22.266254771166267 22.266254771166267 22.266254771166267 22.266254771166267 22.266254771166267 22.266254771166267 0.0
14.4 30.0 30.0 30.0 23.179963240048828 22.24384702338894 22.24384702338894 22.24384702338894 22.24384702338894 22.24384702338894 22.24384702338894 0.0
14.5 30.0 30.0 30.0 23.77996324004883 22.221439275611615 22.221439275611615 22.221439275611615 22.221439275611615 22.221439275611615 22.221439275611615 0.0
14.6 30.0 30.0 30.0 24.37996324004883 22.19903152783429 22.19903152783429 22.19903152783429 22.19903152783429 22.19903152783429 22.19903152783429 0.0
14.7 30.0 30.0 30.0 24.979963240048832 22.176623780056964 22.176623780056964 22.176623780056964 22.176623780056964 22.176623780056964 22.176623780056964 0.0
14.8 30.0 30.0 30.0 25.579963240048833 22.15421603227964 22.15421603227964 22.15421603227964 22.15421603227964 22.15421603227964 22.15421603227964 0.0
14.9 30.0 30.0 30.0 26.179963240048835 22.15421603227964 22.131808284502313 22.131808284502313 22.131808284502313 22.131808284502313 22.131808284502313 0.0
15.0 30.0 30.0 30.0 26.779963240048836 22.15421603227964 22.109400536724987 22.109400536724987 22.109400536724987 22.109400536724987 22.109400536724987 0.0
15.1 30.0 30.0 30.0 27.379963240048838 22.15421603227964 22.08699278894766 22.08699278894766 22.08699278894766 22.08699278894766 22.08699278894766 0.0
15.2 30.0 30.0 30.0 27.97996324004884 22.15421603227964 22.064585041170336 22.064585041170336 22.064585041170336 22.064585041170336 22.064585041170336 0.0
15.3 30.0 30.0 30.0 28.57996324004884 22.15421603227964 22.04217729339301 22.04217729339301 22.04217729339301 22.04217729339301 22.04217729339301 0.0
15.4 30.0 30.0 30.0 29.179963240048842 22.15421603227964 22.019769545615684 22.019769545615684 22.019769545615684 22.019769545615684 22.019769545615684 0.0
15.5 30.0 30.0 30.0 29.779963240048843 22.15421603227964 21.99736179783836 21.99736179783836 21.99736179783836 21.99736179783836 21.99736179783836 0.0
15.6 30.0 30.0 30.0 30.0 22.15421603227964 21.974954050061033 21.974954050061033 21.974954050061033 21.974954050061033 21.974954050061033 0.0
15.7 30.0 30.0 30.0 30.0 22.15421603227964 21.952546302283707 21.952546302283707 21.952546302283707 21.952546302283707 21.952546302283707 0.0
15.8 30.0 30.0 30.0 30.0 22.15421603227964 21.93013855450638 21.93013855450638 21.93013855450638 21.93013855450638 21.93013855450638 0.0
15.9 30.0 30.0 30.0 30.0 22.15421603227964 21.907730806729056 21.907730806729056 21.907730806729056 21.907730806729056 21.907730806729056 0.0
16.0 30.0 30.0 30.0 30.0 22.15421603227964 21.88532305895173 21.88532305895173 21.88532305895173 21.88532305895173 21.88532305895173 0.0
16.1 30.0 30.0 30.0 30.0 22.15421603227964 21.862915311174405 21.862915311174405 21.862915311174405 21.862915311174405 21.862915311174405 0.0
16.2 30.0 30.0 30.0 30.0 22.15421603227964 21.84050756339708 21.84050756339708 21.84050756339708 21.84050756339708 21.84050756339708 0.0
16.3 30.0 30.0 30.0 30.0 22.75421603227964 21.818099815619753 21.818099815619753 21.818099815619753 21.818099815619753 21.818099815619753 0.0
16.4 30.0 30.0 30.0 30.0 23.35421603227964 21.795692067842428 21.795692067842428 21.795692067842428 21.795692067842428 21.795692067842428 0.0
16.5 30.0 30.0 30.0 30.0 23.954216032279643 21.773284320065102 21.773284320065102 21.773284320065102 21.773284320065102 21.773284320065102 0.0
16.6 30.0 30.0 30.0 30.0 24.554216032279644 21.750876572287776 21.750876572287776 21.750876572287776 21.750876572287776 21.750876572287776 0.0
16.7 30.0 30.0 30.0 30.0 25.154216032279646 21.72846882451045 21.72846882451045 21.72846882451045 21.72846882451045 21.72846882451045 0.0
16.8 30.0 30.0 30.0 30.0 25.754216032279647 21.72846882451045 21.706061076733125 21.706061076733125 21.706061076733125 21.706061076733125 0.0
16.9 30.0 30.0 30.0 30.0 26.35421603227965 21.72846882451045 21.6836533289558 21.6836533289558 21.6836533289558 21.6836533289558 0.0
17.0 30.0 30.0 30.0 30.0 26.95421603227965 21.72846882451045 21.661245581178473 21.661245581178473 21.661245581178473 21.661245581178473 0.0
17.1 30.0 30.0 30.0 30.0 27.55421603227965 21.72846882451045 21.638837833401148 21.638837833401148 21.638837833401148 21.638837833401148 0.0
17.2 30.0 30.0 30.0 30.0 28.154216032279653 21.72846882451045 21.616430085623822 21.616430085623822 21.616430085623822 21.616430085623822 0.0
17.3 30.0 30.0 30.0 30.0 28.754216032279654 21.72846882451045 21.594022337846496 21.594022337846496 21.594022337846496 21.594022337846496 0.0
17.4 30.0 30.0 30.0 30.0 29.354216032279655 21.72846882451045 21.57161459006917 21.57161459006917 21.57161459006917 21.57161459006917 0.0
17.5 30.0 30.0 30.0 30.0 29.954216032279657 21.72846882451045 21.549206842291845 21.549206842291845 21.549206842291845 21.549206842291845 0.0
17.6 30.0 30.0 30.0 30.0 30.0 21.72846882451045 21.52679909451452 21.52679909451452 21.52679909451452 21.52679909451452 0.0
17.7 30.0 30.0 30.0 30.0 30.0 21.72846882451045 21.504391346737194 21.504391346737194 21.504391346737194 21.504391346737194 0.0
17.8 30.0 30.0 30.0 30.0 30.0 21.72846882451045 21.481983598959868 21.481983598959868 21.481983598959868 21.481983598959868 0.0
17.9 30.0 30.0 30.0 30.0 30.0 21.72846882451045 21.459575851182542 21.459575851182542 21.459575851182542 21.459575851182542 0.0
18.0 30.0 30.0 30.0 30.0 30.0 21.72846882451045 21.437168103405217 21.437168103405217 21.437168103405217 21.437168103405217 0.0
18.1 30.0 30.0 30.0 30.0 30.0 21.72846882451045 21.41476035562789 21.41476035562789 21.41476035562789 21.41476035562789 0.0
18.2 30.0 30.0 30.0 30.0 30.0 22.328468824510452 21.392352607850565 21.392352607850565 21.392352607850565 21.392352607850565 0.0
18.3 30.0 30.0 30.0 30.0 30.0 22.928468824510453 21.36994486007324 21.36994486007324 21.36994486007324 21.36994486007324 0.0
18.4 30.0 30.0 30.0 30.0 30.0 23.528468824510455 21.347537112295914 21.347537112295914 21.347537112295914 21.347537112295914 0.0
18.5 30.0 30.0 30.0 30.0 30.0 24.128468824510456 21.325129364518588 21.325129364518588 21.325129364518588 21.325129364518588 0.0
18.6 30.0 30.0 30.0 30.0 30.0 24.728468824510458 21.302721616741263 21.302721616741263 21.302721616741263 21.302721616741263 0.0
18.7 30.0 30.0 30.0 30.0 30.0 25.32846882451046 21.302721616741263 21.280313868963937 21.280313868963937 21.280313868963937 0.0
18.8 30.0 30.0 30.0 30.0 30.0 25.92846882451046 21.302721616741263 21.25790612118661 21.25790612118661 21.25790612118661 0.0
18.9 30.0 30.0 30.0 30.0 30.0 26.528468824510462 21.302721616741263 21.235498373409285 21.235498373409285 21.235498373409285 0.0
19.0 30.0 30.0 30.0 30.0 30.0 27.128468824510463 21.302721616741263 21.21309062563196 21.21309062563196 21.21309062563196 0.0
19.1 30.0 30.0 30.0 30.0 30.0 27.728468824510465 21.302721616741263 21.190682877854634 21.190682877854634 21.190682877854634 0.0
19.2 30.0 30.0 30.0 30.0 30.0 28.328468824510466 21.302721616741263 21.16827513007731 21.16827513007731 21.16827513007731 0.0
19.3 30.0 30.0 30.0 30.0 30.0 28.928468824510468 21.302721616741263 21.145867382299983 21.145867382299983 21.145867382299983 0.0
19.4 30.0 30.0 30.0 30.0 30.0 29.52846882451047 21.302721616741263 21.123459634522657 21.123459634522657 21.123459634522657 0.0
19.5 30.0 30.0 30.0 30.0 30.0 30.0 21.302721616741263 21.10105188674533 21.10105188674533 21.10105188674533 0.0
19.6 30.0 30.0 30.0 30.0 30.0 30.0 21.302721616741263 21.078644138968006 21.078644138968006 21.078644138968006 0.0
19.7 30.0 30.0 30.0 30.0 30.0 30.0 21.302721616741263 21.05623639119068 21.05623639119068 21.05623639119068 0.0
19.8 30.0 30.0 30.0 30.0 30.0 30.0 21.302721616741263 21.033828643413354 21.033828643413354 21.033828643413354 0.0
19.9 30.0 30.0 30.0 30.0 30.0 30.0 21.302721616741263 21.01142089563603 21.01142089563603 21.01142089563603 0.0
20.0 30.0 30.0 30.0 30.0 30.0 30.0 21.302721616741263 20.989013147858703 20.989013147858703 20.989013147858703 0.0
20.1 30.0 30.0 30.0 30.0 30.0 30.0 21.902721616741264 20.966605400081377 20.966605400081377 20.966605400081377 0.0
20.2 30.0 30.0 30.0 30.0 30.0 30.0 22.502721616741265 20.94419765230405 20.94419765230405 20.94419765230405 0.0
20.3 30.0 30.0 30.0 30.0 30.0 30.0 23.102721616741267 20.921789904526726 20.921789904526726 20.921789904526726 0.0
20.4 30.0 30.0 30.0 30.0 30.0 30.0 23.702721616741268 20.8993821567494 20.8993821567494 20.8993821567494 0.0
20.5 30.0 30.0 30.0 30.0 30.0 30.0 24.30272161674127 20.876974408972075 20.876974408972075 20.876974408972075 0.0
20.6 30.0 30.0 30.0 30.0 30.0 30.0 24.90272161674127 20.876974408972075 20.85456666119475 20.85456666119475 0.0
20.7 30.0 30.0 30.0 30.0 30.0 30.0 25.502721616741272 20.876974408972075 20.832158913417423 20.832158913417423 0.0
20.8 30.0 30.0 30.0 30.0 30.0 30.0 26.102721616741274 20.876974408972075 20.809751165640098 20.809751165640098 0.0
20.9 30.0 30.0 30.0 30.0 30.0 30.0 26.702721616741275 20.876974408972075 20.787343417862772 20.787343417862772 0.0
21.0 30.0 30.0 30.0 30.0 30.0 30.0 27.302721616741277 20.876974408972075 20.764935670085446 20.764935670085446 0.0
21.1 30.0 30.0 30.0 30.0 30.0 30.0 27.902721616741278 20.876974408972075 20.74252792230812 20.74252792230812 0.0
21.2 30.0 30.0 30.0 30.0 30.0 30.0 28.50272161674128 20.876974408972075 20.720120174530795 20.720120174530795 0.0
21.3 30.0 30.0 30.0 30.0 30.0 30.0 29.10272161674128 20.876974408972075 20.69771242675347 20.69771242675347 0.0
21.4 30.0 30.0 30.0 30.0 30.0 30.0 29.702721616741282 20.876974408972075 20.675304678976143 20.675304678976143 0.0
21.5 30.0 30.0 30.0 30.0 30.0 30.0 30.0 20.876974408972075 20.652896931198818 20.652896931198818 0.0
21.6 30.0 30.0 30.0 30.0 30.0 30.0 30.0 20.876974408972075 20.630489183421492 20.630489183421492 0.0
21.7 30.0 30.0 30.0 30.0 30.0 30.0 30.0 20.876974408972075 20.608081435644166 20.608081435644166 0.0
21.8 30.0 30.0 30.0 30.0 30.0 30.0 30.0 20.876974408972075 20.58567368786684 20.58567368786684 0.0
21.9 30.0 30.0 30.0 30.0 30.0 30.0 30.0 20.876974408972075 20.563265940089515 20.563265940089515 0.0
22.0 30.0 30.0 30.0 30.0 30.0 30.0 30.0 21.476974408972076 20.54085819231219 20.54085819231219 0.0
22.1 30.0 30.0 30.0 30.0 30.0 30.0 30.0 22.076974408972077 20.518450444534864 20.518450444534864 0.0
22.2 30.0 30.0 30.0 30.0 30.0 30.0 30.0 22.67697440897208 20.496042696757538 20.496042696757538 0.0
22.3 30.0 30.0 30.0 30.0 30.0 30.0 30.0 23.27697440897208 20.473634948980212 20.473634948980212 0.0
22.4 30.0 30.0 30.0 30.0 30.0 30.0 30.0 23.87697440897208 20.451227201202887 20.451227201202887 0.0
22.5 30.0 30.0 30.0 30.0 30.0 30.0 30.0 24.476974408972083 20.451227201202887 20.42881945342556 0.0
22.6 30.0 30.0 30.0 30.0 30.0 30.0 30.0 25.076974408972085 20.451227201202887 20.406411705648235 0.0
22.7 30.0 30.0 30.0 30.0 30.0 30.0 30.0 25.676974408972086 20.451227201202887 20.38400395787091 0.0
22.8 30.0 30.0 30.0 30.0 30.0 30.0 30.0 26.276974408972087 20.451227201202887 20.361596210093584 0.0
22.9 30.0 30.0 30.0 30.0 30.0 30.0 30.0 26.87697440897209 20.451227201202887 20.339188462316258 0.0
23.0 30.0 30.0 30.0 30.0 30.0 30.0 30.0 27.47697440897209 20.451227201202887 20.316780714538933 0.0
23.1 30.0 30.0 30.0 30.0 30.0 30.0 30.0 28.07697440897209 20.451227201202887 20.294372966761607 0.0
23.2 30.0 30.0 30.0 30.0 30.0 30.0 30.0 28.676974408972093 20.451227201202887 20.27196521898428 0.0
23.3 30.0 30.0 30.0 30.0 30.0 30.0 30.0 29.276974408972094 20.451227201202887 20.249557471206955 0.0
23.4 30.0 30.0 30.0 30.0 30.0 30.0 30.0 29.876974408972096 20.451227201202887 20.22714972342963 0.0
23.5 30.0 30.0 30.0 30.0 30.0 30.0 30.0 30.0 20.451227201202887 20.204741975652304 0.0
23.6 30.0 30.0 30.0 30.0 30.0 30.0 30.0 30.0 20.451227201202887 20.18233422787498 0.0
23.7 30.0 30.0 30.0 30.0 30.0 30.0 30.0 30.0 20.451227201202887 20.159926480097653 0.0
23.8 30.0 30.0 30.0 30.0 30.0 30.0 30.0 30.0 20.451227201202887 20.137518732320327 0.0
23.9 30.0 30.0 30.0 30.0 30.0 30.0 30.0 30.0 21.051227201202888 20.115110984543 0.0
24.0 30.0 30.0 30.0 30.0 30.0 30.0 30.0 30.0 21.65122720120289 20.092703236765676 0.0
24.1 30.0 30.0 30.0 30.0 30.0 30.0 30.0 30.0 22.25122720120289 20.07029548898835 0.0
24.2 30.0 30.0 30.0 30.0 30.0 30.0 30.0 30.0 22.851227201202892 20.047887741211024 0.0
24.3 30.0 30.0 30.0 30.0 30.0 30.0 30.0 30.0 23.451227201202894 20.0254799934337 0.0
24.4 30.0 30.0 30.0 30.0 30.0 30.0 30.0 30.0 24.051227201202895 20.0254799934337 0.0
24.5 30.0 30.0 30.0 30.0 30.0 30.0 30.0 30.0 24.651227201202897 20.0254799934337 0.0
24.6 30.0 30.0 30.0 30.0 30.0 30.0 30.0 30.0 25.251227201202898 20.0254799934337 0.0
24.7 30.0 30.0 30.0 30.0 30.0 30.0 30.0 30.0 25.8512272012029 20.0254799934337 0.0
24.8 30.0 30.0 30.0 30.0 30.0 30.0 30.0 30.0 26.4512272012029 20.0254799934337 0.0
24.9 30.0 30.0 30.0 30.0 30.0 30.0 30.0 30.0 27.051227201202902 20.0254799934337 0.0
25.0 30.0 30.0 30.0 30.0 30.0 30.0 30.0 30.0 27.651227201202904 20.0254799934337 0.0
25.1 30.0 30.0 30.0 30.0 30.0 30.0 30.0 30.0 28.251227201202905 20.0254799934337 0.0
25.2 30.0 30.0 30.0 30.0 30.0 30.0 30.0 30.0 28.851227201202907 20.0254799934337 0.0
25.3 30.0 30.0 30.0 30.0 30.0 30.0 30.0 30.0 29.451227201202908 20.0254799934337 0.0
25.4 30.0 30.0 30.0 30.0 30.0 30.0 30.0 30.0 30.0 20.0254799934337 0.0
25.5 30.0 30.0 30.0 30.0 30.0 30.0 30.0 30.0 30.0 20.0254799934337 0.0
25.6 30.0 30.0 30.0 30.0 30.0 30.0 30.0 30.0 30.0 20.0254799934337 0.0
25.7 30.0 30.0 30.0 30.0 30.0 30.0 30.0 30.0 30.0 20.0254799934337 0.0
25.8 30.0 30.0 30.0 30.0 30.0 30.0 30.0 30.0 30.0 20.6254799934337 0.0
25.9 30.0 30.0 30.0 30.0 30.0 30.0 30.0 30.0 30.0 21.2254799934337 0.0
26.0 30.0 30.0 30.0 30.0 30.0 30.0 30.0 30.0 30.0 21.825479993433703 0.0
26.1 30.0 30.0 30.0 30.0 30.0 30.0 30.0 30.0 30.0 22.425479993433704 0.0
26.2 30.0 30.0 30.0 30.0 30.0 30.0 30.0 30.0 30.0 23.025479993433706 0.0
26.3 30.0 30.0 30.0 30.0 30.0 30.0 30.0 30.0 30.0 23.625479993433707 0.0
26.4 30.0 30.0 30.0 30.0 30.0 30.0 30.0 30.0 30.0 24.22547999343371 0.0
26.5 30.0 30.0 30.0 30.0 30.0 30.0 30.0 30.0 30.0 24.82547999343371 0.0
26.6 30.0 30.0 30.0 30.0 30.0 30.0 30.0 30.0 30.0 25.42547999343371 0.0
26.7 30.0 30.0 30.0 30.0 30.0 30.0 30.0 30.0 30.0 26.025479993433713 0.0
26.8 30.0 30.0 30.0 30.0 30.0 30.0 30.0 30.0 30.0 26.625479993433714 0.0
26.9 30.0 30.0 30.0 30.0 30.0 30.0 30.0 30.0 30.0 27.225479993433716 0.0
27.0 30.0 30.0 30.0 30.0 30.0 30.0 30.0 30.0 30.0 27.825479993433717 0.0
27.1 30.0 30.0 30.0 30.0 30.0 30.0 30.0 30.0 30.0 28.42547999343372 0.0
27.2 30.0 30.0 30.0 30.0 30.0 30.0 30.0 30.0 30.0 29.02547999343372 0.0
27.3 30.0 30.0 30.0 30.0 30.0 30.0 30.0 30.0 30.0 29.62547999343372 0.0
27.4 30.0 30.0 30.0 30.0 30.0 30.0 30.0 30.0 30.0 30.0 0.0
27.5 30.0 30.0 30.0 30.0 30.0 30.0 30.0 30.0 30.0 30.0 0.0
27.6 30.0 30.0 30.0 30.0 30.0 30.0 30.0 30.0 30.0 30.0 0.0
27.7 30.0 30.0 30.0 30.0 30.0 30.0 30.0 30.0 30.0 30.0 0.0
27.8 30.0 30.0 30.0 30.0 30.0 30.0 30.0 30.0 30.0 30.0 0.0
27.9 30.0 30.0 30.0 30.0 30.0 30.0 30.0 30.0 30.0 30.0 0.0
28.0 30.0 30.0 30.0 30.0 30.0 30.0 30.0 30.0 30.0 30.0 0.0
28.1 30.0 30.0 30.0 30.0 30.0 30.0 30.0 30.0 30.0 30.0 0.0
28.2 30.0 30.0 30.0 30.0 30.0 30.0 30.0 30.0 30.0 30.0 0.0
28.3 30.0 30.0 30.0 30.0 30.0 30.0 30.0 30.0 30.0 30.0 0.0
28.4 30.0 30.0 30.0 30.0 30.0 30.0 30.0 30.0 30.0 30.0 0.0
28.5 30.0 30.0 30.0 30.0 30.0 30.0 30.0 30.0 30.0 30.0 0.0
28.6 30.0 30.0 30.0 30.0 30.0 30.0 30.0 30.0 30.0 30.0 0.0
28.7 30.0 30.0 30.0 30.0 30.0 30.0 30.0 30.0 30.0 30.0 0.0
28.8 30.0 30.0 30.0 30.0 30.0 30.0 30.0 30.0 30.0 30.0 0.0
28.9 30.0 30.0 30.0 30.0 30.0 30.0 30.0 30.0 30.0 30.0 0.0
29.0 30.0 30.0 30.0 30.0 30.0 30.0 30.0 30.0 30.0 30.0 0.0
29.1 30.0 30.0 30.0 30.0 30.0 30.0 30.0 30.0 30.0 30.0 0.0
29.2 30.0 30.0 30.0 30.0 30.0 30.0 30.0 30.0 30.0 30.0 0.0
29.3 30.0 30.0 30.0 30.0 30.0 30.0 30.0 30.0 30.0 30.0 0.0
29.4 30.0 30.0 30.0 30.0 30.0 30.0 30.0 30.0 30.0 30.0 0.0
29.5 30.0 30.0 30.0 30.0 30.0 30.0 30.0 30.0 30.0 30.0 0.0
29.6 30.0 30.0 30.0 30.0 30.0 30.0 30.0 30.0 30.0 30.0 0.0
29.7 30.0 30.0 30.0 30.0 30.0 30.0 30.0 30.0 30.0 30.0 0.0
29.8 30.0 30.0 30.0 30.0 30.0 30.0 30.0 30.0 30.0 30.0 0.0
29.9 30.0 30.0 30.0 30.0 30.0 30.0 30.0 30.0 30.0 30.0 0.0
30.0 30.0 30.0 30.0 30.0 30.0 30.0 30.0 30.0 30.0 30.0 0.0
30.1 30.0 30.0 30.0 30.0 30.0 30.0 30.0 30.0 30.0 30.0 0.0
30.2 30.0 30.0 30.0 30.0 30.0 30.0 30.0 30.0 30.0 30.0 0.0
30.3 30.0 30.0 30.0 30.0 30.0 30.0 30.0 30.0 30.0 30.0 0.0
30.4 30.0 30.0 30.0 30.0 30.0 30.0 30.0 30.0 30.0 30.0 0.0
30.5 30.0 30.0 30.0 30.0 30.0 30.0 30.0 30.0 30.0 30.0 0.0
30.6 30.0 30.0 30.0 30.0 30.0 30.0 30.0 30.0 30.0 30.0 0.0
30.7 30.0 30.0 30.0 30.0 30.0 30.0 30.0 30.0 30.0 30.0 0.0
30.8 30.0 30.0 30.0 30.0 30.0 30.0 30.0 30.0 30.0 30.0 0.0
30.9 30.0 30.0 30.0 30.0 30.0 30.0 30.0 30.0 30.0 30.0 0.0
31.0 30.0 30.0 30.0 30.0 30.0 30.0 30.0 30.0 30.0 30.0 0.0
31.1 30.0 30.0 30.0 30.0 30.0 30.0 30.0 30.0 30.0 30.0 0.0
31.2 30.0 30.0 30.0 30.0 30.0 30.0 30.0 30.0 30.0 30.0 0.0
31.3 30.0 30.0 30.0 30.0 30.0 30.0 30.0 30.0 30.0 30.0 0.0
31.4 30.0 30.0 30.0 30.0 30.0 30.0 30.0 30.0 30.0 30.0 0.0
31.5 30.0 30.0 30.0 30.0 30.0 30.0 30.0 30.0 30.0 30.0 0.0
31.6 30.0 30.0 30.0 30.0 30.0 30.0 30.0 30.0 30.0 30.0 0.0
31.7 30.0 30.0 30.0 30.0 30.0 30.0 30.0 30.0 30.0 30.0 0.0
31.8 30.0 30.0 30.0 30.0 30.0 30.0 30.0 30.0 30.0 30.0 0.0
31.9 30.0 30.0 30.0 30.0 30.0 30.0 30.0 30.0 30.0 30.0 0.0
32.0 30.0 30.0 30.0 30.0 30.0 30.0 30.0 30.0 30.0 30.0 0.0
32.1 30.0 30.0 30.0 30.0 30.0 30.0 30.0 30.0 30.0 30.0 0.0
32.2 30.0 30.0 30.0 30.0 30.0 30.0 30.0 30.0 30.0 30.0 0.0
32.3 30.0 30.0 30.0 30.0 30.0 30.0 30.0 30.0 30.0 30.0 0.0
32.4 30.0 30.0 30.0 30.0 30.0 30.0 30.0 30.0 30.0 30.0 0.0
32.5 30.0 30.0 30.0 30.0 30.0 30.0 30.0 30.0 30.0 30.0 0.0
32.6 30.0 30.0 30.0 30.0 30.0 30.0 30.0 30.0 30.0 30.0 0.0
32.7 30.0 30.0 30.0 30.0 30.0 30.0 30.0 30.0 30.0 30.0 0.0
32.8 30.0 30.0 30.0 30.0 30.0 30.0 30.0 30.0 30.0 30.0 0.0
32.9 30.0 30.0 30.0 30.0 30.0 30.0 30.0 30.0 30.0 30.0 0.0
33.0 30.0 30.0 30.0 30.0 30.0 30.0 30.0 30.0 30.0 30.0 0.0
33.1 30.0 30.0 30.0 30.0 30.0 30.0 30.0 30.0 30.0 30.0 0.0
33.2 30.0 30.0 30.0 30.0 30.0 30.0 30.0 30.0 30.0 30.0 0.0
33.3 30.0 30.0 30.0 30.0 30.0 30.0 30.0 30.0 30.0 30.0 0.0
33.4 30.0 30.0 30.0 30.0 30.0 30.0 30.0 30.0 30.0 30.0 0.0
33.5 30.0 30.0 30.0 30.0 30.0 30.0 30.0 30.0 30.0 30.0 0.0
33.6 30.0 30.0 30.0 30.0 30.0 30.0 30.0 30.0 30.0 30.0 0.0
33.7 30.0 30.0 30.0 30.0 30.0 30.0 30.0 30.0 30.0 30.0 0.0
33.8 30.0 30.0 30.0 30.0 30.0 30.0 30.0 30.0 30.0 30.0 0.0
33.9 30.0 30.0 30.0 30.0 30.0 30.0 30.0 30.0 30.0 30.0 0.0
34.0 30.0 30.0 30.0 30.0 30.0 30.0 30.0 30.0 30.0 30.0 0.0
34.1 30.0 30.0 30.0 30.0 30.0 30.0 30.0 30.0 30.0 30.0 0.0
34.2 30.0 30.0 30.0 30.0 30.0 30.0 30.0 30.0 30.0 30.0 0.0
34.3 30.0 30.0 30.0 30.0 30.0 30.0 30.0 30.0 30.0 30.0 0.0
34.4 30.0 30.0 30.0 30.0 30.0 30.0 30.0 30.0 30.0 30.0 0.0
34.5 30.0 30.0 30.0 30.0 30.0 30.0 30.0 30.0 30.0 30.0 0.0
34.6 30.0 30.0 30.0 30.0 30.0 30.0 30.0 30.0 30.0 30.0 0.0
34.7 30.0 30.0 30.0 30.0 30.0 30.0 30.0 30.0 30.0 30.0 0.0
34.8 30.0 30.0 30.0 30.0 30.0 30.0 30.0 30.0 30.0 30.0 0.0
34.9 30.0 30.0 30.0 30.0 30.0 30.0 30.0 30.0 30.0 30.0 0.0
35.0 30.0 30.0 30.0 30.0 30.0 30.0 30.0 30.0 30.0 30.0 0.0
35.1 30.0 30.0 30.0 30.0 30.0 30.0 30.0 30.0 30.0 30.0 0.0
35.2 30.0 30.0 30.0 30.0 30.0 30.0 30.0 30.0 30.0 30.0 0.0
35.3 30.0 30.0 30.0 30.0 30.0 30.0 30.0 30.0 30.0 30.0 0.0
35.4 30.0 30.0 30.0 30.0 30.0 30.0 30.0 30.0 30.0 30.0 0.0
35.5 30.0 30.0 30.0 30.0 30.0 30.0 30.0 30.0 30.0 30.0 0.0
35.6 30.0 30.0 30.0 30.0 30.0 30.0 30.0 30.0 30.0 30.0 0.0
35.7 30.0 30.0 30.0 30.0 30.0 30.0 30.0 30.0 30.0 30.0 0.0
35.8 30.0 30.0 30.0 30.0 30.0 30.0 30.0 30.0 30.0 30.0 0.0
35.9 30.0 30.0 30.0 30.0 30.0 30.0 30.0 30.0 30.0 30.0 0.0
36.0 30.0 30.0 30.0 30.0 30.0 30.0 30.0 30.0 30.0 30.0 0.0
36.1 30.0 30.0 30.0 30.0 30.0 30.0 30.0 30.0 30.0 30.0 0.0
36.2 30.0 30.0 30.0 30.0 30.0 30.0 30.0 30.0 30.0 30.0 0.0
36.3 30.0 30.0 30.0 30.0 30.0 30.0 30.0 30.0 30.0 30.0 0.0
36.4 30.0 30.0 30.0 30.0 30.0 30.0 30.0 30.0 30.0 30.0 0.0
36.5 30.0 30.0 30.0 30.0 30.0 30.0 30.0 30.0 30.0 30.0 0.0
36.6 30.0 30.0 30.0 30.0 30.0 30.0 30.0 30.0 30.0 30.0 0.0
36.7 30.0 30.0 30.0 30.0 30.0 30.0 30.0 30.0 30.0 30.0 0.0
36.8 30.0 30.0 30.0 30.0 30.0 30.0 30.0 30.0 30.0 30.0 0.0
36.9 30.0 30.0 30.0 30.0 30.0 30.0 30.0 30.0 30.0 30.0 0.0
37.0 30.0 30.0 30.0 30.0 30.0 30.0 30.0 30.0 30.0 30.0 0.0
37.1 30.0 30.0 30.0 30.0 30.0 30.0 30.0 30.0 30.0 30.0 0.0
37.2 30.0 30.0 30.0 30.0 30.0 30.0 30.0 30.0 30.0 30.0 0.0
37.3 30.0 30.0 30.0 30.0 30.0 30.0 30.0 30.0 30.0 30.0 0.0
37.4 30.0 30.0 30.0 30.0 30.0 30.0 30.0 30.0 30.0 30.0 0.0
37.5 30.0 30.0 30.0 30.0 30.0 30.0 30.0 30.0 30.0 30.0 0.0
37.6 30.0 30.0 30.0 30.0 30.0 30.0 30.0 30.0 30.0 30.0 0.0
37.7 30.0 30.0 30.0 30.0 30.0 30.0 30.0 30.0 30.0 30.0 0.0
37.8 30.0 30.0 30.0 30.0 30.0 30.0 30.0 30.0 30.0 30.0 0.0
37.9 30.0 30.0 30.0 30.0 30.0 30.0 30.0 30.0 30.0 30.0 0.0
38.0 30.0 30.0 30.0 30.0 30.0 30.0 30.0 30.0 30.0 30.0 0.0
38.1 30.0 30.0 30.0 30.0 30.0 30.0 30.0 30.0 30.0 30.0 0.0
38.2 30.0 30.0 30.0 30.0 30.0 30.0 30.0 30.0 30.0 30.0 0.0
38.3 30.0 30.0 30.0 30.0 30.0 30.0 30.0 30.0 30.0 30.0 0.0
38.4 30.0 30.0 30.0 30.0 30.0 30.0 30.0 30.0 30.0 30.0 0.0
38.5 30.0 30.0 30.0 30.0 30.0 30.0 30.0 30.0 30.0 30.0 0.0
38.6 30.0 30.0 30.0 30.0 30.0 30.0 30.0 30.0 30.0 30.0 0.0
38.7 30.0 30.0 30.0 30.0 30.0 30.0 30.0 30.0 30.0 30.0 0.0
38.8 30.0 30.0 30.0 30.0 30.0 30.0 30.0 30.0 30.0 30.0 0.0
38.9 30.0 30.0 30.0 30.0 30.0 30.0 30.0 30.0 30.0 30.0 0.0
39.0 30.0 30.0 30.0 30.0 30.0 30.0 30.0 30.0 30.0 30.0 0.0
39.1 30.0 30.0 30.0 30.0 30.0 30.0 30.0 30.0 30.0 30.0 0.0
39.2 30.0 30.0 30.0 30.0 30.0 30.0 30.0 30.0 30.0 30.0 0.0
39.3 30.0 30.0 30.0 30.0 30.0 30.0 30.0 30.0 30.0 30.0 0.0
39.4 30.0 30.0 30.0 30.0 30.0 30.0 30.0 30.0 30.0 30.0 0.0
39.5 30.0 30.0 30.0 30.0 30.0 30.0 30.0 30.0 30.0 30.0 0.0
39.6 30.0 30.0 30.0 30.0 30.0 30.0 30.0 30.0 30.0 30.0 0.0
39.7 30.0 30.0 30.0 30.0 30.0 30.0 30.0 30.0 30.0 30.0 0.0
39.8 30.0 30.0 30.0 30.0 30.0 30.0 30.0 30.0 30.0 30.0 0.0
39.9 30.0 30.0 30.0 30.0 30.0 30.0 30.0 30.0 30.0 30.0 0.0
40.0 30.0 30.0 30.0 30.0 30.0 30.0 30.0 30.0 30.0 30.0 0.0
40.1 30.0 30.0 30.0 30.0 30.0 30.0 30.0 30.0 30.0 30.0 0.0
40.2 30.0 30.0 30.0 30.0 30.0 30.0 30.0 30.0 30.0 30.0 0.0
40.3 30.0 30.0 30.0 30.0 30.0 30.0 30.0 30.0 30.0 30.0 0.0
40.4 30.0 30.0 30.0 30.0 30.0 30.0 30.0 30.0 30.0 30.0 0.0
40.5 30.0 30.0 30.0 30.0 30.0 30.0 30.0 30.0 30.0 30.0 0.0
40.6 30.0 30.0 30.0 30.0 30.0 30.0 30.0 30.0 30.0 30.0 0.0
40.7 30.0 30.0 30.0 30.0 30.0 30.0 30.0 30.0 30.0 30.0 0.0
40.8 30.0 30.0 30.0 30.0 30.0 30.0 30.0 30.0 30.0 30.0 0.0
40.9 30.0 30.0 30.0 30.0 30.0 30.0 30.0 30.0 30.0 30.0 0.0
41.0 30.0 30.0 30.0 30.0 30.0 30.0 30.0 30.0 30.0 30.0 0.0
41.1 30.0 30.0 30.0 30.0 30.0 30.0 30.0 30.0 30.0 30.0 0.0
41.2 30.0 30.0 30.0 30.0 30.0 30.0 30.0 30.0 30.0 30.0 0.0
41.3 30.0 30.0 30.0 30.0 30.0 30.0 30.0 30.0 30.0 30.0 0.0
41.4 30.0 30.0 30.0 30.0 30.0 30.0 30.0 30.0 30.0 30.0 0.0
41.5 30.0 30.0 30.0 30.0 30.0 30.0 30.0 30.0 30.0 30.0 0.0
41.6 30.0 30.0 30.0 30.0 30.0 30.0 30.0 30.0 30.0 30.0 0.0
41.7 30.0 30.0 30.0 30.0 30.0 30.0 30.0 30.0 30.0 30.0 0.0
41.8 30.0 30.0 30.0 30.0 30.0 30.0 30.0 30.0 30.0 30.0 0.0
41.9 30.0 30.0 30.0 30.0 30.0 30.0 30.0 30.0 30.0 30.0 0.0
42.0 30.0 30.0 30.0 30.0 30.0 30.0 30.0 30.0 30.0 30.0 0.0
42.1 30.0 30.0 30.0 30.0 30.0 30.0 30.0 30.0 30.0 30.0 0.0
42.2 30.0 30.0 30.0 30.0 30.0 30.0 30.0 30.0 30.0 30.0 0.0
42.3 30.0 30.0 30.0 30.0 30.0 30.0 30.0 30.0 30.0 30.0 0.0
42.4 30.0 30.0 30.0 30.0 30.0 30.0 30.0 30.0 30.0 30.0 0.0
42.5 30.0 30.0 30.0 30.0 30.0 30.0 30.0 30.0 30.0 30.0 0.0
42.6 30.0 30.0 30.0 30.0 30.0 30.0 30.0 30.0 30.0 30.0 0.0
42.7 30.0 30.0 30.0 30.0 30.0 30.0 30.0 30.0 30.0 30.0 0.0
42.8 30.0 30.0 30.0 30.0 30.0 30.0 30.0 30.0 30.0 30.0 0.0
42.9 30.0 30.0 30.0 30.0 30.0 30.0 30.0 30.0 30.0 30.0 0.0
43.0 30.0 30.0 30.0 30.0 30.0 30.0 30.0 30.0 30.0 30.0 0.0
43.1 30.0 30.0 30.0 30.0 30.0 30.0 30.0 30.0 30.0 30.0 0.0
43.2 30.0 30.0 30.0 30.0 30.0 30.0 30.0 30.0 30.0 30.0 0.0
43.3 30.0 30.0 30.0 30.0 30.0 30.0 30.0 30.0 30.0 30.0 0.0
43.4 30.0 30.0 30.0 30.0 30.0 30.0 30.0 30.0 30.0 30.0 0.0
43.5 30.0 30.0 30.0 30.0 30.0 30.0 30.0 30.0 30.0 30.0 0.0
43.6 30.0 30.0 30.0 30.0 30.0 30.0 30.0 30.0 30.0 30.0 0.0
43.7 30.0 30.0 30.0 30.0 30.0 30.0 30.0 30.0 30.0 30.0 0.0
43.8 30.0 30.0 30.0 30.0 30.0 30.0 30.0 30.0 30.0 30.0 0.0
43.9 30.0 30.0 30.0 30.0 30.0 30.0 30.0 30.0 30.0 30.0 0.0
44.0 30.0 30.0 30.0 30.0 30.0 30.0 30.0 30.0 30.0 30.0 0.0
44.1 30.0 30.0 30.0 30.0 30.0 30.0 30.0 30.0 30.0 30.0 0.0
44.2 30.0 30.0 30.0 30.0 30.0 30.0 30.0 30.0 30.0 30.0 0.0
44.3 30.0 30.0 30.0 30.0 30.0 30.0 30.0 30.0 30.0 30.0 0.0
44.4 30.0 30.0 30.0 30.0 30.0 30.0 30.0 30.0 30.0 30.0 0.0
44.5 30.0 30.0 30.0 30.0 30.0 30.0 30.0 30.0 30.0 30.0 0.0
44.6 30.0 30.0 30.0 30.0 30.0 30.0 30.0 30.0 30.0 30.0 0.0
44.7 30.0 30.0 30.0 30.0 30.0 30.0 30.0 30.0 30.0 30.0 0.0
44.8 30.0 30.0 30.0 30.0 30.0 30.0 30.0 30.0 30.0 30.0 0.0
44.9 30.0 30.0 30.0 30.0 30.0 30.0 30.0 30.0 30.0 30.0 0.0
45.0 30.0 30.0 30.0 30.0 30.0 30.0 30.0 30.0 30.0 30.0 0.0
45.1 30.0 30.0 30.0 30.0 30.0 30.0 30.0 30.0 30.0 30.0 0.0
45.2 30.0 30.0 30.0 30.0 30.0 30.0 30.0 30.0 30.0 30.0 0.0
45.3 30.0 30.0 30.0 30.0 30.0 30.0 30.0 30.0 30.0 30.0 0.0
45.4 30.0 30.0 30.0 30.0 30.0 30.0 30.0 30.0 30.0 30.0 0.0
45.5 30.0 30.0 30.0 30.0 30.0 30.0 30.0 30.0 30.0 30.0 0.0
45.6 30.0 30.0 30.0 30.0 30.0 30.0 30.0 30.0 30.0 30.0 0.0
45.7 30.0 30.0 30.0 30.0 30.0 30.0 30.0 30.0 30.0 30.0 0.0
45.8 30.0 30.0 30.0 30.0 30.0 30.0 30.0 30.0 30.0 30.0 0.0
45.9 30.0 30.0 30.0 30.0 30.0 30.0 30.0 30.0 30.0 30.0 0.0
46.0 30.0 30.0 30.0 30.0 30.0 30.0 30.0 30.0 30.0 30.0 0.0
46.1 30.0 30.0 30.0 30.0 30.0 30.0 30.0 30.0 30.0 30.0 0.0
46.2 30.0 30.0 30.0 30.0 30.0 30.0 30.0 30.0 30.0 30.0 0.0
46.3 30.0 30.0 30.0 30.0 30.0 30.0 30.0 30.0 30.0 30.0 0.0
46.4 30.0 30.0 30.0 30.0 30.0 30.0 30.0 30.0 30.0 30.0 0.0
46.5 30.0 30.0 30.0 30.0 30.0 30.0 30.0 30.0 30.0 30.0 0.0
46.6 30.0 30.0 30.0 30.0 30.0 30.0 30.0 30.0 30.0 30.0 0.0
46.7 30.0 30.0 30.0 30.0 30.0 30.0 30.0 30.0 30.0 30.0 0.0
46.8 30.0 30.0 30.0 30.0 30.0 30.0 30.0 30.0 30.0 30.0 0.0
46.9 30.0 30.0 30.0 30.0 30.0 30.0 30.0 30.0 30.0 30.0 0.0
47.0 30.0 30.0 30.0 30.0 30.0 30.0 30.0 30.0 30.0 30.0 0.0
47.1 30.0 30.0 30.0 30.0 30.0 30.0 30.0 30.0 30.0 30.0 0.0
47.2 30.0 30.0 30.0 30.0 30.0 30.0 30.0 30.0 30.0 30.0 0.0
47.3 30.0 30.0 30.0 30.0 30.0 30.0 30.0 30.0 30.0 30.0 0.0
47.4 30.0 30.0 30.0 30.0 30.0 30.0 30.0 30.0 30.0 30.0 0.0
47.5 30.0 30.0 30.0 30.0 30.0 30.0 30.0 30.0 30.0 30.0 0.0
47.6 30.0 30.0 30.0 30.0 30.0 30.0 30.0 30.0 30.0 30.0 0.0
47.7 30.0 30.0 30.0 30.0 30.0 30.0 30.0 30.0 30.0 30.0 0.0
47.8 30.0 30.0 30.0 30.0 30.0 30.0 30.0 30.0 30.0 30.0 0.0
47.9 30.0 30.0 30.0 30.0 30.0 30.0 30.0 30.0 30.0 30.0 0.0
48.0 30.0 30.0 30.0 30.0 30.0 30.0 30.0 30.0 30.0 30.0 0.0
48.1 30.0 30.0 30.0 30.0 30.0 30.0 30.0 30.0 30.0 30.0 0.0
48.2 30.0 30.0 30.0 30.0 30.0 30.0 30.0 30.0 30.0 30.0 0.0
48.3 30.0 30.0 30.0 30.0 30.0 30.0 30.0 30.0 30.0 30.0 0.0
48.4 30.0 30.0 30.0 30.0 30.0 30.0 30.0 30.0 30.0 30.0 0.0
48.5 30.0 30.0 30.0 30.0 30.0 30.0 30.0 30.0 30.0 30.0 0.0
48.6 30.0 30.0 30.0 30.0 30.0 30.0 30.0 30.0 30.0 30.0 0.0
48.7 30.0 30.0 30.0 30.0 30.0 30.0 30.0 30.0 30.0 30.0 0.0
48.8 30.0 30.0 30.0 30.0 30.0 30.0 30.0 30.0 30.0 30.0 0.0
48.9 30.0 30.0 30.0 30.0 30.0 30.0 30.0 30.0 30.0 30.0 0.0
49.0 30.0 30.0 30.0 30.0 30.0 30.0 30.0 30.0 30.0 30.0 0.0
49.1 30.0 30.0 30.0 30.0 30.0 30.0 30.0 30.0 30.0 30.0 0.0
49.2 30.0 30.0 30.0 30.0 30.0 30.0 30.0 30.0 30.0 30.0 0.0
49.3 30.0 30.0 30.0 30.0 30.0 30.0 30.0 30.0 30.0 30.0 0.0
49.4 30.0 30.0 30.0 30.0 30.0 30.0 30.0 30.0 30.0 30.0 0.0
49.5 30.0 30.0 30.0 30.0 30.0 30.0 30.0 30.0 30.0 30.0 0.0
49.6 30.0 30.0 30.0 30.0 30.0 30.0 30.0 30.0 30.0 30.0 0.0
49.7 30.0 30.0 30.0 30.0 30.0 30.0 30.0 30.0 30.0 30.0 0.0
49.8 30.0 30.0 30.0 30.0 30.0 30.0 30.0 30.0 30.0 30.0 0.0
49.9 30.0 30.0 30.0 30.0 30.0 30.0 30.0 30.0 30.0 30.0 0.0
50.0 30.0 30.0 30.0 30.0 30.0 30.0 30.0 30.0 30.0 30.0 0.0
50.1 30.0 30.0 30.0 30.0 30.0 30.0 30.0 30.0 30.0 30.0 0.0
50.2 30.0 30.0 30.0 30.0 30.0 30.0 30.0 30.0 30.0 30.0 0.0
50.3 30.0 30.0 30.0 30.0 30.0 30.0 30.0 30.0 30.0 30.0 0.0
50.4 30.0 30.0 30.0 30.0 30.0 30.0 30.0 30.0 30.0 30.0 0.0
50.5 30.0 30.0 30.0 30.0 30.0 30.0 30.0 30.0 30.0 30.0 0.0
50.6 30.0 30.0 30.0 30.0 30.0 30.0 30.0 30.0 30.0 30.0 0.0
50.7 30.0 30.0 30.0 30.0 30.0 30.0 30.0 30.0 30.0 30.0 0.0
50.8 30.0 30.0 30.0 30.0 30.0 30.0 30.0 30.0 30.0 30.0 0.0
50.9 30.0 30.0 30.0 30.0 30.0 30.0 30.0 30.0 30.0 30.0 0.0
51.0 30.0 30.0 30.0 30.0 30.0 30.0 30.0 30.0 30.0 30.0 0.0
51.1 30.0 30.0 30.0 30.0 30.0 30.0 30.0 30.0 30.0 30.0 0.0
51.2 30.0 30.0 30.0 30.0 30.0 30.0 30.0 30.0 30.0 30.0 0.0
51.3 30.0 30.0 30.0 30.0 30.0 30.0 30.0 30.0 30.0 30.0 0.0
51.4 30.0 30.0 30.0 30.0 30.0 30.0 30.0 30.0 30.0 30.0 0.0
51.5 30.0 30.0 30.0 30.0 30.0 30.0 30.0 30.0 30.0 30.0 0.0
51.6 30.0 30.0 30.0 30.0 30.0 30.0 30.0 30.0 30.0 30.0 0.0
51.7 30.0 30.0 30.0 30.0 30.0 30.0 30.0 30.0 30.0 30.0 0.0
51.8 30.0 30.0 30.0 30.0 30.0 30.0 30.0 30.0 30.0 30.0 0.0
51.9 30.0 30.0 30.0 30.0 30.0 30.0 30.0 30.0 30.0 30.0 0.0
52.0 30.0 30.0 30.0 30.0 30.0 30.0 30.0 30.0 30.0 30.0 0.0
52.1 30.0 30.0 30.0 30.0 30.0 30.0 30.0 30.0 30.0 30.0 0.0
52.2 30.0 30.0 30.0 30.0 30.0 30.0 30.0 30.0 30.0 30.0 0.0
52.3 30.0 30.0 30.0 30.0 30.0 30.0 30.0 30.0 30.0 30.0 0.0
52.4 30.0 30.0 30.0 30.0 30.0 30.0 30.0 30.0 30.0 30.0 0.0
52.5 30.0 30.0 30.0 30.0 30.0 30.0 30.0 30.0 30.0 30.0 0.0
52.6 30.0 30.0 30.0 30.0 30.0 30.0 30.0 30.0 30.0 30.0 0.0
52.7 30.0 30.0 30.0 30.0 30.0 30.0 30.0 30.0 30.0 30.0 0.0
52.8 30.0 30.0 30.0 30.0 30.0 30.0 30.0 30.0 30.0 30.0 0.0
52.9 30.0 30.0 30.0 30.0 30.0 30.0 30.0 30.0 30.0 30.0 0.0
53.0 30.0 30.0 30.0 30.0 30.0 30.0 30.0 30.0 30.0 30.0 0.0
53.1 30.0 30.0 30.0 30.0 30.0 30.0 30.0 30.0 30.0 30.0 0.0
53.2 30.0 30.0 30.0 30.0 30.0 30.0 30.0 30.0 30.0 30.0 0.0
53.3 30.0 30.0 30.0 30.0 30.0 30.0 30.0 30.0 30.0 30.0 0.0
53.4 30.0 30.0 30.0 30.0 30.0 30.0 30.0 30.0 30.0 30.0 0.0
53.5 30.0 30.0 30.0 30.0 30.0 30.0 30.0 30.0 30.0 30.0 0.0
53.6 30.0 30.0 30.0 30.0 30.0 30.0 30.0 30.0 30.0 30.0 0.0
53.7 30.0 30.0 30.0 30.0 30.0 30.0 30.0 30.0 30.0 30.0 0.0
53.8 30.0 30.0 30.0 30.0 30.0 30.0 30.0 30.0 30.0 30.0 0.0
53.9 30.0 30.0 30.0 30.0 30.0 30.0 30.0 30.0 30.0 30.0 0.0
54.0 30.0 30.0 30.0 30.0 30.0 30.0 30.0 30.0 30.0 30.0 0.0
54.1 30.0 30.0 30.0 30.0 30.0 30.0 30.0 30.0 30.0 30.0 0.0
54.2 30.0 30.0 30.0 30.0 30.0 30.0 30.0 30.0 30.0 30.0 0.0
54.3 30.0 30.0 30.0 30.0 30.0 30.0 30.0 30.0 30.0 30.0 0.0
54.4 30.0 30.0 30.0 30.0 30.0 30.0 30.0 30.0 30.0 30.0 0.0
54.5 30.0 30.0 30.0 30.0 30.0 30.0 30.0 30.0 30.0 30.0 0.0
54.6 30.0 30.0 30.0 30.0 30.0 30.0 30.0 30.0 30.0 30.0 0.0
54.7 30.0 30.0 30.0 30.0 30.0 30.0 30.0 30.0 30.0 30.0 0.0
54.8 30.0 30.0 30.0 30.0 30.0 30.0 30.0 30.0 30.0 30.0 0.0
54.9 30.0 30.0 30.0 30.0 30.0 30.0 30.0 30.0 30.0 30.0 0.0
55.0 30.0 30.0 30.0 30.0 30.0 30.0 30.0 30.0 30.0 30.0 0.0
55.1 30.0 30.0 30.0 30.0 30.0 30.0 30.0 30.0 30.0 30.0 0.0
55.2 30.0 30.0 30.0 30.0 30.0 30.0 30.0 30.0 30.0 30.0 0.0
55.3 30.0 30.0 30.0 30.0 30.0 30.0 30.0 30.0 30.0 30.0 0.0
55.4 30.0 30.0 30.0 30.0 30.0 30.0 30.0 30.0 30.0 30.0 0.0
55.5 30.0 30.0 30.0 30.0 30.0 30.0 30.0 30.0 30.0 30.0 0.0
55.6 30.0 30.0 30.0 30.0 30.0 30.0 30.0 30.0 30.0 30.0 0.0
55.7 30.0 30.0 30.0 30.0 30.0 30.0 30.0 30.0 30.0 30.0 0.0
55.8 30.0 30.0 30.0 30.0 30.0 30.0 30.0 30.0 30.0 30.0 0.0
55.9 30.0 30.0 30.0 30.0 30.0 30.0 30.0 30.0 30.0 30.0 0.0
56.0 30.0 30.0 30.0 30.0 30.0 30.0 30.0 30.0 30.0 30.0 0.0
56.1 30.0 30.0 30.0 30.0 30.0 30.0 30.0 30.0 30.0 30.0 0.0
56.2 30.0 30.0 30.0 30.0 30.0 30.0 30.0 30.0 30.0 30.0 0.0
56.3 30.0 30.0 30.0 30.0 30.0 30.0 30.0 30.0 30.0 30.0 0.0
56.4 30.0 30.0 30.0 30.0 30.0 30.0 30.0 30.0 30.0 30.0 0.0
56.5 30.0 30.0 30.0 30.0 30.0 30.0 30.0 30.0 30.0 30.0 0.0
56.6 30.0 30.0 30.0 30.0 30.0 30.0 30.0 30.0 30.0 30.0 0.0
56.7 30.0 30.0 30.0 30.0 30.0 30.0 30.0 30.0 30.0 30.0 0.0
56.8 30.0 30.0 30.0 30.0 30.0 30.0 30.0 30.0 30.0 30.0 0.0
56.9 30.0 30.0 30.0 30.0 30.0 30.0 30.0 30.0 30.0 30.0 0.0
57.0 30.0 30.0 30.0 30.0 30.0 30.0 30.0 30.0 30.0 30.0 0.0
57.1 30.0 30.0 30.0 30.0 30.0 30.0 30.0 30.0 30.0 30.0 0.0
57.2 30.0 30.0 30.0 30.0 30.0 30.0 30.0 30.0 30.0 30.0 0.0
57.3 30.0 30.0 30.0 30.0 30.0 30.0 30.0 30.0 30.0 30.0 0.0
57.4 30.0 30.0 30.0 30.0 30.0 30.0 30.0 30.0 30.0 30.0 0.0
57.5 30.0 30.0 30.0 30.0 30.0 30.0 30.0 30.0 30.0 30.0 0.0
57.6 30.0 30.0 30.0 30.0 30.0 30.0 30.0 30.0 30.0 30.0 0.0
57.7 30.0 30.0 30.0 30.0 30.0 30.0 30.0 30.0 30.0 30.0 0.0
57.8 30.0 30.0 30.0 30.0 30.0 30.0 30.0 30.0 30.0 30.0 0.0
57.9 30.0 30.0 30.0 30.0 30.0 30.0 30.0 30.0 30.0 30.0 0.0
58.0 30.0 30.0 30.0 30.0 30.0 30.0 30.0 30.0 30.0 30.0 0.0
58.1 30.0 30.0 30.0 30.0 30.0 30.0 30.0 30.0 30.0 30.0 0.0
58.2 30.0 30.0 30.0 30.0 30.0 30.0 30.0 30.0 30.0 30.0 0.0
58.3 30.0 30.0 30.0 30.0 30.0 30.0 30.0 30.0 30.0 30.0 0.0
58.4 30.0 30.0 30.0 30.0 30.0 30.0 30.0 30.0 30.0 30.0 0.0
58.5 30.0 30.0 30.0 30.0 30.0 30.0 30.0 30.0 30.0 30.0 0.0
58.6 30.0 30.0 30.0 30.0 30.0 30.0 30.0 30.0 30.0 30.0 0.0
58.7 30.0 30.0 30.0 30.0 30.0 30.0 30.0 30.0 30.0 30.0 0.0
58.8 30.0 30.0 30.0 30.0 30.0 30.0 30.0 30.0 30.0 30.0 0.0
58.9 30.0 30.0 30.0 30.0 30.0 30.0 30.0 30.0 30.0 30.0 0.0
59.0 30.0 30.0 30.0 30.0 30.0 30.0 30.0 30.0 30.0 30.0 0.0
59.1 30.0 30.0 30.0 30.0 30.0 30.0 30.0 30.0 30.0 30.0 0.0
59.2 30.0 30.0 30.0 30.0 30.0 30.0 30.0 30.0 30.0 30.0 0.0
59.3 30.0 30.0 30.0 30.0 30.0 30.0 30.0 30.0 30.0 30.0 0.0
59.4 30.0 30.0 30.0 30.0 30.0 30.0 30.0 30.0 30.0 30.0 0.0
59.5 30.0 30.0 30.0 30.0 30.0 30.0 30.0 30.0 30.0 30.0 0.0
59.6 30.0 30.0 30.0 30.0 30.0 30.0 30.0 30.0 30.0 30.0 0.0
59.7 30.0 30.0 30.0 30.0 30.0 30.0 30.0 30.0 30.0 30.0 0.0
59.8 30.0 30.0 30.0 30.0 30.0 30.0 30.0 30.0 30.0 30.0 0.0
59.9 30.0 30.0 30.0 30.0 30.0 30.0 30.0 30.0 30.0 30.0 0.0
60.0 30.0 30.0 30.0 30.0 30.0 30.0 30.0 30.0 30.0 30.0 0.0
60.1 30.0 30.0 30.0 30.0 30.0 30.0 30.0 30.0 30.0 30.0 0.0
60.2 30.0 30.0 30.0 30.0 30.0 30.0 30.0 30.0 30.0 30.0 0.0
60.3 30.0 30.0 30.0 30.0 30.0 30.0 30.0 30.0 30.0 30.0 0.0
60.4 30.0 30.0 30.0 30.0 30.0 30.0 30.0 30.0 30.0 30.0 0.0
60.5 30.0 30.0 30.0 30.0 30.0 30.0 30.0 30.0 30.0 30.0 0.0
60.6 30.0 30.0 30.0 30.0 30.0 30.0 30.0 30.0 30.0 30.0 0.0
60.7 30.0 30.0 30.0 30.0 30.0 30.0 30.0 30.0 30.0 30.0 0.0
60.8 30.0 30.0 30.0 30.0 30.0 30.0 30.0 30.0 30.0 30.0 0.0
60.9 30.0 30.0 30.0 30.0 30.0 30.0 30.0 30.0 30.0 30.0 0.0
61.0 30.0 30.0 30.0 30.0 30.0 30.0 30.0 30.0 30.0 30.0 0.0
61.1 30.0 30.0 30.0 30.0 30.0 30.0 30.0 30.0 30.0 30.0 0.0
61.2 30.0 30.0 30.0 30.0 30.0 30.0 30.0 30.0 30.0 30.0 0.0
61.3 30.0 30.0 30.0 30.0 30.0 30.0 30.0 30.0 30.0 30.0 0.0
61.4 30.0 30.0 30.0 30.0 30.0 30.0 30.0 30.0 30.0 30.0 0.0
61.5 30.0 30.0 30.0 30.0 30.0 30.0 30.0 30.0 30.0 30.0 0.0
61.6 30.0 30.0 30.0 30.0 30.0 30.0 30.0 30.0 30.0 30.0 0.0
61.7 30.0 30.0 30.0 30.0 30.0 30.0 30.0 30.0 30.0 30.0 0.0
61.8 30.0 30.0 30.0 30.0 30.0 30.0 30.0 30.0 30.0 30.0 0.0
61.9 30.0 30.0 30.0 30.0 30.0 30.0 30.0 30.0 30.0 30.0 0.0
62.0 30.0 30.0 30.0 30.0 30.0 30.0 30.0 30.0 30.0 30.0 0.0
62.1 30.0 30.0 30.0 30.0 30.0 30.0 30.0 30.0 30.0 30.0 0.0
62.2 30.0 30.0 30.0 30.0 30.0 30.0 30.0 30.0 30.0 30.0 0.0
62.3 30.0 30.0 30.0 30.0 30.0 30.0 30.0 30.0 30.0 30.0 0.0
62.4 30.0 30.0 30.0 30.0 30.0 30.0 30.0 30.0 30.0 30.0 0.0
62.5 30.0 30.0 30.0 30.0 30.0 30.0 30.0 30.0 30.0 30.0 0.0
62.6 30.0 30.0 30.0 30.0 30.0 30.0 30.0 30.0 30.0 30.0 0.0
62.7 30.0 30.0 30.0 30.0 30.0 30.0 30.0 30.0 30.0 30.0 0.0
62.8 30.0 30.0 30.0 30.0 30.0 30.0 30.0 30.0 30.0 30.0 0.0
62.9 30.0 30.0 30.0 30.0 30.0 30.0 30.0 30.0 30.0 30.0 0.0
63.0 30.0 30.0 30.0 30.0 30.0 30.0 30.0 30.0 30.0 30.0 0.0
63.1 30.0 30.0 30.0 30.0 30.0 30.0 30.0 30.0 30.0 30.0 0.0
63.2 30.0 30.0 30.0 30.0 30.0 30.0 30.0 30.0 30.0 30.0 0.0
63.3 30.0 30.0 30.0 30.0 30.0 30.0 30.0 30.0 30.0 30.0 0.0
63.4 30.0 30.0 30.0 30.0 30.0 30.0 30.0 30.0 30.0 30.0 0.0
63.5 30.0 30.0 30.0 30.0 30.0 30.0 30.0 30.0 30.0 30.0 0.0
63.6 30.0 30.0 30.0 30.0 30.0 30.0 30.0 30.0 30.0 30.0 0.0
63.7 30.0 30.0 30.0 30.0 30.0 30.0 30.0 30.0 30.0 30.0 0.0
63.8 30.0 30.0 30.0 30.0 30.0 30.0 30.0 30.0 30.0 30.0 0.0
63.9 30.0 30.0 30.0 30.0 30.0 30.0 30.0 30.0 30.0 30.0 0.0
64.0 30.0 30.0 30.0 30.0 30.0 30.0 30.0 30.0 30.0 30.0 0.0
64.1 30.0 30.0 30.0 30.0 30.0 30.0 30.0 30.0 30.0 30.0 0.0
64.2 30.0 30.0 30.0 30.0 30.0 30.0 30.0 30.0 30.0 30.0 0.0
64.3 30.0 30.0 30.0 30.0 30.0 30.0 30.0 30.0 30.0 30.0 0.0
64.4 30.0 30.0 30.0 30.0 30.0 30.0 30.0 30.0 30.0 30.0 0.0
64.5 30.0 30.0 30.0 30.0 30.0 30.0 30.0 30.0 30.0 30.0 0.0
64.6 30.0 30.0 30.0 30.0 30.0 30.0 30.0 30.0 30.0 30.0 0.0
64.7 30.0 30.0 30.0 30.0 30.0 30.0 30.0 30.0 30.0 30.0 0.0
64.8 30.0 30.0 30.0 30.0 30.0 30.0 30.0 30.0 30.0 30.0 0.0
64.9 30.0 30.0 30.0 30.0 30.0 30.0 30.0 30.0 30.0 30.0 0.0
65.0 30.0 30.0 30.0 30.0 30.0 30.0 30.0 30.0 30.0 30.0 0.0
65.1 30.0 30.0 30.0 30.0 30.0 30.0 30.0 30.0 30.0 30.0 0.0
65.2 30.0 30.0 30.0 30.0 30.0 30.0 30.0 30.0 30.0 30.0 0.0
65.3 30.0 30.0 30.0 30.0 30.0 30.0 30.0 30.0 30.0 30.0 0.0
65.4 30.0 30.0 30.0 30.0 30.0 30.0 30.0 30.0 30.0 30.0 0.0
65.5 30.0 30.0 30.0 30.0 30.0 30.0 30.0 30.0 30.0 30.0 0.0
65.6 30.0 30.0 30.0 30.0 30.0 30.0 30.0 30.0 30.0 30.0 0.0
65.7 30.0 30.0 30.0 30.0 30.0 30.0 30.0 30.0 30.0 30.0 0.0
65.8 30.0 30.0 30.0 30.0 30.0 30.0 30.0 30.0 30.0 30.0 0.0
65.9 30.0 30.0 30.0 30.0 30.0 30.0 30.0 30.0 30.0 30.0 0.0
66.0 30.0 30.0 30.0 30.0 30.0 30.0 30.0 30.0 30.0 30.0 0.0
66.1 30.0 30.0 30.0 30.0 30.0 30.0 30.0 30.0 30.0 30.0 0.0
66.2 30.0 30.0 30.0 30.0 30.0 30.0 30.0 30.0 30.0 30.0 0.0
66.3 30.0 30.0 30.0 30.0 30.0 30.0 30.0 30.0 30.0 30.0 0.0
66.4 30.0 30.0 30.0 30.0 30.0 30.0 30.0 30.0 30.0 30.0 0.0
66.5 30.0 30.0 30.0 30.0 30.0 30.0 30.0 30.0 30.0 30.0 0.0
66.6 30.0 30.0 30.0 30.0 30.0 30.0 30.0 30.0 30.0 30.0 0.0
66.7 30.0 30.0 30.0 30.0 30.0 30.0 30.0 30.0 30.0 30.0 0.0
66.8 30.0 30.0 30.0 30.0 30.0 30.0 30.0 30.0 30.0 30.0 0.0
66.9 30.0 30.0 30.0 30.0 30.0 30.0 30.0 30.0 30.0 30.0 0.0
67.0 30.0 30.0 30.0 30.0 30.0 30.0 30.0 30.0 30.0 30.0 0.0
67.1 30.0 30.0 30.0 30.0 30.0 30.0 30.0 30.0 30.0 30.0 0.0
67.2 30.0 30.0 30.0 30.0 30.0 30.0 30.0 30.0 30.0 30.0 0.0
67.3 30.0 30.0 30.0 30.0 30.0 30.0 30.0 30.0 30.0 30.0 0.0
67.4 30.0 30.0 30.0 30.0 30.0 30.0 30.0 30.0 30.0 30.0 0.0
67.5 30.0 30.0 30.0 30.0 30.0 30.0 30.0 30.0 30.0 30.0 0.0
67.6 30.0 30.0 30.0 30.0 30.0 30.0 30.0 30.0 30.0 30.0 0.0
67.7 30.0 30.0 30.0 30.0 30.0 30.0 30.0 30.0 30.0 30.0 0.0
67.8 30.0 30.0 30.0 30.0 30.0 30.0 30.0 30.0 30.0 30.0 0.0
67.9 30.0 30.0 30.0 30.0 30.0 30.0 30.0 30.0 30.0 30.0 0.0
68.0 30.0 30.0 30.0 30.0 30.0 30.0 30.0 30.0 30.0 30.0 0.0
68.1 30.0 30.0 30.0 30.0 30.0 30.0 30.0 30.0 30.0 30.0 0.0
68.2 30.0 30.0 30.0 30.0 30.0 30.0 30.0 30.0 30.0 30.0 0.0
68.3 30.0 30.0 30.0 30.0 30.0 30.0 30.0 30.0 30.0 30.0 0.0
68.4 30.0 30.0 30.0 30.0 30.0 30.0 30.0 30.0 30.0 30.0 0.0
68.5 30.0 30.0 30.0 30.0 30.0 30.0 30.0 30.0 30.0 30.0 0.0
68.6 30.0 30.0 30.0 30.0 30.0 30.0 30.0 30.0 30.0 30.0 0.0
68.7 30.0 30.0 30.0 30.0 30.0 30.0 30.0 30.0 30.0 30.0 0.0
68.8 30.0 30.0 30.0 30.0 30.0 30.0 30.0 30.0 30.0 30.0 0.0
68.9 30.0 30.0 30.0 30.0 30.0 30.0 30.0 30.0 30.0 30.0 0.0
69.0 30.0 30.0 30.0 30.0 30.0 30.0 30.0 30.0 30.0 30.0 0.0
69.1 30.0 30.0 30.0 30.0 30.0 30.0 30.0 30.0 30.0 30.0 0.0
69.2 30.0 30.0 30.0 30.0 30.0 30.0 30.0 30.0 30.0 30.0 0.0
69.3 30.0 30.0 30.0 30.0 30.0 30.0 30.0 30.0 30.0 30.0 0.0
69.4 30.0 30.0 30.0 30.0 30.0 30.0 30.0 30.0 30.0 30.0 0.0
69.5 30.0 30.0 30.0 30.0 30.0 30.0 30.0 30.0 30.0 30.0 0.0
69.6 30.0 30.0 30.0 30.0 30.0 30.0 30.0 30.0 30.0 30.0 0.0
69.7 30.0 30.0 30.0 30.0 30.0 30.0 30.0 30.0 30.0 30.0 0.0
69.8 30.0 30.0 30.0 30.0 30.0 30.0 30.0 30.0 30.0 30.0 0.0
69.9 30.0 30.0 30.0 30.0 30.0 30.0 30.0 30.0 30.0 30.0 0.0
70.0 30.0 30.0 30.0 30.0 30.0 30.0 30.0 30.0 30.0 30.0 0.0
70.1 30.0 30.0 30.0 30.0 30.0 30.0 30.0 30.0 30.0 30.0 0.0
70.2 30.0 30.0 30.0 30.0 30.0 30.0 30.0 30.0 30.0 30.0 0.0
70.3 30.0 30.0 30.0 30.0 30.0 30.0 30.0 30.0 30.0 30.0 0.0
70.4 30.0 30.0 30.0 30.0 30.0 30.0 30.0 30.0 30.0 30.0 0.0
70.5 30.0 30.0 30.0 30.0 30.0 30.0 30.0 30.0 30.0 30.0 0.0
70.6 30.0 30.0 30.0 30.0 30.0 30.0 30.0 30.0 30.0 30.0 0.0
70.7 30.0 30.0 30.0 30.0 30.0 30.0 30.0 30.0 30.0 30.0 0.0
70.8 30.0 30.0 30.0 30.0 30.0 30.0 30.0 30.0 30.0 30.0 0.0
70.9 30.0 30.0 30.0 30.0 30.0 30.0 30.0 30.0 30.0 30.0 0.0
71.0 30.0 30.0 30.0 30.0 30.0 30.0 30.0 30.0 30.0 30.0 0.0
71.1 30.0 30.0 30.0 30.0 30.0 30.0 30.0 30.0 30.0 30.0 0.0
71.2 30.0 30.0 30.0 30.0 30.0 30.0 30.0 30.0 30.0 30.0 0.0
71.3 30.0 30.0 30.0 30.0 30.0 30.0 30.0 30.0 30.0 30.0 0.0
71.4 30.0 30.0 30.0 30.0 30.0 30.0 30.0 30.0 30.0 30.0 0.0
71.5 30.0 30.0 30.0 30.0 30.0 30.0 30.0 30.0 30.0 30.0 0.0
71.6 30.0 30.0 30.0 30.0 30.0 30.0 30.0 30.0 30.0 30.0 0.0
71.7 30.0 30.0 30.0 30.0 30.0 30.0 30.0 30.0 30.0 30.0 0.0
71.8 30.0 30.0 30.0 30.0 30.0 30.0 30.0 30.0 30.0 30.0 0.0
71.9 30.0 30.0 30.0 30.0 30.0 30.0 30.0 30.0 30.0 30.0 0.0
72.0 30.0 30.0 30.0 30.0 30.0 30.0 30.0 30.0 30.0 30.0 0.0
72.1 30.0 30.0 30.0 30.0 30.0 30.0 30.0 30.0 30.0 30.0 0.0
72.2 30.0 30.0 30.0 30.0 30.0 30.0 30.0 30.0 30.0 30.0 0.0
72.3 30.0 30.0 30.0 30.0 30.0 30.0 30.0 30.0 30.0 30.0 0.0
72.4 30.0 30.0 30.0 30.0 30.0 30.0 30.0 30.0 30.0 30.0 0.0
72.5 30.0 30.0 30.0 30.0 30.0 30.0 30.0 30.0 30.0 30.0 0.0
72.6 30.0 30.0 30.0 30.0 30.0 30.0 30.0 30.0 30.0 30.0 0.0
72.7 30.0 30.0 30.0 30.0 30.0 30.0 30.0 30.0 30.0 30.0 0.0
72.8 30.0 30.0 30.0 30.0 30.0 30.0 30.0 30.0 30.0 30.0 0.0
72.9 30.0 30.0 30.0 30.0 30.0 30.0 30.0 30.0 30.0 30.0 0.0
73.0 30.0 30.0 30.0 30.0 30.0 30.0 30.0 30.0 30.0 30.0 0.0
73.1 30.0 30.0 30.0 30.0 30.0 30.0 30.0 30.0 30.0 30.0 0.0
73.2 30.0 30.0 30.0 30.0 30.0 30.0 30.0 30.0 30.0 30.0 0.0
73.3 30.0 30.0 30.0 30.0 30.0 30.0 30.0 30.0 30.0 30.0 0.0
73.4 30.0 30.0 30.0 30.0 30.0 30.0 30.0 30.0 30.0 30.0 0.0
73.5 30.0 30.0 30.0 30.0 30.0 30.0 30.0 30.0 30.0 30.0 0.0
73.6 30.0 30.0 30.0 30.0 30.0 30.0 30.0 30.0 30.0 30.0 0.0
73.7 30.0 30.0 30.0 30.0 30.0 30.0 30.0 30.0 30.0 30.0 0.0
73.8 30.0 30.0 30.0 30.0 30.0 30.0 30.0 30.0 30.0 30.0 0.0
73.9 30.0 30.0 30.0 30.0 30.0 30.0 30.0 30.0 30.0 30.0 0.0
74.0 30.0 30.0 30.0 30.0 30.0 30.0 30.0 30.0 30.0 30.0 0.0
74.1 30.0 30.0 30.0 30.0 30.0 30.0 30.0 30.0 30.0 30.0 0.0
74.2 30.0 30.0 30.0 30.0 30.0 30.0 30.0 30.0 30.0 30.0 0.0
74.3 30.0 30.0 30.0 30.0 30.0 30.0 30.0 30.0 30.0 30.0 0.0
74.4 30.0 30.0 30.0 30.0 30.0 30.0 30.0 30.0 30.0 30.0 0.0
74.5 30.0 30.0 30.0 30.0 30.0 30.0 30.0 30.0 30.0 30.0 0.0
74.6 30.0 30.0 30.0 30.0 30.0 30.0 30.0 30.0 30.0 30.0 0.0
74.7 30.0 30.0 30.0 30.0 30.0 30.0 30.0 30.0 30.0 30.0 0.0
74.8 30.0 30.0 30.0 30.0 30.0 30.0 30.0 30.0 30.0 30.0 0.0
74.9 30.0 30.0 30.0 30.0 30.0 30.0 30.0 30.0 30.0 30.0 0.0
75.0 30.0 30.0 30.0 30.0 30.0 30.0 30.0 30.0 30.0 30.0 0.0
75.1 30.0 30.0 30.0 30.0 30.0 30.0 30.0 30.0 30.0 30.0 0.0
75.2 30.0 30.0 30.0 30.0 30.0 30.0 30.0 30.0 30.0 30.0 0.0
75.3 30.0 30.0 30.0 30.0 30.0 30.0 30.0 30.0 30.0 30.0 0.0
75.4 30.0 30.0 30.0 30.0 30.0 30.0 30.0 30.0 30.0 30.0 0.0
75.5 30.0 30.0 30.0 30.0 30.0 30.0 30.0 30.0 30.0 30.0 0.0
75.6 30.0 30.0 30.0 30.0 30.0 30.0 30.0 30.0 30.0 30.0 0.0
75.7 30.0 30.0 30.0 30.0 30.0 30.0 30.0 30.0 30.0 30.0 0.0
75.8 30.0 30.0 30.0 30.0 30.0 30.0 30.0 30.0 30.0 30.0 0.0
75.9 30.0 30.0 30.0 30.0 30.0 30.0 30.0 30.0 30.0 30.0 0.0
76.0 30.0 30.0 30.0 30.0 30.0 30.0 30.0 30.0 30.0 30.0 0.0
76.1 30.0 30.0 30.0 30.0 30.0 30.0 30.0 30.0 30.0 30.0 0.0
76.2 30.0 30.0 30.0 30.0 30.0 30.0 30.0 30.0 30.0 30.0 0.0
76.3 30.0 30.0 30.0 30.0 30.0 30.0 30.0 30.0 30.0 30.0 0.0
76.4 30.0 30.0 30.0 30.0 30.0 30.0 30.0 30.0 30.0 30.0 0.0
76.5 30.0 30.0 30.0 30.0 30.0 30.0 30.0 30.0 30.0 30.0 0.0
76.6 30.0 30.0 30.0 30.0 30.0 30.0 30.0 30.0 30.0 30.0 0.0
76.7 30.0 30.0 30.0 30.0 30.0 30.0 30.0 30.0 30.0 30.0 0.0
76.8 30.0 30.0 30.0 30.0 30.0 30.0 30.0 30.0 30.0 30.0 0.0
76.9 30.0 30.0 30.0 30.0 30.0 30.0 30.0 30.0 30.0 30.0 0.0
77.0 30.0 30.0 30.0 30.0 30.0 30.0 30.0 30.0 30.0 30.0 0.0
77.1 30.0 30.0 30.0 30.0 30.0 30.0 30.0 30.0 30.0 30.0 0.0
77.2 30.0 30.0 30.0 30.0 30.0 30.0 30.0 30.0 30.0 30.0 0.0
77.3 30.0 30.0 30.0 30.0 30.0 30.0 30.0 30.0 30.0 30.0 0.0
77.4 30.0 30.0 30.0 30.0 30.0 30.0 30.0 30.0 30.0 30.0 0.0
77.5 30.0 30.0 30.0 30.0 30.0 30.0 30.0 30.0 30.0 30.0 0.0
77.6 30.0 30.0 30.0 30.0 30.0 30.0 30.0 30.0 30.0 30.0 0.0
77.7 30.0 30.0 30.0 30.0 30.0 30.0 30.0 30.0 30.0 30.0 0.0
77.8 30.0 30.0 30.0 30.0 30.0 30.0 30.0 30.0 30.0 30.0 0.0
77.9 30.0 30.0 30.0 30.0 30.0 30.0 30.0 30.0 30.0 30.0 0.0
78.0 30.0 30.0 30.0 30.0 30.0 30.0 30.0 30.0 30.0 30.0 0.0
78.1 30.0 30.0 30.0 30.0 30.0 30.0 30.0 30.0 30.0 30.0 0.0
78.2 30.0 30.0 30.0 30.0 30.0 30.0 30.0 30.0 30.0 30.0 0.0
78.3 30.0 30.0 30.0 30.0 30.0 30.0 30.0 30.0 30.0 30.0 0.0
78.4 30.0 30.0 30.0 30.0 30.0 30.0 30.0 30.0 30.0 30.0 0.0
78.5 30.0 30.0 30.0 30.0 30.0 30.0 30.0 30.0 30.0 30.0 0.0
78.6 30.0 30.0 30.0 30.0 30.0 30.0 30.0 30.0 30.0 30.0 0.0
78.7 30.0 30.0 30.0 30.0 30.0 30.0 30.0 30.0 30.0 30.0 0.0
78.8 30.0 30.0 30.0 30.0 30.0 30.0 30.0 30.0 30.0 30.0 0.0
78.9 30.0 30.0 30.0 30.0 30.0 30.0 30.0 30.0 30.0 30.0 0.0
79.0 30.0 30.0 30.0 30.0 30.0 30.0 30.0 30.0 30.0 30.0 0.0
79.1 30.0 30.0 30.0 30.0 30.0 30.0 30.0 30.0 30.0 30.0 0.0
79.2 30.0 30.0 30.0 30.0 30.0 30.0 30.0 30.0 30.0 30.0 0.0
79.3 30.0 30.0 30.0 30.0 30.0 30.0 30.0 30.0 30.0 30.0 0.0
79.4 30.0 30.0 30.0 30.0 30.0 30.0 30.0 30.0 30.0 30.0 0.0
79.5 30.0 30.0 30.0 30.0 30.0 30.0 30.0 30.0 30.0 30.0 0.0
79.6 30.0 30.0 30.0 30.0 30.0 30.0 30.0 30.0 30.0 30.0 0.0
79.7 30.0 30.0 30.0 30.0 30.0 30.0 30.0 30.0 30.0 30.0 0.0
79.8 30.0 30.0 30.0 30.0 30.0 30.0 30.0 30.0 30.0 30.0 0.0
79.9 30.0 30.0 30.0 30.0 30.0 30.0 30.0 30.0 30.0 30.0 0.0
80.0 30.0 30.0 30.0 30.0 30.0 30.0 30.0 30.0 30.0 30.0 0.0
80.1 30.0 30.0 30.0 30.0 30.0 30.0 30.0 30.0 30.0 30.0 0.0
80.2 30.0 30.0 30.0 30.0 30.0 30.0 30.0 30.0 30.0 30.0 0.0
80.3 30.0 30.0 30.0 30.0 30.0 30.0 30.0 30.0 30.0 30.0 0.0
80.4 30.0 30.0 30.0 30.0 30.0 30.0 30.0 30.0 30.0 30.0 0.0
80.5 30.0 30.0 30.0 30.0 30.0 30.0 30.0 30.0 30.0 30.0 0.0
80.6 30.0 30.0 30.0 30.0 30.0 30.0 30.0 30.0 30.0 30.0 0.0
80.7 30.0 30.0 30.0 30.0 30.0 30.0 30.0 30.0 30.0 30.0 0.0
80.8 30.0 30.0 30.0 30.0 30.0 30.0 30.0 30.0 30.0 30.0 0.0
80.9 30.0 30.0 30.0 30.0 30.0 30.0 30.0 30.0 30.0 30.0 0.0
81.0 30.0 30.0 30.0 30.0 30.0 30.0 30.0 30.0 30.0 30.0 0.0
81.1 30.0 30.0 30.0 30.0 30.0 30.0 30.0 30.0 30.0 30.0 0.0
81.2 30.0 30.0 30.0 30.0 30.0 30.0 30.0 30.0 30.0 30.0 0.0
81.3 30.0 30.0 30.0 30.0 30.0 30.0 30.0 30.0 30.0 30.0 0.0
81.4 30.0 30.0 30.0 30.0 30.0 30.0 30.0 30.0 30.0 30.0 0.0
81.5 30.0 30.0 30.0 30.0 30.0 30.0 30.0 30.0 30.0 30.0 0.0
81.6 30.0 30.0 30.0 30.0 30.0 30.0 30.0 30.0 30.0 30.0 0.0
81.7 30.0 30.0 30.0 30.0 30.0 30.0 30.0 30.0 30.0 30.0 0.0
81.8 30.0 30.0 30.0 30.0 30.0 30.0 30.0 30.0 30.0 30.0 0.0
81.9 30.0 30.0 30.0 30.0 30.0 30.0 30.0 30.0 30.0 30.0 0.0
82.0 30.0 30.0 30.0 30.0 30.0 30.0 30.0 30.0 30.0 30.0 0.0
82.1 30.0 30.0 30.0 30.0 30.0 30.0 30.0 30.0 30.0 30.0 0.0
82.2 30.0 30.0 30.0 30.0 30.0 30.0 30.0 30.0 30.0 30.0 0.0
82.3 30.0 30.0 30.0 30.0 30.0 30.0 30.0 30.0 30.0 30.0 0.0
82.4 30.0 30.0 30.0 30.0 30.0 30.0 30.0 30.0 30.0 30.0 0.0
82.5 30.0 30.0 30.0 30.0 30.0 30.0 30.0 30.0 30.0 30.0 0.0
82.6 30.0 30.0 30.0 30.0 30.0 30.0 30.0 30.0 30.0 30.0 0.0
82.7 30.0 30.0 30.0 30.0 30.0 30.0 30.0 30.0 30.0 30.0 0.0
82.8 30.0 30.0 30.0 30.0 30.0 30.0 30.0 30.0 30.0 30.0 0.0
82.9 30.0 30.0 30.0 30.0 30.0 30.0 30.0 30.0 30.0 30.0 0.0
83.0 30.0 30.0 30.0 30.0 30.0 30.0 30.0 30.0 30.0 30.0 0.0
83.1 30.0 30.0 30.0 30.0 30.0 30.0 30.0 30.0 30.0 30.0 0.0
83.2 30.0 30.0 30.0 30.0 30.0 30.0 30.0 30.0 30.0 30.0 0.0
83.3 30.0 30.0 30.0 30.0 30.0 30.0 30.0 30.0 30.0 30.0 0.0
83.4 30.0 30.0 30.0 30.0 30.0 30.0 30.0 30.0 30.0 30.0 0.0
83.5 30.0 30.0 30.0 30.0 30.0 30.0 30.0 30.0 30.0 30.0 0.0
83.6 30.0 30.0 30.0 30.0 30.0 30.0 30.0 30.0 30.0 30.0 0.0
83.7 30.0 30.0 30.0 30.0 30.0 30.0 30.0 30.0 30.0 30.0 0.0
83.8 30.0 30.0 30.0 30.0 30.0 30.0 30.0 30.0 30.0 30.0 0.0
83.9 30.0 30.0 30.0 30.0 30.0 30.0 30.0 30.0 30.0 30.0 0.0
84.0 30.0 30.0 30.0 30.0 30.0 30.0 30.0 30.0 30.0 30.0 0.0
84.1 30.0 30.0 30.0 30.0 30.0 30.0 30.0 30.0 30.0 30.0 0.0
84.2 30.0 30.0 30.0 30.0 30.0 30.0 30.0 30.0 30.0 30.0 0.0
84.3 30.0 30.0 30.0 30.0 30.0 30.0 30.0 30.0 30.0 30.0 0.0
84.4 30.0 30.0 30.0 30.0 30.0 30.0 30.0 30.0 30.0 30.0 0.0
84.5 30.0 30.0 30.0 30.0 30.0 30.0 30.0 30.0 30.0 30.0 0.0
84.6 30.0 30.0 30.0 30.0 30.0 30.0 30.0 30.0 30.0 30.0 0.0
84.7 30.0 30.0 30.0 30.0 30.0 30.0 30.0 30.0 30.0 30.0 0.0
84.8 30.0 30.0 30.0 30.0 30.0 30.0 30.0 30.0 30.0 30.0 0.0
84.9 30.0 30.0 30.0 30.0 30.0 30.0 30.0 30.0 30.0 30.0 0.0
85.0 30.0 30.0 30.0 30.0 30.0 30.0 30.0 30.0 30.0 30.0 0.0
85.1 30.0 30.0 30.0 30.0 30.0 30.0 30.0 30.0 30.0 30.0 0.0
85.2 30.0 30.0 30.0 30.0 30.0 30.0 30.0 30.0 30.0 30.0 0.0
85.3 30.0 30.0 30.0 30.0 30.0 30.0 30.0 30.0 30.0 30.0 0.0
85.4 30.0 30.0 30.0 30.0 30.0 30.0 30.0 30.0 30.0 30.0 0.0
85.5 30.0 30.0 30.0 30.0 30.0 30.0 30.0 30.0 30.0 30.0 0.0
85.6 30.0 30.0 30.0 30.0 30.0 30.0 30.0 30.0 30.0 30.0 0.0
85.7 30.0 30.0 30.0 30.0 30.0 30.0 30.0 30.0 30.0 30.0 0.0
85.8 30.0 30.0 30.0 30.0 30.0 30.0 30.0 30.0 30.0 30.0 0.0
85.9 30.0 30.0 30.0 30.0 30.0 30.0 30.0 30.0 30.0 30.0 0.0
86.0 30.0 30.0 30.0 30.0 30.0 30.0 30.0 30.0 30.0 30.0 0.0
86.1 30.0 30.0 30.0 30.0 30.0 30.0 30.0 30.0 30.0 30.0 0.0
86.2 30.0 30.0 30.0 30.0 30.0 30.0 30.0 30.0 30.0 30.0 0.0
86.3 30.0 30.0 30.0 30.0 30.0 30.0 30.0 30.0 30.0 30.0 0.0
86.4 30.0 30.0 30.0 30.0 30.0 30.0 30.0 30.0 30.0 30.0 0.0
86.5 30.0 30.0 30.0 30.0 30.0 30.0 30.0 30.0 30.0 30.0 0.0
86.6 30.0 30.0 30.0 30.0 30.0 30.0 30.0 30.0 30.0 30.0 0.0
86.7 30.0 30.0 30.0 30.0 30.0 30.0 30.0 30.0 30.0 30.0 0.0
86.8 30.0 30.0 30.0 30.0 30.0 30.0 30.0 30.0 30.0 30.0 0.0
86.9 30.0 30.0 30.0 30.0 30.0 30.0 30.0 30.0 30.0 30.0 0.0
87.0 30.0 30.0 30.0 30.0 30.0 30.0 30.0 30.0 30.0 30.0 0.0
87.1 30.0 30.0 30.0 30.0 30.0 30.0 30.0 30.0 30.0 30.0 0.0
87.2 30.0 30.0 30.0 30.0 30.0 30.0 30.0 30.0 30.0 30.0 0.0
87.3 30.0 30.0 30.0 30.0 30.0 30.0 30.0 30.0 30.0 30.0 0.0
87.4 30.0 30.0 30.0 30.0 30.0 30.0 30.0 30.0 30.0 30.0 0.0
87.5 30.0 30.0 30.0 30.0 30.0 30.0 30.0 30.0 30.0 30.0 0.0
87.6 30.0 30.0 30.0 30.0 30.0 30.0 30.0 30.0 30.0 30.0 0.0
87.7 30.0 30.0 30.0 30.0 30.0 30.0 30.0 30.0 30.0 30.0 0.0
87.8 30.0 30.0 30.0 30.0 30.0 30.0 30.0 30.0 30.0 30.0 0.0
87.9 30.0 30.0 30.0 30.0 30.0 30.0 30.0 30.0 30.0 30.0 0.0
88.0 30.0 30.0 30.0 30.0 30.0 30.0 30.0 30.0 30.0 30.0 0.0
88.1 30.0 30.0 30.0 30.0 30.0 30.0 30.0 30.0 30.0 30.0 0.0
88.2 30.0 30.0 30.0 30.0 30.0 30.0 30.0 30.0 30.0 30.0 0.0
88.3 30.0 30.0 30.0 30.0 30.0 30.0 30.0 30.0 30.0 30.0 0.0
88.4 30.0 30.0 30.0 30.0 30.0 30.0 30.0 30.0 30.0 30.0 0.0
88.5 30.0 30.0 30.0 30.0 30.0 30.0 30.0 30.0 30.0 30.0 0.0
88.6 30.0 30.0 30.0 30.0 30.0 30.0 30.0 30.0 30.0 30.0 0.0
88.7 30.0 30.0 30.0 30.0 30.0 30.0 30.0 30.0 30.0 30.0 0.0
88.8 30.0 30.0 30.0 30.0 30.0 30.0 30.0 30.0 30.0 30.0 0.0
88.9 30.0 30.0 30.0 30.0 30.0 30.0 30.0 30.0 30.0 30.0 0.0
89.0 30.0 30.0 30.0 30.0 30.0 30.0 30.0 30.0 30.0 30.0 0.0
89.1 30.0 30.0 30.0 30.0 30.0 30.0 30.0 30.0 30.0 30.0 0.0
89.2 30.0 30.0 30.0 30.0 30.0 30.0 30.0 30.0 30.0 30.0 0.0
89.3 30.0 30.0 30.0 30.0 30.0 30.0 30.0 30.0 30.0 30.0 0.0
89.4 30.0 30.0 30.0 30.0 30.0 30.0 30.0 30.0 30.0 30.0 0.0
89.5 30.0 30.0 30.0 30.0 30.0 30.0 30.0 30.0 30.0 30.0 0.0
89.6 30.0 30.0 30.0 30.0 30.0 30.0 30.0 30.0 30.0 30.0 0.0
89.7 30.0 30.0 30.0 30.0 30.0 30.0 30.0 30.0 30.0 30.0 0.0
89.8 30.0 30.0 30.0 30.0 30.0 30.0 30.0 30.0 30.0 30.0 0.0
89.9 30.0 30.0 30.0 30.0 30.0 30.0 30.0 30.0 30.0 30.0 0.0
90.0 30.0 30.0 30.0 30.0 30.0 30.0 30.0 30.0 30.0 30.0 0.0
90.1 30.0 30.0 30.0 30.0 30.0 30.0 30.0 30.0 30.0 30.0 0.0
90.2 30.0 30.0 30.0 30.0 30.0 30.0 30.0 30.0 30.0 30.0 0.0
90.3 30.0 30.0 30.0 30.0 30.0 30.0 30.0 30.0 30.0 30.0 0.0
90.4 30.0 30.0 30.0 30.0 30.0 30.0 30.0 30.0 30.0 30.0 0.0
90.5 30.0 30.0 30.0 30.0 30.0 30.0 30.0 30.0 30.0 30.0 0.0
90.6 30.0 30.0 30.0 30.0 30.0 30.0 30.0 30.0 30.0 30.0 0.0
90.7 30.0 30.0 30.0 30.0 30.0 30.0 30.0 30.0 30.0 30.0 0.0
90.8 30.0 30.0 30.0 30.0 30.0 30.0 30.0 30.0 30.0 30.0 0.0
90.9 30.0 30.0 30.0 30.0 30.0 30.0 30.0 30.0 30.0 30.0 0.0
91.0 30.0 30.0 30.0 30.0 30.0 30.0 30.0 30.0 30.0 30.0 0.0
91.1 30.0 30.0 30.0 30.0 30.0 30.0 30.0 30.0 30.0 30.0 0.0
91.2 30.0 30.0 30.0 30.0 30.0 30.0 30.0 30.0 30.0 30.0 0.0
91.3 30.0 30.0 30.0 30.0 30.0 30.0 30.0 30.0 30.0 30.0 0.0
91.4 30.0 30.0 30.0 30.0 30.0 30.0 30.0 30.0 30.0 30.0 0.0
91.5 30.0 30.0 30.0 30.0 30.0 30.0 30.0 30.0 30.0 30.0 0.0
91.6 30.0 30.0 30.0 30.0 30.0 30.0 30.0 30.0 30.0 30.0 0.0
91.7 30.0 30.0 30.0 30.0 30.0 30.0 30.0 30.0 30.0 30.0 0.0
91.8 30.0 30.0 30.0 30.0 30.0 30.0 30.0 30.0 30.0 30.0 0.0
91.9 30.0 30.0 30.0 30.0 30.0 30.0 30.0 30.0 30.0 30.0 0.0
92.0 30.0 30.0 30.0 30.0 30.0 30.0 30.0 30.0 30.0 30.0 0.0
92.1 30.0 30.0 30.0 30.0 30.0 30.0 30.0 30.0 30.0 30.0 0.0
92.2 30.0 30.0 30.0 30.0 30.0 30.0 30.0 30.0 30.0 30.0 0.0
92.3 30.0 30.0 30.0 30.0 30.0 30.0 30.0 30.0 30.0 30.0 0.0
92.4 30.0 30.0 30.0 30.0 30.0 30.0 30.0 30.0 30.0 30.0 0.0
92.5 30.0 30.0 30.0 30.0 30.0 30.0 30.0 30.0 30.0 30.0 0.0
92.6 30.0 30.0 30.0 30.0 30.0 30.0 30.0 30.0 30.0 30.0 0.0
92.7 30.0 30.0 30.0 30.0 30.0 30.0 30.0 30.0 30.0 30.0 0.0
92.8 30.0 30.0 30.0 30.0 30.0 30.0 30.0 30.0 30.0 30.0 0.0
92.9 30.0 30.0 30.0 30.0 30.0 30.0 30.0 30.0 30.0 30.0 0.0
93.0 30.0 30.0 30.0 30.0 30.0 30.0 30.0 30.0 30.0 30.0 0.0
93.1 30.0 30.0 30.0 30.0 30.0 30.0 30.0 30.0 30.0 30.0 0.0
93.2 30.0 30.0 30.0 30.0 30.0 30.0 30.0 30.0 30.0 30.0 0.0
93.3 30.0 30.0 30.0 30.0 30.0 30.0 30.0 30.0 30.0 30.0 0.0
93.4 30.0 30.0 30.0 30.0 30.0 30.0 30.0 30.0 30.0 30.0 0.0
93.5 30.0 30.0 30.0 30.0 30.0 30.0 30.0 30.0 30.0 30.0 0.0
93.6 30.0 30.0 30.0 30.0 30.0 30.0 30.0 30.0 30.0 30.0 0.0
93.7 30.0 30.0 30.0 30.0 30.0 30.0 30.0 30.0 30.0 30.0 0.0
93.8 30.0 30.0 30.0 30.0 30.0 30.0 30.0 30.0 30.0 30.0 0.0
93.9 30.0 30.0 30.0 30.0 30.0 30.0 30.0 30.0 30.0 30.0 0.0
94.0 30.0 30.0 30.0 30.0 30.0 30.0 30.0 30.0 30.0 30.0 0.0
94.1 30.0 30.0 30.0 30.0 30.0 30.0 30.0 30.0 30.0 30.0 0.0
94.2 30.0 30.0 30.0 30.0 30.0 30.0 30.0 30.0 30.0 30.0 0.0
94.3 30.0 30.0 30.0 30.0 30.0 30.0 30.0 30.0 30.0 30.0 0.0
94.4 30.0 30.0 30.0 30.0 30.0 30.0 30.0 30.0 30.0 30.0 0.0
94.5 30.0 30.0 30.0 30.0 30.0 30.0 30.0 30.0 30.0 30.0 0.0
94.6 30.0 30.0 30.0 30.0 30.0 30.0 30.0 30.0 30.0 30.0 0.0
94.7 30.0 30.0 30.0 30.0 30.0 30.0 30.0 30.0 30.0 30.0 0.0
94.8 30.0 30.0 30.0 30.0 30.0 30.0 30.0 30.0 30.0 30.0 0.0
94.9 30.0 30.0 30.0 30.0 30.0 30.0 30.0 30.0 30.0 30.0 0.0
95.0 30.0 30.0 30.0 30.0 30.0 30.0 30.0 30.0 30.0 30.0 0.0
95.1 30.0 30.0 30.0 30.0 30.0 30.0 30.0 30.0 30.0 30.0 0.0
95.2 30.0 30.0 30.0 30.0 30.0 30.0 30.0 30.0 30.0 30.0 0.0
95.3 30.0 30.0 30.0 30.0 30.0 30.0 30.0 30.0 30.0 30.0 0.0
95.4 30.0 30.0 30.0 30.0 30.0 30.0 30.0 30.0 30.0 30.0 0.0
95.5 30.0 30.0 30.0 30.0 30.0 30.0 30.0 30.0 30.0 30.0 0.0
95.6 30.0 30.0 30.0 30.0 30.0 30.0 30.0 30.0 30.0 30.0 0.0
95.7 30.0 30.0 30.0 30.0 30.0 30.0 30.0 30.0 30.0 30.0 0.0
95.8 30.0 30.0 30.0 30.0 30.0 30.0 30.0 30.0 30.0 30.0 0.0
95.9 30.0 30.0 30.0 30.0 30.0 30.0 30.0 30.0 30.0 30.0 0.0
96.0 30.0 30.0 30.0 30.0 30.0 30.0 30.0 30.0 30.0 30.0 0.0
96.1 30.0 30.0 30.0 30.0 30.0 30.0 30.0 30.0 30.0 30.0 0.0
96.2 30.0 30.0 30.0 30.0 30.0 30.0 30.0 30.0 30.0 30.0 0.0
96.3 30.0 30.0 30.0 30.0 30.0 30.0 30.0 30.0 30.0 30.0 0.0
96.4 30.0 30.0 30.0 30.0 30.0 30.0 30.0 30.0 30.0 30.0 0.0
96.5 30.0 30.0 30.0 30.0 30.0 30.0 30.0 30.0 30.0 30.0 0.0
96.6 30.0 30.0 30.0 30.0 30.0 30.0 30.0 30.0 30.0 30.0 0.0
96.7 30.0 30.0 30.0 30.0 30.0 30.0 30.0 30.0 30.0 30.0 0.0
96.8 30.0 30.0 30.0 30.0 30.0 30.0 30.0 30.0 30.0 30.0 0.0
96.9 30.0 30.0 30.0 30.0 30.0 30.0 30.0 30.0 30.0 30.0 0.0
97.0 30.0 30.0 30.0 30.0 30.0 30.0 30.0 30.0 30.0 30.0 0.0
97.1 30.0 30.0 30.0 30.0 30.0 30.0 30.0 30.0 30.0 30.0 0.0
97.2 30.0 30.0 30.0 30.0 30.0 30.0 30.0 30.0 30.0 30.0 0.0
97.3 30.0 30.0 30.0 30.0 30.0 30.0 30.0 30.0 30.0 30.0 0.0
97.4 30.0 30.0 30.0 30.0 30.0 30.0 30.0 30.0 30.0 30.0 0.0
97.5 30.0 30.0 30.0 30.0 30.0 30.0 30.0 30.0 30.0 30.0 0.0
97.6 30.0 30.0 30.0 30.0 30.0 30.0 30.0 30.0 30.0 30.0 0.0
97.7 30.0 30.0 30.0 30.0 30.0 30.0 30.0 30.0 30.0 30.0 0.0
97.8 30.0 30.0 30.0 30.0 30.0 30.0 30.0 30.0 30.0 30.0 0.0
97.9 30.0 30.0 30.0 30.0 30.0 30.0 30.0 30.0 30.0 30.0 0.0
98.0 30.0 30.0 30.0 30.0 30.0 30.0 30.0 30.0 30.0 30.0 0.0
98.1 30.0 30.0 30.0 30.0 30.0 30.0 30.0 30.0 30.0 30.0 0.0
98.2 30.0 30.0 30.0 30.0 30.0 30.0 30.0 30.0 30.0 30.0 0.0
98.3 30.0 30.0 30.0 30.0 30.0 30.0 30.0 30.0 30.0 30.0 0.0
98.4 30.0 30.0 30.0 30.0 30.0 30.0 30.0 30.0 30.0 30.0 0.0
98.5 30.0 30.0 30.0 30.0 30.0 30.0 30.0 30.0 30.0 30.0 0.0
98.6 30.0 30.0 30.0 30.0 30.0 30.0 30.0 30.0 30.0 30.0 0.0
98.7 30.0 30.0 30.0 30.0 30.0 30.0 30.0 30.0 30.0 30.0 0.0
98.8 30.0 30.0 30.0 30.0 30.0 30.0 30.0 30.0 30.0 30.0 0.0
98.9 30.0 30.0 30.0 30.0 30.0 30.0 30.0 30.0 30.0 30.0 0.0
99.0 30.0 30.0 30.0 30.0 30.0 30.0 30.0 30.0 30.0 30.0 0.0
99.1 30.0 30.0 30.0 30.0 30.0 30.0 30.0 30.0 30.0 30.0 0.0
99.2 30.0 30.0 30.0 30.0 30.0 30.0 30.0 30.0 30.0 30.0 0.0
99.3 30.0 30.0 30.0 30.0 30.0 30.0 30.0 30.0 30.0 30.0 0.0
99.4 30.0 30.0 30.0 30.0 30.0 30.0 30.0 30.0 30.0 30.0 0.0
99.5 30.0 30.0 30.0 30.0 30.0 30.0 30.0 30.0 30.0 30.0 0.0
99.6 30.0 30.0 30.0 30.0 30.0 30.0 30.0 30.0 30.0 30.0 0.0
99.7 30.0 30.0 30.0 30.0 30.0 30.0 30.0 30.0 30.0 30.0 0.0
99.8 30.0 30.0 30.0 30.0 30.0 30.0 30.0 30.0 30.0 30.0 0.0
99.9 30.0 30.0 30.0 30.0 30.0 30.0 30.0 30.0 30.0 30.0 0.0
