0.0 0.0 -1073741824.0 -1073741824.0 -1073741824.0 -1073741824.0 -1073741824.0 -1073741824.0 -1073741824.0 -1073741824.0 -1073741824.0 -1073741824.0
0.1 0.6000000000000001 -1073741824.0 -1073741824.0 -1073741824.0 -1073741824.0 -1073741824.0 -1073741824.0 -1073741824.0 -1073741824.0 -1073741824.0 -1073741824.0
0.2 25.0 0.0 0.0 0.0 0.0 0.0 0.0 0.0 0.0 0.0 0.0
0.3 25.0 25.0 25.0 25.0 25.0 25.0 25.0 25.0 25.0 25.0 0.0
0.4 25.0 25.0 25.0 25.0 25.0 25.0 25.0 25.0 25.0 25.0 0.0
0.5 25.0 25.0 25.0 25.0 25.0 25.0 25.0 25.0 25.0 25.0 0.0
0.6 25.0 25.0 25.0 25.0 25.0 25.0 25.0 25.0 25.0 25.0 0.0
0.7 25.0 25.0 25.0 25.0 25.0 25.0 25.0 25.0 25.0 25.0 0.0
0.8 25.0 25.0 25.0 25.0 25.0 25.0 25.0 25.0 25.0 25.0 0.0
0.9 25.0 25.0 25.0 25.0 25.0 25.0 25.0 25.0 25.0 25.0 0.0
1.0 25.0 25.0 25.0 25.0 25.0 25.0 25.0 25.0 25.0 25.0 0.0
1.1 25.0 25.0 25.0 25.0 25.0 25.0 25.0 25.0 25.0 25.0 0.0
1.2 25.0 25.0 25.0 25.0 25.0 25.0 25.0 25.0 25.0 25.0 0.0
1.3 25.0 25.0 25.0 25.0 25.0 25.0 25.0 25.0 25.0 25.0 0.0
1.4 25.0 25.0 25.0 25.0 25.0 25.0 25.0 25.0 25.0 25.0 0.0
1.5 25.0 25.0 25.0 25.0 25.0 25.0 25.0 25.0 25.0 25.0 0.0
1.6 25.0 25.0 25.0 25.0 25.0 25.0 25.0 25.0 25.0 25.0 0.0
1.7 25.0 25.0 25.0 25.0 25.0 25.0 25.0 25.0 25.0 25.0 0.0
1.8 25.0 25.0 25.0 25.0 25.0 25.0 25.0 25.0 25.0 25.0 0.0
1.9 25.0 25.0 25.0 25.0 25.0 25.0 25.0 25.0 25.0 25.0 0.0
2.0 25.0 25.0 25.0 25.0 25.0 25.0 25.0 25.0 25.0 25.0 0.0
2.1 25.0 25.0 25.0 25.0 25.0 25.0 25.0 25.0 25.0 25.0 0.0
2.2 24.988523246627526 24.988523246627526 24.988523246627526 24.988523246627526 24.988523246627526 24.988523246627526 24.988523246627526 24.988523246627526 24.988523246627526 24.988523246627526 0.0
2.3 24.977046493255052 24.977046493255052 24.977046493255052 24.977046493255052 24.977046493255052 24.977046493255052 24.977046493255052 24.977046493255052 24.977046493255052 24.977046493255052 0.0
2.4 24.96556973988258 24.96556973988258 24.96556973988258 24.96556973988258 24.96556973988258 24.96556973988258 24.96556973988258 24.96556973988258 24.96556973988258 24.96556973988258 0.0
2.5 24.954092986510105 24.954092986510105 24.954092986510105 24.954092986510105 24.954092986510105 24.954092986510105 24.954092986510105 24.954092986510105 24.954092986510105 24.954092986510105 0.0
2.6 24.94261623313763 24.94261623313763 24.94261623313763 24.94261623313763 24.94261623313763 24.94261623313763 24.94261623313763 24.94261623313763 24.94261623313763 24.94261623313763 0.0
2.7 24.931139479765157 24.931139479765157 24.931139479765157 24.931139479765157 24.931139479765157 24.931139479765157 24.931139479765157 24.931139479765157 24.931139479765157 24.931139479765157 0.0
2.8 24.919662726392684 24.919662726392684 24.919662726392684 24.919662726392684 24.919662726392684 24.919662726392684 24.919662726392684 24.919662726392684 24.919662726392684 24.919662726392684 0.0
2.9 24.90818597302021 24.90818597302021 24.90818597302021 24.90818597302021 24.90818597302021 24.90818597302021 24.90818597302021 24.90818597302021 24.90818597302021 24.90818597302021 0.0
3.0 24.896709219647736 24.896709219647736 24.896709219647736 24.896709219647736 24.896709219647736 24.896709219647736 24.896709219647736 24.896709219647736 24.896709219647736 24.896709219647736 0.0
3.1 24.885232466275262 24.885232466275262 24.885232466275262 24.885232466275262 24.885232466275262 24.885232466275262 24.885232466275262 24.885232466275262 24.885232466275262 24.885232466275262 0.0
3.2 24.87375571290279 24.87375571290279 24.87375571290279 24.87375571290279 24.87375571290279 24.87375571290279 24.87375571290279 24.87375571290279 24.87375571290279 24.87375571290279 0.0
3.3 24.862278959530315 24.862278959530315 24.862278959530315 24.862278959530315 24.862278959530315 24.862278959530315 24.862278959530315 24.862278959530315 24.862278959530315 24.862278959530315 0.0
3.4 24.85080220615784 24.85080220615784 24.85080220615784 24.85080220615784 24.85080220615784 24.85080220615784 24.85080220615784 24.85080220615784 24.85080220615784 24.85080220615784 0.0
3.5 24.839325452785367 24.839325452785367 24.839325452785367 24.839325452785367 24.839325452785367 24.839325452785367 24.839325452785367 24.839325452785367 24.839325452785367 24.839325452785367 0.0
3.6 24.827848699412893 24.827848699412893 24.827848699412893 24.827848699412893 24.827848699412893 24.827848699412893 24.827848699412893 24.827848699412893 24.827848699412893 24.827848699412893 0.0
3.7 24.81637194604042 24.81637194604042 24.81637194604042 24.81637194604042 24.81637194604042 24.81637194604042 24.81637194604042 24.81637194604042 24.81637194604042 24.81637194604042 0.0
3.8 24.804895192667946 24.804895192667946 24.804895192667946 24.804895192667946 24.804895192667946 24.804895192667946 24.804895192667946 24.804895192667946 24.804895192667946 24.804895192667946 0.0
3.9 24.793418439295472 24.793418439295472 24.793418439295472 24.793418439295472 24.793418439295472 24.793418439295472 24.793418439295472 24.793418439295472 24.793418439295472 24.793418439295472 0.0
4.0 24.781941685922998 24.781941685922998 24.781941685922998 24.781941685922998 24.781941685922998 24.781941685922998 24.781941685922998 24.781941685922998 24.781941685922998 24.781941685922998 0.0
4.1 24.770464932550524 24.770464932550524 24.770464932550524 24.770464932550524 24.770464932550524 24.770464932550524 24.770464932550524 24.770464932550524 24.770464932550524 24.770464932550524 0.0
4.2 24.75898817917805 24.75898817917805 24.75898817917805 24.75898817917805 24.75898817917805 24.75898817917805 24.75898817917805 24.75898817917805 24.75898817917805 24.75898817917805 0.0
4.3 24.747511425805577 24.747511425805577 24.747511425805577 24.747511425805577 24.747511425805577 24.747511425805577 24.747511425805577 24.747511425805577 24.747511425805577 24.747511425805577 0.0
4.4 24.736034672433103 24.736034672433103 24.736034672433103 24.736034672433103 24.736034672433103 24.736034672433103 24.736034672433103 24.736034672433103 24.736034672433103 24.736034672433103 0.0
4.5 24.72455791906063 24.72455791906063 24.72455791906063 24.72455791906063 24.72455791906063 24.72455791906063 24.72455791906063 24.72455791906063 24.72455791906063 24.72455791906063 0.0
4.6 24.713081165688155 24.713081165688155 24.713081165688155 24.713081165688155 24.713081165688155 24.713081165688155 24.713081165688155 24.713081165688155 24.713081165688155 24.713081165688155 0.0
4.7 24.70160441231568 24.70160441231568 24.70160441231568 24.70160441231568 24.70160441231568 24.70160441231568 24.70160441231568 24.70160441231568 24.70160441231568 24.70160441231568 0.0
4.8 24.690127658943208 24.690127658943208 24.690127658943208 24.690127658943208 24.690127658943208 24.690127658943208 24.690127658943208 24.690127658943208 24.690127658943208 24.690127658943208 0.0
4.9 24.678650905570734 24.678650905570734 24.678650905570734 24.678650905570734 24.678650905570734 24.678650905570734 24.678650905570734 24.678650905570734 24.678650905570734 24.678650905570734 0.0
5.0 24.66717415219826 24.66717415219826 24.66717415219826 24.66717415219826 24.66717415219826 24.66717415219826 24.66717415219826 24.66717415219826 24.66717415219826 24.66717415219826 0.0
5.1 24.655697398825787 24.655697398825787 24.655697398825787 24.655697398825787 24.655697398825787 24.655697398825787 24.655697398825787 24.655697398825787 24.655697398825787 24.655697398825787 0.0
5.2 24.644220645453313 24.644220645453313 24.644220645453313 24.644220645453313 24.644220645453313 24.644220645453313 24.644220645453313 24.644220645453313 24.644220645453313 24.644220645453313 0.0
5.3 24.63274389208084 24.63274389208084 24.63274389208084 24.63274389208084 24.63274389208084 24.63274389208084 24.63274389208084 24.63274389208084 24.63274389208084 24.63274389208084 0.0
5.4 24.621267138708365 24.621267138708365 24.621267138708365 24.621267138708365 24.621267138708365 24.621267138708365 24.621267138708365 24.621267138708365 24.621267138708365 24.621267138708365 0.0
5.5 24.60979038533589 24.60979038533589 24.60979038533589 24.60979038533589 24.60979038533589 24.60979038533589 24.60979038533589 24.60979038533589 24.60979038533589 24.60979038533589 0.0
5.6 24.598313631963418 24.598313631963418 24.598313631963418 24.598313631963418 24.598313631963418 24.598313631963418 24.598313631963418 24.598313631963418 24.598313631963418 24.598313631963418 0.0
5.7 24.586836878590944 24.586836878590944 24.586836878590944 24.586836878590944 24.586836878590944 24.586836878590944 24.586836878590944 24.586836878590944 24.586836878590944 24.586836878590944 0.0
5.8 24.57536012521847 24.57536012521847 24.57536012521847 24.57536012521847 24.57536012521847 24.57536012521847 24.57536012521847 24.57536012521847 24.57536012521847 24.57536012521847 0.0
5.9 24.563883371845996 24.563883371845996 24.563883371845996 24.563883371845996 24.563883371845996 24.563883371845996 24.563883371845996 24.563883371845996 24.563883371845996 24.563883371845996 0.0
6.0 24.552406618473523 24.552406618473523 24.552406618473523 24.552406618473523 24.552406618473523 24.552406618473523 24.552406618473523 24.552406618473523 24.552406618473523 24.552406618473523 0.0
6.1 24.54092986510105 24.54092986510105 24.54092986510105 24.54092986510105 24.54092986510105 24.54092986510105 24.54092986510105 24.54092986510105 24.54092986510105 24.54092986510105 0.0
6.2 24.529453111728575 24.529453111728575 24.529453111728575 24.529453111728575 24.529453111728575 24.529453111728575 24.529453111728575 24.529453111728575 24.529453111728575 24.529453111728575 0.0
6.3 24.5179763583561 24.5179763583561 24.5179763583561 24.5179763583561 24.5179763583561 24.5179763583561 24.5179763583561 24.5179763583561 24.5179763583561 24.5179763583561 0.0
6.4 24.506499604983627 24.506499604983627 24.506499604983627 24.506499604983627 24.506499604983627 24.506499604983627 24.506499604983627 24.506499604983627 24.506499604983627 24.506499604983627 0.0
6.5 24.495022851611154 24.495022851611154 24.495022851611154 24.495022851611154 24.495022851611154 24.495022851611154 24.495022851611154 24.495022851611154 24.495022851611154 24.495022851611154 0.0
6.6 24.48354609823868 24.48354609823868 24.48354609823868 24.48354609823868 24.48354609823868 24.48354609823868 24.48354609823868 24.48354609823868 24.48354609823868 24.48354609823868 0.0
6.7 24.472069344866206 24.472069344866206 24.472069344866206 24.472069344866206 24.472069344866206 24.472069344866206 24.472069344866206 24.472069344866206 24.472069344866206 24.472069344866206 0.0
6.8 24.460592591493732 24.460592591493732 24.460592591493732 24.460592591493732 24.460592591493732 24.460592591493732 24.460592591493732 24.460592591493732 24.460592591493732 24.460592591493732 0.0
6.9 24.44911583812126 24.44911583812126 24.44911583812126 24.44911583812126 24.44911583812126 24.44911583812126 24.44911583812126 24.44911583812126 24.44911583812126 24.44911583812126 0.0
7.0 24.437639084748785 24.437639084748785 24.437639084748785 24.437639084748785 24.437639084748785 24.437639084748785 24.437639084748785 24.437639084748785 24.437639084748785 24.437639084748785 0.0
7.1 24.42616233137631 24.42616233137631 24.42616233137631 24.42616233137631 24.42616233137631 24.42616233137631 24.42616233137631 24.42616233137631 24.42616233137631 24.42616233137631 0.0
7.2 24.414685578003837 24.414685578003837 24.414685578003837 24.414685578003837 24.414685578003837 24.414685578003837 24.414685578003837 24.414685578003837 24.414685578003837 24.414685578003837 0.0
7.3 24.403208824631363 24.403208824631363 24.403208824631363 24.403208824631363 24.403208824631363 24.403208824631363 24.403208824631363 24.403208824631363 24.403208824631363 24.403208824631363 0.0
7.4 24.39173207125889 24.39173207125889 24.39173207125889 24.39173207125889 24.39173207125889 24.39173207125889 24.39173207125889 24.39173207125889 24.39173207125889 24.39173207125889 0.0
7.5 24.380255317886416 24.380255317886416 24.380255317886416 24.380255317886416 24.380255317886416 24.380255317886416 24.380255317886416 24.380255317886416 24.380255317886416 24.380255317886416 0.0
7.6 24.368778564513942 24.368778564513942 24.368778564513942 24.368778564513942 24.368778564513942 24.368778564513942 24.368778564513942 24.368778564513942 24.368778564513942 24.368778564513942 0.0
7.7 24.368778564513942 24.35730181114147 24.35730181114147 24.35730181114147 24.35730181114147 24.35730181114147 24.35730181114147 24.35730181114147 24.35730181114147 24.35730181114147 0.0
7.8 24.368778564513942 24.345825057768995 24.345825057768995 24.345825057768995 24.345825057768995 24.345825057768995 24.345825057768995 24.345825057768995 24.345825057768995 24.345825057768995 0.0
7.9 24.368778564513942 24.33434830439652 24.33434830439652 24.33434830439652 24.33434830439652 24.33434830439652 24.33434830439652 24.33434830439652 24.33434830439652 24.33434830439652 0.0
8.0 24.368778564513942 24.322871551024047 24.322871551024047 24.322871551024047 24.322871551024047 24.322871551024047 24.322871551024047 24.322871551024047 24.322871551024047 24.322871551024047 0.0
8.1 24.368778564513942 24.311394797651573 24.311394797651573 24.311394797651573 24.311394797651573 24.311394797651573 24.311394797651573 24.311394797651573 24.311394797651573 24.311394797651573 0.0
8.2 24.368778564513942 24.2999180442791 24.2999180442791 24.2999180442791 24.2999180442791 24.2999180442791 24.2999180442791 24.2999180442791 24.2999180442791 24.2999180442791 0.0
8.3 24.368778564513942 24.288441290906626 24.288441290906626 24.288441290906626 24.288441290906626 24.288441290906626 24.288441290906626 24.288441290906626 24.288441290906626 24.288441290906626 0.0
8.4 24.368778564513942 24.276964537534152 24.276964537534152 24.276964537534152 24.276964537534152 24.276964537534152 24.276964537534152 24.276964537534152 24.276964537534152 24.276964537534152 0.0
8.5 24.368778564513942 24.265487784161678 24.265487784161678 24.265487784161678 24.265487784161678 24.265487784161678 24.265487784161678 24.265487784161678 24.265487784161678 24.265487784161678 0.0
8.6 24.368778564513942 24.254011030789204 24.254011030789204 24.254011030789204 24.254011030789204 24.254011030789204 24.254011030789204 24.254011030789204 24.254011030789204 24.254011030789204 0.0
8.7 24.368778564513942 24.24253427741673 24.24253427741673 24.24253427741673 24.24253427741673 24.24253427741673 24.24253427741673 24.24253427741673 24.24253427741673 24.24253427741673 0.0
8.8 24.368778564513942 24.231057524044257 24.231057524044257 24.231057524044257 24.231057524044257 24.231057524044257 24.231057524044257 24.231057524044257 24.231057524044257 24.231057524044257 0.0
8.9 24.368778564513942 24.219580770671783 24.219580770671783 24.219580770671783 24.219580770671783 24.219580770671783 24.219580770671783 24.219580770671783 24.219580770671783 24.219580770671783 0.0
9.0 24.368778564513942 24.20810401729931 24.20810401729931 24.20810401729931 24.20810401729931 24.20810401729931 24.20810401729931 24.20810401729931 24.20810401729931 24.20810401729931 0.0
9.1 24.968778564513944 24.196627263926835 24.196627263926835 24.196627263926835 24.196627263926835 24.196627263926835 24.196627263926835 24.196627263926835 24.196627263926835 24.196627263926835 0.0
9.2 25.568778564513945 24.18515051055436 24.18515051055436 24.18515051055436 24.18515051055436 24.18515051055436 24.18515051055436 24.18515051055436 24.18515051055436 24.18515051055436 0.0
9.3 26.168778564513946 24.173673757181888 24.173673757181888 24.173673757181888 24.173673757181888 24.173673757181888 24.173673757181888 24.173673757181888 24.173673757181888 24.173673757181888 0.0
9.4 26.768778564513948 24.162197003809414 24.162197003809414 24.162197003809414 24.162197003809414 24.162197003809414 24.162197003809414 24.162197003809414 24.162197003809414 24.162197003809414 0.0
9.5 27.36877856451395 24.15072025043694 24.15072025043694 24.15072025043694 24.15072025043694 24.15072025043694 24.15072025043694 24.15072025043694 24.15072025043694 24.15072025043694 0.0
9.6 27.96877856451395 24.15072025043694 24.139243497064466 24.139243497064466 24.139243497064466 24.139243497064466 24.139243497064466 24.139243497064466 24.139243497064466 24.139243497064466 0.0
9.7 28.568778564513952 24.15072025043694 24.127766743691993 24.127766743691993 24.127766743691993 24.127766743691993 24.127766743691993 24.127766743691993 24.127766743691993 24.127766743691993 0.0
9.8 29.168778564513953 24.15072025043694 24.11628999031952 24.11628999031952 24.11628999031952 24.11628999031952 24.11628999031952 24.11628999031952 24.11628999031952 24.11628999031952 0.0
9.9 29.768778564513955 24.15072025043694 24.104813236947045 24.104813236947045 24.104813236947045 24.104813236947045 24.104813236947045 24.104813236947045 24.104813236947045 24.104813236947045 0.0
10.0 30.0 24.15072025043694 24.09333648357457 24.09333648357457 24.09333648357457 24.09333648357457 24.09333648357457 24.09333648357457 24.09333648357457 24.09333648357457 0.0
10.1 30.0 24.15072025043694 24.081859730202098 24.081859730202098 24.081859730202098 24.081859730202098 24.081859730202098 24.081859730202098 24.081859730202098 24.081859730202098 0.0
10.2 30.0 24.15072025043694 24.070382976829624 24.070382976829624 24.070382976829624 24.070382976829624 24.070382976829624 24.070382976829624 24.070382976829624 24.070382976829624 0.0
10.3 30.0 24.15072025043694 24.05890622345715 24.05890622345715 24.05890622345715 24.05890622345715 24.05890622345715 24.05890622345715 24.05890622345715 24.05890622345715 0.0
10.4 30.0 24.15072025043694 24.047429470084676 24.047429470084676 24.047429470084676 24.047429470084676 24.047429470084676 24.047429470084676 24.047429470084676 24.047429470084676 0.0
10.5 30.0 24.15072025043694 24.035952716712202 24.035952716712202 24.035952716712202 24.035952716712202 24.035952716712202 24.035952716712202 24.035952716712202 24.035952716712202 0.0
10.6 30.0 24.15072025043694 24.02447596333973 24.02447596333973 24.02447596333973 24.02447596333973 24.02447596333973 24.02447596333973 24.02447596333973 24.02447596333973 0.0
10.7 30.0 24.15072025043694 24.012999209967255 24.012999209967255 24.012999209967255 24.012999209967255 24.012999209967255 24.012999209967255 24.012999209967255 24.012999209967255 0.0
10.8 30.0 24.15072025043694 24.00152245659478 24.00152245659478 24.00152245659478 24.00152245659478 24.00152245659478 24.00152245659478 24.00152245659478 24.00152245659478 0.0
10.9 30.0 24.15072025043694 23.990045703222307 23.990045703222307 23.990045703222307 23.990045703222307 23.990045703222307 23.990045703222307 23.990045703222307 23.990045703222307 0.0
11.0 30.0 24.75072025043694 23.978568949849834 23.978568949849834 23.978568949849834 23.978568949849834 23.978568949849834 23.978568949849834 23.978568949849834 23.978568949849834 0.0
11.1 30.0 25.350720250436943 23.96709219647736 23.96709219647736 23.96709219647736 23.96709219647736 23.96709219647736 23.96709219647736 23.96709219647736 23.96709219647736 0.0
11.2 30.0 25.950720250436945 23.955615443104886 23.955615443104886 23.955615443104886 23.955615443104886 23.955615443104886 23.955615443104886 23.955615443104886 23.955615443104886 0.0
11.3 30.0 26.550720250436946 23.944138689732412 23.944138689732412 23.944138689732412 23.944138689732412 23.944138689732412 23.944138689732412 23.944138689732412 23.944138689732412 0.0
11.4 30.0 27.150720250436947 23.93266193635994 23.93266193635994 23.93266193635994 23.93266193635994 23.93266193635994 23.93266193635994 23.93266193635994 23.93266193635994 0.0
11.5 30.0 27.75072025043695 23.93266193635994 23.921185182987465 23.921185182987465 23.921185182987465 23.921185182987465 23.921185182987465 23.921185182987465 23.921185182987465 0.0
11.6 30.0 28.35072025043695 23.93266193635994 23.90970842961499 23.90970842961499 23.90970842961499 23.90970842961499 23.90970842961499 23.90970842961499 23.90970842961499 0.0
11.7 30.0 28.95072025043695 23.93266193635994 23.898231676242517 23.898231676242517 23.898231676242517 23.898231676242517 23.898231676242517 23.898231676242517 23.898231676242517 0.0
11.8 30.0 29.550720250436953 23.93266193635994 23.886754922870043 23.886754922870043 23.886754922870043 23.886754922870043 23.886754922870043 23.886754922870043 23.886754922870043 0.0
11.9 30.0 30.0 23.93266193635994 23.87527816949757 23.87527816949757 23.87527816949757 23.87527816949757 23.87527816949757 23.87527816949757 23.87527816949757 0.0
12.0 30.0 30.0 23.93266193635994 23.863801416125096 23.863801416125096 23.863801416125096 23.863801416125096 23.863801416125096 23.863801416125096 23.863801416125096 0.0
12.1 30.0 30.0 23.93266193635994 23.852324662752622 23.852324662752622 23.852324662752622 23.852324662752622 23.852324662752622 23.852324662752622 23.852324662752622 0.0
12.2 30.0 30.0 23.93266193635994 23.840847909380148 23.840847909380148 23.840847909380148 23.840847909380148 23.840847909380148 23.840847909380148 23.840847909380148 0.0
12.3 30.0 30.0 23.93266193635994 23.829371156007674 23.829371156007674 23.829371156007674 23.829371156007674 23.829371156007674 23.829371156007674 23.829371156007674 0.0
12.4 30.0 30.0 23.93266193635994 23.8178944026352 23.8178944026352 23.8178944026352 23.8178944026352 23.8178944026352 23.8178944026352 23.8178944026352 0.0
12.5 30.0 30.0 23.93266193635994 23.806417649262727 23.806417649262727 23.806417649262727 23.806417649262727 23.806417649262727 23.806417649262727 23.806417649262727 0.0
12.6 30.0 30.0 23.93266193635994 23.794940895890253 23.794940895890253 23.794940895890253 23.794940895890253 23.794940895890253 23.794940895890253 23.794940895890253 0.0
12.7 30.0 30.0 23.93266193635994 23.78346414251778 23.78346414251778 23.78346414251778 23.78346414251778 23.78346414251778 23.78346414251778 23.78346414251778 0.0
12.8 30.0 30.0 23.93266193635994 23.771987389145306 23.771987389145306 23.771987389145306 23.771987389145306 23.771987389145306 23.771987389145306 23.771987389145306 0.0
12.9 30.0 30.0 24.53266193635994 23.76051063577283 23.76051063577283 23.76051063577283 23.76051063577283 23.76051063577283 23.76051063577283 23.76051063577283 0.0
13.0 30.0 30.0 25.13266193635994 23.749033882400358 23.749033882400358 23.749033882400358 23.749033882400358 23.749033882400358 23.749033882400358 23.749033882400358 0.0
13.1 30.0 30.0 25.732661936359943 23.737557129027884 23.737557129027884 23.737557129027884 23.737557129027884 23.737557129027884 23.737557129027884 23.737557129027884 0.0
13.2 30.0 30.0 26.332661936359944 23.72608037565541 23.72608037565541 23.72608037565541 23.72608037565541 23.72608037565541 23.72608037565541 23.72608037565541 0.0
13.3 30.0 30.0 26.932661936359946 23.714603622282937 23.714603622282937 23.714603622282937 23.714603622282937 23.714603622282937 23.714603622282937 23.714603622282937 0.0
13.4 30.0 30.0 27.532661936359947 23.714603622282937 23.703126868910463 23.703126868910463 23.703126868910463 23.703126868910463 23.703126868910463 23.703126868910463 0.0
13.5 30.0 30.0 28.13266193635995 23.714603622282937 23.69165011553799 23.69165011553799 23.69165011553799 23.69165011553799 23.69165011553799 23.69165011553799 0.0
13.6 30.0 30.0 28.73266193635995 23.714603622282937 23.680173362165515 23.680173362165515 23.680173362165515 23.680173362165515 23.680173362165515 23.680173362165515 0.0
13.7 30.0 30.0 29.33266193635995 23.714603622282937 23.66869660879304 23.66869660879304 23.66869660879304 23.66869660879304 23.66869660879304 23.66869660879304 0.0
13.8 30.0 30.0 29.932661936359953 23.714603622282937 23.657219855420568 23.657219855420568 23.657219855420568 23.657219855420568 23.657219855420568 23.657219855420568 0.0
13.9 30.0 30.0 30.0 23.714603622282937 23.645743102048094 23.645743102048094 23.645743102048094 23.645743102048094 23.645743102048094 23.645743102048094 0.0
14.0 30.0 30.0 30.0 23.714603622282937 23.63426634867562 23.63426634867562 23.63426634867562 23.63426634867562 23.63426634867562 23.63426634867562 0.0
14.1 30.0 30.0 30.0 23.714603622282937 23.622789595303146 23.622789595303146 23.622789595303146 23.622789595303146 23.622789595303146 23.622789595303146 0.0
14.2 30.0 30.0 30.0 23.714603622282937 23.611312841930673 23.611312841930673 23.611312841930673 23.611312841930673 23.611312841930673 23.611312841930673 0.0
14.3 30.0 30.0 30.0 23.714603622282937 23.5998360885582 23.5998360885582 23.5998360885582 23.5998360885582 23.5998360885582 23.5998360885582 0.0
14.4 30.0 30.0 30.0 23.714603622282937 23.588359335185725 23.588359335185725 23.588359335185725 23.588359335185725 23.588359335185725 23.588359335185725 0.0
14.5 30.0 30.0 30.0 23.714603622282937 23.57688258181325 23.57688258181325 23.57688258181325 23.57688258181325 23.57688258181325 23.57688258181325 0.0
14.6 30.0 30.0 30.0 23.714603622282937 23.565405828440777 23.565405828440777 23.565405828440777 23.565405828440777 23.565405828440777 23.565405828440777 0.0
14.7 30.0 30.0 30.0 23.714603622282937 23.553929075068304 23.553929075068304 23.553929075068304 23.553929075068304 23.553929075068304 23.553929075068304 0.0
14.8 30.0 30.0 30.0 24.314603622282938 23.54245232169583 23.54245232169583 23.54245232169583 23.54245232169583 23.54245232169583 23.54245232169583 0.0
14.9 30.0 30.0 30.0 24.91460362228294 23.530975568323356 23.530975568323356 23.530975568323356 23.530975568323356 23.530975568323356 23.530975568323356 0.0
15.0 30.0 30.0 30.0 25.51460362228294 23.519498814950882 23.519498814950882 23.519498814950882 23.519498814950882 23.519498814950882 23.519498814950882 0.0
15.1 30.0 30.0 30.0 26.114603622282942 23.50802206157841 23.50802206157841 23.50802206157841 23.50802206157841 23.50802206157841 23.50802206157841 0.0
15.2 30.0 30.0 30.0 26.714603622282944 23.496545308205935 23.496545308205935 23.496545308205935 23.496545308205935 23.496545308205935 23.496545308205935 0.0
15.3 30.0 30.0 30.0 27.314603622282945 23.496545308205935 23.48506855483346 23.48506855483346 23.48506855483346 23.48506855483346 23.48506855483346 0.0
15.4 30.0 30.0 30.0 27.914603622282947 23.496545308205935 23.473591801460987 23.473591801460987 23.473591801460987 23.473591801460987 23.473591801460987 0.0
15.5 30.0 30.0 30.0 28.514603622282948 23.496545308205935 23.462115048088513 23.462115048088513 23.462115048088513 23.462115048088513 23.462115048088513 0.0
15.6 30.0 30.0 30.0 29.11460362228295 23.496545308205935 23.45063829471604 23.45063829471604 23.45063829471604 23.45063829471604 23.45063829471604 0.0
15.7 30.0 30.0 30.0 29.71460362228295 23.496545308205935 23.439161541343566 23.439161541343566 23.439161541343566 23.439161541343566 23.439161541343566 0.0
15.8 30.0 30.0 30.0 30.0 23.496545308205935 23.427684787971092 23.427684787971092 23.427684787971092 23.427684787971092 23.427684787971092 0.0
15.9 30.0 30.0 30.0 30.0 23.496545308205935 23.41620803459862 23.41620803459862 23.41620803459862 23.41620803459862 23.41620803459862 0.0
16.0 30.0 30.0 30.0 30.0 23.496545308205935 23.404731281226145 23.404731281226145 23.404731281226145 23.404731281226145 23.404731281226145 0.0
16.1 30.0 30.0 30.0 30.0 23.496545308205935 23.39325452785367 23.39325452785367 23.39325452785367 23.39325452785367 23.39325452785367 0.0
16.2 30.0 30.0 30.0 30.0 23.496545308205935 23.381777774481197 23.381777774481197 23.381777774481197 23.381777774481197 23.381777774481197 0.0
16.3 30.0 30.0 30.0 30.0 23.496545308205935 23.370301021108723 23.370301021108723 23.370301021108723 23.370301021108723 23.370301021108723 0.0
16.4 30.0 30.0 30.0 30.0 23.496545308205935 23.35882426773625 23.35882426773625 23.35882426773625 23.35882426773625 23.35882426773625 0.0
16.5 30.0 30.0 30.0 30.0 23.496545308205935 23.347347514363776 23.347347514363776 23.347347514363776 23.347347514363776 23.347347514363776 0.0
16.6 30.0 30.0 30.0 30.0 23.496545308205935 23.335870760991302 23.335870760991302 23.335870760991302 23.335870760991302 23.335870760991302 0.0
16.7 30.0 30.0 30.0 30.0 24.096545308205936 23.324394007618828 23.324394007618828 23.324394007618828 23.324394007618828 23.324394007618828 0.0
16.8 30.0 30.0 30.0 30.0 24.696545308205938 23.312917254246354 23.312917254246354 23.312917254246354 23.312917254246354 23.312917254246354 0.0
16.9 30.0 30.0 30.0 30.0 25.29654530820594 23.30144050087388 23.30144050087388 23.30144050087388 23.30144050087388 23.30144050087388 0.0
17.0 30.0 30.0 30.0 30.0 25.89654530820594 23.289963747501407 23.289963747501407 23.289963747501407 23.289963747501407 23.289963747501407 0.0
17.1 30.0 30.0 30.0 30.0 26.496545308205942 23.278486994128933 23.278486994128933 23.278486994128933 23.278486994128933 23.278486994128933 0.0
17.2 30.0 30.0 30.0 30.0 27.096545308205943 23.278486994128933 23.26701024075646 23.26701024075646 23.26701024075646 23.26701024075646 0.0
17.3 30.0 30.0 30.0 30.0 27.696545308205945 23.278486994128933 23.255533487383985 23.255533487383985 23.255533487383985 23.255533487383985 0.0
17.4 30.0 30.0 30.0 30.0 28.296545308205946 23.278486994128933 23.24405673401151 23.24405673401151 23.24405673401151 23.24405673401151 0.0
17.5 30.0 30.0 30.0 30.0 28.896545308205948 23.278486994128933 23.232579980639038 23.232579980639038 23.232579980639038 23.232579980639038 0.0
17.6 30.0 30.0 30.0 30.0 29.49654530820595 23.278486994128933 23.221103227266564 23.221103227266564 23.221103227266564 23.221103227266564 0.0
17.7 30.0 30.0 30.0 30.0 30.0 23.278486994128933 23.20962647389409 23.20962647389409 23.20962647389409 23.20962647389409 0.0
17.8 30.0 30.0 30.0 30.0 30.0 23.278486994128933 23.198149720521617 23.198149720521617 23.198149720521617 23.198149720521617 0.0
17.9 30.0 30.0 30.0 30.0 30.0 23.278486994128933 23.186672967149143 23.186672967149143 23.186672967149143 23.186672967149143 0.0
18.0 30.0 30.0 30.0 30.0 30.0 23.278486994128933 23.17519621377667 23.17519621377667 23.17519621377667 23.17519621377667 0.0
18.1 30.0 30.0 30.0 30.0 30.0 23.278486994128933 23.163719460404195 23.163719460404195 23.163719460404195 23.163719460404195 0.0
18.2 30.0 30.0 30.0 30.0 30.0 23.278486994128933 23.15224270703172 23.15224270703172 23.15224270703172 23.15224270703172 0.0
18.3 30.0 30.0 30.0 30.0 30.0 23.278486994128933 23.140765953659248 23.140765953659248 23.140765953659248 23.140765953659248 0.0
18.4 30.0 30.0 30.0 30.0 30.0 23.278486994128933 23.129289200286774 23.129289200286774 23.129289200286774 23.129289200286774 0.0
18.5 30.0 30.0 30.0 30.0 30.0 23.278486994128933 23.1178124469143 23.1178124469143 23.1178124469143 23.1178124469143 0.0
18.6 30.0 30.0 30.0 30.0 30.0 23.878486994128934 23.106335693541826 23.106335693541826 23.106335693541826 23.106335693541826 0.0
18.7 30.0 30.0 30.0 30.0 30.0 24.478486994128936 23.094858940169352 23.094858940169352 23.094858940169352 23.094858940169352 0.0
18.8 30.0 30.0 30.0 30.0 30.0 25.078486994128937 23.08338218679688 23.08338218679688 23.08338218679688 23.08338218679688 0.0
18.9 30.0 30.0 30.0 30.0 30.0 25.67848699412894 23.071905433424405 23.071905433424405 23.071905433424405 23.071905433424405 0.0
19.0 30.0 30.0 30.0 30.0 30.0 26.27848699412894 23.06042868005193 23.06042868005193 23.06042868005193 23.06042868005193 0.0
19.1 30.0 30.0 30.0 30.0 30.0 26.87848699412894 23.06042868005193 23.048951926679457 23.048951926679457 23.048951926679457 0.0
19.2 30.0 30.0 30.0 30.0 30.0 27.478486994128943 23.06042868005193 23.037475173306984 23.037475173306984 23.037475173306984 0.0
19.3 30.0 30.0 30.0 30.0 30.0 28.078486994128944 23.06042868005193 23.02599841993451 23.02599841993451 23.02599841993451 0.0
19.4 30.0 30.0 30.0 30.0 30.0 28.678486994128946 23.06042868005193 23.014521666562036 23.014521666562036 23.014521666562036 0.0
19.5 30.0 30.0 30.0 30.0 30.0 29.278486994128947 23.06042868005193 23.003044913189562 23.003044913189562 23.003044913189562 0.0
19.6 30.0 30.0 30.0 30.0 30.0 29.87848699412895 23.06042868005193 22.99156815981709 22.99156815981709 22.99156815981709 0.0
19.7 30.0 30.0 30.0 30.0 30.0 30.0 23.06042868005193 22.980091406444615 22.980091406444615 22.980091406444615 0.0
19.8 30.0 30.0 30.0 30.0 30.0 30.0 23.06042868005193 22.96861465307214 22.96861465307214 22.96861465307214 0.0
19.9 30.0 30.0 30.0 30.0 30.0 30.0 23.06042868005193 22.957137899699667 22.957137899699667 22.957137899699667 0.0
20.0 30.0 30.0 30.0 30.0 30.0 30.0 23.06042868005193 22.945661146327193 22.945661146327193 22.945661146327193 0.0
20.1 30.0 30.0 30.0 30.0 30.0 30.0 23.06042868005193 22.93418439295472 22.93418439295472 22.93418439295472 0.0
20.2 30.0 30.0 30.0 30.0 30.0 30.0 23.06042868005193 22.922707639582246 22.922707639582246 22.922707639582246 0.0
20.3 30.0 30.0 30.0 30.0 30.0 30.0 23.06042868005193 22.911230886209772 22.911230886209772 22.911230886209772 0.0
20.4 30.0 30.0 30.0 30.0 30.0 30.0 23.06042868005193 22.899754132837298 22.899754132837298 22.899754132837298 0.0
20.5 30.0 30.0 30.0 30.0 30.0 30.0 23.660428680051933 22.888277379464824 22.888277379464824 22.888277379464824 0.0
20.6 30.0 30.0 30.0 30.0 30.0 30.0 24.260428680051934 22.87680062609235 22.87680062609235 22.87680062609235 0.0
20.7 30.0 30.0 30.0 30.0 30.0 30.0 24.860428680051935 22.865323872719877 22.865323872719877 22.865323872719877 0.0
20.8 30.0 30.0 30.0 30.0 30.0 30.0 25.460428680051937 22.853847119347403 22.853847119347403 22.853847119347403 0.0
20.9 30.0 30.0 30.0 30.0 30.0 30.0 26.06042868005194 22.84237036597493 22.84237036597493 22.84237036597493 0.0
21.0 30.0 30.0 30.0 30.0 30.0 30.0 26.66042868005194 22.84237036597493 22.830893612602456 22.830893612602456 0.0
21.1 30.0 30.0 30.0 30.0 30.0 30.0 27.26042868005194 22.84237036597493 22.81941685922998 22.81941685922998 0.0
21.2 30.0 30.0 30.0 30.0 30.0 30.0 27.860428680051943 22.84237036597493 22.807940105857508 22.807940105857508 0.0
21.3 30.0 30.0 30.0 30.0 30.0 30.0 28.460428680051944 22.84237036597493 22.796463352485034 22.796463352485034 0.0
21.4 30.0 30.0 30.0 30.0 30.0 30.0 29.060428680051945 22.84237036597493 22.78498659911256 22.78498659911256 0.0
21.5 30.0 30.0 30.0 30.0 30.0 30.0 29.660428680051947 22.84237036597493 22.773509845740087 22.773509845740087 0.0
21.6 30.0 30.0 30.0 30.0 30.0 30.0 30.0 22.84237036597493 22.762033092367613 22.762033092367613 0.0
21.7 30.0 30.0 30.0 30.0 30.0 30.0 30.0 22.84237036597493 22.75055633899514 22.75055633899514 0.0
21.8 30.0 30.0 30.0 30.0 30.0 30.0 30.0 22.84237036597493 22.739079585622665 22.739079585622665 0.0
21.9 30.0 30.0 30.0 30.0 30.0 30.0 30.0 22.84237036597493 22.72760283225019 22.72760283225019 0.0
22.0 30.0 30.0 30.0 30.0 30.0 30.0 30.0 22.84237036597493 22.716126078877718 22.716126078877718 0.0
22.1 30.0 30.0 30.0 30.0 30.0 30.0 30.0 22.84237036597493 22.704649325505244 22.704649325505244 0.0
22.2 30.0 30.0 30.0 30.0 30.0 30.0 30.0 22.84237036597493 22.69317257213277 22.69317257213277 0.0
22.3 30.0 30.0 30.0 30.0 30.0 30.0 30.0 22.84237036597493 22.681695818760296 22.681695818760296 0.0
22.4 30.0 30.0 30.0 30.0 30.0 30.0 30.0 23.44237036597493 22.670219065387823 22.670219065387823 0.0
22.5 30.0 30.0 30.0 30.0 30.0 30.0 30.0 24.042370365974932 22.65874231201535 22.65874231201535 0.0
22.6 30.0 30.0 30.0 30.0 30.0 30.0 30.0 24.642370365974934 22.647265558642875 22.647265558642875 0.0
22.7 30.0 30.0 30.0 30.0 30.0 30.0 30.0 25.242370365974935 22.6357888052704 22.6357888052704 0.0
22.8 30.0 30.0 30.0 30.0 30.0 30.0 30.0 25.842370365974936 22.624312051897927 22.624312051897927 0.0
22.9 30.0 30.0 30.0 30.0 30.0 30.0 30.0 26.442370365974938 22.624312051897927 22.612835298525454 0.0
23.0 30.0 30.0 30.0 30.0 30.0 30.0 30.0 27.04237036597494 22.624312051897927 22.60135854515298 0.0
23.1 30.0 30.0 30.0 30.0 30.0 30.0 30.0 27.64237036597494 22.624312051897927 22.589881791780506 0.0
23.2 30.0 30.0 30.0 30.0 30.0 30.0 30.0 28.242370365974942 22.624312051897927 22.578405038408032 0.0
23.3 30.0 30.0 30.0 30.0 30.0 30.0 30.0 28.842370365974944 22.624312051897927 22.56692828503556 0.0
23.4 30.0 30.0 30.0 30.0 30.0 30.0 30.0 29.442370365974945 22.624312051897927 22.555451531663085 0.0
23.5 30.0 30.0 30.0 30.0 30.0 30.0 30.0 30.0 22.624312051897927 22.54397477829061 0.0
23.6 30.0 30.0 30.0 30.0 30.0 30.0 30.0 30.0 22.624312051897927 22.532498024918137 0.0
23.7 30.0 30.0 30.0 30.0 30.0 30.0 30.0 30.0 22.624312051897927 22.521021271545663 0.0
23.8 30.0 30.0 30.0 30.0 30.0 30.0 30.0 30.0 22.624312051897927 22.50954451817319 0.0
23.9 30.0 30.0 30.0 30.0 30.0 30.0 30.0 30.0 22.624312051897927 22.498067764800716 0.0
24.0 30.0 30.0 30.0 30.0 30.0 30.0 30.0 30.0 22.624312051897927 22.486591011428242 0.0
24.1 30.0 30.0 30.0 30.0 30.0 30.0 30.0 30.0 22.624312051897927 22.47511425805577 0.0
24.2 30.0 30.0 30.0 30.0 30.0 30.0 30.0 30.0 22.624312051897927 22.463637504683295 0.0
24.3 30.0 30.0 30.0 30.0 30.0 30.0 30.0 30.0 23.22431205189793 22.45216075131082 0.0
24.4 30.0 30.0 30.0 30.0 30.0 30.0 30.0 30.0 23.82431205189793 22.440683997938347 0.0
24.5 30.0 30.0 30.0 30.0 30.0 30.0 30.0 30.0 24.42431205189793 22.429207244565873 0.0
24.6 30.0 30.0 30.0 30.0 30.0 30.0 30.0 30.0 25.024312051897933 22.4177304911934 0.0
24.7 30.0 30.0 30.0 30.0 30.0 30.0 30.0 30.0 25.624312051897935 22.406253737820926 0.0
24.8 30.0 30.0 30.0 30.0 30.0 30.0 30.0 30.0 26.224312051897936 22.406253737820926 0.0
24.9 30.0 30.0 30.0 30.0 30.0 30.0 30.0 30.0 26.824312051897937 22.406253737820926 0.0
25.0 30.0 30.0 30.0 30.0 30.0 30.0 30.0 30.0 27.42431205189794 22.406253737820926 0.0
25.1 30.0 30.0 30.0 30.0 30.0 30.0 30.0 30.0 28.02431205189794 22.406253737820926 0.0
25.2 30.0 30.0 30.0 30.0 30.0 30.0 30.0 30.0 28.62431205189794 22.406253737820926 0.0
25.3 30.0 30.0 30.0 30.0 30.0 30.0 30.0 30.0 29.224312051897943 22.406253737820926 0.0
25.4 30.0 30.0 30.0 30.0 30.0 30.0 30.0 30.0 29.824312051897945 22.406253737820926 0.0
25.5 30.0 30.0 30.0 30.0 30.0 30.0 30.0 30.0 30.0 22.406253737820926 0.0
25.6 30.0 30.0 30.0 30.0 30.0 30.0 30.0 30.0 30.0 22.406253737820926 0.0
25.7 30.0 30.0 30.0 30.0 30.0 30.0 30.0 30.0 30.0 22.406253737820926 0.0
25.8 30.0 30.0 30.0 30.0 30.0 30.0 30.0 30.0 30.0 22.406253737820926 0.0
25.9 30.0 30.0 30.0 30.0 30.0 30.0 30.0 30.0 30.0 22.406253737820926 0.0
26.0 30.0 30.0 30.0 30.0 30.0 30.0 30.0 30.0 30.0 22.406253737820926 0.0
26.1 30.0 30.0 30.0 30.0 30.0 30.0 30.0 30.0 30.0 22.406253737820926 0.0
26.2 30.0 30.0 30.0 30.0 30.0 30.0 30.0 30.0 30.0 23.006253737820927 0.0
26.3 30.0 30.0 30.0 30.0 30.0 30.0 30.0 30.0 30.0 23.60625373782093 0.0
26.4 30.0 30.0 30.0 30.0 30.0 30.0 30.0 30.0 30.0 24.20625373782093 0.0
26.5 30.0 30.0 30.0 30.0 30.0 30.0 30.0 30.0 30.0 24.80625373782093 0.0
26.6 30.0 30.0 30.0 30.0 30.0 30.0 30.0 30.0 30.0 25.406253737820933 0.0
26.7 30.0 30.0 30.0 30.0 30.0 30.0 30.0 30.0 30.0 26.006253737820934 0.0
26.8 30.0 30.0 30.0 30.0 30.0 30.0 30.0 30.0 30.0 26.606253737820936 0.0
26.9 30.0 30.0 30.0 30.0 30.0 30.0 30.0 30.0 30.0 27.206253737820937 0.0
27.0 30.0 30.0 30.0 30.0 30.0 30.0 30.0 30.0 30.0 27.80625373782094 0.0
27.1 30.0 30.0 30.0 30.0 30.0 30.0 30.0 30.0 30.0 28.40625373782094 0.0
27.2 30.0 30.0 30.0 30.0 30.0 30.0 30.0 30.0 30.0 29.00625373782094 0.0
27.3 30.0 30.0 30.0 30.0 30.0 30.0 30.0 30.0 30.0 29.606253737820943 0.0
27.4 30.0 30.0 30.0 30.0 30.0 30.0 30.0 30.0 30.0 30.0 0.0
27.5 30.0 30.0 30.0 30.0 30.0 30.0 30.0 30.0 30.0 30.0 0.0
27.6 30.0 30.0 30.0 30.0 30.0 30.0 30.0 30.0 30.0 30.0 0.0
27.7 30.0 30.0 30.0 30.0 30.0 30.0 30.0 30.0 30.0 30.0 0.0
27.8 30.0 30.0 30.0 30.0 30.0 30.0 30.0 30.0 30.0 30.0 0.0
27.9 30.0 30.0 30.0 30.0 30.0 30.0 30.0 30.0 30.0 30.0 0.0
28.0 30.0 30.0 30.0 30.0 30.0 30.0 30.0 30.0 30.0 30.0 0.0
28.1 30.0 30.0 30.0 30.0 30.0 30.0 30.0 30.0 30.0 30.0 0.0
28.2 30.0 30.0 30.0 30.0 30.0 30.0 30.0 30.0 30.0 30.0 0.0
28.3 30.0 30.0 30.0 30.0 30.0 30.0 30.0 30.0 30.0 30.0 0.0
28.4 30.0 30.0 30.0 30.0 30.0 30.0 30.0 30.0 30.0 30.0 0.0
28.5 30.0 30.0 30.0 30.0 30.0 30.0 30.0 30.0 30.0 30.0 0.0
28.6 30.0 30.0 30.0 30.0 30.0 30.0 30.0 30.0 30.0 30.0 0.0
28.7 30.0 30.0 30.0 30.0 30.0 30.0 30.0 30.0 30.0 30.0 0.0
28.8 30.0 30.0 30.0 30.0 30.0 30.0 30.0 30.0 30.0 30.0 0.0
28.9 30.0 30.0 30.0 30.0 30.0 30.0 30.0 30.0 30.0 30.0 0.0
29.0 30.0 30.0 30.0 30.0 30.0 30.0 30.0 30.0 30.0 30.0 0.0
29.1 30.0 30.0 30.0 30.0 30.0 30.0 30.0 30.0 30.0 30.0 0.0
29.2 30.0 30.0 30.0 30.0 30.0 30.0 30.0 30.0 30.0 30.0 0.0
29.3 30.0 30.0 30.0 30.0 30.0 30.0 30.0 30.0 30.0 30.0 0.0
29.4 30.0 30.0 30.0 30.0 30.0 30.0 30.0 30.0 30.0 30.0 0.0
29.5 30.0 30.0 30.0 30.0 30.0 30.0 30.0 30.0 30.0 30.0 0.0
29.6 30.0 30.0 30.0 30.0 30.0 30.0 30.0 30.0 30.0 30.0 0.0
29.7 30.0 30.0 30.0 30.0 30.0 30.0 30.0 30.0 30.0 30.0 0.0
29.8 30.0 30.0 30.0 30.0 30.0 30.0 30.0 30.0 30.0 30.0 0.0
29.9 30.0 30.0 30.0 30.0 30.0 30.0 30.0 30.0 30.0 30.0 0.0
30.0 30.0 30.0 30.0 30.0 30.0 30.0 30.0 30.0 30.0 30.0 0.0
30.1 30.0 30.0 30.0 30.0 30.0 30.0 30.0 30.0 30.0 30.0 0.0
30.2 30.0 30.0 30.0 30.0 30.0 30.0 30.0 30.0 30.0 30.0 0.0
30.3 30.0 30.0 30.0 30.0 30.0 30.0 30.0 30.0 30.0 30.0 0.0
30.4 30.0 30.0 30.0 30.0 30.0 30.0 30.0 30.0 30.0 30.0 0.0
30.5 30.0 30.0 30.0 30.0 30.0 30.0 30.0 30.0 30.0 30.0 0.0
30.6 30.0 30.0 30.0 30.0 30.0 30.0 30.0 30.0 30.0 30.0 0.0
30.7 30.0 30.0 30.0 30.0 30.0 30.0 30.0 30.0 30.0 30.0 0.0
30.8 30.0 30.0 30.0 30.0 30.0 30.0 30.0 30.0 30.0 30.0 0.0
30.9 30.0 30.0 30.0 30.0 30.0 30.0 30.0 30.0 30.0 30.0 0.0
31.0 30.0 30.0 30.0 30.0 30.0 30.0 30.0 30.0 30.0 30.0 0.0
31.1 30.0 30.0 30.0 30.0 30.0 30.0 30.0 30.0 30.0 30.0 0.0
31.2 30.0 30.0 30.0 30.0 30.0 30.0 30.0 30.0 30.0 30.0 0.0
31.3 30.0 30.0 30.0 30.0 30.0 30.0 30.0 30.0 30.0 30.0 0.0
31.4 30.0 30.0 30.0 30.0 30.0 30.0 30.0 30.0 30.0 30.0 0.0
31.5 30.0 30.0 30.0 30.0 30.0 30.0 30.0 30.0 30.0 30.0 0.0
31.6 30.0 30.0 30.0 30.0 30.0 30.0 30.0 30.0 30.0 30.0 0.0
31.7 30.0 30.0 30.0 30.0 30.0 30.0 30.0 30.0 30.0 30.0 0.0
31.8 30.0 30.0 30.0 30.0 30.0 30.0 30.0 30.0 30.0 30.0 0.0
31.9 30.0 30.0 30.0 30.0 30.0 30.0 30.0 30.0 30.0 30.0 0.0
32.0 30.0 30.0 30.0 30.0 30.0 30.0 30.0 30.0 30.0 30.0 0.0
32.1 30.0 30.0 30.0 30.0 30.0 30.0 30.0 30.0 30.0 30.0 0.0
32.2 30.0 30.0 30.0 30.0 30.0 30.0 30.0 30.0 30.0 30.0 0.0
32.3 30.0 30.0 30.0 30.0 30.0 30.0 30.0 30.0 30.0 30.0 0.0
32.4 30.0 30.0 30.0 30.0 30.0 30.0 30.0 30.0 30.0 30.0 0.0
32.5 30.0 30.0 30.0 30.0 30.0 30.0 30.0 30.0 30.0 30.0 0.0
32.6 30.0 30.0 30.0 30.0 30.0 30.0 30.0 30.0 30.0 30.0 0.0
32.7 30.0 30.0 30.0 30.0 30.0 30.0 30.0 30.0 30.0 30.0 0.0
32.8 30.0 30.0 30.0 30.0 30.0 30.0 30.0 30.0 30.0 30.0 0.0
32.9 30.0 30.0 30.0 30.0 30.0 30.0 30.0 30.0 30.0 30.0 0.0
33.0 30.0 30.0 30.0 30.0 30.0 30.0 30.0 30.0 30.0 30.0 0.0
33.1 30.0 30.0 30.0 30.0 30.0 30.0 30.0 30.0 30.0 30.0 0.0
33.2 30.0 30.0 30.0 30.0 30.0 30.0 30.0 30.0 30.0 30.0 0.0
33.3 30.0 30.0 30.0 30.0 30.0 30.0 30.0 30.0 30.0 30.0 0.0
33.4 30.0 30.0 30.0 30.0 30.0 30.0 30.0 30.0 30.0 30.0 0.0
33.5 30.0 30.0 30.0 30.0 30.0 30.0 30.0 30.0 30.0 30.0 0.0
33.6 30.0 30.0 30.0 30.0 30.0 30.0 30.0 30.0 30.0 30.0 0.0
33.7 30.0 30.0 30.0 30.0 30.0 30.0 30.0 30.0 30.0 30.0 0.0
33.8 30.0 30.0 30.0 30.0 30.0 30.0 30.0 30.0 30.0 30.0 0.0
33.9 30.0 30.0 30.0 30.0 30.0 30.0 30.0 30.0 30.0 30.0 0.0
34.0 30.0 30.0 30.0 30.0 30.0 30.0 30.0 30.0 30.0 30.0 0.0
34.1 30.0 30.0 30.0 30.0 30.0 30.0 30.0 30.0 30.0 30.0 0.0
34.2 30.0 30.0 30.0 30.0 30.0 30.0 30.0 30.0 30.0 30.0 0.0
34.3 30.0 30.0 30.0 30.0 30.0 30.0 30.0 30.0 30.0 30.0 0.0
34.4 30.0 30.0 30.0 30.0 30.0 30.0 30.0 30.0 30.0 30.0 0.0
34.5 30.0 30.0 30.0 30.0 30.0 30.0 30.0 30.0 30.0 30.0 0.0
34.6 30.0 30.0 30.0 30.0 30.0 30.0 30.0 30.0 30.0 30.0 0.0
34.7 30.0 30.0 30.0 30.0 30.0 30.0 30.0 30.0 30.0 30.0 0.0
34.8 30.0 30.0 30.0 30.0 30.0 30.0 30.0 30.0 30.0 30.0 0.0
34.9 30.0 30.0 30.0 30.0 30.0 30.0 30.0 30.0 30.0 30.0 0.0
35.0 30.0 30.0 30.0 30.0 30.0 30.0 30.0 30.0 30.0 30.0 0.0
35.1 30.0 30.0 30.0 30.0 30.0 30.0 30.0 30.0 30.0 30.0 0.0
35.2 30.0 30.0 30.0 30.0 30.0 30.0 30.0 30.0 30.0 30.0 0.0
35.3 30.0 30.0 30.0 30.0 30.0 30.0 30.0 30.0 30.0 30.0 0.0
35.4 30.0 30.0 30.0 30.0 30.0 30.0 30.0 30.0 30.0 30.0 0.0
35.5 30.0 30.0 30.0 30.0 30.0 30.0 30.0 30.0 30.0 30.0 0.0
35.6 30.0 30.0 30.0 30.0 30.0 30.0 30.0 30.0 30.0 30.0 0.0
35.7 30.0 30.0 30.0 30.0 30.0 30.0 30.0 30.0 30.0 30.0 0.0
35.8 30.0 30.0 30.0 30.0 30.0 30.0 30.0 30.0 30.0 30.0 0.0
35.9 30.0 30.0 30.0 30.0 30.0 30.0 30.0 30.0 30.0 30.0 0.0
36.0 30.0 30.0 30.0 30.0 30.0 30.0 30.0 30.0 30.0 30.0 0.0
36.1 30.0 30.0 30.0 30.0 30.0 30.0 30.0 30.0 30.0 30.0 0.0
36.2 30.0 30.0 30.0 30.0 30.0 30.0 30.0 30.0 30.0 30.0 0.0
36.3 30.0 30.0 30.0 30.0 30.0 30.0 30.0 30.0 30.0 30.0 0.0
36.4 30.0 30.0 30.0 30.0 30.0 30.0 30.0 30.0 30.0 30.0 0.0
36.5 30.0 30.0 30.0 30.0 30.0 30.0 30.0 30.0 30.0 30.0 0.0
36.6 30.0 30.0 30.0 30.0 30.0 30.0 30.0 30.0 30.0 30.0 0.0
36.7 30.0 30.0 30.0 30.0 30.0 30.0 30.0 30.0 30.0 30.0 0.0
36.8 30.0 30.0 30.0 30.0 30.0 30.0 30.0 30.0 30.0 30.0 0.0
36.9 30.0 30.0 30.0 30.0 30.0 30.0 30.0 30.0 30.0 30.0 0.0
37.0 30.0 30.0 30.0 30.0 30.0 30.0 30.0 30.0 30.0 30.0 0.0
37.1 30.0 30.0 30.0 30.0 30.0 30.0 30.0 30.0 30.0 30.0 0.0
37.2 30.0 30.0 30.0 30.0 30.0 30.0 30.0 30.0 30.0 30.0 0.0
37.3 30.0 30.0 30.0 30.0 30.0 30.0 30.0 30.0 30.0 30.0 0.0
37.4 30.0 30.0 30.0 30.0 30.0 30.0 30.0 30.0 30.0 30.0 0.0
37.5 30.0 30.0 30.0 30.0 30.0 30.0 30.0 30.0 30.0 30.0 0.0
37.6 30.0 30.0 30.0 30.0 30.0 30.0 30.0 30.0 30.0 30.0 0.0
37.7 30.0 30.0 30.0 30.0 30.0 30.0 30.0 30.0 30.0 30.0 0.0
37.8 30.0 30.0 30.0 30.0 30.0 30.0 30.0 30.0 30.0 30.0 0.0
37.9 30.0 30.0 30.0 30.0 30.0 30.0 30.0 30.0 30.0 30.0 0.0
38.0 30.0 30.0 30.0 30.0 30.0 30.0 30.0 30.0 30.0 30.0 0.0
38.1 30.0 30.0 30.0 30.0 30.0 30.0 30.0 30.0 30.0 30.0 0.0
38.2 30.0 30.0 30.0 30.0 30.0 30.0 30.0 30.0 30.0 30.0 0.0
38.3 30.0 30.0 30.0 30.0 30.0 30.0 30.0 30.0 30.0 30.0 0.0
38.4 30.0 30.0 30.0 30.0 30.0 30.0 30.0 30.0 30.0 30.0 0.0
38.5 30.0 30.0 30.0 30.0 30.0 30.0 30.0 30.0 30.0 30.0 0.0
38.6 30.0 30.0 30.0 30.0 30.0 30.0 30.0 30.0 30.0 30.0 0.0
38.7 30.0 30.0 30.0 30.0 30.0 30.0 30.0 30.0 30.0 30.0 0.0
38.8 30.0 30.0 30.0 30.0 30.0 30.0 30.0 30.0 30.0 30.0 0.0
38.9 30.0 30.0 30.0 30.0 30.0 30.0 30.0 30.0 30.0 30.0 0.0
39.0 30.0 30.0 30.0 30.0 30.0 30.0 30.0 30.0 30.0 30.0 0.0
39.1 30.0 30.0 30.0 30.0 30.0 30.0 30.0 30.0 30.0 30.0 0.0
39.2 30.0 30.0 30.0 30.0 30.0 30.0 30.0 30.0 30.0 30.0 0.0
39.3 30.0 30.0 30.0 30.0 30.0 30.0 30.0 30.0 30.0 30.0 0.0
39.4 30.0 30.0 30.0 30.0 30.0 30.0 30.0 30.0 30.0 30.0 0.0
39.5 30.0 30.0 30.0 30.0 30.0 30.0 30.0 30.0 30.0 30.0 0.0
39.6 30.0 30.0 30.0 30.0 30.0 30.0 30.0 30.0 30.0 30.0 0.0
39.7 30.0 30.0 30.0 30.0 30.0 30.0 30.0 30.0 30.0 30.0 0.0
39.8 30.0 30.0 30.0 30.0 30.0 30.0 30.0 30.0 30.0 30.0 0.0
39.9 30.0 30.0 30.0 30.0 30.0 30.0 30.0 30.0 30.0 30.0 0.0
40.0 30.0 30.0 30.0 30.0 30.0 30.0 30.0 30.0 30.0 30.0 0.0
40.1 30.0 30.0 30.0 30.0 30.0 30.0 30.0 30.0 30.0 30.0 0.0
40.2 30.0 30.0 30.0 30.0 30.0 30.0 30.0 30.0 30.0 30.0 0.0
40.3 30.0 30.0 30.0 30.0 30.0 30.0 30.0 30.0 30.0 30.0 0.0
40.4 30.0 30.0 30.0 30.0 30.0 30.0 30.0 30.0 30.0 30.0 0.0
40.5 30.0 30.0 30.0 30.0 30.0 30.0 30.0 30.0 30.0 30.0 0.0
40.6 30.0 30.0 30.0 30.0 30.0 30.0 30.0 30.0 30.0 30.0 0.0
40.7 30.0 30.0 30.0 30.0 30.0 30.0 30.0 30.0 30.0 30.0 0.0
40.8 30.0 30.0 30.0 30.0 30.0 30.0 30.0 30.0 30.0 30.0 0.0
40.9 30.0 30.0 30.0 30.0 30.0 30.0 30.0 30.0 30.0 30.0 0.0
41.0 30.0 30.0 30.0 30.0 30.0 30.0 30.0 30.0 30.0 30.0 0.0
41.1 30.0 30.0 30.0 30.0 30.0 30.0 30.0 30.0 30.0 30.0 0.0
41.2 30.0 30.0 30.0 30.0 30.0 30.0 30.0 30.0 30.0 30.0 0.0
41.3 30.0 30.0 30.0 30.0 30.0 30.0 30.0 30.0 30.0 30.0 0.0
41.4 30.0 30.0 30.0 30.0 30.0 30.0 30.0 30.0 30.0 30.0 0.0
41.5 30.0 30.0 30.0 30.0 30.0 30.0 30.0 30.0 30.0 30.0 0.0
41.6 30.0 30.0 30.0 30.0 30.0 30.0 30.0 30.0 30.0 30.0 0.0
41.7 30.0 30.0 30.0 30.0 30.0 30.0 30.0 30.0 30.0 30.0 0.0
41.8 30.0 30.0 30.0 30.0 30.0 30.0 30.0 30.0 30.0 30.0 0.0
41.9 30.0 30.0 30.0 30.0 30.0 30.0 30.0 30.0 30.0 30.0 0.0
42.0 30.0 30.0 30.0 30.0 30.0 30.0 30.0 30.0 30.0 30.0 0.0
42.1 30.0 30.0 30.0 30.0 30.0 30.0 30.0 30.0 30.0 30.0 0.0
42.2 30.0 30.0 30.0 30.0 30.0 30.0 30.0 30.0 30.0 30.0 0.0
42.3 30.0 30.0 30.0 30.0 30.0 30.0 30.0 30.0 30.0 30.0 0.0
42.4 30.0 30.0 30.0 30.0 30.0 30.0 30.0 30.0 30.0 30.0 0.0
42.5 30.0 30.0 30.0 30.0 30.0 30.0 30.0 30.0 30.0 30.0 0.0
42.6 30.0 30.0 30.0 30.0 30.0 30.0 30.0 30.0 30.0 30.0 0.0
42.7 30.0 30.0 30.0 30.0 30.0 30.0 30.0 30.0 30.0 30.0 0.0
42.8 30.0 30.0 30.0 30.0 30.0 30.0 30.0 30.0 30.0 30.0 0.0
42.9 30.0 30.0 30.0 30.0 30.0 30.0 30.0 30.0 30.0 30.0 0.0
43.0 30.0 30.0 30.0 30.0 30.0 30.0 30.0 30.0 30.0 30.0 0.0
43.1 30.0 30.0 30.0 30.0 30.0 30.0 30.0 30.0 30.0 30.0 0.0
43.2 30.0 30.0 30.0 30.0 30.0 30.0 30.0 30.0 30.0 30.0 0.0
43.3 30.0 30.0 30.0 30.0 30.0 30.0 30.0 30.0 30.0 30.0 0.0
43.4 30.0 30.0 30.0 30.0 30.0 30.0 30.0 30.0 30.0 30.0 0.0
43.5 30.0 30.0 30.0 30.0 30.0 30.0 30.0 30.0 30.0 30.0 0.0
43.6 30.0 30.0 30.0 30.0 30.0 30.0 30.0 30.0 30.0 30.0 0.0
43.7 30.0 30.0 30.0 30.0 30.0 30.0 30.0 30.0 30.0 30.0 0.0
43.8 30.0 30.0 30.0 30.0 30.0 30.0 30.0 30.0 30.0 30.0 0.0
43.9 30.0 30.0 30.0 30.0 30.0 30.0 30.0 30.0 30.0 30.0 0.0
44.0 30.0 30.0 30.0 30.0 30.0 30.0 30.0 30.0 30.0 30.0 0.0
44.1 30.0 30.0 30.0 30.0 30.0 30.0 30.0 30.0 30.0 30.0 0.0
44.2 30.0 30.0 30.0 30.0 30.0 30.0 30.0 30.0 30.0 30.0 0.0
44.3 30.0 30.0 30.0 30.0 30.0 30.0 30.0 30.0 30.0 30.0 0.0
44.4 30.0 30.0 30.0 30.0 30.0 30.0 30.0 30.0 30.0 30.0 0.0
44.5 30.0 30.0 30.0 30.0 30.0 30.0 30.0 30.0 30.0 30.0 0.0
44.6 30.0 30.0 30.0 30.0 30.0 30.0 30.0 30.0 30.0 30.0 0.0
44.7 30.0 30.0 30.0 30.0 30.0 30.0 30.0 30.0 30.0 30.0 0.0
44.8 30.0 30.0 30.0 30.0 30.0 30.0 30.0 30.0 30.0 30.0 0.0
44.9 30.0 30.0 30.0 30.0 30.0 30.0 30.0 30.0 30.0 30.0 0.0
45.0 30.0 30.0 30.0 30.0 30.0 30.0 30.0 30.0 30.0 30.0 0.0
45.1 30.0 30.0 30.0 30.0 30.0 30.0 30.0 30.0 30.0 30.0 0.0
45.2 30.0 30.0 30.0 30.0 30.0 30.0 30.0 30.0 30.0 30.0 0.0
45.3 30.0 30.0 30.0 30.0 30.0 30.0 30.0 30.0 30.0 30.0 0.0
45.4 30.0 30.0 30.0 30.0 30.0 30.0 30.0 30.0 30.0 30.0 0.0
45.5 30.0 30.0 30.0 30.0 30.0 30.0 30.0 30.0 30.0 30.0 0.0
45.6 30.0 30.0 30.0 30.0 30.0 30.0 30.0 30.0 30.0 30.0 0.0
45.7 30.0 30.0 30.0 30.0 30.0 30.0 30.0 30.0 30.0 30.0 0.0
45.8 30.0 30.0 30.0 30.0 30.0 30.0 30.0 30.0 30.0 30.0 0.0
45.9 30.0 30.0 30.0 30.0 30.0 30.0 30.0 30.0 30.0 30.0 0.0
46.0 30.0 30.0 30.0 30.0 30.0 30.0 30.0 30.0 30.0 30.0 0.0
46.1 30.0 30.0 30.0 30.0 30.0 30.0 30.0 30.0 30.0 30.0 0.0
46.2 30.0 30.0 30.0 30.0 30.0 30.0 30.0 30.0 30.0 30.0 0.0
46.3 30.0 30.0 30.0 30.0 30.0 30.0 30.0 30.0 30.0 30.0 0.0
46.4 30.0 30.0 30.0 30.0 30.0 30.0 30.0 30.0 30.0 30.0 0.0
46.5 30.0 30.0 30.0 30.0 30.0 30.0 30.0 30.0 30.0 30.0 0.0
46.6 30.0 30.0 30.0 30.0 30.0 30.0 30.0 30.0 30.0 30.0 0.0
46.7 30.0 30.0 30.0 30.0 30.0 30.0 30.0 30.0 30.0 30.0 0.0
46.8 30.0 30.0 30.0 30.0 30.0 30.0 30.0 30.0 30.0 30.0 0.0
46.9 30.0 30.0 30.0 30.0 30.0 30.0 30.0 30.0 30.0 30.0 0.0
47.0 30.0 30.0 30.0 30.0 30.0 30.0 30.0 30.0 30.0 30.0 0.0
47.1 30.0 30.0 30.0 30.0 30.0 30.0 30.0 30.0 30.0 30.0 0.0
47.2 30.0 30.0 30.0 30.0 30.0 30.0 30.0 30.0 30.0 30.0 0.0
47.3 30.0 30.0 30.0 30.0 30.0 30.0 30.0 30.0 30.0 30.0 0.0
47.4 30.0 30.0 30.0 30.0 30.0 30.0 30.0 30.0 30.0 30.0 0.0
47.5 30.0 30.0 30.0 30.0 30.0 30.0 30.0 30.0 30.0 30.0 0.0
47.6 30.0 30.0 30.0 30.0 30.0 30.0 30.0 30.0 30.0 30.0 0.0
47.7 30.0 30.0 30.0 30.0 30.0 30.0 30.0 30.0 30.0 30.0 0.0
47.8 30.0 30.0 30.0 30.0 30.0 30.0 30.0 30.0 30.0 30.0 0.0
47.9 30.0 30.0 30.0 30.0 30.0 30.0 30.0 30.0 30.0 30.0 0.0
48.0 30.0 30.0 30.0 30.0 30.0 30.0 30.0 30.0 30.0 30.0 0.0
48.1 30.0 30.0 30.0 30.0 30.0 30.0 30.0 30.0 30.0 30.0 0.0
48.2 30.0 30.0 30.0 30.0 30.0 30.0 30.0 30.0 30.0 30.0 0.0
48.3 30.0 30.0 30.0 30.0 30.0 30.0 30.0 30.0 30.0 30.0 0.0
48.4 30.0 30.0 30.0 30.0 30.0 30.0 30.0 30.0 30.0 30.0 0.0
48.5 30.0 30.0 30.0 30.0 30.0 30.0 30.0 30.0 30.0 30.0 0.0
48.6 30.0 30.0 30.0 30.0 30.0 30.0 30.0 30.0 30.0 30.0 0.0
48.7 30.0 30.0 30.0 30.0 30.0 30.0 30.0 30.0 30.0 30.0 0.0
48.8 30.0 30.0 30.0 30.0 30.0 30.0 30.0 30.0 30.0 30.0 0.0
48.9 30.0 30.0 30.0 30.0 30.0 30.0 30.0 30.0 30.0 30.0 0.0
49.0 30.0 30.0 30.0 30.0 30.0 30.0 30.0 30.0 30.0 30.0 0.0
49.1 30.0 30.0 30.0 30.0 30.0 30.0 30.0 30.0 30.0 30.0 0.0
49.2 30.0 30.0 30.0 30.0 30.0 30.0 30.0 30.0 30.0 30.0 0.0
49.3 30.0 30.0 30.0 30.0 30.0 30.0 30.0 30.0 30.0 30.0 0.0
49.4 30.0 30.0 30.0 30.0 30.0 30.0 30.0 30.0 30.0 30.0 0.0
49.5 30.0 30.0 30.0 30.0 30.0 30.0 30.0 30.0 30.0 30.0 0.0
49.6 30.0 30.0 30.0 30.0 30.0 30.0 30.0 30.0 30.0 30.0 0.0
49.7 30.0 30.0 30.0 30.0 30.0 30.0 30.0 30.0 30.0 30.0 0.0
49.8 30.0 30.0 30.0 30.0 30.0 30.0 30.0 30.0 30.0 30.0 0.0
49.9 30.0 30.0 30.0 30.0 30.0 30.0 30.0 30.0 30.0 30.0 0.0
50.0 30.0 30.0 30.0 30.0 30.0 30.0 30.0 30.0 30.0 30.0 0.0
50.1 30.0 30.0 30.0 30.0 30.0 30.0 30.0 30.0 30.0 30.0 0.0
50.2 30.0 30.0 30.0 30.0 30.0 30.0 30.0 30.0 30.0 30.0 0.0
50.3 30.0 30.0 30.0 30.0 30.0 30.0 30.0 30.0 30.0 30.0 0.0
50.4 30.0 30.0 30.0 30.0 30.0 30.0 30.0 30.0 30.0 30.0 0.0
50.5 30.0 30.0 30.0 30.0 30.0 30.0 30.0 30.0 30.0 30.0 0.0
50.6 30.0 30.0 30.0 30.0 30.0 30.0 30.0 30.0 30.0 30.0 0.0
50.7 30.0 30.0 30.0 30.0 30.0 30.0 30.0 30.0 30.0 30.0 0.0
50.8 30.0 30.0 30.0 30.0 30.0 30.0 30.0 30.0 30.0 30.0 0.0
50.9 30.0 30.0 30.0 30.0 30.0 30.0 30.0 30.0 30.0 30.0 0.0
51.0 30.0 30.0 30.0 30.0 30.0 30.0 30.0 30.0 30.0 30.0 0.0
51.1 30.0 30.0 30.0 30.0 30.0 30.0 30.0 30.0 30.0 30.0 0.0
51.2 30.0 30.0 30.0 30.0 30.0 30.0 30.0 30.0 30.0 30.0 0.0
51.3 30.0 30.0 30.0 30.0 30.0 30.0 30.0 30.0 30.0 30.0 0.0
51.4 30.0 30.0 30.0 30.0 30.0 30.0 30.0 30.0 30.0 30.0 0.0
51.5 30.0 30.0 30.0 30.0 30.0 30.0 30.0 30.0 30.0 30.0 0.0
51.6 30.0 30.0 30.0 30.0 30.0 30.0 30.0 30.0 30.0 30.0 0.0
51.7 30.0 30.0 30.0 30.0 30.0 30.0 30.0 30.0 30.0 30.0 0.0
51.8 30.0 30.0 30.0 30.0 30.0 30.0 30.0 30.0 30.0 30.0 0.0
51.9 30.0 30.0 30.0 30.0 30.0 30.0 30.0 30.0 30.0 30.0 0.0
52.0 30.0 30.0 30.0 30.0 30.0 30.0 30.0 30.0 30.0 30.0 0.0
52.1 30.0 30.0 30.0 30.0 30.0 30.0 30.0 30.0 30.0 30.0 0.0
52.2 30.0 30.0 30.0 30.0 30.0 30.0 30.0 30.0 30.0 30.0 0.0
52.3 30.0 30.0 30.0 30.0 30.0 30.0 30.0 30.0 30.0 30.0 0.0
52.4 30.0 30.0 30.0 30.0 30.0 30.0 30.0 30.0 30.0 30.0 0.0
52.5 30.0 30.0 30.0 30.0 30.0 30.0 30.0 30.0 30.0 30.0 0.0
52.6 30.0 30.0 30.0 30.0 30.0 30.0 30.0 30.0 30.0 30.0 0.0
52.7 30.0 30.0 30.0 30.0 30.0 30.0 30.0 30.0 30.0 30.0 0.0
52.8 30.0 30.0 30.0 30.0 30.0 30.0 30.0 30.0 30.0 30.0 0.0
52.9 30.0 30.0 30.0 30.0 30.0 30.0 30.0 30.0 30.0 30.0 0.0
53.0 30.0 30.0 30.0 30.0 30.0 30.0 30.0 30.0 30.0 30.0 0.0
53.1 30.0 30.0 30.0 30.0 30.0 30.0 30.0 30.0 30.0 30.0 0.0
53.2 30.0 30.0 30.0 30.0 30.0 30.0 30.0 30.0 30.0 30.0 0.0
53.3 30.0 30.0 30.0 30.0 30.0 30.0 30.0 30.0 30.0 30.0 0.0
53.4 30.0 30.0 30.0 30.0 30.0 30.0 30.0 30.0 30.0 30.0 0.0
53.5 30.0 30.0 30.0 30.0 30.0 30.0 30.0 30.0 30.0 30.0 0.0
53.6 30.0 30.0 30.0 30.0 30.0 30.0 30.0 30.0 30.0 30.0 0.0
53.7 30.0 30.0 30.0 30.0 30.0 30.0 30.0 30.0 30.0 30.0 0.0
53.8 30.0 30.0 30.0 30.0 30.0 30.0 30.0 30.0 30.0 30.0 0.0
53.9 30.0 30.0 30.0 30.0 30.0 30.0 30.0 30.0 30.0 30.0 0.0
54.0 30.0 30.0 30.0 30.0 30.0 30.0 30.0 30.0 30.0 30.0 0.0
54.1 30.0 30.0 30.0 30.0 30.0 30.0 30.0 30.0 30.0 30.0 0.0
54.2 30.0 30.0 30.0 30.0 30.0 30.0 30.0 30.0 30.0 30.0 0.0
54.3 30.0 30.0 30.0 30.0 30.0 30.0 30.0 30.0 30.0 30.0 0.0
54.4 30.0 30.0 30.0 30.0 30.0 30.0 30.0 30.0 30.0 30.0 0.0
54.5 30.0 30.0 30.0 30.0 30.0 30.0 30.0 30.0 30.0 30.0 0.0
54.6 30.0 30.0 30.0 30.0 30.0 30.0 30.0 30.0 30.0 30.0 0.0
54.7 30.0 30.0 30.0 30.0 30.0 30.0 30.0 30.0 30.0 30.0 0.0
54.8 30.0 30.0 30.0 30.0 30.0 30.0 30.0 30.0 30.0 30.0 0.0
54.9 30.0 30.0 30.0 30.0 30.0 30.0 30.0 30.0 30.0 30.0 0.0
55.0 30.0 30.0 30.0 30.0 30.0 30.0 30.0 30.0 30.0 30.0 0.0
55.1 30.0 30.0 30.0 30.0 30.0 30.0 30.0 30.0 30.0 30.0 0.0
55.2 30.0 30.0 30.0 30.0 30.0 30.0 30.0 30.0 30.0 30.0 0.0
55.3 30.0 30.0 30.0 30.0 30.0 30.0 30.0 30.0 30.0 30.0 0.0
55.4 30.0 30.0 30.0 30.0 30.0 30.0 30.0 30.0 30.0 30.0 0.0
55.5 30.0 30.0 30.0 30.0 30.0 30.0 30.0 30.0 30.0 30.0 0.0
55.6 30.0 30.0 30.0 30.0 30.0 30.0 30.0 30.0 30.0 30.0 0.0
55.7 30.0 30.0 30.0 30.0 30.0 30.0 30.0 30.0 30.0 30.0 0.0
55.8 30.0 30.0 30.0 30.0 30.0 30.0 30.0 30.0 30.0 30.0 0.0
55.9 30.0 30.0 30.0 30.0 30.0 30.0 30.0 30.0 30.0 30.0 0.0
56.0 30.0 30.0 30.0 30.0 30.0 30.0 30.0 30.0 30.0 30.0 0.0
56.1 30.0 30.0 30.0 30.0 30.0 30.0 30.0 30.0 30.0 30.0 0.0
56.2 30.0 30.0 30.0 30.0 30.0 30.0 30.0 30.0 30.0 30.0 0.0
56.3 30.0 30.0 30.0 30.0 30.0 30.0 30.0 30.0 30.0 30.0 0.0
56.4 30.0 30.0 30.0 30.0 30.0 30.0 30.0 30.0 30.0 30.0 0.0
56.5 30.0 30.0 30.0 30.0 30.0 30.0 30.0 30.0 30.0 30.0 0.0
56.6 30.0 30.0 30.0 30.0 30.0 30.0 30.0 30.0 30.0 30.0 0.0
56.7 30.0 30.0 30.0 30.0 30.0 30.0 30.0 30.0 30.0 30.0 0.0
56.8 30.0 30.0 30.0 30.0 30.0 30.0 30.0 30.0 30.0 30.0 0.0
56.9 30.0 30.0 30.0 30.0 30.0 30.0 30.0 30.0 30.0 30.0 0.0
57.0 30.0 30.0 30.0 30.0 30.0 30.0 30.0 30.0 30.0 30.0 0.0
57.1 30.0 30.0 30.0 30.0 30.0 30.0 30.0 30.0 30.0 30.0 0.0
57.2 30.0 30.0 30.0 30.0 30.0 30.0 30.0 30.0 30.0 30.0 0.0
57.3 30.0 30.0 30.0 30.0 30.0 30.0 30.0 30.0 30.0 30.0 0.0
57.4 30.0 30.0 30.0 30.0 30.0 30.0 30.0 30.0 30.0 30.0 0.0
57.5 30.0 30.0 30.0 30.0 30.0 30.0 30.0 30.0 30.0 30.0 0.0
57.6 30.0 30.0 30.0 30.0 30.0 30.0 30.0 30.0 30.0 30.0 0.0
57.7 30.0 30.0 30.0 30.0 30.0 30.0 30.0 30.0 30.0 30.0 0.0
57.8 30.0 30.0 30.0 30.0 30.0 30.0 30.0 30.0 30.0 30.0 0.0
57.9 30.0 30.0 30.0 30.0 30.0 30.0 30.0 30.0 30.0 30.0 0.0
58.0 30.0 30.0 30.0 30.0 30.0 30.0 30.0 30.0 30.0 30.0 0.0
58.1 30.0 30.0 30.0 30.0 30.0 30.0 30.0 30.0 30.0 30.0 0.0
58.2 30.0 30.0 30.0 30.0 30.0 30.0 30.0 30.0 30.0 30.0 0.0
58.3 30.0 30.0 30.0 30.0 30.0 30.0 30.0 30.0 30.0 30.0 0.0
58.4 30.0 30.0 30.0 30.0 30.0 30.0 30.0 30.0 30.0 30.0 0.0
58.5 30.0 30.0 30.0 30.0 30.0 30.0 30.0 30.0 30.0 30.0 0.0
58.6 30.0 30.0 30.0 30.0 30.0 30.0 30.0 30.0 30.0 30.0 0.0
58.7 30.0 30.0 30.0 30.0 30.0 30.0 30.0 30.0 30.0 30.0 0.0
58.8 30.0 30.0 30.0 30.0 30.0 30.0 30.0 30.0 30.0 30.0 0.0
58.9 30.0 30.0 30.0 30.0 30.0 30.0 30.0 30.0 30.0 30.0 0.0
59.0 30.0 30.0 30.0 30.0 30.0 30.0 30.0 30.0 30.0 30.0 0.0
59.1 30.0 30.0 30.0 30.0 30.0 30.0 30.0 30.0 30.0 30.0 0.0
59.2 30.0 30.0 30.0 30.0 30.0 30.0 30.0 30.0 30.0 30.0 0.0
59.3 30.0 30.0 30.0 30.0 30.0 30.0 30.0 30.0 30.0 30.0 0.0
59.4 30.0 30.0 30.0 30.0 30.0 30.0 30.0 30.0 30.0 30.0 0.0
59.5 30.0 30.0 30.0 30.0 30.0 30.0 30.0 30.0 30.0 30.0 0.0
59.6 30.0 30.0 30.0 30.0 30.0 30.0 30.0 30.0 30.0 30.0 0.0
59.7 30.0 30.0 30.0 30.0 30.0 30.0 30.0 30.0 30.0 30.0 0.0
59.8 30.0 30.0 30.0 30.0 30.0 30.0 30.0 30.0 30.0 30.0 0.0
59.9 30.0 30.0 30.0 30.0 30.0 30.0 30.0 30.0 30.0 30.0 0.0
60.0 30.0 30.0 30.0 30.0 30.0 30.0 30.0 30.0 30.0 30.0 0.0
60.1 30.0 30.0 30.0 30.0 30.0 30.0 30.0 30.0 30.0 30.0 0.0
60.2 30.0 30.0 30.0 30.0 30.0 30.0 30.0 30.0 30.0 30.0 0.0
60.3 30.0 30.0 30.0 30.0 30.0 30.0 30.0 30.0 30.0 30.0 0.0
60.4 30.0 30.0 30.0 30.0 30.0 30.0 30.0 30.0 30.0 30.0 0.0
60.5 30.0 30.0 30.0 30.0 30.0 30.0 30.0 30.0 30.0 30.0 0.0
60.6 30.0 30.0 30.0 30.0 30.0 30.0 30.0 30.0 30.0 30.0 0.0
60.7 30.0 30.0 30.0 30.0 30.0 30.0 30.0 30.0 30.0 30.0 0.0
60.8 30.0 30.0 30.0 30.0 30.0 30.0 30.0 30.0 30.0 30.0 0.0
60.9 30.0 30.0 30.0 30.0 30.0 30.0 30.0 30.0 30.0 30.0 0.0
61.0 30.0 30.0 30.0 30.0 30.0 30.0 30.0 30.0 30.0 30.0 0.0
61.1 30.0 30.0 30.0 30.0 30.0 30.0 30.0 30.0 30.0 30.0 0.0
61.2 30.0 30.0 30.0 30.0 30.0 30.0 30.0 30.0 30.0 30.0 0.0
61.3 30.0 30.0 30.0 30.0 30.0 30.0 30.0 30.0 30.0 30.0 0.0
61.4 30.0 30.0 30.0 30.0 30.0 30.0 30.0 30.0 30.0 30.0 0.0
61.5 30.0 30.0 30.0 30.0 30.0 30.0 30.0 30.0 30.0 30.0 0.0
61.6 30.0 30.0 30.0 30.0 30.0 30.0 30.0 30.0 30.0 30.0 0.0
61.7 30.0 30.0 30.0 30.0 30.0 30.0 30.0 30.0 30.0 30.0 0.0
61.8 30.0 30.0 30.0 30.0 30.0 30.0 30.0 30.0 30.0 30.0 0.0
61.9 30.0 30.0 30.0 30.0 30.0 30.0 30.0 30.0 30.0 30.0 0.0
62.0 30.0 30.0 30.0 30.0 30.0 30.0 30.0 30.0 30.0 30.0 0.0
62.1 30.0 30.0 30.0 30.0 30.0 30.0 30.0 30.0 30.0 30.0 0.0
62.2 30.0 30.0 30.0 30.0 30.0 30.0 30.0 30.0 30.0 30.0 0.0
62.3 30.0 30.0 30.0 30.0 30.0 30.0 30.0 30.0 30.0 30.0 0.0
62.4 30.0 30.0 30.0 30.0 30.0 30.0 30.0 30.0 30.0 30.0 0.0
62.5 30.0 30.0 30.0 30.0 30.0 30.0 30.0 30.0 30.0 30.0 0.0
62.6 30.0 30.0 30.0 30.0 30.0 30.0 30.0 30.0 30.0 30.0 0.0
62.7 30.0 30.0 30.0 30.0 30.0 30.0 30.0 30.0 30.0 30.0 0.0
62.8 30.0 30.0 30.0 30.0 30.0 30.0 30.0 30.0 30.0 30.0 0.0
62.9 30.0 30.0 30.0 30.0 30.0 30.0 30.0 30.0 30.0 30.0 0.0
63.0 30.0 30.0 30.0 30.0 30.0 30.0 30.0 30.0 30.0 30.0 0.0
63.1 30.0 30.0 30.0 30.0 30.0 30.0 30.0 30.0 30.0 30.0 0.0
63.2 30.0 30.0 30.0 30.0 30.0 30.0 30.0 30.0 30.0 30.0 0.0
63.3 30.0 30.0 30.0 30.0 30.0 30.0 30.0 30.0 30.0 30.0 0.0
63.4 30.0 30.0 30.0 30.0 30.0 30.0 30.0 30.0 30.0 30.0 0.0
63.5 30.0 30.0 30.0 30.0 30.0 30.0 30.0 30.0 30.0 30.0 0.0
63.6 30.0 30.0 30.0 30.0 30.0 30.0 30.0 30.0 30.0 30.0 0.0
63.7 30.0 30.0 30.0 30.0 30.0 30.0 30.0 30.0 30.0 30.0 0.0
63.8 30.0 30.0 30.0 30.0 30.0 30.0 30.0 30.0 30.0 30.0 0.0
63.9 30.0 30.0 30.0 30.0 30.0 30.0 30.0 30.0 30.0 30.0 0.0
64.0 30.0 30.0 30.0 30.0 30.0 30.0 30.0 30.0 30.0 30.0 0.0
64.1 30.0 30.0 30.0 30.0 30.0 30.0 30.0 30.0 30.0 30.0 0.0
64.2 30.0 30.0 30.0 30.0 30.0 30.0 30.0 30.0 30.0 30.0 0.0
64.3 30.0 30.0 30.0 30.0 30.0 30.0 30.0 30.0 30.0 30.0 0.0
64.4 30.0 30.0 30.0 30.0 30.0 30.0 30.0 30.0 30.0 30.0 0.0
64.5 30.0 30.0 30.0 30.0 30.0 30.0 30.0 30.0 30.0 30.0 0.0
64.6 30.0 30.0 30.0 30.0 30.0 30.0 30.0 30.0 30.0 30.0 0.0
64.7 30.0 30.0 30.0 30.0 30.0 30.0 30.0 30.0 30.0 30.0 0.0
64.8 30.0 30.0 30.0 30.0 30.0 30.0 30.0 30.0 30.0 30.0 0.0
64.9 30.0 30.0 30.0 30.0 30.0 30.0 30.0 30.0 30.0 30.0 0.0
65.0 30.0 30.0 30.0 30.0 30.0 30.0 30.0 30.0 30.0 30.0 0.0
65.1 30.0 30.0 30.0 30.0 30.0 30.0 30.0 30.0 30.0 30.0 0.0
65.2 30.0 30.0 30.0 30.0 30.0 30.0 30.0 30.0 30.0 30.0 0.0
65.3 30.0 30.0 30.0 30.0 30.0 30.0 30.0 30.0 30.0 30.0 0.0
65.4 30.0 30.0 30.0 30.0 30.0 30.0 30.0 30.0 30.0 30.0 0.0
65.5 30.0 30.0 30.0 30.0 30.0 30.0 30.0 30.0 30.0 30.0 0.0
65.6 30.0 30.0 30.0 30.0 30.0 30.0 30.0 30.0 30.0 30.0 0.0
65.7 30.0 30.0 30.0 30.0 30.0 30.0 30.0 30.0 30.0 30.0 0.0
65.8 30.0 30.0 30.0 30.0 30.0 30.0 30.0 30.0 30.0 30.0 0.0
65.9 30.0 30.0 30.0 30.0 30.0 30.0 30.0 30.0 30.0 30.0 0.0
66.0 30.0 30.0 30.0 30.0 30.0 30.0 30.0 30.0 30.0 30.0 0.0
66.1 30.0 30.0 30.0 30.0 30.0 30.0 30.0 30.0 30.0 30.0 0.0
66.2 30.0 30.0 30.0 30.0 30.0 30.0 30.0 30.0 30.0 30.0 0.0
66.3 30.0 30.0 30.0 30.0 30.0 30.0 30.0 30.0 30.0 30.0 0.0
66.4 30.0 30.0 30.0 30.0 30.0 30.0 30.0 30.0 30.0 30.0 0.0
66.5 30.0 30.0 30.0 30.0 30.0 30.0 30.0 30.0 30.0 30.0 0.0
66.6 30.0 30.0 30.0 30.0 30.0 30.0 30.0 30.0 30.0 30.0 0.0
66.7 30.0 30.0 30.0 30.0 30.0 30.0 30.0 30.0 30.0 30.0 0.0
66.8 30.0 30.0 30.0 30.0 30.0 30.0 30.0 30.0 30.0 30.0 0.0
66.9 30.0 30.0 30.0 30.0 30.0 30.0 30.0 30.0 30.0 30.0 0.0
67.0 30.0 30.0 30.0 30.0 30.0 30.0 30.0 30.0 30.0 30.0 0.0
67.1 30.0 30.0 30.0 30.0 30.0 30.0 30.0 30.0 30.0 30.0 0.0
67.2 30.0 30.0 30.0 30.0 30.0 30.0 30.0 30.0 30.0 30.0 0.0
67.3 30.0 30.0 30.0 30.0 30.0 30.0 30.0 30.0 30.0 30.0 0.0
67.4 30.0 30.0 30.0 30.0 30.0 30.0 30.0 30.0 30.0 30.0 0.0
67.5 30.0 30.0 30.0 30.0 30.0 30.0 30.0 30.0 30.0 30.0 0.0
67.6 30.0 30.0 30.0 30.0 30.0 30.0 30.0 30.0 30.0 30.0 0.0
67.7 30.0 30.0 30.0 30.0 30.0 30.0 30.0 30.0 30.0 30.0 0.0
67.8 30.0 30.0 30.0 30.0 30.0 30.0 30.0 30.0 30.0 30.0 0.0
67.9 30.0 30.0 30.0 30.0 30.0 30.0 30.0 30.0 30.0 30.0 0.0
68.0 30.0 30.0 30.0 30.0 30.0 30.0 30.0 30.0 30.0 30.0 0.0
68.1 30.0 30.0 30.0 30.0 30.0 30.0 30.0 30.0 30.0 30.0 0.0
68.2 30.0 30.0 30.0 30.0 30.0 30.0 30.0 30.0 30.0 30.0 0.0
68.3 30.0 30.0 30.0 30.0 30.0 30.0 30.0 30.0 30.0 30.0 0.0
68.4 30.0 30.0 30.0 30.0 30.0 30.0 30.0 30.0 30.0 30.0 0.0
68.5 30.0 30.0 30.0 30.0 30.0 30.0 30.0 30.0 30.0 30.0 0.0
68.6 30.0 30.0 30.0 30.0 30.0 30.0 30.0 30.0 30.0 30.0 0.0
68.7 30.0 30.0 30.0 30.0 30.0 30.0 30.0 30.0 30.0 30.0 0.0
68.8 30.0 30.0 30.0 30.0 30.0 30.0 30.0 30.0 30.0 30.0 0.0
68.9 30.0 30.0 30.0 30.0 30.0 30.0 30.0 30.0 30.0 30.0 0.0
69.0 30.0 30.0 30.0 30.0 30.0 30.0 30.0 30.0 30.0 30.0 0.0
69.1 30.0 30.0 30.0 30.0 30.0 30.0 30.0 30.0 30.0 30.0 0.0
69.2 30.0 30.0 30.0 30.0 30.0 30.0 30.0 30.0 30.0 30.0 0.0
69.3 30.0 30.0 30.0 30.0 30.0 30.0 30.0 30.0 30.0 30.0 0.0
69.4 30.0 30.0 30.0 30.0 30.0 30.0 30.0 30.0 30.0 30.0 0.0
69.5 30.0 30.0 30.0 30.0 30.0 30.0 30.0 30.0 30.0 30.0 0.0
69.6 30.0 30.0 30.0 30.0 30.0 30.0 30.0 30.0 30.0 30.0 0.0
69.7 30.0 30.0 30.0 30.0 30.0 30.0 30.0 30.0 30.0 30.0 0.0
69.8 30.0 30.0 30.0 30.0 30.0 30.0 30.0 30.0 30.0 30.0 0.0
69.9 30.0 30.0 30.0 30.0 30.0 30.0 30.0 30.0 30.0 30.0 0.0
70.0 30.0 30.0 30.0 30.0 30.0 30.0 30.0 30.0 30.0 30.0 0.0
70.1 30.0 30.0 30.0 30.0 30.0 30.0 30.0 30.0 30.0 30.0 0.0
70.2 30.0 30.0 30.0 30.0 30.0 30.0 30.0 30.0 30.0 30.0 0.0
70.3 30.0 30.0 30.0 30.0 30.0 30.0 30.0 30.0 30.0 30.0 0.0
70.4 30.0 30.0 30.0 30.0 30.0 30.0 30.0 30.0 30.0 30.0 0.0
70.5 30.0 30.0 30.0 30.0 30.0 30.0 30.0 30.0 30.0 30.0 0.0
70.6 30.0 30.0 30.0 30.0 30.0 30.0 30.0 30.0 30.0 30.0 0.0
70.7 30.0 30.0 30.0 30.0 30.0 30.0 30.0 30.0 30.0 30.0 0.0
70.8 30.0 30.0 30.0 30.0 30.0 30.0 30.0 30.0 30.0 30.0 0.0
70.9 30.0 30.0 30.0 30.0 30.0 30.0 30.0 30.0 30.0 30.0 0.0
71.0 30.0 30.0 30.0 30.0 30.0 30.0 30.0 30.0 30.0 30.0 0.0
71.1 30.0 30.0 30.0 30.0 30.0 30.0 30.0 30.0 30.0 30.0 0.0
71.2 30.0 30.0 30.0 30.0 30.0 30.0 30.0 30.0 30.0 30.0 0.0
71.3 30.0 30.0 30.0 30.0 30.0 30.0 30.0 30.0 30.0 30.0 0.0
71.4 30.0 30.0 30.0 30.0 30.0 30.0 30.0 30.0 30.0 30.0 0.0
71.5 30.0 30.0 30.0 30.0 30.0 30.0 30.0 30.0 30.0 30.0 0.0
71.6 30.0 30.0 30.0 30.0 30.0 30.0 30.0 30.0 30.0 30.0 0.0
71.7 30.0 30.0 30.0 30.0 30.0 30.0 30.0 30.0 30.0 30.0 0.0
71.8 30.0 30.0 30.0 30.0 30.0 30.0 30.0 30.0 30.0 30.0 0.0
71.9 30.0 30.0 30.0 30.0 30.0 30.0 30.0 30.0 30.0 30.0 0.0
72.0 30.0 30.0 30.0 30.0 30.0 30.0 30.0 30.0 30.0 30.0 0.0
72.1 30.0 30.0 30.0 30.0 30.0 30.0 30.0 30.0 30.0 30.0 0.0
72.2 30.0 30.0 30.0 30.0 30.0 30.0 30.0 30.0 30.0 30.0 0.0
72.3 30.0 30.0 30.0 30.0 30.0 30.0 30.0 30.0 30.0 30.0 0.0
72.4 30.0 30.0 30.0 30.0 30.0 30.0 30.0 30.0 30.0 30.0 0.0
72.5 30.0 30.0 30.0 30.0 30.0 30.0 30.0 30.0 30.0 30.0 0.0
72.6 30.0 30.0 30.0 30.0 30.0 30.0 30.0 30.0 30.0 30.0 0.0
72.7 30.0 30.0 30.0 30.0 30.0 30.0 30.0 30.0 30.0 30.0 0.0
72.8 30.0 30.0 30.0 30.0 30.0 30.0 30.0 30.0 30.0 30.0 0.0
72.9 30.0 30.0 30.0 30.0 30.0 30.0 30.0 30.0 30.0 30.0 0.0
73.0 30.0 30.0 30.0 30.0 30.0 30.0 30.0 30.0 30.0 30.0 0.0
73.1 30.0 30.0 30.0 30.0 30.0 30.0 30.0 30.0 30.0 30.0 0.0
73.2 30.0 30.0 30.0 30.0 30.0 30.0 30.0 30.0 30.0 30.0 0.0
73.3 30.0 30.0 30.0 30.0 30.0 30.0 30.0 30.0 30.0 30.0 0.0
73.4 30.0 30.0 30.0 30.0 30.0 30.0 30.0 30.0 30.0 30.0 0.0
73.5 30.0 30.0 30.0 30.0 30.0 30.0 30.0 30.0 30.0 30.0 0.0
73.6 30.0 30.0 30.0 30.0 30.0 30.0 30.0 30.0 30.0 30.0 0.0
73.7 30.0 30.0 30.0 30.0 30.0 30.0 30.0 30.0 30.0 30.0 0.0
73.8 30.0 30.0 30.0 30.0 30.0 30.0 30.0 30.0 30.0 30.0 0.0
73.9 30.0 30.0 30.0 30.0 30.0 30.0 30.0 30.0 30.0 30.0 0.0
74.0 30.0 30.0 30.0 30.0 30.0 30.0 30.0 30.0 30.0 30.0 0.0
74.1 30.0 30.0 30.0 30.0 30.0 30.0 30.0 30.0 30.0 30.0 0.0
74.2 30.0 30.0 30.0 30.0 30.0 30.0 30.0 30.0 30.0 30.0 0.0
74.3 30.0 30.0 30.0 30.0 30.0 30.0 30.0 30.0 30.0 30.0 0.0
74.4 30.0 30.0 30.0 30.0 30.0 30.0 30.0 30.0 30.0 30.0 0.0
74.5 30.0 30.0 30.0 30.0 30.0 30.0 30.0 30.0 30.0 30.0 0.0
74.6 30.0 30.0 30.0 30.0 30.0 30.0 30.0 30.0 30.0 30.0 0.0
74.7 30.0 30.0 30.0 30.0 30.0 30.0 30.0 30.0 30.0 30.0 0.0
74.8 30.0 30.0 30.0 30.0 30.0 30.0 30.0 30.0 30.0 30.0 0.0
74.9 30.0 30.0 30.0 30.0 30.0 30.0 30.0 30.0 30.0 30.0 0.0
75.0 30.0 30.0 30.0 30.0 30.0 30.0 30.0 30.0 30.0 30.0 0.0
75.1 30.0 30.0 30.0 30.0 30.0 30.0 30.0 30.0 30.0 30.0 0.0
75.2 30.0 30.0 30.0 30.0 30.0 30.0 30.0 30.0 30.0 30.0 0.0
75.3 30.0 30.0 30.0 30.0 30.0 30.0 30.0 30.0 30.0 30.0 0.0
75.4 30.0 30.0 30.0 30.0 30.0 30.0 30.0 30.0 30.0 30.0 0.0
75.5 30.0 30.0 30.0 30.0 30.0 30.0 30.0 30.0 30.0 30.0 0.0
75.6 30.0 30.0 30.0 30.0 30.0 30.0 30.0 30.0 30.0 30.0 0.0
75.7 30.0 30.0 30.0 30.0 30.0 30.0 30.0 30.0 30.0 30.0 0.0
75.8 30.0 30.0 30.0 30.0 30.0 30.0 30.0 30.0 30.0 30.0 0.0
75.9 30.0 30.0 30.0 30.0 30.0 30.0 30.0 30.0 30.0 30.0 0.0
76.0 30.0 30.0 30.0 30.0 30.0 30.0 30.0 30.0 30.0 30.0 0.0
76.1 30.0 30.0 30.0 30.0 30.0 30.0 30.0 30.0 30.0 30.0 0.0
76.2 30.0 30.0 30.0 30.0 30.0 30.0 30.0 30.0 30.0 30.0 0.0
76.3 30.0 30.0 30.0 30.0 30.0 30.0 30.0 30.0 30.0 30.0 0.0
76.4 30.0 30.0 30.0 30.0 30.0 30.0 30.0 30.0 30.0 30.0 0.0
76.5 30.0 30.0 30.0 30.0 30.0 30.0 30.0 30.0 30.0 30.0 0.0
76.6 30.0 30.0 30.0 30.0 30.0 30.0 30.0 30.0 30.0 30.0 0.0
76.7 30.0 30.0 30.0 30.0 30.0 30.0 30.0 30.0 30.0 30.0 0.0
76.8 30.0 30.0 30.0 30.0 30.0 30.0 30.0 30.0 30.0 30.0 0.0
76.9 30.0 30.0 30.0 30.0 30.0 30.0 30.0 30.0 30.0 30.0 0.0
77.0 30.0 30.0 30.0 30.0 30.0 30.0 30.0 30.0 30.0 30.0 0.0
77.1 30.0 30.0 30.0 30.0 30.0 30.0 30.0 30.0 30.0 30.0 0.0
77.2 30.0 30.0 30.0 30.0 30.0 30.0 30.0 30.0 30.0 30.0 0.0
77.3 30.0 30.0 30.0 30.0 30.0 30.0 30.0 30.0 30.0 30.0 0.0
77.4 30.0 30.0 30.0 30.0 30.0 30.0 30.0 30.0 30.0 30.0 0.0
77.5 30.0 30.0 30.0 30.0 30.0 30.0 30.0 30.0 30.0 30.0 0.0
77.6 30.0 30.0 30.0 30.0 30.0 30.0 30.0 30.0 30.0 30.0 0.0
77.7 30.0 30.0 30.0 30.0 30.0 30.0 30.0 30.0 30.0 30.0 0.0
77.8 30.0 30.0 30.0 30.0 30.0 30.0 30.0 30.0 30.0 30.0 0.0
77.9 30.0 30.0 30.0 30.0 30.0 30.0 30.0 30.0 30.0 30.0 0.0
78.0 30.0 30.0 30.0 30.0 30.0 30.0 30.0 30.0 30.0 30.0 0.0
78.1 30.0 30.0 30.0 30.0 30.0 30.0 30.0 30.0 30.0 30.0 0.0
78.2 30.0 30.0 30.0 30.0 30.0 30.0 30.0 30.0 30.0 30.0 0.0
78.3 30.0 30.0 30.0 30.0 30.0 30.0 30.0 30.0 30.0 30.0 0.0
78.4 30.0 30.0 30.0 30.0 30.0 30.0 30.0 30.0 30.0 30.0 0.0
78.5 30.0 30.0 30.0 30.0 30.0 30.0 30.0 30.0 30.0 30.0 0.0
78.6 30.0 30.0 30.0 30.0 30.0 30.0 30.0 30.0 30.0 30.0 0.0
78.7 30.0 30.0 30.0 30.0 30.0 30.0 30.0 30.0 30.0 30.0 0.0
78.8 30.0 30.0 30.0 30.0 30.0 30.0 30.0 30.0 30.0 30.0 0.0
78.9 30.0 30.0 30.0 30.0 30.0 30.0 30.0 30.0 30.0 30.0 0.0
79.0 30.0 30.0 30.0 30.0 30.0 30.0 30.0 30.0 30.0 30.0 0.0
79.1 30.0 30.0 30.0 30.0 30.0 30.0 30.0 30.0 30.0 30.0 0.0
79.2 30.0 30.0 30.0 30.0 30.0 30.0 30.0 30.0 30.0 30.0 0.0
79.3 30.0 30.0 30.0 30.0 30.0 30.0 30.0 30.0 30.0 30.0 0.0
79.4 30.0 30.0 30.0 30.0 30.0 30.0 30.0 30.0 30.0 30.0 0.0
79.5 30.0 30.0 30.0 30.0 30.0 30.0 30.0 30.0 30.0 30.0 0.0
79.6 30.0 30.0 30.0 30.0 30.0 30.0 30.0 30.0 30.0 30.0 0.0
79.7 30.0 30.0 30.0 30.0 30.0 30.0 30.0 30.0 30.0 30.0 0.0
79.8 30.0 30.0 30.0 30.0 30.0 30.0 30.0 30.0 30.0 30.0 0.0
79.9 30.0 30.0 30.0 30.0 30.0 30.0 30.0 30.0 30.0 30.0 0.0
80.0 30.0 30.0 30.0 30.0 30.0 30.0 30.0 30.0 30.0 30.0 0.0
80.1 30.0 30.0 30.0 30.0 30.0 30.0 30.0 30.0 30.0 30.0 0.0
80.2 30.0 30.0 30.0 30.0 30.0 30.0 30.0 30.0 30.0 30.0 0.0
80.3 30.0 30.0 30.0 30.0 30.0 30.0 30.0 30.0 30.0 30.0 0.0
80.4 30.0 30.0 30.0 30.0 30.0 30.0 30.0 30.0 30.0 30.0 0.0
80.5 30.0 30.0 30.0 30.0 30.0 30.0 30.0 30.0 30.0 30.0 0.0
80.6 30.0 30.0 30.0 30.0 30.0 30.0 30.0 30.0 30.0 30.0 0.0
80.7 30.0 30.0 30.0 30.0 30.0 30.0 30.0 30.0 30.0 30.0 0.0
80.8 30.0 30.0 30.0 30.0 30.0 30.0 30.0 30.0 30.0 30.0 0.0
80.9 30.0 30.0 30.0 30.0 30.0 30.0 30.0 30.0 30.0 30.0 0.0
81.0 30.0 30.0 30.0 30.0 30.0 30.0 30.0 30.0 30.0 30.0 0.0
81.1 30.0 30.0 30.0 30.0 30.0 30.0 30.0 30.0 30.0 30.0 0.0
81.2 30.0 30.0 30.0 30.0 30.0 30.0 30.0 30.0 30.0 30.0 0.0
81.3 30.0 30.0 30.0 30.0 30.0 30.0 30.0 30.0 30.0 30.0 0.0
81.4 30.0 30.0 30.0 30.0 30.0 30.0 30.0 30.0 30.0 30.0 0.0
81.5 30.0 30.0 30.0 30.0 30.0 30.0 30.0 30.0 30.0 30.0 0.0
81.6 30.0 30.0 30.0 30.0 30.0 30.0 30.0 30.0 30.0 30.0 0.0
81.7 30.0 30.0 30.0 30.0 30.0 30.0 30.0 30.0 30.0 30.0 0.0
81.8 30.0 30.0 30.0 30.0 30.0 30.0 30.0 30.0 30.0 30.0 0.0
81.9 30.0 30.0 30.0 30.0 30.0 30.0 30.0 30.0 30.0 30.0 0.0
82.0 30.0 30.0 30.0 30.0 30.0 30.0 30.0 30.0 30.0 30.0 0.0
82.1 30.0 30.0 30.0 30.0 30.0 30.0 30.0 30.0 30.0 30.0 0.0
82.2 30.0 30.0 30.0 30.0 30.0 30.0 30.0 30.0 30.0 30.0 0.0
82.3 30.0 30.0 30.0 30.0 30.0 30.0 30.0 30.0 30.0 30.0 0.0
82.4 30.0 30.0 30.0 30.0 30.0 30.0 30.0 30.0 30.0 30.0 0.0
82.5 30.0 30.0 30.0 30.0 30.0 30.0 30.0 30.0 30.0 30.0 0.0
82.6 30.0 30.0 30.0 30.0 30.0 30.0 30.0 30.0 30.0 30.0 0.0
82.7 30.0 30.0 30.0 30.0 30.0 30.0 30.0 30.0 30.0 30.0 0.0
82.8 30.0 30.0 30.0 30.0 30.0 30.0 30.0 30.0 30.0 30.0 0.0
82.9 30.0 30.0 30.0 30.0 30.0 30.0 30.0 30.0 30.0 30.0 0.0
83.0 30.0 30.0 30.0 30.0 30.0 30.0 30.0 30.0 30.0 30.0 0.0
83.1 30.0 30.0 30.0 30.0 30.0 30.0 30.0 30.0 30.0 30.0 0.0
83.2 30.0 30.0 30.0 30.0 30.0 30.0 30.0 30.0 30.0 30.0 0.0
83.3 30.0 30.0 30.0 30.0 30.0 30.0 30.0 30.0 30.0 30.0 0.0
83.4 30.0 30.0 30.0 30.0 30.0 30.0 30.0 30.0 30.0 30.0 0.0
83.5 30.0 30.0 30.0 30.0 30.0 30.0 30.0 30.0 30.0 30.0 0.0
83.6 30.0 30.0 30.0 30.0 30.0 30.0 30.0 30.0 30.0 30.0 0.0
83.7 30.0 30.0 30.0 30.0 30.0 30.0 30.0 30.0 30.0 30.0 0.0
83.8 30.0 30.0 30.0 30.0 30.0 30.0 30.0 30.0 30.0 30.0 0.0
83.9 30.0 30.0 30.0 30.0 30.0 30.0 30.0 30.0 30.0 30.0 0.0
84.0 30.0 30.0 30.0 30.0 30.0 30.0 30.0 30.0 30.0 30.0 0.0
84.1 30.0 30.0 30.0 30.0 30.0 30.0 30.0 30.0 30.0 30.0 0.0
84.2 30.0 30.0 30.0 30.0 30.0 30.0 30.0 30.0 30.0 30.0 0.0
84.3 30.0 30.0 30.0 30.0 30.0 30.0 30.0 30.0 30.0 30.0 0.0
84.4 30.0 30.0 30.0 30.0 30.0 30.0 30.0 30.0 30.0 30.0 0.0
84.5 30.0 30.0 30.0 30.0 30.0 30.0 30.0 30.0 30.0 30.0 0.0
84.6 30.0 30.0 30.0 30.0 30.0 30.0 30.0 30.0 30.0 30.0 0.0
84.7 30.0 30.0 30.0 30.0 30.0 30.0 30.0 30.0 30.0 30.0 0.0
84.8 30.0 30.0 30.0 30.0 30.0 30.0 30.0 30.0 30.0 30.0 0.0
84.9 30.0 30.0 30.0 30.0 30.0 30.0 30.0 30.0 30.0 30.0 0.0
85.0 30.0 30.0 30.0 30.0 30.0 30.0 30.0 30.0 30.0 30.0 0.0
85.1 30.0 30.0 30.0 30.0 30.0 30.0 30.0 30.0 30.0 30.0 0.0
85.2 30.0 30.0 30.0 30.0 30.0 30.0 30.0 30.0 30.0 30.0 0.0
85.3 30.0 30.0 30.0 30.0 30.0 30.0 30.0 30.0 30.0 30.0 0.0
85.4 30.0 30.0 30.0 30.0 30.0 30.0 30.0 30.0 30.0 30.0 0.0
85.5 30.0 30.0 30.0 30.0 30.0 30.0 30.0 30.0 30.0 30.0 0.0
85.6 30.0 30.0 30.0 30.0 30.0 30.0 30.0 30.0 30.0 30.0 0.0
85.7 30.0 30.0 30.0 30.0 30.0 30.0 30.0 30.0 30.0 30.0 0.0
85.8 30.0 30.0 30.0 30.0 30.0 30.0 30.0 30.0 30.0 30.0 0.0
85.9 30.0 30.0 30.0 30.0 30.0 30.0 30.0 30.0 30.0 30.0 0.0
86.0 30.0 30.0 30.0 30.0 30.0 30.0 30.0 30.0 30.0 30.0 0.0
86.1 30.0 30.0 30.0 30.0 30.0 30.0 30.0 30.0 30.0 30.0 0.0
86.2 30.0 30.0 30.0 30.0 30.0 30.0 30.0 30.0 30.0 30.0 0.0
86.3 30.0 30.0 30.0 30.0 30.0 30.0 30.0 30.0 30.0 30.0 0.0
86.4 30.0 30.0 30.0 30.0 30.0 30.0 30.0 30.0 30.0 30.0 0.0
86.5 30.0 30.0 30.0 30.0 30.0 30.0 30.0 30.0 30.0 30.0 0.0
86.6 30.0 30.0 30.0 30.0 30.0 30.0 30.0 30.0 30.0 30.0 0.0
86.7 30.0 30.0 30.0 30.0 30.0 30.0 30.0 30.0 30.0 30.0 0.0
86.8 30.0 30.0 30.0 30.0 30.0 30.0 30.0 30.0 30.0 30.0 0.0
86.9 30.0 30.0 30.0 30.0 30.0 30.0 30.0 30.0 30.0 30.0 0.0
87.0 30.0 30.0 30.0 30.0 30.0 30.0 30.0 30.0 30.0 30.0 0.0
87.1 30.0 30.0 30.0 30.0 30.0 30.0 30.0 30.0 30.0 30.0 0.0
87.2 30.0 30.0 30.0 30.0 30.0 30.0 30.0 30.0 30.0 30.0 0.0
87.3 30.0 30.0 30.0 30.0 30.0 30.0 30.0 30.0 30.0 30.0 0.0
87.4 30.0 30.0 30.0 30.0 30.0 30.0 30.0 30.0 30.0 30.0 0.0
87.5 30.0 30.0 30.0 30.0 30.0 30.0 30.0 30.0 30.0 30.0 0.0
87.6 30.0 30.0 30.0 30.0 30.0 30.0 30.0 30.0 30.0 30.0 0.0
87.7 30.0 30.0 30.0 30.0 30.0 30.0 30.0 30.0 30.0 30.0 0.0
87.8 30.0 30.0 30.0 30.0 30.0 30.0 30.0 30.0 30.0 30.0 0.0
87.9 30.0 30.0 30.0 30.0 30.0 30.0 30.0 30.0 30.0 30.0 0.0
88.0 30.0 30.0 30.0 30.0 30.0 30.0 30.0 30.0 30.0 30.0 0.0
88.1 30.0 30.0 30.0 30.0 30.0 30.0 30.0 30.0 30.0 30.0 0.0
88.2 30.0 30.0 30.0 30.0 30.0 30.0 30.0 30.0 30.0 30.0 0.0
88.3 30.0 30.0 30.0 30.0 30.0 30.0 30.0 30.0 30.0 30.0 0.0
88.4 30.0 30.0 30.0 30.0 30.0 30.0 30.0 30.0 30.0 30.0 0.0
88.5 30.0 30.0 30.0 30.0 30.0 30.0 30.0 30.0 30.0 30.0 0.0
88.6 30.0 30.0 30.0 30.0 30.0 30.0 30.0 30.0 30.0 30.0 0.0
88.7 30.0 30.0 30.0 30.0 30.0 30.0 30.0 30.0 30.0 30.0 0.0
88.8 30.0 30.0 30.0 30.0 30.0 30.0 30.0 30.0 30.0 30.0 0.0
88.9 30.0 30.0 30.0 30.0 30.0 30.0 30.0 30.0 30.0 30.0 0.0
89.0 30.0 30.0 30.0 30.0 30.0 30.0 30.0 30.0 30.0 30.0 0.0
89.1 30.0 30.0 30.0 30.0 30.0 30.0 30.0 30.0 30.0 30.0 0.0
89.2 30.0 30.0 30.0 30.0 30.0 30.0 30.0 30.0 30.0 30.0 0.0
89.3 30.0 30.0 30.0 30.0 30.0 30.0 30.0 30.0 30.0 30.0 0.0
89.4 30.0 30.0 30.0 30.0 30.0 30.0 30.0 30.0 30.0 30.0 0.0
89.5 30.0 30.0 30.0 30.0 30.0 30.0 30.0 30.0 30.0 30.0 0.0
89.6 30.0 30.0 30.0 30.0 30.0 30.0 30.0 30.0 30.0 30.0 0.0
89.7 30.0 30.0 30.0 30.0 30.0 30.0 30.0 30.0 30.0 30.0 0.0
89.8 30.0 30.0 30.0 30.0 30.0 30.0 30.0 30.0 30.0 30.0 0.0
89.9 30.0 30.0 30.0 30.0 30.0 30.0 30.0 30.0 30.0 30.0 0.0
90.0 30.0 30.0 30.0 30.0 30.0 30.0 30.0 30.0 30.0 30.0 0.0
90.1 30.0 30.0 30.0 30.0 30.0 30.0 30.0 30.0 30.0 30.0 0.0
90.2 30.0 30.0 30.0 30.0 30.0 30.0 30.0 30.0 30.0 30.0 0.0
90.3 30.0 30.0 30.0 30.0 30.0 30.0 30.0 30.0 30.0 30.0 0.0
90.4 30.0 30.0 30.0 30.0 30.0 30.0 30.0 30.0 30.0 30.0 0.0
90.5 30.0 30.0 30.0 30.0 30.0 30.0 30.0 30.0 30.0 30.0 0.0
90.6 30.0 30.0 30.0 30.0 30.0 30.0 30.0 30.0 30.0 30.0 0.0
90.7 30.0 30.0 30.0 30.0 30.0 30.0 30.0 30.0 30.0 30.0 0.0
90.8 30.0 30.0 30.0 30.0 30.0 30.0 30.0 30.0 30.0 30.0 0.0
90.9 30.0 30.0 30.0 30.0 30.0 30.0 30.0 30.0 30.0 30.0 0.0
91.0 30.0 30.0 30.0 30.0 30.0 30.0 30.0 30.0 30.0 30.0 0.0
91.1 30.0 30.0 30.0 30.0 30.0 30.0 30.0 30.0 30.0 30.0 0.0
91.2 30.0 30.0 30.0 30.0 30.0 30.0 30.0 30.0 30.0 30.0 0.0
91.3 30.0 30.0 30.0 30.0 30.0 30.0 30.0 30.0 30.0 30.0 0.0
91.4 30.0 30.0 30.0 30.0 30.0 30.0 30.0 30.0 30.0 30.0 0.0
91.5 30.0 30.0 30.0 30.0 30.0 30.0 30.0 30.0 30.0 30.0 0.0
91.6 30.0 30.0 30.0 30.0 30.0 30.0 30.0 30.0 30.0 30.0 0.0
91.7 30.0 30.0 30.0 30.0 30.0 30.0 30.0 30.0 30.0 30.0 0.0
91.8 30.0 30.0 30.0 30.0 30.0 30.0 30.0 30.0 30.0 30.0 0.0
91.9 30.0 30.0 30.0 30.0 30.0 30.0 30.0 30.0 30.0 30.0 0.0
92.0 30.0 30.0 30.0 30.0 30.0 30.0 30.0 30.0 30.0 30.0 0.0
92.1 30.0 30.0 30.0 30.0 30.0 30.0 30.0 30.0 30.0 30.0 0.0
92.2 30.0 30.0 30.0 30.0 30.0 30.0 30.0 30.0 30.0 30.0 0.0
92.3 30.0 30.0 30.0 30.0 30.0 30.0 30.0 30.0 30.0 30.0 0.0
92.4 30.0 30.0 30.0 30.0 30.0 30.0 30.0 30.0 30.0 30.0 0.0
92.5 30.0 30.0 30.0 30.0 30.0 30.0 30.0 30.0 30.0 30.0 0.0
92.6 30.0 30.0 30.0 30.0 30.0 30.0 30.0 30.0 30.0 30.0 0.0
92.7 30.0 30.0 30.0 30.0 30.0 30.0 30.0 30.0 30.0 30.0 0.0
92.8 30.0 30.0 30.0 30.0 30.0 30.0 30.0 30.0 30.0 30.0 0.0
92.9 30.0 30.0 30.0 30.0 30.0 30.0 30.0 30.0 30.0 30.0 0.0
93.0 30.0 30.0 30.0 30.0 30.0 30.0 30.0 30.0 30.0 30.0 0.0
93.1 30.0 30.0 30.0 30.0 30.0 30.0 30.0 30.0 30.0 30.0 0.0
93.2 30.0 30.0 30.0 30.0 30.0 30.0 30.0 30.0 30.0 30.0 0.0
93.3 30.0 30.0 30.0 30.0 30.0 30.0 30.0 30.0 30.0 30.0 0.0
93.4 30.0 30.0 30.0 30.0 30.0 30.0 30.0 30.0 30.0 30.0 0.0
93.5 30.0 30.0 30.0 30.0 30.0 30.0 30.0 30.0 30.0 30.0 0.0
93.6 30.0 30.0 30.0 30.0 30.0 30.0 30.0 30.0 30.0 30.0 0.0
93.7 30.0 30.0 30.0 30.0 30.0 30.0 30.0 30.0 30.0 30.0 0.0
93.8 30.0 30.0 30.0 30.0 30.0 30.0 30.0 30.0 30.0 30.0 0.0
93.9 30.0 30.0 30.0 30.0 30.0 30.0 30.0 30.0 30.0 30.0 0.0
94.0 30.0 30.0 30.0 30.0 30.0 30.0 30.0 30.0 30.0 30.0 0.0
94.1 30.0 30.0 30.0 30.0 30.0 30.0 30.0 30.0 30.0 30.0 0.0
94.2 30.0 30.0 30.0 30.0 30.0 30.0 30.0 30.0 30.0 30.0 0.0
94.3 30.0 30.0 30.0 30.0 30.0 30.0 30.0 30.0 30.0 30.0 0.0
94.4 30.0 30.0 30.0 30.0 30.0 30.0 30.0 30.0 30.0 30.0 0.0
94.5 30.0 30.0 30.0 30.0 30.0 30.0 30.0 30.0 30.0 30.0 0.0
94.6 30.0 30.0 30.0 30.0 30.0 30.0 30.0 30.0 30.0 30.0 0.0
94.7 30.0 30.0 30.0 30.0 30.0 30.0 30.0 30.0 30.0 30.0 0.0
94.8 30.0 30.0 30.0 30.0 30.0 30.0 30.0 30.0 30.0 30.0 0.0
94.9 30.0 30.0 30.0 30.0 30.0 30.0 30.0 30.0 30.0 30.0 0.0
95.0 30.0 30.0 30.0 30.0 30.0 30.0 30.0 30.0 30.0 30.0 0.0
95.1 30.0 30.0 30.0 30.0 30.0 30.0 30.0 30.0 30.0 30.0 0.0
95.2 30.0 30.0 30.0 30.0 30.0 30.0 30.0 30.0 30.0 30.0 0.0
95.3 30.0 30.0 30.0 30.0 30.0 30.0 30.0 30.0 30.0 30.0 0.0
95.4 30.0 30.0 30.0 30.0 30.0 30.0 30.0 30.0 30.0 30.0 0.0
95.5 30.0 30.0 30.0 30.0 30.0 30.0 30.0 30.0 30.0 30.0 0.0
95.6 30.0 30.0 30.0 30.0 30.0 30.0 30.0 30.0 30.0 30.0 0.0
95.7 30.0 30.0 30.0 30.0 30.0 30.0 30.0 30.0 30.0 30.0 0.0
95.8 30.0 30.0 30.0 30.0 30.0 30.0 30.0 30.0 30.0 30.0 0.0
95.9 30.0 30.0 30.0 30.0 30.0 30.0 30.0 30.0 30.0 30.0 0.0
96.0 30.0 30.0 30.0 30.0 30.0 30.0 30.0 30.0 30.0 30.0 0.0
96.1 30.0 30.0 30.0 30.0 30.0 30.0 30.0 30.0 30.0 30.0 0.0
96.2 30.0 30.0 30.0 30.0 30.0 30.0 30.0 30.0 30.0 30.0 0.0
96.3 30.0 30.0 30.0 30.0 30.0 30.0 30.0 30.0 30.0 30.0 0.0
96.4 30.0 30.0 30.0 30.0 30.0 30.0 30.0 30.0 30.0 30.0 0.0
96.5 30.0 30.0 30.0 30.0 30.0 30.0 30.0 30.0 30.0 30.0 0.0
96.6 30.0 30.0 30.0 30.0 30.0 30.0 30.0 30.0 30.0 30.0 0.0
96.7 30.0 30.0 30.0 30.0 30.0 30.0 30.0 30.0 30.0 30.0 0.0
96.8 30.0 30.0 30.0 30.0 30.0 30.0 30.0 30.0 30.0 30.0 0.0
96.9 30.0 30.0 30.0 30.0 30.0 30.0 30.0 30.0 30.0 30.0 0.0
97.0 30.0 30.0 30.0 30.0 30.0 30.0 30.0 30.0 30.0 30.0 0.0
97.1 30.0 30.0 30.0 30.0 30.0 30.0 30.0 30.0 30.0 30.0 0.0
97.2 30.0 30.0 30.0 30.0 30.0 30.0 30.0 30.0 30.0 30.0 0.0
97.3 30.0 30.0 30.0 30.0 30.0 30.0 30.0 30.0 30.0 30.0 0.0
97.4 30.0 30.0 30.0 30.0 30.0 30.0 30.0 30.0 30.0 30.0 0.0
97.5 30.0 30.0 30.0 30.0 30.0 30.0 30.0 30.0 30.0 30.0 0.0
97.6 30.0 30.0 30.0 30.0 30.0 30.0 30.0 30.0 30.0 30.0 0.0
97.7 30.0 30.0 30.0 30.0 30.0 30.0 30.0 30.0 30.0 30.0 0.0
97.8 30.0 30.0 30.0 30.0 30.0 30.0 30.0 30.0 30.0 30.0 0.0
97.9 30.0 30.0 30.0 30.0 30.0 30.0 30.0 30.0 30.0 30.0 0.0
98.0 30.0 30.0 30.0 30.0 30.0 30.0 30.0 30.0 30.0 30.0 0.0
98.1 30.0 30.0 30.0 30.0 30.0 30.0 30.0 30.0 30.0 30.0 0.0
98.2 30.0 30.0 30.0 30.0 30.0 30.0 30.0 30.0 30.0 30.0 0.0
98.3 30.0 30.0 30.0 30.0 30.0 30.0 30.0 30.0 30.0 30.0 0.0
98.4 30.0 30.0 30.0 30.0 30.0 30.0 30.0 30.0 30.0 30.0 0.0
98.5 30.0 30.0 30.0 30.0 30.0 30.0 30.0 30.0 30.0 30.0 0.0
98.6 30.0 30.0 30.0 30.0 30.0 30.0 30.0 30.0 30.0 30.0 0.0
98.7 30.0 30.0 30.0 30.0 30.0 30.0 30.0 30.0 30.0 30.0 0.0
98.8 30.0 30.0 30.0 30.0 30.0 30.0 30.0 30.0 30.0 30.0 0.0
98.9 30.0 30.0 30.0 30.0 30.0 30.0 30.0 30.0 30.0 30.0 0.0
99.0 30.0 30.0 30.0 30.0 30.0 30.0 30.0 30.0 30.0 30.0 0.0
99.1 30.0 30.0 30.0 30.0 30.0 30.0 30.0 30.0 30.0 30.0 0.0
99.2 30.0 30.0 30.0 30.0 30.0 30.0 30.0 30.0 30.0 30.0 0.0
99.3 30.0 30.0 30.0 30.0 30.0 30.0 30.0 30.0 30.0 30.0 0.0
99.4 30.0 30.0 30.0 30.0 30.0 30.0 30.0 30.0 30.0 30.0 0.0
99.5 30.0 30.0 30.0 30.0 30.0 30.0 30.0 30.0 30.0 30.0 0.0
99.6 30.0 30.0 30.0 30.0 30.0 30.0 30.0 30.0 30.0 30.0 0.0
99.7 30.0 30.0 30.0 30.0 30.0 30.0 30.0 30.0 30.0 30.0 0.0
99.8 30.0 30.0 30.0 30.0 30.0 30.0 30.0 30.0 30.0 30.0 0.0
99.9 30.0 30.0 30.0 30.0 30.0 30.0 30.0 30.0 30.0 30.0 0.0
