0.0 30.0 30.0 30.0 30.0 30.0 30.0 30.0 30.0 30.0 30.0 30.0
0.1 30.0 30.0 30.0 30.0 30.0 30.0 30.0 30.0 30.0 30.0 30.0
0.2 30.0 30.0 30.0 30.0 30.0 30.0 30.0 30.0 30.0 30.0 30.0
0.3 30.0 30.0 30.0 30.0 30.0 30.0 30.0 30.0 30.0 30.0 30.0
0.4 30.0 30.0 30.0 30.0 30.0 30.0 30.0 30.0 30.0 30.0 30.0
0.5 30.0 30.0 30.0 30.0 30.0 30.0 30.0 30.0 30.0 30.0 30.0
0.6 30.0 30.0 30.0 30.0 30.0 30.0 30.0 30.0 30.0 30.0 30.0
0.7 30.0 30.0 30.0 30.0 30.0 30.0 30.0 30.0 30.0 30.0 30.0
0.8 30.0 30.0 30.0 30.0 30.0 30.0 30.0 30.0 30.0 30.0 30.0
0.9 30.0 30.0 30.0 30.0 30.0 30.0 30.0 30.0 30.0 30.0 30.0
1.0 30.0 30.0 30.0 30.0 30.0 30.0 30.0 30.0 30.0 30.0 30.0
1.1 30.0 30.0 30.0 30.0 30.0 30.0 30.0 30.0 30.0 30.0 30.0
1.2 30.0 30.0 30.0 30.0 30.0 30.0 30.0 30.0 30.0 30.0 30.0
1.3 30.0 30.0 30.0 30.0 30.0 30.0 30.0 30.0 30.0 30.0 30.0
1.4 30.0 30.0 30.0 30.0 30.0 30.0 30.0 30.0 30.0 30.0 30.0
1.5 30.0 30.0 30.0 30.0 30.0 30.0 30.0 30.0 30.0 30.0 30.0
1.6 30.0 30.0 30.0 30.0 30.0 30.0 30.0 30.0 30.0 30.0 30.0
1.7 30.0 30.0 30.0 30.0 30.0 30.0 30.0 30.0 30.0 30.0 30.0
1.8 30.0 30.0 30.0 30.0 30.0 30.0 30.0 30.0 30.0 30.0 30.0
1.9 30.0 30.0 30.0 30.0 30.0 30.0 30.0 30.0 30.0 30.0 30.0
2.0 30.0 30.0 30.0 30.0 30.0 30.0 30.0 30.0 30.0 30.0 30.0
2.1 30.0 30.0 30.0 30.0 30.0 30.0 30.0 30.0 30.0 30.0 30.0
2.2 30.0 30.0 30.0 30.0 30.0 30.0 30.0 30.0 30.0 30.0 30.0
2.3 30.0 30.0 30.0 30.0 30.0 30.0 30.0 30.0 30.0 30.0 30.0
2.4 30.0 30.0 30.0 30.0 30.0 30.0 30.0 30.0 30.0 30.0 30.0
2.5 30.0 30.0 30.0 30.0 30.0 30.0 30.0 30.0 30.0 30.0 30.0
2.6 30.0 30.0 30.0 30.0 30.0 30.0 30.0 30.0 30.0 30.0 30.0
2.7 30.0 30.0 30.0 30.0 30.0 30.0 30.0 30.0 30.0 30.0 30.0
2.8 30.0 30.0 30.0 30.0 30.0 30.0 30.0 30.0 30.0 30.0 30.0
2.9 30.0 30.0 30.0 30.0 30.0 30.0 30.0 30.0 30.0 30.0 30.0
3.0 30.0 30.0 30.0 30.0 30.0 30.0 30.0 30.0 30.0 30.0 30.0
3.1 30.0 30.0 30.0 30.0 30.0 30.0 30.0 30.0 30.0 30.0 30.0
3.2 30.0 30.0 30.0 30.0 30.0 30.0 30.0 30.0 30.0 30.0 30.0
3.3 30.0 30.0 30.0 30.0 30.0 30.0 30.0 30.0 30.0 30.0 30.0
3.4 30.0 30.0 30.0 30.0 30.0 30.0 30.0 30.0 30.0 30.0 30.0
3.5 30.0 30.0 30.0 30.0 30.0 30.0 30.0 30.0 30.0 30.0 30.0
3.6 30.0 30.0 30.0 30.0 30.0 30.0 30.0 30.0 30.0 30.0 30.0
3.7 30.0 30.0 30.0 30.0 30.0 30.0 30.0 30.0 30.0 30.0 30.0
3.8 30.0 30.0 30.0 30.0 30.0 30.0 30.0 30.0 30.0 30.0 30.0
3.9 30.0 30.0 30.0 30.0 30.0 30.0 30.0 30.0 30.0 30.0 30.0
4.0 30.0 30.0 30.0 30.0 30.0 30.0 30.0 30.0 30.0 30.0 30.0
4.1 30.0 30.0 30.0 30.0 30.0 30.0 30.0 30.0 30.0 30.0 30.0
4.2 30.0 30.0 30.0 30.0 30.0 30.0 30.0 30.0 30.0 30.0 30.0
4.3 30.0 30.0 30.0 30.0 30.0 30.0 30.0 30.0 30.0 30.0 30.0
4.4 30.0 30.0 30.0 30.0 30.0 30.0 30.0 30.0 30.0 30.0 30.0
4.5 30.0 30.0 30.0 30.0 30.0 30.0 30.0 30.0 30.0 30.0 30.0
4.6 30.0 30.0 30.0 30.0 30.0 30.0 30.0 30.0 30.0 30.0 30.0
4.7 30.0 30.0 30.0 30.0 30.0 30.0 30.0 30.0 30.0 30.0 30.0
4.8 30.0 30.0 30.0 30.0 30.0 30.0 30.0 30.0 30.0 30.0 30.0
4.9 30.0 30.0 30.0 30.0 30.0 30.0 30.0 30.0 30.0 30.0 30.0
5.0 30.0 30.0 30.0 30.0 30.0 30.0 30.0 30.0 30.0 30.0 30.0
5.1 30.0 30.0 30.0 30.0 30.0 30.0 30.0 30.0 30.0 30.0 30.0
5.2 30.0 30.0 30.0 30.0 30.0 30.0 30.0 30.0 30.0 30.0 30.0
5.3 30.0 30.0 30.0 30.0 30.0 30.0 30.0 30.0 30.0 30.0 30.0
5.4 30.0 30.0 30.0 30.0 30.0 30.0 30.0 30.0 30.0 30.0 30.0
5.5 30.0 30.0 30.0 30.0 30.0 30.0 30.0 30.0 30.0 30.0 30.0
5.6 30.0 30.0 30.0 30.0 30.0 30.0 30.0 30.0 30.0 30.0 30.0
5.7 30.0 30.0 30.0 30.0 30.0 30.0 30.0 30.0 30.0 30.0 30.0
5.8 30.0 30.0 30.0 30.0 30.0 30.0 30.0 30.0 30.0 30.0 30.0
5.9 30.0 30.0 30.0 30.0 30.0 30.0 30.0 30.0 30.0 30.0 30.0
6.0 30.0 30.0 30.0 30.0 30.0 30.0 30.0 30.0 30.0 30.0 30.0
6.1 30.0 30.0 30.0 30.0 30.0 30.0 30.0 30.0 30.0 30.0 30.0
6.2 30.0 30.0 30.0 30.0 30.0 30.0 30.0 30.0 30.0 30.0 30.0
6.3 30.0 30.0 30.0 30.0 30.0 30.0 30.0 30.0 30.0 30.0 30.0
6.4 30.0 30.0 30.0 30.0 30.0 30.0 30.0 30.0 30.0 30.0 30.0
6.5 30.0 30.0 30.0 30.0 30.0 30.0 30.0 30.0 30.0 30.0 30.0
6.6 30.0 30.0 30.0 30.0 30.0 30.0 30.0 30.0 30.0 30.0 30.0
6.7 30.0 30.0 30.0 30.0 30.0 30.0 30.0 30.0 30.0 30.0 30.0
6.8 30.0 30.0 30.0 30.0 30.0 30.0 30.0 30.0 30.0 30.0 30.0
6.9 30.0 30.0 30.0 30.0 30.0 30.0 30.0 30.0 30.0 30.0 30.0
7.0 30.0 30.0 30.0 30.0 30.0 30.0 30.0 30.0 30.0 30.0 30.0
7.1 30.0 30.0 30.0 30.0 30.0 30.0 30.0 30.0 30.0 30.0 30.0
7.2 30.0 30.0 30.0 30.0 30.0 30.0 30.0 30.0 30.0 30.0 30.0
7.3 30.0 30.0 30.0 30.0 30.0 30.0 30.0 30.0 30.0 30.0 30.0
7.4 30.0 30.0 30.0 30.0 30.0 30.0 30.0 30.0 30.0 30.0 30.0
7.5 30.0 30.0 30.0 30.0 30.0 30.0 30.0 30.0 30.0 30.0 30.0
7.6 30.0 30.0 30.0 30.0 30.0 30.0 30.0 30.0 30.0 30.0 30.0
7.7 30.0 30.0 30.0 30.0 30.0 30.0 30.0 30.0 30.0 30.0 30.0
7.8 30.0 30.0 30.0 30.0 30.0 30.0 30.0 30.0 30.0 30.0 30.0
7.9 30.0 30.0 30.0 30.0 30.0 30.0 30.0 30.0 30.0 30.0 30.0
8.0 30.0 30.0 30.0 30.0 30.0 30.0 30.0 30.0 30.0 30.0 30.0
8.1 30.0 30.0 30.0 30.0 30.0 30.0 30.0 30.0 30.0 30.0 30.0
8.2 30.0 30.0 30.0 30.0 30.0 30.0 30.0 30.0 30.0 30.0 30.0
8.3 30.0 30.0 30.0 30.0 30.0 30.0 30.0 30.0 30.0 30.0 30.0
8.4 30.0 30.0 30.0 30.0 30.0 30.0 30.0 30.0 30.0 30.0 30.0
8.5 30.0 30.0 30.0 30.0 30.0 30.0 30.0 30.0 30.0 30.0 30.0
8.6 30.0 30.0 30.0 30.0 30.0 30.0 30.0 30.0 30.0 30.0 30.0
8.7 30.0 30.0 30.0 30.0 30.0 30.0 30.0 30.0 30.0 30.0 30.0
8.8 30.0 30.0 30.0 30.0 30.0 30.0 30.0 30.0 30.0 30.0 30.0
8.9 30.0 30.0 30.0 30.0 30.0 30.0 30.0 30.0 30.0 30.0 30.0
9.0 30.0 30.0 30.0 30.0 30.0 30.0 30.0 30.0 30.0 30.0 30.0
9.1 30.0 30.0 30.0 30.0 30.0 30.0 30.0 30.0 30.0 30.0 30.0
9.2 30.0 30.0 30.0 30.0 30.0 30.0 30.0 30.0 30.0 30.0 30.0
9.3 30.0 30.0 30.0 30.0 30.0 30.0 30.0 30.0 30.0 30.0 30.0
9.4 30.0 30.0 30.0 30.0 30.0 30.0 30.0 30.0 30.0 30.0 30.0
9.5 30.0 30.0 30.0 30.0 30.0 30.0 30.0 30.0 30.0 30.0 30.0
9.6 30.0 30.0 30.0 30.0 30.0 30.0 30.0 30.0 30.0 30.0 30.0
9.7 30.0 30.0 30.0 30.0 30.0 30.0 30.0 30.0 30.0 30.0 30.0
9.8 30.0 30.0 30.0 30.0 30.0 30.0 30.0 30.0 30.0 30.0 30.0
9.9 30.0 30.0 30.0 30.0 30.0 30.0 30.0 30.0 30.0 30.0 30.0
10.0 30.0 30.0 30.0 30.0 30.0 30.0 30.0 30.0 30.0 30.0 30.0
10.1 30.0 30.0 30.0 30.0 30.0 30.0 30.0 30.0 30.0 30.0 30.0
10.2 30.0 30.0 30.0 30.0 30.0 30.0 30.0 30.0 30.0 30.0 30.0
10.3 30.0 30.0 30.0 30.0 30.0 30.0 30.0 30.0 30.0 30.0 30.0
10.4 30.0 30.0 30.0 30.0 30.0 30.0 30.0 30.0 30.0 30.0 30.0
10.5 30.0 30.0 30.0 30.0 30.0 30.0 30.0 30.0 30.0 30.0 30.0
10.6 30.0 30.0 30.0 30.0 30.0 30.0 30.0 30.0 30.0 30.0 30.0
10.7 30.0 30.0 30.0 30.0 30.0 30.0 30.0 30.0 30.0 30.0 30.0
10.8 30.0 30.0 30.0 30.0 30.0 30.0 30.0 30.0 30.0 30.0 30.0
10.9 30.0 30.0 30.0 30.0 30.0 30.0 30.0 30.0 30.0 30.0 30.0
11.0 30.0 30.0 30.0 30.0 30.0 30.0 30.0 30.0 30.0 30.0 30.0
11.1 30.0 30.0 30.0 30.0 30.0 30.0 30.0 30.0 30.0 30.0 30.0
11.2 30.0 30.0 30.0 30.0 30.0 30.0 30.0 30.0 30.0 30.0 30.0
11.3 30.0 30.0 30.0 30.0 30.0 30.0 30.0 30.0 30.0 30.0 30.0
11.4 30.0 30.0 30.0 30.0 30.0 30.0 30.0 30.0 30.0 30.0 30.0
11.5 30.0 30.0 30.0 30.0 30.0 30.0 30.0 30.0 30.0 30.0 30.0
11.6 30.0 30.0 30.0 30.0 30.0 30.0 30.0 30.0 30.0 30.0 30.0
11.7 30.0 30.0 30.0 30.0 30.0 30.0 30.0 30.0 30.0 30.0 30.0
11.8 30.0 30.0 30.0 30.0 30.0 30.0 30.0 30.0 30.0 30.0 30.0
11.9 30.0 30.0 30.0 30.0 30.0 30.0 30.0 30.0 30.0 30.0 30.0
12.0 30.0 30.0 30.0 30.0 30.0 30.0 30.0 30.0 30.0 30.0 30.0
12.1 30.0 30.0 30.0 30.0 30.0 30.0 30.0 30.0 30.0 30.0 30.0
12.2 30.0 30.0 30.0 30.0 30.0 30.0 30.0 30.0 30.0 30.0 30.0
12.3 30.0 30.0 30.0 30.0 30.0 30.0 30.0 30.0 30.0 30.0 30.0
12.4 30.0 30.0 30.0 30.0 30.0 30.0 30.0 30.0 30.0 30.0 30.0
12.5 30.0 30.0 30.0 30.0 30.0 30.0 30.0 30.0 30.0 30.0 30.0
12.6 30.0 30.0 30.0 30.0 30.0 30.0 30.0 30.0 30.0 30.0 30.0
12.7 30.0 30.0 30.0 30.0 30.0 30.0 30.0 30.0 30.0 30.0 30.0
12.8 30.0 30.0 30.0 30.0 30.0 30.0 30.0 30.0 30.0 30.0 30.0
12.9 30.0 30.0 30.0 30.0 30.0 30.0 30.0 30.0 30.0 30.0 30.0
13.0 30.0 30.0 30.0 30.0 30.0 30.0 30.0 30.0 30.0 30.0 30.0
13.1 30.0 30.0 30.0 30.0 30.0 30.0 30.0 30.0 30.0 30.0 30.0
13.2 30.0 30.0 30.0 30.0 30.0 30.0 30.0 30.0 30.0 30.0 30.0
13.3 30.0 30.0 30.0 30.0 30.0 30.0 30.0 30.0 30.0 30.0 30.0
13.4 30.0 30.0 30.0 30.0 30.0 30.0 30.0 30.0 30.0 30.0 30.0
13.5 30.0 29.937586474556177 30.0 30.0 30.0 30.0 30.0 30.0 30.0 30.0 30.0
13.6 30.0 30.0 30.0 30.0 30.0 30.0 30.0 30.0 30.0 30.0 30.0
13.7 30.0 30.0 30.0 30.0 30.0 30.0 30.0 30.0 30.0 30.0 30.0
13.8 30.0 30.0 30.0 30.0 30.0 30.0 30.0 30.0 30.0 30.0 30.0
13.9 30.0 29.2 30.0 30.0 30.0 30.0 30.0 30.0 30.0 30.0 30.0
14.0 30.0 28.4 30.0 30.0 30.0 30.0 30.0 30.0 30.0 30.0 30.0
14.1 30.0 27.599999999999998 30.0 30.0 30.0 30.0 30.0 30.0 30.0 30.0 30.0
14.2 30.0 26.978669133259142 30.0 30.0 30.0 30.0 30.0 30.0 30.0 30.0 30.0
14.3 30.0 26.848412123607424 30.0 30.0 30.0 30.0 30.0 30.0 30.0 30.0 30.0
14.4 30.0 26.721184346738273 30.0 30.0 30.0 30.0 30.0 30.0 30.0 30.0 30.0
14.5 30.0 26.596915355377735 30.0 30.0 30.0 30.0 30.0 30.0 30.0 30.0 30.0
14.6 30.0 26.47553634056051 30.0 30.0 30.0 30.0 30.0 30.0 30.0 30.0 30.0
14.7 30.0 26.355955810042357 30.0 30.0 30.0 30.0 30.0 30.0 30.0 30.0 30.0
14.8 30.0 26.237423950713662 30.0 30.0 30.0 30.0 30.0 30.0 30.0 30.0 30.0
14.9 30.0 26.121714278511757 30.0 30.0 30.0 30.0 30.0 30.0 30.0 30.0 30.0
15.0 30.0 26.0087595985052 30.0 30.0 30.0 30.0 30.0 30.0 30.0 30.0 30.0
15.1 30.0 25.898494315641678 30.0 30.0 30.0 30.0 30.0 30.0 30.0 30.0 30.0
15.2 30.0 25.79085439665578 30.0 30.0 30.0 30.0 30.0 30.0 30.0 30.0 30.0
15.3 30.0 25.685777332883884 30.0 30.0 30.0 30.0 30.0 30.0 30.0 30.0 30.0
15.4 30.0 25.9779072877312 30.0 30.0 30.0 30.0 30.0 30.0 30.0 30.0 30.0
15.5 30.0 26.286891291272635 30.0 30.0 30.0 30.0 30.0 30.0 30.0 30.0 30.0
15.6 30.0 26.607910713032783 30.0 30.0 30.0 30.0 30.0 30.0 30.0 30.0 30.0
15.7 30.0 25.807910713032783 30.0 30.0 30.0 30.0 30.0 30.0 30.0 30.0 30.0
15.8 30.0 25.007910713032782 30.0 30.0 30.0 30.0 30.0 30.0 30.0 30.0 30.0
15.9 30.0 24.20791071303278 30.0 30.0 30.0 30.0 30.0 30.0 30.0 30.0 30.0
16.0 30.0 23.40791071303278 30.0 30.0 30.0 30.0 30.0 30.0 30.0 30.0 30.0
16.1 30.0 22.772474731207165 30.0 30.0 30.0 30.0 30.0 30.0 30.0 30.0 30.0
16.2 30.0 22.713005286405235 30.0 30.0 30.0 30.0 30.0 30.0 30.0 30.0 30.0
16.3 30.0 22.65510082699278 30.0 30.0 30.0 30.0 30.0 30.0 30.0 30.0 30.0
16.4 30.0 22.59872016914383 30.0 30.0 30.0 30.0 30.0 30.0 30.0 30.0 30.0
16.5 30.0 22.543823212817184 30.0 30.0 30.0 30.0 30.0 30.0 30.0 30.0 30.0
16.6 30.0 22.490370913235964 30.0 30.0 30.0 30.0 30.0 30.0 30.0 30.0 30.0
16.7 30.0 22.43832525311738 30.0 30.0 30.0 30.0 30.0 30.0 30.0 30.0 30.0
16.8 30.0 22.38731541065073 30.0 30.0 30.0 30.0 30.0 30.0 30.0 30.0 30.0
16.9 30.0 22.336648394923166 30.0 30.0 30.0 30.0 30.0 30.0 30.0 30.0 30.0
17.0 30.0 22.287350757999125 30.0 30.0 30.0 30.0 30.0 30.0 30.0 30.0 30.0
17.1 30.0 22.239385489640597 30.0 30.0 30.0 30.0 30.0 30.0 30.0 30.0 30.0
17.2 30.0 22.61692498117167 30.0 30.0 30.0 30.0 30.0 30.0 30.0 30.0 30.0
17.3 30.0 23.00661831475843 30.0 30.0 30.0 30.0 30.0 30.0 30.0 30.0 30.0
17.4 30.0 23.409167012174297 30.0 30.0 30.0 30.0 30.0 30.0 30.0 30.0 30.0
17.5 30.0 22.609167012174296 30.0 30.0 30.0 30.0 30.0 30.0 30.0 30.0 30.0
17.6 30.0 21.809167012174296 30.0 30.0 30.0 30.0 30.0 30.0 30.0 30.0 30.0
17.7 30.0 21.009167012174295 30.0 30.0 30.0 30.0 30.0 30.0 30.0 30.0 30.0
17.8 30.0 20.209167012174294 30.0 30.0 30.0 30.0 30.0 30.0 30.0 30.0 30.0
17.9 30.0 19.55000380044336 30.0 30.0 30.0 30.0 30.0 30.0 30.0 30.0 30.0
18.0 30.0 19.552875863348987 30.0 30.0 30.0 30.0 30.0 30.0 30.0 30.0 30.0
18.1 30.0 19.55566345381609 30.0 30.0 30.0 30.0 30.0 30.0 30.0 30.0 30.0
18.2 30.0 19.55836905632834 30.0 30.0 30.0 30.0 30.0 30.0 30.0 30.0 30.0
18.3 30.0 19.560995082296166 30.0 30.0 30.0 30.0 30.0 30.0 30.0 30.0 30.0
18.4 30.0 19.563543872206026 30.0 30.0 30.0 30.0 30.0 30.0 30.0 30.0 30.0
18.5 30.0 19.56601769770684 30.0 30.0 30.0 30.0 30.0 30.0 30.0 30.0 30.0
18.6 30.0 19.568418763634057 30.0 30.0 30.0 30.0 30.0 30.0 30.0 30.0 30.0
18.7 30.0 19.570749209975205 30.0 30.0 30.0 30.0 30.0 30.0 30.0 30.0 30.0
18.8 30.0 19.573011113776904 30.0 30.0 30.0 30.0 30.0 30.0 30.0 30.0 30.0
18.9 30.0 19.575206490996226 30.0 30.0 30.0 30.0 30.0 30.0 30.0 30.0 30.0
19.0 30.0 20.025060630895414 30.0 30.0 30.0 30.0 30.0 30.0 30.0 30.0 30.0
19.1 30.0 20.478496266540144 30.0 30.0 30.0 30.0 30.0 30.0 30.0 30.0 30.0
19.2 30.0 20.94768130559984 30.0 30.0 30.0 30.0 30.0 30.0 30.0 30.0 30.0
19.3 30.0 20.14768130559984 30.0 30.0 30.0 30.0 30.0 30.0 30.0 30.0 30.0
19.4 30.0 19.34768130559984 30.0 30.0 30.0 30.0 30.0 30.0 30.0 30.0 30.0
19.5 30.0 18.547681305599838 30.0 30.0 30.0 30.0 30.0 30.0 30.0 30.0 30.0
19.6 30.0 17.747681305599837 30.0 30.0 30.0 30.0 30.0 30.0 30.0 30.0 30.0
19.7 30.0 17.05488998016779 30.0 30.0 30.0 30.0 30.0 30.0 30.0 30.0 30.0
19.8 30.0 17.110624885637495 30.0 30.0 30.0 30.0 30.0 30.0 30.0 30.0 30.0
19.9 30.0 17.164561890930813 30.0 30.0 30.0 30.0 30.0 30.0 30.0 30.0 30.0
20.0 30.0 17.216758992827497 30.0 30.0 30.0 30.0 30.0 30.0 30.0 30.0 30.0
20.1 30.0 17.26727231724369 30.0 30.0 30.0 30.0 30.0 30.0 30.0 30.0 30.0
20.2 30.0 17.316156179581892 30.0 30.0 30.0 30.0 30.0 30.0 30.0 30.0 30.0
20.3 30.0 16.51615617958189 29.2 29.2 29.2 29.2 29.2 29.2 29.2 29.2 29.2
20.4 30.0 15.71615617958189 28.4 28.4 28.4 28.4 28.4 28.4 28.4 28.4 28.4
20.5 30.0 14.91615617958189 27.599999999999998 27.599999999999998 27.599999999999998 27.599999999999998 27.599999999999998 27.599999999999998 27.599999999999998 27.599999999999998 27.599999999999998
20.6 30.0 14.116156179581889 26.799999999999997 26.799999999999997 26.799999999999997 26.799999999999997 26.799999999999997 26.799999999999997 26.799999999999997 26.799999999999997 26.799999999999997
20.7 30.0 13.316156179581888 25.999999999999996 25.999999999999996 25.999999999999996 25.999999999999996 25.999999999999996 25.999999999999996 25.999999999999996 25.999999999999996 25.999999999999996
20.8 30.0 12.516156179581888 25.199999999999996 25.199999999999996 25.199999999999996 25.199999999999996 25.199999999999996 25.199999999999996 25.199999999999996 25.199999999999996 25.199999999999996
20.9 30.0 11.716156179581887 24.399999999999995 24.399999999999995 24.399999999999995 24.399999999999995 24.399999999999995 24.399999999999995 24.399999999999995 24.399999999999995 24.399999999999995
21.0 30.0 10.916156179581886 23.599999999999994 23.599999999999994 23.599999999999994 23.599999999999994 23.599999999999994 23.599999999999994 23.599999999999994 23.599999999999994 23.599999999999994
21.1 30.0 10.116156179581886 22.799999999999994 22.799999999999994 22.799999999999994 22.799999999999994 22.799999999999994 22.799999999999994 22.799999999999994 22.799999999999994 22.799999999999994
21.2 30.0 9.316156179581885 21.999999999999993 21.999999999999993 21.999999999999993 21.999999999999993 21.999999999999993 21.999999999999993 21.999999999999993 21.999999999999993 21.999999999999993
21.3 30.0 8.516156179581884 21.199999999999992 21.199999999999992 21.199999999999992 21.199999999999992 21.199999999999992 21.199999999999992 21.199999999999992 21.199999999999992 21.199999999999992
21.4 30.0 7.716156179581884 20.39999999999999 20.39999999999999 20.39999999999999 20.39999999999999 20.39999999999999 20.39999999999999 20.39999999999999 20.39999999999999 20.39999999999999
21.5 30.0 6.9161561795818844 19.59999999999999 19.59999999999999 19.59999999999999 19.59999999999999 19.59999999999999 19.59999999999999 19.59999999999999 19.59999999999999 19.59999999999999
21.6 30.0 6.116156179581885 18.79999999999999 18.79999999999999 18.79999999999999 18.79999999999999 18.79999999999999 18.79999999999999 18.79999999999999 18.79999999999999 18.79999999999999
21.7 30.0 5.316156179581885 17.99999999999999 17.99999999999999 17.99999999999999 17.99999999999999 17.99999999999999 17.99999999999999 17.99999999999999 17.99999999999999 17.99999999999999
21.8 30.0 4.516156179581885 17.19999999999999 17.19999999999999 17.19999999999999 17.19999999999999 17.19999999999999 17.19999999999999 17.19999999999999 17.19999999999999 17.19999999999999
21.9 30.0 4.516156179581885 17.19999999999999 17.19999999999999 17.19999999999999 17.19999999999999 17.19999999999999 17.19999999999999 17.19999999999999 17.19999999999999 17.19999999999999
22.0 30.0 4.516156179581885 17.19999999999999 17.19999999999999 17.19999999999999 17.19999999999999 17.19999999999999 17.19999999999999 17.19999999999999 17.19999999999999 17.19999999999999
22.1 30.0 4.516156179581885 17.19999999999999 17.19999999999999 17.19999999999999 17.19999999999999 17.19999999999999 17.19999999999999 17.19999999999999 17.19999999999999 17.19999999999999
22.2 30.0 4.516156179581885 17.19999999999999 17.19999999999999 17.19999999999999 17.19999999999999 17.19999999999999 17.19999999999999 17.19999999999999 17.19999999999999 17.19999999999999
22.3 30.0 4.516156179581885 17.19999999999999 17.19999999999999 17.19999999999999 17.19999999999999 17.19999999999999 17.19999999999999 17.19999999999999 17.19999999999999 17.19999999999999
22.4 30.0 4.516156179581885 17.19999999999999 17.19999999999999 17.19999999999999 17.19999999999999 17.19999999999999 17.19999999999999 17.19999999999999 17.19999999999999 17.19999999999999
22.5 30.0 4.516156179581885 17.19999999999999 17.19999999999999 17.19999999999999 17.19999999999999 17.19999999999999 17.19999999999999 17.19999999999999 17.19999999999999 17.19999999999999
22.6 30.0 4.516156179581885 17.19999999999999 17.19999999999999 17.19999999999999 17.19999999999999 17.19999999999999 17.19999999999999 17.19999999999999 17.19999999999999 17.19999999999999
22.7 30.0 4.516156179581885 17.19999999999999 17.19999999999999 17.19999999999999 17.19999999999999 17.19999999999999 17.19999999999999 17.19999999999999 17.19999999999999 17.19999999999999
22.8 30.0 4.516156179581885 17.19999999999999 17.19999999999999 17.19999999999999 17.19999999999999 17.19999999999999 17.19999999999999 17.19999999999999 17.19999999999999 17.19999999999999
22.9 30.0 4.516156179581885 17.19999999999999 17.19999999999999 17.19999999999999 17.19999999999999 17.19999999999999 17.19999999999999 17.19999999999999 17.19999999999999 17.19999999999999
23.0 30.0 4.516156179581885 16.895729491198914 17.19999999999999 17.19999999999999 17.19999999999999 17.19999999999999 17.19999999999999 17.19999999999999 17.19999999999999 17.19999999999999
23.1 30.0 4.516156179581885 16.48626803051841 17.19999999999999 17.19999999999999 17.19999999999999 17.19999999999999 17.19999999999999 17.19999999999999 17.19999999999999 17.19999999999999
23.2 30.0 4.516156179581885 16.08726430215398 17.19999999999999 17.19999999999999 17.19999999999999 17.19999999999999 17.19999999999999 17.19999999999999 17.19999999999999 17.19999999999999
23.3 30.0 4.516156179581885 15.691269687656847 17.19999999999999 17.19999999999999 17.19999999999999 17.19999999999999 17.19999999999999 17.19999999999999 17.19999999999999 17.19999999999999
23.4 30.0 4.516156179581885 15.305920945999093 17.19999999999999 17.19999999999999 17.19999999999999 17.19999999999999 17.19999999999999 17.19999999999999 17.19999999999999 17.19999999999999
23.5 30.0 4.516156179581885 14.924355095269988 17.19999999999999 17.19999999999999 17.19999999999999 17.19999999999999 17.19999999999999 17.19999999999999 17.19999999999999 17.19999999999999
23.6 30.0 4.516156179581885 14.552633705424135 17.19999999999999 17.19999999999999 17.19999999999999 17.19999999999999 17.19999999999999 17.19999999999999 17.19999999999999 17.19999999999999
23.7 30.0 4.516156179581885 14.186565415779054 17.19999999999999 17.19999999999999 17.19999999999999 17.19999999999999 17.19999999999999 17.19999999999999 17.19999999999999 17.19999999999999
23.8 30.0 4.516156179581885 13.828402110734755 17.19999999999999 17.19999999999999 17.19999999999999 17.19999999999999 17.19999999999999 17.19999999999999 17.19999999999999 17.19999999999999
23.9 30.0 4.516156179581885 13.479023502257217 17.19999999999999 17.19999999999999 17.19999999999999 17.19999999999999 17.19999999999999 17.19999999999999 17.19999999999999 17.19999999999999
24.0 30.0 4.516156179581885 13.134297836000476 17.19999999999999 17.19999999999999 17.19999999999999 17.19999999999999 17.19999999999999 17.19999999999999 17.19999999999999 17.19999999999999
24.1 30.0 4.516156179581885 12.80283084921525 17.19999999999999 17.19999999999999 17.19999999999999 17.19999999999999 17.19999999999999 17.19999999999999 17.19999999999999 17.19999999999999
24.2 30.0 4.516156179581885 12.471477096398662 17.19999999999999 17.19999999999999 17.19999999999999 17.19999999999999 17.19999999999999 17.19999999999999 17.19999999999999 17.19999999999999
24.3 30.0 4.516156179581885 12.15326425972616 17.19999999999999 17.19999999999999 17.19999999999999 17.19999999999999 17.19999999999999 17.19999999999999 17.19999999999999 17.19999999999999
24.4 30.0 4.516156179581885 11.84143743387543 17.19999999999999 17.19999999999999 17.19999999999999 17.19999999999999 17.19999999999999 17.19999999999999 17.19999999999999 17.19999999999999
24.5 30.0 4.516156179581885 11.536217381613211 17.19999999999999 17.19999999999999 17.19999999999999 17.19999999999999 17.19999999999999 17.19999999999999 17.19999999999999 17.19999999999999
24.6 30.0 4.516156179581885 11.243714831528672 17.19999999999999 17.19999999999999 17.19999999999999 17.19999999999999 17.19999999999999 17.19999999999999 17.19999999999999 17.19999999999999
24.7 30.0 4.516156179581885 10.953112926293121 17.19999999999999 17.19999999999999 17.19999999999999 17.19999999999999 17.19999999999999 17.19999999999999 17.19999999999999 17.19999999999999
24.8 30.0 4.516156179581885 10.67324524165351 17.19999999999999 17.19999999999999 17.19999999999999 17.19999999999999 17.19999999999999 17.19999999999999 17.19999999999999 17.19999999999999
24.9 30.0 4.516156179581885 10.40554571721562 17.19999999999999 17.19999999999999 17.19999999999999 17.19999999999999 17.19999999999999 17.19999999999999 17.19999999999999 17.19999999999999
25.0 30.0 4.516156179581885 10.138098270833003 17.19999999999999 17.19999999999999 17.19999999999999 17.19999999999999 17.19999999999999 17.19999999999999 17.19999999999999 17.19999999999999
25.1 30.0 4.516156179581885 9.88255544850357 17.19999999999999 17.19999999999999 17.19999999999999 17.19999999999999 17.19999999999999 17.19999999999999 17.19999999999999 17.19999999999999
25.2 30.0 4.516156179581885 9.638628209007255 17.19999999999999 17.19999999999999 17.19999999999999 17.19999999999999 17.19999999999999 17.19999999999999 17.19999999999999 17.19999999999999
25.3 30.0 4.516156179581885 9.396540408034987 17.19999999999999 17.19999999999999 17.19999999999999 17.19999999999999 17.19999999999999 17.19999999999999 17.19999999999999 17.19999999999999
25.4 30.0 4.516156179581885 9.164141159061193 17.19999999999999 17.19999999999999 17.19999999999999 17.19999999999999 17.19999999999999 17.19999999999999 17.19999999999999 17.19999999999999
25.5 30.0 4.516156179581885 8.94280854099078 17.19999999999999 17.19999999999999 17.19999999999999 17.19999999999999 17.19999999999999 17.19999999999999 17.19999999999999 17.19999999999999
25.6 30.0 4.516156179581885 8.728616349969927 17.19999999999999 17.19999999999999 17.19999999999999 17.19999999999999 17.19999999999999 17.19999999999999 17.19999999999999 17.19999999999999
25.7 30.0 4.516156179581885 8.517993341450522 17.19999999999999 17.19999999999999 17.19999999999999 17.19999999999999 17.19999999999999 17.19999999999999 17.19999999999999 17.19999999999999
25.8 30.0 4.516156179581885 8.31790148335712 17.19999999999999 17.19999999999999 17.19999999999999 17.19999999999999 17.19999999999999 17.19999999999999 17.19999999999999 17.19999999999999
25.9 30.0 4.516156179581885 8.127814218168526 17.19999999999999 17.19999999999999 17.19999999999999 17.19999999999999 17.19999999999999 17.19999999999999 17.19999999999999 17.19999999999999
26.0 30.0 4.516156179581885 7.944454017093968 17.19999999999999 17.19999999999999 17.19999999999999 17.19999999999999 17.19999999999999 17.19999999999999 17.19999999999999 17.19999999999999
26.1 30.0 4.516156179581885 7.764017288804043 17.19999999999999 17.19999999999999 17.19999999999999 17.19999999999999 17.19999999999999 17.19999999999999 17.19999999999999 17.19999999999999
26.2 30.0 4.516156179581885 7.5930772304239875 17.19999999999999 17.19999999999999 17.19999999999999 17.19999999999999 17.19999999999999 17.19999999999999 17.19999999999999 17.19999999999999
26.3 30.0 4.516156179581885 7.431134017221994 17.19999999999999 17.19999999999999 17.19999999999999 17.19999999999999 17.19999999999999 17.19999999999999 17.19999999999999 17.19999999999999
26.4 30.0 4.516156179581885 7.277714131030631 17.19999999999999 17.19999999999999 17.19999999999999 17.19999999999999 17.19999999999999 17.19999999999999 17.19999999999999 17.19999999999999
26.5 30.0 4.516156179581885 7.128611696562967 17.19999999999999 17.19999999999999 17.19999999999999 17.19999999999999 17.19999999999999 17.19999999999999 17.19999999999999 17.19999999999999
26.6 30.0 4.516156179581885 6.983475278953072 17.19999999999999 17.19999999999999 17.19999999999999 17.19999999999999 17.19999999999999 17.19999999999999 17.19999999999999 17.19999999999999
26.7 30.0 4.516156179581885 6.846401995654794 17.19999999999999 17.19999999999999 17.19999999999999 17.19999999999999 17.19999999999999 17.19999999999999 17.19999999999999 17.19999999999999
26.8 30.0 4.516156179581885 6.716943894762034 17.19999999999999 17.19999999999999 17.19999999999999 17.19999999999999 17.19999999999999 17.19999999999999 17.19999999999999 17.19999999999999
26.9 30.0 4.516156179581885 6.594677910585467 17.19999999999999 17.19999999999999 17.19999999999999 17.19999999999999 17.19999999999999 17.19999999999999 17.19999999999999 17.19999999999999
27.0 30.0 4.516156179581885 6.479204481085447 17.19999999999999 17.19999999999999 17.19999999999999 17.19999999999999 17.19999999999999 17.19999999999999 17.19999999999999 17.19999999999999
27.1 30.0 4.516156179581885 6.36839013870813 17.19999999999999 17.19999999999999 17.19999999999999 17.19999999999999 17.19999999999999 17.19999999999999 17.19999999999999 17.19999999999999
27.2 30.0 4.516156179581885 6.259435199936045 17.19999999999999 17.19999999999999 17.19999999999999 17.19999999999999 17.19999999999999 17.19999999999999 17.19999999999999 17.19999999999999
27.3 30.0 4.516156179581885 6.156889375209456 17.19999999999999 17.19999999999999 17.19999999999999 17.19999999999999 17.19999999999999 17.19999999999999 17.19999999999999 17.19999999999999
27.4 30.0 4.516156179581885 6.06037565781963 17.19999999999999 17.19999999999999 17.19999999999999 17.19999999999999 17.19999999999999 17.19999999999999 17.19999999999999 17.19999999999999
27.5 30.0 4.516156179581885 5.969539217923323 17.19999999999999 17.19999999999999 17.19999999999999 17.19999999999999 17.19999999999999 17.19999999999999 17.19999999999999 17.19999999999999
27.6 30.0 4.516156179581885 5.8840460980210905 17.19999999999999 17.19999999999999 17.19999999999999 17.19999999999999 17.19999999999999 17.19999999999999 17.19999999999999 17.19999999999999
27.7 30.0 4.516156179581885 5.803581985171804 17.19999999999999 17.19999999999999 17.19999999999999 17.19999999999999 17.19999999999999 17.19999999999999 17.19999999999999 17.19999999999999
27.8 30.0 4.516156179581885 5.727851055431221 17.19999999999999 17.19999999999999 17.19999999999999 17.19999999999999 17.19999999999999 17.19999999999999 17.19999999999999 17.19999999999999
27.9 30.0 4.516156179581885 5.65657488626377 17.19999999999999 17.19999999999999 17.19999999999999 17.19999999999999 17.19999999999999 17.19999999999999 17.19999999999999 17.19999999999999
28.0 30.0 4.516156179581885 5.588834647487638 17.19999999999999 17.19999999999999 17.19999999999999 17.19999999999999 17.19999999999999 17.19999999999999 17.19999999999999 17.19999999999999
28.1 30.0 4.516156179581885 5.52179224324366 17.19999999999999 17.19999999999999 17.19999999999999 17.19999999999999 17.19999999999999 17.19999999999999 17.19999999999999 17.19999999999999
28.2 30.0 4.516156179581885 5.4589399892649135 17.19999999999999 17.19999999999999 17.19999999999999 17.19999999999999 17.19999999999999 17.19999999999999 17.19999999999999 17.19999999999999
28.3 30.0 4.516156179581885 5.40001600115975 17.19999999999999 17.19999999999999 17.19999999999999 17.19999999999999 17.19999999999999 17.19999999999999 17.19999999999999 17.19999999999999
28.4 30.0 4.516156179581885 5.344774762311354 17.19999999999999 17.19999999999999 17.19999999999999 17.19999999999999 17.19999999999999 17.19999999999999 17.19999999999999 17.19999999999999
28.5 30.0 4.516156179581885 5.292986100890894 17.19999999999999 17.19999999999999 17.19999999999999 17.19999999999999 17.19999999999999 17.19999999999999 17.19999999999999 17.19999999999999
28.6 30.0 4.516156179581885 5.244434230809284 17.19999999999999 17.19999999999999 17.19999999999999 17.19999999999999 17.19999999999999 17.19999999999999 17.19999999999999 17.19999999999999
28.7 30.0 4.516156179581885 5.198916852607774 17.19999999999999 17.19999999999999 17.19999999999999 17.19999999999999 17.19999999999999 17.19999999999999 17.19999999999999 17.19999999999999
28.8 30.0 4.516156179581885 5.156244310543664 17.19999999999999 17.19999999999999 17.19999999999999 17.19999999999999 17.19999999999999 17.19999999999999 17.19999999999999 17.19999999999999
28.9 30.0 4.516156179581885 5.116238802358773 17.19999999999999 17.19999999999999 17.19999999999999 17.19999999999999 17.19999999999999 17.19999999999999 17.19999999999999 17.19999999999999
29.0 30.0 4.516156179581885 5.078733638435474 17.19999999999999 17.19999999999999 17.19999999999999 17.19999999999999 17.19999999999999 17.19999999999999 17.19999999999999 17.19999999999999
29.1 30.0 4.516156179581885 5.043572547257363 17.19999999999999 17.19999999999999 17.19999999999999 17.19999999999999 17.19999999999999 17.19999999999999 17.19999999999999 17.19999999999999
29.2 30.0 4.516156179581885 5.010609024277849 17.19999999999999 17.19999999999999 17.19999999999999 17.19999999999999 17.19999999999999 17.19999999999999 17.19999999999999 17.19999999999999
29.3 30.0 4.516156179581885 4.9797057214843585 17.19999999999999 17.19999999999999 17.19999999999999 17.19999999999999 17.19999999999999 17.19999999999999 17.19999999999999 17.19999999999999
29.4 30.0 4.516156179581885 4.950733875115568 17.19999999999999 17.19999999999999 17.19999999999999 17.19999999999999 17.19999999999999 17.19999999999999 17.19999999999999 17.19999999999999
29.5 30.0 4.516156179581885 4.9235727691447915 17.19999999999999 17.19999999999999 17.19999999999999 17.19999999999999 17.19999999999999 17.19999999999999 17.19999999999999 17.19999999999999
29.6 30.0 4.516156179581885 4.898109232297295 17.19999999999999 17.19999999999999 17.19999999999999 17.19999999999999 17.19999999999999 17.19999999999999 17.19999999999999 17.19999999999999
29.7 30.0 4.516156179581885 4.874237166502589 17.19999999999999 17.19999999999999 17.19999999999999 17.19999999999999 17.19999999999999 17.19999999999999 17.19999999999999 17.19999999999999
29.8 30.0 4.516156179581885 4.851857104820035 17.19999999999999 17.19999999999999 17.19999999999999 17.19999999999999 17.19999999999999 17.19999999999999 17.19999999999999 17.19999999999999
29.9 30.0 4.516156179581885 4.830875796992907 17.19999999999999 17.19999999999999 17.19999999999999 17.19999999999999 17.19999999999999 17.19999999999999 17.19999999999999 17.19999999999999
30.0 30.0 4.516156179581885 4.811205820904868 17.19999999999999 17.19999999999999 17.19999999999999 17.19999999999999 17.19999999999999 17.19999999999999 17.19999999999999 17.19999999999999
30.1 30.0 4.516156179581885 4.792282899543706 17.19999999999999 17.19999999999999 17.19999999999999 17.19999999999999 17.19999999999999 17.19999999999999 17.19999999999999 17.19999999999999
30.2 30.0 4.516156179581885 4.773874451546413 17.19999999999999 17.19999999999999 17.19999999999999 17.19999999999999 17.19999999999999 17.19999999999999 17.19999999999999 17.19999999999999
30.3 30.0 5.116156179581885 4.756693233415465 17.79999999999999 17.79999999999999 17.79999999999999 17.79999999999999 17.79999999999999 17.79999999999999 17.79999999999999 17.79999999999999
30.4 30.0 5.716156179581884 4.989126101686289 18.39999999999999 18.39999999999999 18.39999999999999 18.39999999999999 18.39999999999999 18.39999999999999 18.39999999999999 18.39999999999999
30.5 30.0 6.316156179581884 5.266825242778683 18.999999999999993 18.999999999999993 18.999999999999993 18.999999999999993 18.999999999999993 18.999999999999993 18.999999999999993 18.999999999999993
30.6 30.0 6.916156179581884 5.594908426328873 19.599999999999994 19.599999999999994 19.599999999999994 19.599999999999994 19.599999999999994 19.599999999999994 19.599999999999994 19.599999999999994
30.7 30.0 7.516156179581883 5.950349338476307 20.199999999999996 20.199999999999996 20.199999999999996 20.199999999999996 20.199999999999996 20.199999999999996 20.199999999999996 20.199999999999996
30.8 30.0 8.116156179581884 6.343405986751943 20.799999999999997 20.799999999999997 20.799999999999997 20.799999999999997 20.799999999999997 20.799999999999997 20.799999999999997 20.799999999999997
30.9 30.0 8.716156179581883 6.751489341510641 21.07199352978933 21.4 21.4 21.4 21.4 21.4 21.4 21.4
31.0 30.0 9.316156179581883 7.193970832514587 20.76226673454161 22.0 22.0 22.0 22.0 22.0 22.0 22.0
31.1 30.0 9.916156179581883 7.648937711153424 20.475739763856 22.6 22.6 22.6 22.6 22.6 22.6 22.6
31.2 30.0 10.516156179581882 8.125659557996244 20.226078926357825 23.200000000000003 23.200000000000003 23.200000000000003 23.200000000000003 23.200000000000003 23.200000000000003 23.200000000000003
31.3 30.0 11.116156179581882 8.610992198054726 20.006528549535528 23.800000000000004 23.800000000000004 23.800000000000004 23.800000000000004 23.800000000000004 23.800000000000004 23.800000000000004
31.4 30.0 11.716156179581882 9.110714663934377 19.814302625966167 24.400000000000006 24.400000000000006 24.400000000000006 24.400000000000006 24.400000000000006 24.400000000000006 24.400000000000006
31.5 30.0 12.316156179581881 9.629391165356887 19.655607077751494 25.000000000000007 25.000000000000007 25.000000000000007 25.000000000000007 25.000000000000007 25.000000000000007 25.000000000000007
31.6 30.0 12.916156179581881 10.147705765075294 19.529389923887095 25.60000000000001 25.60000000000001 25.60000000000001 25.60000000000001 25.60000000000001 25.60000000000001 25.60000000000001
31.7 30.0 13.51615617958188 10.67539710546712 19.436392601469727 26.20000000000001 26.20000000000001 26.20000000000001 26.20000000000001 26.20000000000001 26.20000000000001 26.20000000000001
31.8 30.0 14.11615617958188 11.215620520827462 19.373060180709864 26.80000000000001 26.80000000000001 26.80000000000001 26.80000000000001 26.80000000000001 26.80000000000001 26.80000000000001
31.9 30.0 14.71615617958188 11.757982680757975 19.340150923669604 27.400000000000013 27.400000000000013 27.400000000000013 27.400000000000013 27.400000000000013 27.400000000000013 27.400000000000013
32.0 30.0 15.31615617958188 12.306636560664042 19.340471570614184 28.000000000000014 28.000000000000014 28.000000000000014 28.000000000000014 28.000000000000014 28.000000000000014 28.000000000000014
32.1 30.0 15.91615617958188 12.861214992888485 19.368529096184822 28.600000000000016 28.600000000000016 28.600000000000016 28.600000000000016 28.600000000000016 28.600000000000016 28.600000000000016
32.2 30.0 16.51615617958188 13.417174269299727 19.423604901271847 29.200000000000017 29.200000000000017 29.200000000000017 29.200000000000017 29.200000000000017 29.200000000000017 29.200000000000017
32.3 30.0 17.116156179581882 13.980061818209595 19.508573071583793 29.80000000000002 29.80000000000002 29.80000000000002 29.80000000000002 29.80000000000002 29.80000000000002 29.80000000000002
32.4 30.0 17.716156179581883 14.546925701164708 19.622036346507137 30.0 30.0 30.0 30.0 30.0 30.0 30.0
32.5 30.0 18.316156179581885 15.11426093895033 19.760521671979433 30.0 30.0 30.0 30.0 30.0 30.0 30.0
32.6 30.0 18.916156179581886 15.68280005280141 19.924220893953304 30.0 30.0 30.0 30.0 30.0 30.0 30.0
32.7 30.0 19.516156179581888 16.258357127920082 20.111388390153696 30.0 30.0 30.0 30.0 30.0 30.0 30.0
32.8 30.0 20.11615617958189 16.836279647382142 20.32112868423774 30.0 30.0 30.0 30.0 30.0 30.0 30.0
32.9 30.0 20.71615617958189 17.41034521872999 20.552839569945437 30.0 30.0 30.0 30.0 30.0 30.0 30.0
33.0 30.0 21.316156179581892 17.988328523171273 20.80728521097726 30.0 30.0 30.0 30.0 30.0 30.0 30.0
33.1 30.0 21.916156179581893 18.57183322962046 21.076924689550363 30.0 30.0 30.0 30.0 30.0 30.0 30.0
33.2 30.0 22.516156179581895 19.155484112333873 21.36869817042739 30.0 30.0 30.0 30.0 30.0 30.0 30.0
33.3 30.0 23.116156179581896 19.735523645701374 21.67794298323519 30.0 30.0 30.0 30.0 30.0 30.0 30.0
33.4 30.0 23.716156179581898 20.319669613935073 22.00048389068439 30.0 30.0 30.0 30.0 30.0 30.0 30.0
33.5 30.0 24.3161561795819 20.908363312026474 22.342601690003228 30.0 30.0 30.0 30.0 30.0 30.0 30.0
33.6 30.0 24.9161561795819 21.49513967444697 22.696519208327818 30.0 30.0 30.0 30.0 30.0 30.0 30.0
33.7 30.0 25.516156179581902 22.08005948553536 23.066382521197585 30.0 30.0 30.0 30.0 30.0 30.0 30.0
33.8 30.0 26.116156179581903 22.66837625418047 23.4467740344533 30.0 30.0 30.0 30.0 30.0 30.0 30.0
33.9 30.0 26.716156179581905 23.260570096508715 23.840992783871904 30.0 30.0 30.0 30.0 30.0 30.0 30.0
34.0 30.0 27.316156179581906 23.849589128884492 24.24650733913353 30.0 30.0 30.0 30.0 30.0 30.0 30.0
34.1 30.0 27.916156179581908 24.437917481419316 24.66362318234974 30.0 30.0 30.0 30.0 30.0 30.0 30.0
34.2 30.0 28.51615617958191 25.029144828169148 25.08826003165822 30.0 30.0 30.0 30.0 30.0 30.0 30.0
34.3 30.0 29.11615617958191 25.623764416331657 25.525012471345402 30.0 30.0 30.0 30.0 30.0 30.0 30.0
34.4 30.0 29.716156179581912 26.21444412925617 25.968600831417124 30.0 30.0 30.0 30.0 30.0 30.0 30.0
34.5 30.0 30.0 26.805221433922554 26.423926256533548 30.0 30.0 30.0 30.0 30.0 30.0 30.0
34.6 30.0 30.0 27.12375631581896 26.88186556724603 30.0 30.0 30.0 30.0 30.0 30.0 30.0
34.7 30.0 30.0 27.190645703823183 27.131947935877477 30.0 30.0 30.0 30.0 30.0 30.0 30.0
34.8 30.0 30.0 27.254707262740336 27.18464671662362 30.0 30.0 30.0 30.0 30.0 30.0 30.0
34.9 30.0 30.0 27.317100279496216 27.23587745608955 30.0 30.0 30.0 30.0 30.0 30.0 30.0
35.0 30.0 30.0 27.378075273144013 27.285936215023764 30.0 30.0 30.0 30.0 30.0 30.0 30.0
35.1 30.0 30.0 27.437664471481614 27.33514732507251 30.0 30.0 30.0 30.0 30.0 30.0 30.0
35.2 30.0 30.0 27.495899369857042 27.383523458933624 30.0 30.0 30.0 30.0 30.0 30.0 30.0
35.3 30.0 30.0 27.55281074781487 27.43107715110831 30.0 30.0 30.0 30.0 30.0 30.0 30.0
35.4 30.0 30.0 27.608428685364512 27.477820797637232 30.0 30.0 30.0 30.0 30.0 30.0 30.0
35.5 30.0 30.0 27.662782578878907 27.52376665591949 30.0 30.0 30.0 30.0 30.0 30.0 30.0
35.6 30.0 30.0 27.715901156631695 27.56892684461151 30.0 30.0 30.0 30.0 30.0 30.0 30.0
35.7 30.0 30.0 27.767812493981015 27.613313343602744 30.0 30.0 30.0 30.0 30.0 30.0 30.0
35.8 30.0 30.0 27.818544028208734 27.656937994063043 30.0 30.0 30.0 30.0 30.0 30.0 30.0
35.9 30.0 30.0 27.868122573022156 27.699812498560565 30.0 30.0 30.0 30.0 30.0 30.0 30.0
36.0 30.0 30.0 27.91657433272619 27.741948421245116 30.0 30.0 30.0 30.0 30.0 30.0 30.0
36.1 30.0 30.0 27.96392491607333 27.78335718809554 30.0 30.0 30.0 30.0 30.0 30.0 30.0
36.2 30.0 30.0 28.009972697581137 27.82405008722697 30.0 30.0 30.0 30.0 30.0 30.0 30.0
36.3 30.0 30.0 28.054195526523753 27.86408462993606 30.0 30.0 30.0 30.0 30.0 30.0 30.0
36.4 30.0 30.0 28.097435625934324 27.903582582426495 30.0 30.0 30.0 30.0 30.0 30.0 30.0
36.5 30.0 30.0 28.13971483424694 27.942383867037318 30.0 30.0 30.0 30.0 30.0 30.0 30.0
36.6 30.0 30.0 28.181054504597014 27.980499850177075 30.0 30.0 30.0 30.0 30.0 30.0 30.0
36.7 30.0 30.0 28.221475515605945 28.017543033876986 30.0 30.0 30.0 30.0 30.0 30.0 30.0
36.8 30.0 30.0 28.2609982819258 28.05351343092241 30.0 30.0 30.0 30.0 30.0 30.0 30.0
36.9 30.0 30.0 28.29964276454967 28.088864134749027 30.0 30.0 30.0 30.0 30.0 30.0 30.0
37.0 30.0 30.0 28.337428480892996 28.12360492411877 30.0 30.0 30.0 30.0 30.0 30.0 30.0
37.1 30.0 30.0 28.37437451465088 28.15774544920309 30.0 30.0 30.0 30.0 30.0 30.0 30.0
37.2 30.0 30.0 28.41049952543641 28.191295232469194 30.0 30.0 30.0 30.0 30.0 30.0 30.0
37.3 30.0 30.0 28.44582175820453 28.224263669590528 30.0 30.0 30.0 30.0 30.0 30.0 30.0
37.4 30.0 30.0 28.48035905246664 28.256660030379397 30.0 30.0 30.0 30.0 30.0 30.0 30.0
37.5 30.0 30.0 28.514128851300665 28.288493459740817 30.0 30.0 30.0 30.0 30.0 30.0 30.0
37.6 30.0 30.0 28.547148210160614 28.319772978646434 30.0 30.0 30.0 30.0 30.0 30.0 30.0
37.7 30.0 30.0 28.579433805490407 28.35050748512664 30.0 30.0 30.0 30.0 30.0 30.0 30.0
37.8 30.0 30.0 28.6110019431462 28.380705755280147 30.0 30.0 30.0 30.0 30.0 30.0 30.0
37.9 30.0 30.0 28.641868566631857 28.41037644429831 30.0 30.0 30.0 30.0 30.0 30.0 30.0
38.0 30.0 30.0 28.672049265151124 28.439528087505696 30.0 30.0 30.0 30.0 30.0 30.0 30.0
38.1 30.0 30.0 28.701559281481096 28.468169101412794 30.0 30.0 30.0 30.0 30.0 30.0 30.0
38.2 30.0 30.0 28.73041351967042 28.496307784782093 30.0 30.0 30.0 30.0 30.0 30.0 30.0
38.3 30.0 30.0 28.75862655256664 28.523952319704666 30.0 30.0 30.0 30.0 30.0 30.0 30.0
38.4 30.0 30.0 28.786212629176262 28.551110772687522 30.0 30.0 30.0 30.0 30.0 30.0 30.0
38.5 30.0 30.0 28.812899036603415 28.577791095750293 30.0 30.0 30.0 30.0 30.0 30.0 30.0
38.6 30.0 30.0 28.838705579285975 28.604058456581544 30.0 30.0 30.0 30.0 30.0 30.0 30.0
38.7 30.0 30.0 28.863951110171033 28.629918071232183 30.0 30.0 30.0 30.0 30.0 30.0 30.0
38.8 30.0 30.0 28.888647825167336 28.65531523013883 30.0 30.0 30.0 30.0 30.0 30.0 30.0
38.9 30.0 30.0 28.912807655055047 28.680257770914224 30.0 30.0 30.0 30.0 30.0 30.0 30.0
39.0 30.0 30.0 28.936442271249483 28.704753410027507 30.0 30.0 30.0 30.0 30.0 30.0 30.0
39.1 30.0 30.0 28.95956309143967 28.728809744343543 30.0 30.0 30.0 30.0 30.0 30.0 30.0
39.2 30.0 30.0 28.982181285104037 28.75243425265338 30.0 30.0 30.0 30.0 30.0 30.0 30.0
39.3 30.0 30.0 29.0043077789061 28.77563429719496 30.0 30.0 30.0 30.0 30.0 30.0 30.0
39.4 30.0 30.0 29.02595326197338 28.798417125163514 30.0 30.0 30.0 30.0 30.0 30.0 30.0
39.5 30.0 30.0 29.047128191060963 28.820337916512795 30.0 30.0 30.0 30.0 30.0 30.0 30.0
39.6 30.0 30.0 29.06784279560315 28.841839823506252 30.0 30.0 30.0 30.0 30.0 30.0 30.0
39.7 30.0 30.0 29.088107082655263 28.86296436123698 30.0 30.0 30.0 30.0 30.0 30.0 30.0
39.8 30.0 30.0 29.107930841727935 28.883717775482538 30.0 30.0 30.0 30.0 30.0 30.0 30.0
39.9 30.0 30.0 29.12732364951645 28.90410621880559 30.0 30.0 30.0 30.0 30.0 30.0 30.0
40.0 30.0 30.0 29.146294874526923 28.924135751655555 30.0 30.0 30.0 30.0 30.0 30.0 30.0
40.1 30.0 30.0 29.164853681602434 28.943812343465336 30.0 30.0 30.0 30.0 30.0 30.0 30.0
40.2 30.0 30.0 29.183009036350157 28.963141873744878 30.0 30.0 30.0 30.0 30.0 30.0 30.0
40.3 30.0 30.0 29.20076970947296 28.98213013316929 30.0 30.0 30.0 30.0 30.0 30.0 30.0
40.4 30.0 30.0 29.218144281006154 29.000782824663347 30.0 30.0 30.0 30.0 30.0 30.0 30.0
40.5 30.0 30.0 29.235141144462503 29.0191055644794 30.0 30.0 30.0 30.0 30.0 30.0 30.0
40.6 30.0 30.0 29.251768510887214 29.03710388327096 30.0 30.0 30.0 30.0 30.0 30.0 30.0
40.7 30.0 30.0 29.268034412824495 29.054783227160193 30.0 30.0 30.0 30.0 30.0 30.0 30.0
40.8 30.0 30.0 29.28394670819785 29.072148958799467 30.0 30.0 30.0 30.0 30.0 30.0 30.0
40.9 30.0 30.0 29.299513084106614 29.0892063584264 30.0 30.0 30.0 30.0 30.0 30.0 30.0
41.0 30.0 30.0 29.314741060539085 29.10596062491326 30.0 30.0 30.0 30.0 30.0 30.0 30.0
41.1 30.0 30.0 29.329637994005633 29.122416876808742 30.0 30.0 30.0 30.0 30.0 30.0 30.0
41.2 30.0 30.0 29.344211081092467 29.13858015337383 30.0 30.0 30.0 30.0 30.0 30.0 30.0
41.3 30.0 30.0 29.358467361938274 29.154455415609544 30.0 30.0 30.0 30.0 30.0 30.0 30.0
41.4 30.0 30.0 29.372413723635233 29.17004754727865 30.0 30.0 30.0 30.0 30.0 30.0 30.0
41.5 30.0 30.0 29.38605690355619 29.185361355918854 30.0 30.0 30.0 30.0 30.0 30.0 30.0
41.6 30.0 30.0 29.399403492609363 29.20040157384911 30.0 30.0 30.0 30.0 30.0 30.0 30.0
41.7 30.0 30.0 29.41245993842225 29.215172859168085 30.0 30.0 30.0 30.0 30.0 30.0 30.0
41.8 30.0 30.0 29.42523254845657 29.229679796744566 30.0 30.0 30.0 30.0 30.0 30.0 30.0
41.9 30.0 30.0 29.437727493055355 29.243926899199927 30.0 30.0 30.0 30.0 30.0 30.0 30.0
42.0 30.0 30.0 29.44995080842373 29.257918607882814 30.0 30.0 30.0 30.0 30.0 30.0 30.0
42.1 30.0 30.0 29.461908399544914 29.271659293835096 30.0 30.0 30.0 30.0 30.0 30.0 30.0
42.2 30.0 30.0 29.47360604303309 29.285153258749673 30.0 30.0 30.0 30.0 30.0 30.0 30.0
42.3 30.0 30.0 29.485049389923653 29.29840473592057 30.0 30.0 30.0 30.0 30.0 30.0 30.0
42.4 30.0 30.0 29.496243968403586 29.311417891182842 30.0 30.0 30.0 30.0 30.0 30.0 30.0
42.5 30.0 30.0 29.507195186481816 29.324196823845842 30.0 30.0 30.0 30.0 30.0 30.0 30.0
42.6 30.0 30.0 29.517908334601735 29.336745567616596 30.0 30.0 30.0 30.0 30.0 30.0 30.0
42.7 30.0 30.0 29.528388588197362 29.349068091514464 30.0 30.0 30.0 30.0 30.0 30.0 30.0
42.8 30.0 30.0 29.538641010193096 29.36116830077804 30.0 30.0 30.0 30.0 30.0 30.0 30.0
42.9 30.0 30.0 29.548670553449732 29.373050037761985 30.0 30.0 30.0 30.0 30.0 30.0 30.0
43.0 30.0 30.0 29.558482063157353 29.384717082825613 30.0 30.0 30.0 30.0 30.0 30.0 30.0
43.1 30.0 30.0 29.568080279175668 29.396173155212704 30.0 30.0 30.0 30.0 30.0 30.0 30.0
43.2 30.0 30.0 29.57746983832398 29.407421913921887 30.0 30.0 30.0 30.0 30.0 30.0 30.0
43.3 30.0 30.0 29.586655276621308 29.418466958568455 30.0 30.0 30.0 30.0 30.0 30.0 30.0
43.4 30.0 30.0 29.595641031477374 29.42931183023707 30.0 30.0 30.0 30.0 30.0 30.0 30.0
43.5 30.0 30.0 29.604337157797463 29.439960012325354 30.0 30.0 30.0 30.0 30.0 30.0 30.0
43.6 30.0 30.0 29.612755516142187 29.450433378647 30.0 30.0 30.0 30.0 30.0 30.0 30.0
43.7 30.0 30.0 29.620994760479608 29.460733409000223 30.0 30.0 30.0 30.0 30.0 30.0 30.0
43.8 30.0 30.0 29.629058701745986 29.470844569695103 30.0 30.0 30.0 30.0 30.0 30.0 30.0
43.9 30.0 30.0 29.63695106979399 29.480770220975618 30.0 30.0 30.0 30.0 30.0 30.0 30.0
44.0 30.0 30.0 29.64467551511756 29.490513665901556 30.0 30.0 30.0 30.0 30.0 30.0 30.0
44.1 30.0 30.0 29.652235610540554 29.50007815125352 30.0 30.0 30.0 30.0 30.0 30.0 30.0
44.2 30.0 30.0 29.65963485286944 29.5094668684261 30.0 30.0 30.0 30.0 30.0 30.0 30.0
44.3 30.0 30.0 29.66687666451052 29.51868295430897 30.0 30.0 30.0 30.0 30.0 30.0 30.0
44.4 30.0 30.0 29.673964395052867 29.52772949215509 30.0 30.0 30.0 30.0 30.0 30.0 30.0
44.5 30.0 30.0 29.68090132281773 29.536609512436875 30.0 30.0 30.0 30.0 30.0 30.0 30.0
44.6 30.0 30.0 29.6876906563748 29.545325993690774 30.0 30.0 30.0 30.0 30.0 30.0 30.0
44.7 30.0 30.0 29.694335536026422 29.55388186334937 30.0 30.0 30.0 30.0 30.0 30.0 30.0
44.8 30.0 30.0 29.700839035259865 29.562279998562186 30.0 30.0 30.0 30.0 30.0 30.0 30.0
44.9 30.0 30.0 29.70720416216926 29.570523227004195 30.0 30.0 30.0 30.0 30.0 30.0 30.0
45.0 30.0 30.0 29.71343386084652 29.57861432767405 30.0 30.0 30.0 30.0 30.0 30.0 30.0
45.1 30.0 30.0 29.719531012743385 29.58655603167909 30.0 30.0 30.0 30.0 30.0 30.0 30.0
45.2 30.0 30.0 29.725498438004177 29.5943510230106 30.0 30.0 30.0 30.0 30.0 30.0 30.0
45.3 30.0 30.0 29.731338896770005 29.601959344853874 30.0 30.0 30.0 30.0 30.0 30.0 30.0
45.4 30.0 30.0 29.7370550904558 29.60930990924215 30.0 30.0 30.0 30.0 30.0 30.0 30.0
45.5 30.0 30.0 29.742649662999323 29.61652787408441 30.0 30.0 30.0 30.0 30.0 30.0 30.0
45.6 30.0 30.0 29.74812520208446 29.62361555436149 30.0 30.0 30.0 30.0 30.0 30.0 30.0
45.7 30.0 30.0 29.753484240337944 29.630575226571622 30.0 30.0 30.0 30.0 30.0 30.0 30.0
45.8 30.0 30.0 29.758729256500995 29.637409129319398 30.0 30.0 30.0 30.0 30.0 30.0 30.0
45.9 30.0 30.0 29.763862676575457 29.64411946389844 30.0 30.0 30.0 30.0 30.0 30.0 30.0
46.0 30.0 30.0 29.76888687494615 29.650708394865163 30.0 30.0 30.0 30.0 30.0 30.0 30.0
46.1 30.0 30.0 29.773804175479242 29.657178050605484 30.0 30.0 30.0 30.0 30.0 30.0 30.0
46.2 30.0 30.0 29.778616852596706 29.663530523894785 30.0 30.0 30.0 30.0 30.0 30.0 30.0
46.3 30.0 30.0 29.78332713232872 29.669767872448983 30.0 30.0 30.0 30.0 30.0 30.0 30.0
46.4 30.0 30.0 29.787937193343037 29.675892119469513 30.0 30.0 30.0 30.0 30.0 30.0 30.0
46.5 30.0 30.0 29.792449167952796 29.681905254180144 30.0 30.0 30.0 30.0 30.0 30.0 30.0
46.6 30.0 30.0 29.79686514310273 29.687809232357495 30.0 30.0 30.0 30.0 30.0 30.0 30.0
46.7 30.0 30.0 29.801187161334582 29.693605976853046 30.0 30.0 30.0 30.0 30.0 30.0 30.0
46.8 30.0 30.0 29.80541722173174 29.699297378109595 30.0 30.0 30.0 30.0 30.0 30.0 30.0
46.9 30.0 30.0 29.809557280843812 29.704885294669527 30.0 30.0 30.0 30.0 30.0 30.0 30.0
47.0 30.0 30.0 29.813609253591867 29.71037155367634 30.0 30.0 30.0 30.0 30.0 30.0 30.0
47.1 30.0 30.0 29.81757501415373 29.715757951369877 30.0 30.0 30.0 30.0 30.0 30.0 30.0
47.2 30.0 30.0 29.821456396831312 29.721046253573515 30.0 30.0 30.0 30.0 30.0 30.0 30.0
47.3 30.0 30.0 29.825255196898752 29.726238196176276 30.0 30.0 30.0 30.0 30.0 30.0 30.0
47.4 30.0 30.0 29.828973171432853 29.731335485606404 30.0 30.0 30.0 30.0 30.0 30.0 30.0
47.5 30.0 30.0 29.83261204012575 29.736339799299763 30.0 30.0 30.0 30.0 30.0 30.0 30.0
47.6 30.0 30.0 29.83617348608049 29.741252786160675 30.0 30.0 30.0 30.0 30.0 30.0 30.0
47.7 30.0 30.0 29.839659156589466 29.74607606701689 30.0 30.0 30.0 30.0 30.0 30.0 30.0
47.8 30.0 30.0 29.84307066389603 29.750811235068085 30.0 30.0 30.0 30.0 30.0 30.0 30.0
47.9 30.0 30.0 29.846409585940783 29.75545985632707 30.0 30.0 30.0 30.0 30.0 30.0 30.0
48.0 30.0 30.0 29.84967746709102 29.760023470056147 30.0 30.0 30.0 30.0 30.0 30.0 30.0
48.1 30.0 30.0 29.852875818855036 29.76450358919641 30.0 30.0 30.0 30.0 30.0 30.0 30.0
48.2 30.0 30.0 29.856006120581508 29.76890170079066 30.0 30.0 30.0 30.0 30.0 30.0 30.0
48.3 30.0 30.0 29.859069820143617 29.773219266400652 30.0 30.0 30.0 30.0 30.0 30.0 30.0
48.4 30.0 30.0 29.862068334608615 29.77745772251862 30.0 30.0 30.0 30.0 30.0 30.0 30.0
48.5 30.0 30.0 29.865003050893513 29.781618480971773 30.0 30.0 30.0 30.0 30.0 30.0 30.0
48.6 30.0 30.0 29.86787532640638 29.78570292932213 30.0 30.0 30.0 30.0 30.0 30.0 30.0
48.7 30.0 30.0 29.870686489674284 29.78971243125965 30.0 30.0 30.0 30.0 30.0 30.0 30.0
48.8 30.0 30.0 29.87343784095778 29.793648326990013 30.0 30.0 30.0 30.0 30.0 30.0 30.0
48.9 30.0 30.0 29.876130652852325 29.79751193361672 30.0 30.0 30.0 30.0 30.0 30.0 30.0
49.0 30.0 30.0 29.878766170876766 29.80130454551743 30.0 30.0 30.0 30.0 30.0 30.0 30.0
49.1 30.0 30.0 29.881345614049586 29.805027434714546 30.0 30.0 30.0 30.0 30.0 30.0 30.0
49.2 30.0 30.0 29.883870175452802 29.808681851240713 30.0 30.0 30.0 30.0 30.0 30.0 30.0
49.3 30.0 30.0 29.886341022783572 29.81226902349884 30.0 30.0 30.0 30.0 30.0 30.0 30.0
49.4 30.0 30.0 29.88875929889455 29.81579015861633 30.0 30.0 30.0 30.0 30.0 30.0 30.0
49.5 30.0 30.0 29.891126122322277 29.819246442794725 30.0 30.0 30.0 30.0 30.0 30.0 30.0
49.6 30.0 30.0 29.893442587804824 29.822639041653286 30.0 30.0 30.0 30.0 30.0 30.0 30.0
49.7 30.0 30.0 29.895709766787714 29.82596910056827 30.0 30.0 30.0 30.0 30.0 30.0 30.0
49.8 30.0 30.0 29.897928707919885 29.82923774500634 30.0 30.0 30.0 30.0 30.0 30.0 30.0
49.9 30.0 30.0 29.900100437538626 29.832446080853195 30.0 30.0 30.0 30.0 30.0 30.0 30.0
50.0 30.0 30.0 29.902225960144165 29.83559519473785 30.0 30.0 30.0 30.0 30.0 30.0 30.0
50.1 30.0 30.0 29.90430625886448 29.838686154350917 30.0 30.0 30.0 30.0 30.0 30.0 30.0
50.2 30.0 30.0 29.90634229590994 29.841720008758617 30.0 30.0 30.0 30.0 30.0 30.0 30.0
50.3 30.0 30.0 29.90833501301828 29.84469778871249 30.0 30.0 30.0 30.0 30.0 30.0 30.0
50.4 30.0 30.0 29.910285331890208 29.84762050695325 30.0 30.0 30.0 30.0 30.0 30.0 30.0
50.5 30.0 30.0 29.91219415461597 29.85048915851064 30.0 30.0 30.0 30.0 30.0 30.0 30.0
50.6 30.0 30.0 29.9140623640922 29.85330472099913 30.0 30.0 30.0 30.0 30.0 30.0 30.0
50.7 30.0 30.0 29.915890824430676 29.856068154907884 30.0 30.0 30.0 30.0 30.0 30.0 30.0
50.8 30.0 30.0 29.917680381357663 29.858780403887604 30.0 30.0 30.0 30.0 30.0 30.0 30.0
50.9 30.0 30.0 29.919431862605347 29.86144239503163 30.0 30.0 30.0 30.0 30.0 30.0 30.0
51.0 30.0 30.0 29.92114607829462 29.864055039153698 30.0 30.0 30.0 30.0 30.0 30.0 30.0
51.1 30.0 30.0 29.922823821309613 29.866619231061073 30.0 30.0 30.0 30.0 30.0 30.0 30.0
51.2 30.0 30.0 29.92446586766468 29.86913584982289 30.0 30.0 30.0 30.0 30.0 30.0 30.0
51.3 30.0 30.0 29.92607297686327 29.871605759035273 30.0 30.0 30.0 30.0 30.0 30.0 30.0
51.4 30.0 30.0 29.927645892249146 29.874029807081577 30.0 30.0 30.0 30.0 30.0 30.0 30.0
51.5 30.0 30.0 29.92918534135024 29.876408827388865 30.0 30.0 30.0 30.0 30.0 30.0 30.0
51.6 30.0 30.0 29.93069203621508 29.878743638680415 30.0 30.0 30.0 30.0 30.0 30.0 30.0
51.7 30.0 30.0 29.93216667374244 29.881035045223715 30.0 30.0 30.0 30.0 30.0 30.0 30.0
51.8 30.0 30.0 29.933609936003222 29.883283837075464 30.0 30.0 30.0 30.0 30.0 30.0 30.0
51.9 30.0 30.0 29.935022490556378 29.885490790321747 30.0 30.0 30.0 30.0 30.0 30.0 30.0
52.0 30.0 30.0 29.936404990757264 29.887656667315458 30.0 30.0 30.0 30.0 30.0 30.0 30.0
52.1 30.0 30.0 29.937758076060284 29.889782216908557 30.0 30.0 30.0 30.0 30.0 30.0 30.0
52.2 30.0 30.0 29.939082372314285 29.891868174682255 30.0 30.0 30.0 30.0 30.0 30.0 30.0
52.3 30.0 30.0 29.94037849205224 29.8939152631723 30.0 30.0 30.0 30.0 30.0 30.0 30.0
52.4 30.0 30.0 29.94164703477455 29.895924192091066 30.0 30.0 30.0 30.0 30.0 30.0 30.0
52.5 30.0 30.0 29.942888587226143 29.89789565854657 30.0 30.0 30.0 30.0 30.0 30.0 30.0
52.6 30.0 30.0 29.944103723668167 29.899830347256945 30.0 30.0 30.0 30.0 30.0 30.0 30.0
52.7 30.0 30.0 29.945293006143288 29.901728930762605 30.0 30.0 30.0 30.0 30.0 30.0 30.0
52.8 30.0 30.0 29.946456984735963 29.903592069634115 30.0 30.0 30.0 30.0 30.0 30.0 30.0
52.9 30.0 30.0 29.94759619782671 29.905420412677262 30.0 30.0 30.0 30.0 30.0 30.0 30.0
53.0 30.0 30.0 29.94871117234105 29.907214597134807 30.0 30.0 30.0 30.0 30.0 30.0 30.0
53.1 30.0 30.0 29.949802423993347 29.908975248884584 30.0 30.0 30.0 30.0 30.0 30.0 30.0
53.2 30.0 30.0 29.950870457525394 29.910702982634426 30.0 30.0 30.0 30.0 30.0 30.0 30.0
53.3 30.0 30.0 29.951915766939784 29.912398402114764 30.0 30.0 30.0 30.0 30.0 30.0 30.0
53.4 30.0 30.0 29.95293883572825 29.914062100267063 30.0 30.0 30.0 30.0 30.0 30.0 30.0
53.5 30.0 30.0 29.953940137095767 29.915694659429505 30.0 30.0 30.0 30.0 30.0 30.0 30.0
53.6 30.0 30.0 29.954920134178796 29.91729665152026 30.0 30.0 30.0 30.0 30.0 30.0 30.0
53.7 30.0 30.0 29.955879280260117 29.91886863821665 30.0 30.0 30.0 30.0 30.0 30.0 30.0
53.8 30.0 30.0 29.95681801897799 29.92041117113269 30.0 30.0 30.0 30.0 30.0 30.0 30.0
53.9 30.0 30.0 29.95773678453167 29.921924791992375 30.0 30.0 30.0 30.0 30.0 30.0 30.0
54.0 30.0 30.0 29.958636001882066 29.923410032801407 30.0 30.0 30.0 30.0 30.0 30.0 30.0
54.1 30.0 30.0 29.959516086948366 29.92486741601516 30.0 30.0 30.0 30.0 30.0 30.0 30.0
54.2 30.0 30.0 29.960377446800564 29.926297454704173 30.0 30.0 30.0 30.0 30.0 30.0 30.0
54.3 30.0 30.0 29.961220479847363 29.927700652717537 30.0 30.0 30.0 30.0 30.0 30.0 30.0
54.4 30.0 30.0 29.962045576020774 29.92907750484234 30.0 30.0 30.0 30.0 30.0 30.0 30.0
54.5 30.0 30.0 29.96285311695649 29.930428496961355 30.0 30.0 30.0 30.0 30.0 30.0 30.0
54.6 30.0 30.0 29.963643476170144 29.931754106208597 30.0 30.0 30.0 30.0 30.0 30.0 30.0
54.7 30.0 30.0 29.964417019230325 29.933054801120655 30.0 30.0 30.0 30.0 30.0 30.0 30.0
54.8 30.0 30.0 29.96517410392751 29.93433104178739 30.0 30.0 30.0 30.0 30.0 30.0 30.0
54.9 30.0 30.0 29.965915080439704 29.935583279998813 30.0 30.0 30.0 30.0 30.0 30.0 30.0
55.0 30.0 30.0 29.96664029149421 29.93681195939011 30.0 30.0 30.0 30.0 30.0 30.0 30.0
55.1 30.0 30.0 29.96735007252622 29.938017515584153 30.0 30.0 30.0 30.0 30.0 30.0 30.0
55.2 30.0 30.0 29.968044751834203 29.939200376331524 30.0 30.0 30.0 30.0 30.0 30.0 30.0
55.3 30.0 30.0 29.968724650731314 29.94036096164858 30.0 30.0 30.0 30.0 30.0 30.0 30.0
55.4 30.0 30.0 29.969390083694503 29.94149968395226 30.0 30.0 30.0 30.0 30.0 30.0 30.0
55.5 30.0 30.0 29.970041358509548 29.9426169481944 30.0 30.0 30.0 30.0 30.0 30.0 30.0
55.6 30.0 30.0 29.97067877641358 29.94371315199174 30.0 30.0 30.0 30.0 30.0 30.0 30.0
55.7 30.0 30.0 29.97130263223459 29.94478868575491 30.0 30.0 30.0 30.0 30.0 30.0 30.0
55.8 30.0 30.0 29.971913214527476 29.94584393281565 30.0 30.0 30.0 30.0 30.0 30.0 30.0
55.9 30.0 30.0 29.972510805707763 29.946879269550728 30.0 30.0 30.0 30.0 30.0 30.0 30.0
56.0 30.0 30.0 29.973095682182116 29.94789506550446 30.0 30.0 30.0 30.0 30.0 30.0 30.0
56.1 30.0 30.0 29.973668114476148 29.948891683509245 30.0 30.0 30.0 30.0 30.0 30.0 30.0
56.2 30.0 30.0 29.97422836735964 29.949869479803883 30.0 30.0 30.0 30.0 30.0 30.0 30.0
56.3 30.0 30.0 29.974776699969013 29.95082880414948 30.0 30.0 30.0 30.0 30.0 30.0 30.0
56.4 30.0 30.0 29.97531336592712 29.951769999944517 30.0 30.0 30.0 30.0 30.0 30.0 30.0
56.5 30.0 30.0 29.97583861346061 29.952693404336703 30.0 30.0 30.0 30.0 30.0 30.0 30.0
56.6 30.0 30.0 29.976352685514673 29.95359934833371 30.0 30.0 30.0 30.0 30.0 30.0 30.0
56.7 30.0 30.0 29.97685581986538 29.95448815691211 30.0 30.0 30.0 30.0 30.0 30.0 30.0
56.8 30.0 30.0 29.977348249229976 29.95536014912331 30.0 30.0 30.0 30.0 30.0 30.0 30.0
56.9 30.0 30.0 29.977830201373997 29.95621563819984 30.0 30.0 30.0 30.0 30.0 30.0 30.0
57.0 30.0 30.0 29.97830189921711 29.95705493165736 30.0 30.0 30.0 30.0 30.0 30.0 30.0
57.1 30.0 30.0 29.978763560935867 29.957878331396888 30.0 30.0 30.0 30.0 30.0 30.0 30.0
57.2 30.0 30.0 29.97921540006492 29.958686133803937 30.0 30.0 30.0 30.0 30.0 30.0 30.0
57.3 30.0 30.0 29.979657625595408 29.95947862984728 30.0 30.0 30.0 30.0 30.0 30.0 30.0
57.4 30.0 30.0 29.980090442072115 29.960256105174395 30.0 30.0 30.0 30.0 30.0 30.0 30.0
57.5 30.0 30.0 29.98051404968759 29.961018840207107 30.0 30.0 30.0 30.0 30.0 30.0 30.0
57.6 30.0 30.0 29.98092864437505 29.961767110233772 30.0 30.0 30.0 30.0 30.0 30.0 30.0
57.7 30.0 30.0 29.981334417898946 29.962501185501388 30.0 30.0 30.0 30.0 30.0 30.0 30.0
57.8 30.0 30.0 29.981731557943665 29.963221331305256 30.0 30.0 30.0 30.0 30.0 30.0 30.0
57.9 30.0 30.0 29.982120248200136 29.963927808077514 30.0 30.0 30.0 30.0 30.0 30.0 30.0
58.0 30.0 30.0 29.982500668451184 29.964620871473567 30.0 30.0 30.0 30.0 30.0 30.0 30.0
58.1 30.0 30.0 29.98287299465433 29.965300772457972 30.0 30.0 30.0 30.0 30.0 30.0 30.0
58.2 30.0 30.0 29.983237399023356 29.965967757388015 30.0 30.0 30.0 30.0 30.0 30.0 30.0
58.3 30.0 30.0 29.983594050107953 29.96662206809629 30.0 30.0 30.0 30.0 30.0 30.0 30.0
58.4 30.0 30.0 29.983943112871593 29.96726394197168 30.0 30.0 30.0 30.0 30.0 30.0 30.0
58.5 30.0 30.0 29.98428474876797 29.96789361203878 30.0 30.0 30.0 30.0 30.0 30.0 30.0
58.6 30.0 30.0 29.984619115815498 29.96851130703652 30.0 30.0 30.0 30.0 30.0 30.0 30.0
58.7 30.0 30.0 29.98494636867046 29.969117251494755 30.0 30.0 30.0 30.0 30.0 30.0 30.0
58.8 30.0 30.0 29.98526665869871 29.969711665809903 30.0 30.0 30.0 30.0 30.0 30.0 30.0
58.9 30.0 30.0 29.98558013404551 29.970294766319213 30.0 30.0 30.0 30.0 30.0 30.0 30.0
59.0 30.0 30.0 29.98588693970416 29.970866765373636 30.0 30.0 30.0 30.0 30.0 30.0 30.0
59.1 30.0 30.0 29.986187217582817 29.971427871409766 30.0 30.0 30.0 30.0 30.0 30.0 30.0
59.2 30.0 30.0 29.986481106570423 29.971978289020043 30.0 30.0 30.0 30.0 30.0 30.0 30.0
59.3 30.0 30.0 29.98676874260083 29.97251821902205 30.0 30.0 30.0 30.0 30.0 30.0 30.0
59.4 30.0 30.0 29.987050258715698 29.973047858526353 30.0 30.0 30.0 30.0 30.0 30.0 30.0
59.5 30.0 30.0 29.987325785126025 29.973567401003788 30.0 30.0 30.0 30.0 30.0 30.0 30.0
59.6 30.0 30.0 29.98759544927224 29.974077036350756 30.0 30.0 30.0 30.0 30.0 30.0 30.0
59.7 30.0 30.0 29.98785937588352 29.974576950953526 30.0 30.0 30.0 30.0 30.0 30.0 30.0
59.8 30.0 30.0 29.988117687034944 29.97506732775239 30.0 30.0 30.0 30.0 30.0 30.0 30.0
59.9 30.0 30.0 29.988370502204415 29.975548346303185 30.0 30.0 30.0 30.0 30.0 30.0 30.0
60.0 30.0 30.0 29.988617938327696 29.97602018283882 30.0 30.0 30.0 30.0 30.0 30.0 30.0
60.1 30.0 30.0 29.988860109852606 29.97648301032927 30.0 30.0 30.0 30.0 30.0 30.0 30.0
60.2 30.0 30.0 29.989097128791926 29.976936998540882 30.0 30.0 30.0 30.0 30.0 30.0 30.0
60.3 30.0 30.0 29.989329104775088 29.977382314094175 30.0 30.0 30.0 30.0 30.0 30.0 30.0
60.4 30.0 30.0 29.98955614509905 29.977819120520877 30.0 30.0 30.0 30.0 30.0 30.0 30.0
60.5 30.0 30.0 29.989778354777748 29.978247578320143 30.0 30.0 30.0 30.0 30.0 30.0 30.0
60.6 30.0 30.0 29.98999583659095 29.978667845013163 30.0 30.0 30.0 30.0 30.0 30.0 30.0
60.7 30.0 30.0 29.99020869113158 29.979080075197565 30.0 30.0 30.0 30.0 30.0 30.0 30.0
60.8 30.0 30.0 29.990417016852145 29.97948442060048 30.0 30.0 30.0 30.0 30.0 30.0 30.0
60.9 30.0 30.0 29.990620910110614 29.979881030130525 30.0 30.0 30.0 30.0 30.0 30.0 30.0
61.0 30.0 30.0 29.990820465214618 29.980270049929338 30.0 30.0 30.0 30.0 30.0 30.0 30.0
61.1 30.0 30.0 29.99101577446539 29.980651623421558 30.0 30.0 30.0 30.0 30.0 30.0 30.0
61.2 30.0 30.0 29.991206928200132 29.981025891364595 30.0 30.0 30.0 30.0 30.0 30.0 30.0
61.3 30.0 30.0 29.991394014834214 29.981392991896886 30.0 30.0 30.0 30.0 30.0 30.0 30.0
61.4 30.0 30.0 29.991577120901603 29.981753060586133 30.0 30.0 30.0 30.0 30.0 30.0 30.0
61.5 30.0 30.0 29.991756331095225 29.982106230475605 30.0 30.0 30.0 30.0 30.0 30.0 30.0
61.6 30.0 30.0 29.99193172830594 29.982452632130567 30.0 30.0 30.0 30.0 30.0 30.0 30.0
61.7 30.0 30.0 29.992103393661157 29.982792393683148 30.0 30.0 30.0 30.0 30.0 30.0 30.0
61.8 30.0 30.0 29.992271406561994 29.983125640877173 30.0 30.0 30.0 30.0 30.0 30.0 30.0
61.9 30.0 30.0 29.99243584472022 29.983452497111546 30.0 30.0 30.0 30.0 30.0 30.0 30.0
62.0 30.0 30.0 29.99259678419427 29.983773083483058 30.0 30.0 30.0 30.0 30.0 30.0 30.0
62.1 30.0 30.0 29.992754299424153 29.984087518828883 30.0 30.0 30.0 30.0 30.0 30.0 30.0
62.2 30.0 30.0 29.9929084632662 29.984395919767206 30.0 30.0 30.0 30.0 30.0 30.0 30.0
62.3 30.0 30.0 29.99305934702654 29.984698400738502 30.0 30.0 30.0 30.0 30.0 30.0 30.0
62.4 30.0 30.0 29.993207020494086 29.984995074045266 30.0 30.0 30.0 30.0 30.0 30.0 30.0
62.5 30.0 30.0 29.993351551972957 29.985286049890934 30.0 30.0 30.0 30.0 30.0 30.0 30.0
62.6 30.0 30.0 29.99349300831391 29.98557143641863 30.0 30.0 30.0 30.0 30.0 30.0 30.0
62.7 30.0 30.0 29.993631454945515 29.98585133974866 30.0 30.0 30.0 30.0 30.0 30.0 30.0
62.8 30.0 30.0 29.993766955904132 29.98612586401604 30.0 30.0 30.0 30.0 30.0 30.0 30.0
62.9 30.0 30.0 29.993899573863622 29.986395111406615 30.0 30.0 30.0 30.0 30.0 30.0 30.0
63.0 30.0 30.0 29.99402937016437 29.98665918219302 30.0 30.0 30.0 30.0 30.0 30.0 30.0
63.1 30.0 30.0 29.994156404841736 29.986918174769627 30.0 30.0 30.0 30.0 30.0 30.0 30.0
63.2 30.0 30.0 29.99428073665362 29.98717218568741 30.0 30.0 30.0 30.0 30.0 30.0 30.0
63.3 30.0 30.0 29.99440242310777 29.98742130968756 30.0 30.0 30.0 30.0 30.0 30.0 30.0
63.4 30.0 30.0 29.994521520488448 29.987665639734864 30.0 30.0 30.0 30.0 30.0 30.0 30.0
63.5 30.0 30.0 29.9946380838823 29.987905267050632 30.0 30.0 30.0 30.0 30.0 30.0 30.0
63.6 30.0 30.0 29.99475216720398 29.988140281144357 30.0 30.0 30.0 30.0 30.0 30.0 30.0
63.7 30.0 30.0 29.99486382322092 29.98837076984569 30.0 30.0 30.0 30.0 30.0 30.0 30.0
63.8 30.0 30.0 29.994973103577905 29.988596819335076 30.0 30.0 30.0 30.0 30.0 30.0 30.0
63.9 30.0 30.0 29.99508005882097 29.98881851417443 30.0 30.0 30.0 30.0 30.0 30.0 30.0
64.0 30.0 30.0 29.99518473842054 29.989035937336944 30.0 30.0 30.0 30.0 30.0 30.0 30.0
64.1 30.0 30.0 29.995287190794524 29.98924917023629 30.0 30.0 30.0 30.0 30.0 30.0 30.0
64.2 30.0 30.0 29.995387463330793 29.989458292755394 30.0 30.0 30.0 30.0 30.0 30.0 30.0
64.3 30.0 30.0 29.995485602408834 29.989663383274898 30.0 30.0 30.0 30.0 30.0 30.0 30.0
64.4 30.0 30.0 29.995581653421436 29.989864518700845 30.0 30.0 30.0 30.0 30.0 30.0 30.0
64.5 30.0 30.0 29.995675660795474 29.990061774492 30.0 30.0 30.0 30.0 30.0 30.0 30.0
64.6 30.0 30.0 29.995767668012633 29.990255224686475 30.0 30.0 30.0 30.0 30.0 30.0 30.0
64.7 30.0 30.0 29.99585771762943 29.990444941928114 30.0 30.0 30.0 30.0 30.0 30.0 30.0
64.8 30.0 30.0 29.99594585129685 29.990630997492485 30.0 30.0 30.0 30.0 30.0 30.0 30.0
64.9 30.0 30.0 29.996032109779897 29.990813461311653 30.0 30.0 30.0 30.0 30.0 30.0 30.0
65.0 30.0 30.0 29.996116532976075 29.990992401999716 30.0 30.0 30.0 30.0 30.0 30.0 30.0
65.1 30.0 30.0 29.996199159934054 29.99116788687704 30.0 30.0 30.0 30.0 30.0 30.0 30.0
65.2 30.0 30.0 29.99628002887167 29.991339981994038 30.0 30.0 30.0 30.0 30.0 30.0 30.0
65.3 30.0 30.0 29.996359177193536 29.991508752155116 30.0 30.0 30.0 30.0 30.0 30.0 30.0
65.4 30.0 30.0 29.99643664150856 29.991674260941245 30.0 30.0 30.0 30.0 30.0 30.0 30.0
65.5 30.0 30.0 29.99651245764667 29.991836570733234 30.0 30.0 30.0 30.0 30.0 30.0 30.0
65.6 30.0 30.0 29.99658666067547 29.991995742733707 30.0 30.0 30.0 30.0 30.0 30.0 30.0
65.7 30.0 30.0 29.99665928491638 29.992151836989198 30.0 30.0 30.0 30.0 30.0 30.0 30.0
65.8 30.0 30.0 29.996730363960722 29.992304912411292 30.0 30.0 30.0 30.0 30.0 30.0 30.0
65.9 30.0 30.0 29.996799930684986 29.992455026798282 30.0 30.0 30.0 30.0 30.0 30.0 30.0
66.0 30.0 30.0 29.996868017266124 29.992602236855397 30.0 30.0 30.0 30.0 30.0 30.0 30.0
66.1 30.0 30.0 29.996934655196654 29.992746598215184 30.0 30.0 30.0 30.0 30.0 30.0 30.0
66.2 30.0 30.0 29.996999875298865 29.992888165457995 30.0 30.0 30.0 30.0 30.0 30.0 30.0
66.3 30.0 30.0 29.99706370773934 29.993026992130815 30.0 30.0 30.0 30.0 30.0 30.0 30.0
66.4 30.0 30.0 29.997126182042795 29.993163130767126 30.0 30.0 30.0 30.0 30.0 30.0 30.0
66.5 30.0 30.0 29.997187327105713 29.993296632905512 30.0 30.0 30.0 30.0 30.0 30.0 30.0
66.6 30.0 30.0 29.9972471712098 29.993427549108276 30.0 30.0 30.0 30.0 30.0 30.0 30.0
66.7 30.0 30.0 29.99730574203514 29.993555928979625 30.0 30.0 30.0 30.0 30.0 30.0 30.0
66.8 30.0 30.0 29.99736306667268 29.993681821183706 30.0 30.0 30.0 30.0 30.0 30.0 30.0
66.9 30.0 30.0 29.997419171637087 29.993805273461955 30.0 30.0 30.0 30.0 30.0 30.0 30.0
67.0 30.0 30.0 29.997474082878867 29.993926332650428 30.0 30.0 30.0 30.0 30.0 30.0 30.0
67.1 30.0 30.0 29.99752782579633 29.994045044696716 30.0 30.0 30.0 30.0 30.0 30.0 30.0
67.2 30.0 30.0 29.997580425247513 29.994161454676394 30.0 30.0 30.0 30.0 30.0 30.0 30.0
67.3 30.0 30.0 29.997631905561402 29.99427560680973 30.0 30.0 30.0 30.0 30.0 30.0 30.0
67.4 30.0 30.0 29.997682290549438 29.994387544477107 30.0 30.0 30.0 30.0 30.0 30.0 30.0
67.5 30.0 30.0 29.99773160351646 29.994497310235243 30.0 30.0 30.0 30.0 30.0 30.0 30.0
67.6 30.0 30.0 29.997779867271426 29.994604945832272 30.0 30.0 30.0 30.0 30.0 30.0 30.0
67.7 30.0 30.0 29.997827104137986 29.9947104922232 30.0 30.0 30.0 30.0 30.0 30.0 30.0
67.8 30.0 30.0 29.997873335964815 29.99481398958443 30.0 30.0 30.0 30.0 30.0 30.0 30.0
67.9 30.0 30.0 29.997918584135775 29.99491547732856 30.0 30.0 30.0 30.0 30.0 30.0 30.0
68.0 30.0 30.0 29.997962869579695 29.99501499411864 30.0 30.0 30.0 30.0 30.0 30.0 30.0
68.1 30.0 30.0 29.99800621278014 29.995112577882143 30.0 30.0 30.0 30.0 30.0 30.0 30.0
68.2 30.0 30.0 29.998048633784787 29.995208265825063 30.0 30.0 30.0 30.0 30.0 30.0 30.0
68.3 30.0 30.0 29.998090152214925 29.995302094444906 30.0 30.0 30.0 30.0 30.0 30.0 30.0
68.4 30.0 30.0 29.998130787274143 29.995394099544647 30.0 30.0 30.0 30.0 30.0 30.0 30.0
68.5 30.0 30.0 29.998170557757636 29.995484316245086 30.0 30.0 30.0 30.0 30.0 30.0 30.0
68.6 30.0 30.0 29.998209482060705 29.995572778998252 30.0 30.0 30.0 30.0 30.0 30.0 30.0
68.7 30.0 30.0 29.998247578187094 29.99565952159985 30.0 30.0 30.0 30.0 30.0 30.0 30.0
68.8 30.0 30.0 29.99828486375758 29.99574457720118 30.0 30.0 30.0 30.0 30.0 30.0 30.0
68.9 30.0 30.0 29.99832135601802 29.995827978321767 30.0 30.0 30.0 30.0 30.0 30.0 30.0
69.0 30.0 30.0 29.998357071847387 29.99590975686077 30.0 30.0 30.0 30.0 30.0 30.0 30.0
69.1 30.0 30.0 29.99839202776548 29.99598994410914 30.0 30.0 30.0 30.0 30.0 30.0 30.0
69.2 30.0 30.0 29.998426239940702 29.996068570760734 30.0 30.0 30.0 30.0 30.0 30.0 30.0
69.3 30.0 30.0 29.998459724197293 29.996145666923724 30.0 30.0 30.0 30.0 30.0 30.0 30.0
69.4 30.0 30.0 29.99849249602288 29.996221262131545 30.0 30.0 30.0 30.0 30.0 30.0 30.0
69.5 30.0 30.0 29.99852457057555 29.996295385353676 30.0 30.0 30.0 30.0 30.0 30.0 30.0
69.6 30.0 30.0 29.998555962691 29.99636806500621 30.0 30.0 30.0 30.0 30.0 30.0 30.0
69.7 30.0 30.0 29.998586686889023 29.996439328962726 30.0 30.0 30.0 30.0 30.0 30.0 30.0
69.8 30.0 30.0 29.99861675738076 29.99650920456388 30.0 30.0 30.0 30.0 30.0 30.0 30.0
69.9 30.0 30.0 29.998646188074808 29.996577718627883 30.0 30.0 30.0 30.0 30.0 30.0 30.0
70.0 30.0 30.0 29.998674992583883 29.996644897460296 30.0 30.0 30.0 30.0 30.0 30.0 30.0
70.1 30.0 30.0 29.998703184231015 29.996710766863707 30.0 30.0 30.0 30.0 30.0 30.0 30.0
70.2 30.0 30.0 29.998730776055847 29.99677535214697 30.0 30.0 30.0 30.0 30.0 30.0 30.0
70.3 30.0 30.0 29.998757780820622 29.996838678134793 30.0 30.0 30.0 30.0 30.0 30.0 30.0
70.4 30.0 30.0 29.998784211015888 29.99690076917701 30.0 30.0 30.0 30.0 30.0 30.0 30.0
70.5 30.0 30.0 29.998810078866615 29.99696164915705 30.0 30.0 30.0 30.0 30.0 30.0 30.0
70.6 30.0 30.0 29.998835396337494 29.997021341501465 30.0 30.0 30.0 30.0 30.0 30.0 30.0
70.7 30.0 30.0 29.998860175138848 29.997079869187804 30.0 30.0 30.0 30.0 30.0 30.0 30.0
70.8 30.0 30.0 29.99888442673167 29.997137254753802 30.0 30.0 30.0 30.0 30.0 30.0 30.0
70.9 30.0 30.0 29.99890816233312 29.99719352030512 30.0 30.0 30.0 30.0 30.0 30.0 30.0
71.0 30.0 30.0 29.99893139292177 29.997248687523935 30.0 30.0 30.0 30.0 30.0 30.0 30.0
71.1 30.0 30.0 29.99895412924262 29.99730277767663 30.0 30.0 30.0 30.0 30.0 30.0 30.0
71.2 30.0 30.0 29.99897638181195 29.997355811622047 30.0 30.0 30.0 30.0 30.0 30.0 30.0
71.3 30.0 30.0 29.99899816092233 29.997407809819013 30.0 30.0 30.0 30.0 30.0 30.0 30.0
71.4 30.0 30.0 29.999019476647383 29.997458792333628 30.0 30.0 30.0 30.0 30.0 30.0 30.0
71.5 30.0 30.0 29.999040338846424 29.997508778847262 30.0 30.0 30.0 30.0 30.0 30.0 30.0
71.6 30.0 30.0 29.999060757168802 29.997557788663553 30.0 30.0 30.0 30.0 30.0 30.0 30.0
71.7 30.0 30.0 29.99908074105884 29.99760584071527 30.0 30.0 30.0 30.0 30.0 30.0 30.0
71.8 30.0 30.0 29.99910029975972 29.997652953572135 30.0 30.0 30.0 30.0 30.0 30.0 30.0
71.9 30.0 30.0 29.999119442318012 29.99769914544708 30.0 30.0 30.0 30.0 30.0 30.0 30.0
72.0 30.0 30.0 29.999138177587838 29.997744434203 30.0 30.0 30.0 30.0 30.0 30.0 30.0
72.1 30.0 30.0 29.99915651423494 29.99778883735972 30.0 30.0 30.0 30.0 30.0 30.0 30.0
72.2 30.0 30.0 29.999174460740548 29.997832372100575 30.0 30.0 30.0 30.0 30.0 30.0 30.0
72.3 30.0 30.0 29.999192025405645 29.99787505527818 30.0 30.0 30.0 30.0 30.0 30.0 30.0
72.4 30.0 30.0 29.999209216354433 29.99791690342153 30.0 30.0 30.0 30.0 30.0 30.0 30.0
72.5 30.0 30.0 29.99922604153841 29.997957932741457 30.0 30.0 30.0 30.0 30.0 30.0 30.0
72.6 30.0 30.0 29.999242508739762 29.99799815913724 30.0 30.0 30.0 30.0 30.0 30.0 30.0
72.7 30.0 30.0 29.999258625575113 29.998037598202153 30.0 30.0 30.0 30.0 30.0 30.0 30.0
72.8 30.0 30.0 29.999274399499033 29.998076265229418 30.0 30.0 30.0 30.0 30.0 30.0 30.0
72.9 30.0 30.0 29.999289837807606 29.99811417521779 30.0 30.0 30.0 30.0 30.0 30.0 30.0
73.0 30.0 30.0 29.999304947641523 29.998151342877463 30.0 30.0 30.0 30.0 30.0 30.0 30.0
73.1 30.0 30.0 29.999319735989573 29.99818778263527 30.0 30.0 30.0 30.0 30.0 30.0 30.0
73.2 30.0 30.0 29.999334209691934 29.998223508640212 30.0 30.0 30.0 30.0 30.0 30.0 30.0
73.3 30.0 30.0 29.999348375443162 29.998258534768677 30.0 30.0 30.0 30.0 30.0 30.0 30.0
73.4 30.0 30.0 29.999362239795392 29.998292874629755 30.0 30.0 30.0 30.0 30.0 30.0 30.0
73.5 30.0 30.0 29.999375809161435 29.998326541570165 30.0 30.0 30.0 30.0 30.0 30.0 30.0
73.6 30.0 30.0 29.999389089817576 29.99835954867937 30.0 30.0 30.0 30.0 30.0 30.0 30.0
73.7 30.0 30.0 29.99940208790658 29.99839190879454 30.0 30.0 30.0 30.0 30.0 30.0 30.0
73.8 30.0 30.0 29.999414809440502 29.998423634505293 30.0 30.0 30.0 30.0 30.0 30.0 30.0
73.9 30.0 30.0 29.999427260303477 29.99845473815825 30.0 30.0 30.0 30.0 30.0 30.0 30.0
74.0 30.0 30.0 29.999439446254446 29.99848523186204 30.0 30.0 30.0 30.0 30.0 30.0 30.0
74.1 30.0 30.0 29.999451372929858 29.99851512749137 30.0 30.0 30.0 30.0 30.0 30.0 30.0
74.2 30.0 30.0 29.999463045846287 29.998544436691958 30.0 30.0 30.0 30.0 30.0 30.0 30.0
74.3 30.0 30.0 29.999474470402735 29.998573170884743 30.0 30.0 30.0 30.0 30.0 30.0 30.0
74.4 30.0 30.0 29.999485651883568 29.998601341269982 30.0 30.0 30.0 30.0 30.0 30.0 30.0
74.5 30.0 30.0 29.99949659546052 29.998628958831738 30.0 30.0 30.0 30.0 30.0 30.0 30.0
74.6 30.0 30.0 29.999507306195408 29.998656034341828 30.0 30.0 30.0 30.0 30.0 30.0 30.0
74.7 30.0 30.0 29.999517789042276 29.998682578364118 30.0 30.0 30.0 30.0 30.0 30.0 30.0
74.8 30.0 30.0 29.999528048849886 29.99870860125795 30.0 30.0 30.0 30.0 30.0 30.0 30.0
74.9 30.0 30.0 29.99953809036367 29.998734113183 30.0 30.0 30.0 30.0 30.0 30.0 30.0
75.0 30.0 30.0 29.999547918228252 29.998759124101987 30.0 30.0 30.0 30.0 30.0 30.0 30.0
75.1 30.0 30.0 29.99955753698936 29.99878364378532 30.0 30.0 30.0 30.0 30.0 30.0 30.0
75.2 30.0 30.0 29.999566951095968 29.99880768181433 30.0 30.0 30.0 30.0 30.0 30.0 30.0
75.3 30.0 30.0 29.99957616490243 29.99883124758513 30.0 30.0 30.0 30.0 30.0 30.0 30.0
75.4 30.0 30.0 29.9995851826705 29.998854350311817 30.0 30.0 30.0 30.0 30.0 30.0 30.0
75.5 30.0 30.0 29.999594008571087 29.99887699903055 30.0 30.0 30.0 30.0 30.0 30.0 30.0
75.6 30.0 30.0 29.999602646686558 29.998899202602153 30.0 30.0 30.0 30.0 30.0 30.0 30.0
75.7 30.0 30.0 29.999611101012405 29.998920969716117 30.0 30.0 30.0 30.0 30.0 30.0 30.0
75.8 30.0 30.0 29.999619375458973 29.998942308893835 30.0 30.0 30.0 30.0 30.0 30.0 30.0
75.9 30.0 30.0 29.999627473853486 29.99896322849143 30.0 30.0 30.0 30.0 30.0 30.0 30.0
76.0 30.0 30.0 29.999635399941717 29.99898373670334 30.0 30.0 30.0 30.0 30.0 30.0 30.0
76.1 30.0 30.0 29.999643157389794 29.99900384156505 30.0 30.0 30.0 30.0 30.0 30.0 30.0
76.2 30.0 30.0 29.999650749785772 29.99902355095655 30.0 30.0 30.0 30.0 30.0 30.0 30.0
76.3 30.0 30.0 29.99965818064136 29.999042872605056 30.0 30.0 30.0 30.0 30.0 30.0 30.0
76.4 30.0 30.0 29.999665453393686 29.99906181408788 30.0 30.0 30.0 30.0 30.0 30.0 30.0
76.5 30.0 30.0 29.99967257140661 29.99908038283556 30.0 30.0 30.0 30.0 30.0 30.0 30.0
76.6 30.0 30.0 29.999679537972415 29.99909858613449 30.0 30.0 30.0 30.0 30.0 30.0 30.0
76.7 30.0 30.0 29.999686356313415 29.999116431129636 30.0 30.0 30.0 30.0 30.0 30.0 30.0
76.8 30.0 30.0 29.999693029583334 29.999133924827497 30.0 30.0 30.0 30.0 30.0 30.0 30.0
76.9 30.0 30.0 29.999699560868844 29.999151074098616 30.0 30.0 30.0 30.0 30.0 30.0 30.0
77.0 30.0 30.0 29.99970595319082 29.999167885680166 30.0 30.0 30.0 30.0 30.0 30.0 30.0
77.1 30.0 30.0 29.999712209505894 29.999184366178547 30.0 30.0 30.0 30.0 30.0 30.0 30.0
77.2 30.0 30.0 29.999718332707904 29.999200522071828 30.0 30.0 30.0 30.0 30.0 30.0 30.0
77.3 30.0 30.0 29.999724325629053 29.99921635971247 30.0 30.0 30.0 30.0 30.0 30.0 30.0
77.4 30.0 30.0 29.999730191041174 29.999231885329532 30.0 30.0 30.0 30.0 30.0 30.0 30.0
77.5 30.0 30.0 29.99973593165737 29.999247105030737 30.0 30.0 30.0 30.0 30.0 30.0 30.0
77.6 30.0 30.0 29.99974155013278 29.999262024805752 30.0 30.0 30.0 30.0 30.0 30.0 30.0
77.7 30.0 30.0 29.999747049066137 29.999276650527335 30.0 30.0 30.0 30.0 30.0 30.0 30.0
77.8 30.0 30.0 29.99975243100094 29.999290987954364 30.0 30.0 30.0 30.0 30.0 30.0 30.0
77.9 30.0 30.0 29.999757698426485 29.999305042733813 30.0 30.0 30.0 30.0 30.0 30.0 30.0
78.0 30.0 30.0 29.999762853779163 29.999318820402657 30.0 30.0 30.0 30.0 30.0 30.0 30.0
78.1 30.0 30.0 29.99976789944339 29.99933232639052 30.0 30.0 30.0 30.0 30.0 30.0 30.0
78.2 30.0 30.0 29.999772837753092 29.999345566020903 30.0 30.0 30.0 30.0 30.0 30.0 30.0
78.3 30.0 30.0 29.99977767099235 29.99935854451438 30.0 30.0 30.0 30.0 30.0 30.0 30.0
78.4 30.0 30.0 29.999782401396786 29.999371266989474 30.0 30.0 30.0 30.0 30.0 30.0 30.0
78.5 30.0 30.0 29.999787031154312 29.999383738465433 30.0 30.0 30.0 30.0 30.0 30.0 30.0
78.6 30.0 30.0 29.999791562406305 29.99939596386375 30.0 30.0 30.0 30.0 30.0 30.0 30.0
78.7 30.0 30.0 29.999795997248764 29.999407948009797 30.0 30.0 30.0 30.0 30.0 30.0 30.0
78.8 30.0 30.0 29.999800337732793 29.999419695635535 30.0 30.0 30.0 30.0 30.0 30.0 30.0
78.9 30.0 30.0 29.99980458586615 29.999431211380312 30.0 30.0 30.0 30.0 30.0 30.0 30.0
79.0 30.0 30.0 29.99980874361363 29.99944249979353 30.0 30.0 30.0 30.0 30.0 30.0 30.0
79.1 30.0 30.0 29.999812812898433 29.999453565335617 30.0 30.0 30.0 30.0 30.0 30.0 30.0
79.2 30.0 30.0 29.99981679560273 29.999464412380256 30.0 30.0 30.0 30.0 30.0 30.0 30.0
79.3 30.0 30.0 29.999820693568626 29.999475045216016 30.0 30.0 30.0 30.0 30.0 30.0 30.0
79.4 30.0 30.0 29.99982450859906 29.999485468047784 30.0 30.0 30.0 30.0 30.0 30.0 30.0
79.5 30.0 30.0 29.999828242458634 29.99949568499839 30.0 30.0 30.0 30.0 30.0 30.0 30.0
79.6 30.0 30.0 29.99983189687443 29.999505700110415 30.0 30.0 30.0 30.0 30.0 30.0 30.0
79.7 30.0 30.0 29.999835473536653 29.999515517347618 30.0 30.0 30.0 30.0 30.0 30.0 30.0
79.8 30.0 30.0 29.99983897409971 29.999525140596365 30.0 30.0 30.0 30.0 30.0 30.0 30.0
79.9 30.0 30.0 29.9998424001827 29.99953457366733 30.0 30.0 30.0 30.0 30.0 30.0 30.0
80.0 30.0 30.0 29.99984575337027 29.99954382029686 30.0 30.0 30.0 30.0 30.0 30.0 30.0
80.1 30.0 30.0 29.999849035213497 29.99955288414821 30.0 30.0 30.0 30.0 30.0 30.0 30.0
80.2 30.0 30.0 29.99985224723027 29.99956176881342 30.0 30.0 30.0 30.0 30.0 30.0 30.0
80.3 30.0 30.0 29.99985539090625 29.999570477814174 30.0 30.0 30.0 30.0 30.0 30.0 30.0
80.4 30.0 30.0 29.99985846769548 29.999579014603654 30.0 30.0 30.0 30.0 30.0 30.0 30.0
80.5 30.0 30.0 29.999861479021117 29.999587382567363 30.0 30.0 30.0 30.0 30.0 30.0 30.0
80.6 30.0 30.0 29.99986442627595 29.9995955850249 30.0 30.0 30.0 30.0 30.0 30.0 30.0
80.7 30.0 30.0 29.999867310823248 29.99960362523092 30.0 30.0 30.0 30.0 30.0 30.0 30.0
80.8 30.0 30.0 29.999870133997266 29.999611506376507 30.0 30.0 30.0 30.0 30.0 30.0 30.0
80.9 30.0 30.0 29.999872897103707 29.999619231590508 30.0 30.0 30.0 30.0 30.0 30.0 30.0
81.0 30.0 30.0 29.9998756014206 29.999626803940615 30.0 30.0 30.0 30.0 30.0 30.0 30.0
81.1 30.0 30.0 29.999878248198897 29.999634226434296 30.0 30.0 30.0 30.0 30.0 30.0 30.0
81.2 30.0 30.0 29.99988083866273 29.99964150202076 30.0 30.0 30.0 30.0 30.0 30.0 30.0
81.3 30.0 30.0 29.999883374010313 29.999648633591036 30.0 30.0 30.0 30.0 30.0 30.0 30.0
81.4 30.0 30.0 29.999885855414316 29.99965562397996 30.0 30.0 30.0 30.0 30.0 30.0 30.0
81.5 30.0 30.0 29.999888284022536 29.999662475966836 30.0 30.0 30.0 30.0 30.0 30.0 30.0
81.6 30.0 30.0 29.999890660958204 29.999669192276663 30.0 30.0 30.0 30.0 30.0 30.0 30.0
81.7 30.0 30.0 29.999892987320838 29.999675775580933 30.0 30.0 30.0 30.0 30.0 30.0 30.0
81.8 30.0 30.0 29.99989526418635 29.999682228499196 30.0 30.0 30.0 30.0 30.0 30.0 30.0
81.9 30.0 30.0 29.999897492607918 29.999688553599434 30.0 30.0 30.0 30.0 30.0 30.0 30.0
82.0 30.0 30.0 29.99989967361627 29.999694753399584 30.0 30.0 30.0 30.0 30.0 30.0 30.0
82.1 30.0 30.0 29.99990180822017 29.999700830368194 30.0 30.0 30.0 30.0 30.0 30.0 30.0
82.2 30.0 30.0 29.999903897407 29.99970678692556 30.0 30.0 30.0 30.0 30.0 30.0 30.0
82.3 30.0 30.0 29.99990594214305 29.99971262544456 30.0 30.0 30.0 30.0 30.0 30.0 30.0
82.4 30.0 30.0 29.999907943374 29.999718348251676 30.0 30.0 30.0 30.0 30.0 30.0 30.0
82.5 30.0 30.0 29.999909902025607 29.999723957627552 30.0 30.0 30.0 30.0 30.0 30.0 30.0
82.6 30.0 30.0 29.999911819003774 29.9997294558086 30.0 30.0 30.0 30.0 30.0 30.0 30.0
82.7 30.0 30.0 29.999913695195172 29.999734844987085 30.0 30.0 30.0 30.0 30.0 30.0 30.0
82.8 30.0 30.0 29.999915531467586 29.99974012731243 30.0 30.0 30.0 30.0 30.0 30.0 30.0
82.9 30.0 30.0 29.99991732867043 29.999745304891825 30.0 30.0 30.0 30.0 30.0 30.0 30.0
83.0 30.0 30.0 29.999919087634925 29.999750379791486 30.0 30.0 30.0 30.0 30.0 30.0 30.0
83.1 30.0 30.0 29.999920809174586 29.99975535403679 30.0 30.0 30.0 30.0 30.0 30.0 30.0
83.2 30.0 30.0 29.999922494085794 29.999760229613436 30.0 30.0 30.0 30.0 30.0 30.0 30.0
83.3 30.0 30.0 29.999924143147823 29.9997650084685 30.0 30.0 30.0 30.0 30.0 30.0 30.0
83.4 30.0 30.0 29.99992575712338 29.999769692510505 30.0 30.0 30.0 30.0 30.0 30.0 30.0
83.5 30.0 30.0 29.999927336759033 29.99977428361075 30.0 30.0 30.0 30.0 30.0 30.0 30.0
83.6 30.0 30.0 29.999928882785465 29.99977878360365 30.0 30.0 30.0 30.0 30.0 30.0 30.0
83.7 30.0 30.0 29.999930395917705 29.999783194287886 30.0 30.0 30.0 30.0 30.0 30.0 30.0
83.8 30.0 30.0 29.999931876855666 29.999787517426597 30.0 30.0 30.0 30.0 30.0 30.0 30.0
83.9 30.0 30.0 29.99993332628428 29.99979175474857 30.0 30.0 30.0 30.0 30.0 30.0 30.0
84.0 30.0 30.0 29.999934744873965 29.999795907948464 30.0 30.0 30.0 30.0 30.0 30.0 30.0
84.1 30.0 30.0 29.999936133280904 29.999799978687715 30.0 30.0 30.0 30.0 30.0 30.0 30.0
84.2 30.0 30.0 29.999937492147264 29.99980396859519 30.0 30.0 30.0 30.0 30.0 30.0 30.0
84.3 30.0 30.0 29.99993882210156 29.999807879267724 30.0 30.0 30.0 30.0 30.0 30.0 30.0
84.4 30.0 30.0 29.99994012375896 29.999811712270795 30.0 30.0 30.0 30.0 30.0 30.0 30.0
84.5 30.0 30.0 29.99994139772157 29.999815469139147 30.0 30.0 30.0 30.0 30.0 30.0 30.0
84.6 30.0 30.0 29.999942644578528 29.99981915137741 30.0 30.0 30.0 30.0 30.0 30.0 30.0
84.7 30.0 30.0 29.999943864906687 29.99982276046056 30.0 30.0 30.0 30.0 30.0 30.0 30.0
84.8 30.0 30.0 29.999945059270416 29.999826297834737 30.0 30.0 30.0 30.0 30.0 30.0 30.0
84.9 30.0 30.0 29.99994622822209 29.999829764917596 30.0 30.0 30.0 30.0 30.0 30.0 30.0
85.0 30.0 30.0 29.99994737230247 29.999833163098838 30.0 30.0 30.0 30.0 30.0 30.0 30.0
85.1 30.0 30.0 29.99994849204071 29.999836493740972 30.0 30.0 30.0 30.0 30.0 30.0 30.0
85.2 30.0 30.0 29.99994958795473 29.999839758179622 30.0 30.0 30.0 30.0 30.0 30.0 30.0
85.3 30.0 30.0 29.99995066055144 29.999842957724177 30.0 30.0 30.0 30.0 30.0 30.0 30.0
85.4 30.0 30.0 29.999951710326894 29.999846093658416 30.0 30.0 30.0 30.0 30.0 30.0 30.0
85.5 30.0 30.0 29.99995273776671 29.999849167240548 30.0 30.0 30.0 30.0 30.0 30.0 30.0
85.6 30.0 30.0 29.99995374334614 29.9998521797044 30.0 30.0 30.0 30.0 30.0 30.0 30.0
85.7 30.0 30.0 29.999954727530287 29.99985513225931 30.0 30.0 30.0 30.0 30.0 30.0 30.0
85.8 30.0 30.0 29.999955690774286 29.999858026090926 30.0 30.0 30.0 30.0 30.0 30.0 30.0
85.9 30.0 30.0 29.99995663352379 29.999860862361377 30.0 30.0 30.0 30.0 30.0 30.0 30.0
86.0 30.0 30.0 29.999957556214778 29.99986364221016 30.0 30.0 30.0 30.0 30.0 30.0 30.0
86.1 30.0 30.0 29.99995845927403 29.999866366754222 30.0 30.0 30.0 30.0 30.0 30.0 30.0
86.2 30.0 30.0 29.99995934311924 29.999869037088594 30.0 30.0 30.0 30.0 30.0 30.0 30.0
86.3 30.0 30.0 29.999960208159294 29.999871654286526 30.0 30.0 30.0 30.0 30.0 30.0 30.0
86.4 30.0 30.0 29.99996105479417 29.999874219400496 30.0 30.0 30.0 30.0 30.0 30.0 30.0
86.5 30.0 30.0 29.99996188341554 29.99987673346186 30.0 30.0 30.0 30.0 30.0 30.0 30.0
86.6 30.0 30.0 29.99996269440674 29.99987919748187 30.0 30.0 30.0 30.0 30.0 30.0 30.0
86.7 30.0 30.0 29.999963488142797 29.999881612452075 30.0 30.0 30.0 30.0 30.0 30.0 30.0
86.8 30.0 30.0 29.99996426499079 29.99988397934411 30.0 30.0 30.0 30.0 30.0 30.0 30.0
86.9 30.0 30.0 29.99996502531017 29.999886299110507 30.0 30.0 30.0 30.0 30.0 30.0 30.0
87.0 30.0 30.0 29.999965769452544 29.999888572685293 30.0 30.0 30.0 30.0 30.0 30.0 30.0
87.1 30.0 30.0 29.999966497762067 29.999890800983945 30.0 30.0 30.0 30.0 30.0 30.0 30.0
87.2 30.0 30.0 29.999967210575637 29.999892984903784 30.0 30.0 30.0 30.0 30.0 30.0 30.0
87.3 30.0 30.0 29.999967908222995 29.99989512532452 30.0 30.0 30.0 30.0 30.0 30.0 30.0
87.4 30.0 30.0 29.99996859102672 29.999897223108615 30.0 30.0 30.0 30.0 30.0 30.0 30.0
87.5 30.0 30.0 29.999969259302723 29.999899279101278 30.0 30.0 30.0 30.0 30.0 30.0 30.0
87.6 30.0 30.0 29.99996991336013 29.99990129413135 30.0 30.0 30.0 30.0 30.0 30.0 30.0
87.7 30.0 30.0 29.999970553501395 29.999903269011202 30.0 30.0 30.0 30.0 30.0 30.0 30.0
87.8 30.0 30.0 29.99997118002269 29.999905204537008 30.0 30.0 30.0 30.0 30.0 30.0 30.0
87.9 30.0 30.0 29.999971793213692 29.999907101489665 30.0 30.0 30.0 30.0 30.0 30.0 30.0
88.0 30.0 30.0 29.999972393358092 29.9999089606341 30.0 30.0 30.0 30.0 30.0 30.0 30.0
88.1 30.0 30.0 29.999972980733475 29.999910782720576 30.0 30.0 30.0 30.0 30.0 30.0 30.0
88.2 30.0 30.0 29.99997355561153 29.99991256848439 30.0 30.0 30.0 30.0 30.0 30.0 30.0
88.3 30.0 30.0 29.999974118258137 29.999914318646404 30.0 30.0 30.0 30.0 30.0 30.0 30.0
88.4 30.0 30.0 29.999974668933476 29.999916033913166 30.0 30.0 30.0 30.0 30.0 30.0 30.0
88.5 30.0 30.0 29.999975207892295 29.99991771497722 30.0 30.0 30.0 30.0 30.0 30.0 30.0
88.6 30.0 30.0 29.999975735383934 29.999919362517492 30.0 30.0 30.0 30.0 30.0 30.0 30.0
88.7 30.0 30.0 29.99997625165241 29.99992097719952 30.0 30.0 30.0 30.0 30.0 30.0 30.0
88.8 30.0 30.0 29.999976756936416 29.99992255967585 30.0 30.0 30.0 30.0 30.0 30.0 30.0
88.9 30.0 30.0 29.99997725146971 29.999924110585763 30.0 30.0 30.0 30.0 30.0 30.0 30.0
89.0 30.0 30.0 29.999977735481018 29.999925630556316 30.0 30.0 30.0 30.0 30.0 30.0 30.0
89.1 30.0 30.0 29.999978209194236 29.999927120201907 30.0 30.0 30.0 30.0 30.0 30.0 30.0
89.2 30.0 30.0 29.999978672828416 29.999928580124887 30.0 30.0 30.0 30.0 30.0 30.0 30.0
89.3 30.0 30.0 29.99997912659806 29.999930010915705 30.0 30.0 30.0 30.0 30.0 30.0 30.0
89.4 30.0 30.0 29.99997957071303 29.99993141315306 30.0 30.0 30.0 30.0 30.0 30.0 30.0
89.5 30.0 30.0 29.999980005378738 29.999932787404376 30.0 30.0 30.0 30.0 30.0 30.0 30.0
89.6 30.0 30.0 29.99998043079624 29.999934134225736 30.0 30.0 30.0 30.0 30.0 30.0 30.0
89.7 30.0 30.0 29.999980847162238 29.999935454162333 30.0 30.0 30.0 30.0 30.0 30.0 30.0
89.8 30.0 30.0 29.999981254669464 29.999936747748308 30.0 30.0 30.0 30.0 30.0 30.0 30.0
89.9 30.0 30.0 29.999981653506307 29.999938015507595 30.0 30.0 30.0 30.0 30.0 30.0 30.0
90.0 30.0 30.0 29.999982043857273 29.999939257953553 30.0 30.0 30.0 30.0 30.0 30.0 30.0
90.1 30.0 30.0 29.999982425902907 29.99994047558943 30.0 30.0 30.0 30.0 30.0 30.0 30.0
90.2 30.0 30.0 29.999982799819882 29.99994166890857 30.0 30.0 30.0 30.0 30.0 30.0 30.0
90.3 30.0 30.0 29.9999831657812 29.99994283839451 30.0 30.0 30.0 30.0 30.0 30.0 30.0
90.4 30.0 30.0 29.999983523956082 29.999943984521206 30.0 30.0 30.0 30.0 30.0 30.0 30.0
90.5 30.0 30.0 29.99998387451017 29.999945107753277 30.0 30.0 30.0 30.0 30.0 30.0 30.0
90.6 30.0 30.0 29.99998421760573 29.999946208546003 30.0 30.0 30.0 30.0 30.0 30.0 30.0
90.7 30.0 30.0 29.99998455340133 29.99994728734594 30.0 30.0 30.0 30.0 30.0 30.0 30.0
90.8 30.0 30.0 29.99998488205237 29.999948344590443 30.0 30.0 30.0 30.0 30.0 30.0 30.0
90.9 30.0 30.0 29.999985203710846 29.999949380708546 30.0 30.0 30.0 30.0 30.0 30.0 30.0
91.0 30.0 30.0 29.99998551852547 29.999950396120635 30.0 30.0 30.0 30.0 30.0 30.0 30.0
91.1 30.0 30.0 29.999985826641957 29.999951391238586 30.0 30.0 30.0 30.0 30.0 30.0 30.0
91.2 30.0 30.0 29.99998612820273 29.999952366466598 30.0 30.0 30.0 30.0 30.0 30.0 30.0
91.3 30.0 30.0 29.999986423347302 29.999953322200383 30.0 30.0 30.0 30.0 30.0 30.0 30.0
91.4 30.0 30.0 29.9999867122123 29.999954258827945 30.0 30.0 30.0 30.0 30.0 30.0 30.0
91.5 30.0 30.0 29.99998699493115 29.999955176729873 30.0 30.0 30.0 30.0 30.0 30.0 30.0
91.6 30.0 30.0 29.999987271634755 29.99995607627874 30.0 30.0 30.0 30.0 30.0 30.0 30.0
91.7 30.0 30.0 29.999987542451024 29.999956957840183 30.0 30.0 30.0 30.0 30.0 30.0 30.0
91.8 30.0 30.0 29.999987807505256 29.999957821772362 30.0 30.0 30.0 30.0 30.0 30.0 30.0
91.9 30.0 30.0 29.999988066920046 29.99995866842636 30.0 30.0 30.0 30.0 30.0 30.0 30.0
92.0 30.0 30.0 29.99998832081536 29.999959498146364 30.0 30.0 30.0 30.0 30.0 30.0 30.0
92.1 30.0 30.0 29.999988569308663 29.999960311269678 30.0 30.0 30.0 30.0 30.0 30.0 30.0
92.2 30.0 30.0 29.9999888125149 29.999961108126893 30.0 30.0 30.0 30.0 30.0 30.0 30.0
92.3 30.0 30.0 29.9999890505465 29.99996188904215 30.0 30.0 30.0 30.0 30.0 30.0 30.0
92.4 30.0 30.0 29.999989283513568 29.999962654333082 30.0 30.0 30.0 30.0 30.0 30.0 30.0
92.5 30.0 30.0 29.99998951152389 29.999963404311025 30.0 30.0 30.0 30.0 30.0 30.0 30.0
92.6 30.0 30.0 29.999989734682927 29.999964139281143 30.0 30.0 30.0 30.0 30.0 30.0 30.0
92.7 30.0 30.0 29.999989953093824 29.999964859542512 30.0 30.0 30.0 30.0 30.0 30.0 30.0
92.8 30.0 30.0 29.99999016685778 29.999965565388326 30.0 30.0 30.0 30.0 30.0 30.0 30.0
92.9 30.0 30.0 29.999990376073587 29.999966257106074 30.0 30.0 30.0 30.0 30.0 30.0 30.0
93.0 30.0 30.0 29.999990580838 29.999966934977405 30.0 30.0 30.0 30.0 30.0 30.0 30.0
93.1 30.0 30.0 29.999990781245735 29.999967599278264 30.0 30.0 30.0 30.0 30.0 30.0 30.0
93.2 30.0 30.0 29.999990977389494 29.999968250279352 30.0 30.0 30.0 30.0 30.0 30.0 30.0
93.3 30.0 30.0 29.999991169359927 29.999968888245892 30.0 30.0 30.0 30.0 30.0 30.0 30.0
93.4 30.0 30.0 29.999991357245857 29.99996951343783 30.0 30.0 30.0 30.0 30.0 30.0 30.0
93.5 30.0 30.0 29.999991541134268 29.999970126109883 30.0 30.0 30.0 30.0 30.0 30.0 30.0
93.6 30.0 30.0 29.99999172111011 29.99997072651195 30.0 30.0 30.0 30.0 30.0 30.0 30.0
93.7 30.0 30.0 29.99999189725669 29.999971314888644 30.0 30.0 30.0 30.0 30.0 30.0 30.0
93.8 30.0 30.0 29.999992069655477 29.99997189147999 30.0 30.0 30.0 30.0 30.0 30.0 30.0
93.9 30.0 30.0 29.99999223838619 29.999972456521096 30.0 30.0 30.0 30.0 30.0 30.0 30.0
94.0 30.0 30.0 29.99999240352682 29.999973010242485 30.0 30.0 30.0 30.0 30.0 30.0 30.0
94.1 30.0 30.0 29.999992565153896 29.999973552869854 30.0 30.0 30.0 30.0 30.0 30.0 30.0
94.2 30.0 30.0 29.999992723342118 29.99997408462482 30.0 30.0 30.0 30.0 30.0 30.0 30.0
94.3 30.0 30.0 29.999992878164626 29.9999746057244 30.0 30.0 30.0 30.0 30.0 30.0 30.0
94.4 30.0 30.0 29.999993029693023 29.999975116381265 30.0 30.0 30.0 30.0 30.0 30.0 30.0
94.5 30.0 30.0 29.999993177997357 29.999975616803976 30.0 30.0 30.0 30.0 30.0 30.0 30.0
94.6 30.0 30.0 29.999993323146327 29.99997610719668 30.0 30.0 30.0 30.0 30.0 30.0 30.0
94.7 30.0 30.0 29.999993465207076 29.999976587759658 30.0 30.0 30.0 30.0 30.0 30.0 30.0
94.8 30.0 30.0 29.99999360424521 29.999977058689346 30.0 30.0 30.0 30.0 30.0 30.0 30.0
94.9 30.0 30.0 29.99999374032516 29.999977520177982 30.0 30.0 30.0 30.0 30.0 30.0 30.0
95.0 30.0 30.0 29.999993873509823 29.99997797241416 30.0 30.0 30.0 30.0 30.0 30.0 30.0
95.1 30.0 30.0 29.99999400386073 29.999978415582753 30.0 30.0 30.0 30.0 30.0 30.0 30.0
95.2 30.0 30.0 29.99999413143807 29.99997884986506 30.0 30.0 30.0 30.0 30.0 30.0 30.0
95.3 30.0 30.0 29.99999425630105 29.999979275438182 30.0 30.0 30.0 30.0 30.0 30.0 30.0
95.4 30.0 30.0 29.99999437850734 29.999979692476472 30.0 30.0 30.0 30.0 30.0 30.0 30.0
95.5 30.0 30.0 29.99999449811363 29.99998010115013 30.0 30.0 30.0 30.0 30.0 30.0 30.0
95.6 30.0 30.0 29.99999461517508 29.99998050162667 30.0 30.0 30.0 30.0 30.0 30.0 30.0
95.7 30.0 30.0 29.99999472974587 29.999980894069683 30.0 30.0 30.0 30.0 30.0 30.0 30.0
95.8 30.0 30.0 29.99999484187902 29.999981278639666 30.0 30.0 30.0 30.0 30.0 30.0 30.0
95.9 30.0 30.0 29.999994951626196 29.999981655494274 30.0 30.0 30.0 30.0 30.0 30.0 30.0
96.0 30.0 30.0 29.99999505903849 29.99998202478738 30.0 30.0 30.0 30.0 30.0 30.0 30.0
96.1 30.0 30.0 29.99999516416524 29.999982386670663 30.0 30.0 30.0 30.0 30.0 30.0 30.0
96.2 30.0 30.0 29.999995267055407 29.999982741291532 30.0 30.0 30.0 30.0 30.0 30.0 30.0
96.3 30.0 30.0 29.9999953677564 29.99998308879573 30.0 30.0 30.0 30.0 30.0 30.0 30.0
96.4 30.0 30.0 29.99999546631486 29.999983429325464 30.0 30.0 30.0 30.0 30.0 30.0 30.0
96.5 30.0 30.0 29.999995562776256 29.9999837630202 30.0 30.0 30.0 30.0 30.0 30.0 30.0
96.6 30.0 30.0 29.999995657185288 29.999984090016554 30.0 30.0 30.0 30.0 30.0 30.0 30.0
96.7 30.0 30.0 29.999995749585693 29.999984410448405 30.0 30.0 30.0 30.0 30.0 30.0 30.0
96.8 30.0 30.0 29.99999584002004 29.999984724447323 30.0 30.0 30.0 30.0 30.0 30.0 30.0
96.9 30.0 30.0 29.999995928530325 29.999985032141836 30.0 30.0 30.0 30.0 30.0 30.0 30.0
97.0 30.0 30.0 29.99999601515737 29.99998533365809 30.0 30.0 30.0 30.0 30.0 30.0 30.0
97.1 30.0 30.0 29.999996099941242 29.999985629119738 30.0 30.0 30.0 30.0 30.0 30.0 30.0
97.2 30.0 30.0 29.999996182921215 29.999985918647923 30.0 30.0 30.0 30.0 30.0 30.0 30.0
97.3 30.0 30.0 29.99999626413561 29.999986202361423 30.0 30.0 30.0 30.0 30.0 30.0 30.0
97.4 30.0 30.0 29.999996343622158 29.999986480376307 30.0 30.0 30.0 30.0 30.0 30.0 30.0
97.5 30.0 30.0 29.999996421417432 29.99998675280705 30.0 30.0 30.0 30.0 30.0 30.0 30.0
97.6 30.0 30.0 29.999996497557426 29.999987019765264 30.0 30.0 30.0 30.0 30.0 30.0 30.0
97.7 30.0 30.0 29.999996572077553 29.999987281360358 30.0 30.0 30.0 30.0 30.0 30.0 30.0
97.8 30.0 30.0 29.99999664501206 29.999987537699944 30.0 30.0 30.0 30.0 30.0 30.0 30.0
97.9 30.0 30.0 29.999996716394815 29.999987788888962 30.0 30.0 30.0 30.0 30.0 30.0 30.0
98.0 30.0 30.0 29.999996786258716 29.999988035030896 30.0 30.0 30.0 30.0 30.0 30.0 30.0
98.1 30.0 30.0 29.99999685463627 29.999988276226343 30.0 30.0 30.0 30.0 30.0 30.0 30.0
98.2 30.0 30.0 29.999996921558825 29.99998851257501 30.0 30.0 30.0 30.0 30.0 30.0 30.0
98.3 30.0 30.0 29.999996987057536 29.99998874417336 30.0 30.0 30.0 30.0 30.0 30.0 30.0
98.4 30.0 30.0 29.999997051162786 29.999988971116554 30.0 30.0 30.0 30.0 30.0 30.0 30.0
98.5 30.0 30.0 29.999997113903987 29.999989193498365 30.0 30.0 30.0 30.0 30.0 30.0 30.0
98.6 30.0 30.0 29.999997175310362 29.99998941140949 30.0 30.0 30.0 30.0 30.0 30.0 30.0
98.7 30.0 30.0 29.99999723541016 29.99998962494007 30.0 30.0 30.0 30.0 30.0 30.0 30.0
98.8 30.0 30.0 29.999997294231246 29.999989834177562 30.0 30.0 30.0 30.0 30.0 30.0 30.0
98.9 30.0 30.0 29.99999735180071 29.99999003920815 30.0 30.0 30.0 30.0 30.0 30.0 30.0
99.0 30.0 30.0 29.999997408145457 29.99999024011586 30.0 30.0 30.0 30.0 30.0 30.0 30.0
99.1 30.0 30.0 29.999997463291216 29.999990436983786 30.0 30.0 30.0 30.0 30.0 30.0 30.0
99.2 30.0 30.0 29.99999751726373 29.999990629892373 30.0 30.0 30.0 30.0 30.0 30.0 30.0
99.3 30.0 30.0 29.999997570087956 29.999990818921095 30.0 30.0 30.0 30.0 30.0 30.0 30.0
99.4 30.0 30.0 29.99999762178828 29.999991004147844 30.0 30.0 30.0 30.0 30.0 30.0 30.0
99.5 30.0 30.0 29.9999976723885 29.999991185648913 30.0 30.0 30.0 30.0 30.0 30.0 30.0
99.6 30.0 30.0 29.999997721912226 29.999991363498754 30.0 30.0 30.0 30.0 30.0 30.0 30.0
99.7 30.0 30.0 29.9999977703821 29.999991537770924 30.0 30.0 30.0 30.0 30.0 30.0 30.0
99.8 30.0 30.0 29.999997817820766 29.999991708536832 30.0 30.0 30.0 30.0 30.0 30.0 30.0
99.9 30.0 30.0 29.999997864250084 29.999991875866957 30.0 30.0 30.0 30.0 30.0 30.0 30.0
