0.0 30.0 30.0 30.0 30.0 30.0 30.0 30.0 30.0 30.0 30.0 30.0
0.1 30.0 30.0 30.0 30.0 30.0 30.0 30.0 30.0 30.0 30.0 30.0
0.2 30.0 30.0 30.0 30.0 30.0 30.0 30.0 30.0 30.0 30.0 30.0
0.3 30.0 30.0 30.0 30.0 30.0 30.0 30.0 30.0 30.0 30.0 30.0
0.4 30.0 30.0 30.0 30.0 30.0 30.0 30.0 30.0 30.0 30.0 30.0
0.5 30.0 30.0 30.0 30.0 30.0 30.0 30.0 30.0 30.0 30.0 30.0
0.6 30.0 30.0 30.0 30.0 30.0 30.0 30.0 30.0 30.0 30.0 30.0
0.7 30.0 30.0 30.0 30.0 30.0 30.0 30.0 30.0 30.0 30.0 30.0
0.8 30.0 30.0 30.0 30.0 30.0 30.0 30.0 30.0 30.0 30.0 30.0
0.9 30.0 30.0 30.0 30.0 30.0 30.0 30.0 30.0 30.0 30.0 30.0
1.0 30.0 30.0 30.0 30.0 30.0 30.0 30.0 30.0 30.0 30.0 30.0
1.1 30.0 30.0 30.0 30.0 30.0 30.0 30.0 30.0 30.0 30.0 30.0
1.2 30.0 30.0 30.0 30.0 30.0 30.0 30.0 30.0 30.0 30.0 30.0
1.3 30.0 30.0 30.0 30.0 30.0 30.0 30.0 30.0 30.0 30.0 30.0
1.4 30.0 30.0 30.0 30.0 30.0 30.0 30.0 30.0 30.0 30.0 30.0
1.5 30.0 30.0 30.0 30.0 30.0 30.0 30.0 30.0 30.0 30.0 30.0
1.6 30.0 30.0 30.0 30.0 30.0 30.0 30.0 30.0 30.0 30.0 30.0
1.7 30.0 30.0 30.0 30.0 30.0 30.0 30.0 30.0 30.0 30.0 30.0
1.8 30.0 30.0 30.0 30.0 30.0 30.0 30.0 30.0 30.0 30.0 30.0
1.9 30.0 30.0 30.0 30.0 30.0 30.0 30.0 30.0 30.0 30.0 30.0
2.0 30.0 30.0 30.0 30.0 30.0 30.0 30.0 30.0 30.0 30.0 30.0
2.1 30.0 30.0 30.0 30.0 30.0 30.0 30.0 30.0 30.0 30.0 30.0
2.2 30.0 30.0 30.0 30.0 30.0 30.0 30.0 30.0 30.0 30.0 30.0
2.3 30.0 30.0 30.0 30.0 30.0 30.0 30.0 30.0 30.0 30.0 30.0
2.4 30.0 30.0 30.0 30.0 30.0 30.0 30.0 30.0 30.0 30.0 30.0
2.5 30.0 30.0 30.0 30.0 30.0 30.0 30.0 30.0 30.0 30.0 30.0
2.6 30.0 30.0 30.0 30.0 30.0 30.0 30.0 30.0 30.0 30.0 30.0
2.7 30.0 30.0 30.0 30.0 30.0 30.0 30.0 30.0 30.0 30.0 30.0
2.8 30.0 30.0 30.0 30.0 30.0 30.0 30.0 30.0 30.0 30.0 30.0
2.9 30.0 30.0 30.0 30.0 30.0 30.0 30.0 30.0 30.0 30.0 30.0
3.0 30.0 30.0 30.0 30.0 30.0 30.0 30.0 30.0 30.0 30.0 30.0
3.1 30.0 30.0 30.0 30.0 30.0 30.0 30.0 30.0 30.0 30.0 30.0
3.2 30.0 30.0 30.0 30.0 30.0 30.0 30.0 30.0 30.0 30.0 30.0
3.3 30.0 30.0 30.0 30.0 30.0 30.0 30.0 30.0 30.0 30.0 30.0
3.4 30.0 30.0 30.0 30.0 30.0 30.0 30.0 30.0 30.0 30.0 30.0
3.5 30.0 30.0 30.0 30.0 30.0 30.0 30.0 30.0 30.0 30.0 30.0
3.6 30.0 30.0 30.0 30.0 30.0 30.0 30.0 30.0 30.0 30.0 30.0
3.7 30.0 30.0 30.0 30.0 30.0 30.0 30.0 30.0 30.0 30.0 30.0
3.8 30.0 30.0 30.0 30.0 30.0 30.0 30.0 30.0 30.0 30.0 30.0
3.9 30.0 30.0 30.0 30.0 30.0 30.0 30.0 30.0 30.0 30.0 30.0
4.0 30.0 30.0 30.0 30.0 30.0 30.0 30.0 30.0 30.0 30.0 30.0
4.1 30.0 30.0 30.0 30.0 30.0 30.0 30.0 30.0 30.0 30.0 30.0
4.2 30.0 30.0 30.0 30.0 30.0 30.0 30.0 30.0 30.0 30.0 30.0
4.3 30.0 30.0 30.0 30.0 30.0 30.0 30.0 30.0 30.0 30.0 30.0
4.4 30.0 30.0 30.0 30.0 30.0 30.0 30.0 30.0 30.0 30.0 30.0
4.5 30.0 30.0 30.0 30.0 30.0 30.0 30.0 30.0 30.0 30.0 30.0
4.6 30.0 30.0 30.0 30.0 30.0 30.0 30.0 30.0 30.0 30.0 30.0
4.7 30.0 30.0 30.0 30.0 30.0 30.0 30.0 30.0 30.0 30.0 30.0
4.8 30.0 30.0 30.0 30.0 30.0 30.0 30.0 30.0 30.0 30.0 30.0
4.9 30.0 30.0 30.0 30.0 30.0 30.0 30.0 30.0 30.0 30.0 30.0
5.0 30.0 30.0 30.0 30.0 30.0 30.0 30.0 30.0 30.0 30.0 30.0
5.1 30.0 30.0 30.0 30.0 30.0 30.0 30.0 30.0 30.0 30.0 30.0
5.2 30.0 30.0 30.0 30.0 30.0 30.0 30.0 30.0 30.0 30.0 30.0
5.3 30.0 30.0 30.0 30.0 30.0 30.0 30.0 30.0 30.0 30.0 30.0
5.4 30.0 30.0 30.0 30.0 30.0 30.0 30.0 30.0 30.0 30.0 30.0
5.5 30.0 30.0 30.0 30.0 30.0 30.0 30.0 30.0 30.0 30.0 30.0
5.6 30.0 30.0 30.0 30.0 30.0 30.0 30.0 30.0 30.0 30.0 30.0
5.7 30.0 30.0 30.0 30.0 30.0 30.0 30.0 30.0 30.0 30.0 30.0
5.8 30.0 30.0 30.0 30.0 30.0 30.0 30.0 30.0 30.0 30.0 30.0
5.9 30.0 30.0 30.0 30.0 30.0 30.0 30.0 30.0 30.0 30.0 30.0
6.0 30.0 30.0 30.0 30.0 30.0 30.0 30.0 30.0 30.0 30.0 30.0
6.1 30.0 30.0 30.0 30.0 30.0 30.0 30.0 30.0 30.0 30.0 30.0
6.2 30.0 30.0 30.0 30.0 30.0 30.0 30.0 30.0 30.0 30.0 30.0
6.3 30.0 30.0 30.0 30.0 30.0 30.0 30.0 30.0 30.0 30.0 30.0
6.4 30.0 30.0 30.0 30.0 30.0 30.0 30.0 30.0 30.0 30.0 30.0
6.5 30.0 30.0 30.0 30.0 30.0 30.0 30.0 30.0 30.0 30.0 30.0
6.6 30.0 30.0 30.0 30.0 30.0 30.0 30.0 30.0 30.0 30.0 30.0
6.7 30.0 30.0 30.0 30.0 30.0 30.0 30.0 30.0 30.0 30.0 30.0
6.8 30.0 30.0 30.0 30.0 30.0 30.0 30.0 30.0 30.0 30.0 30.0
6.9 30.0 30.0 30.0 30.0 30.0 30.0 30.0 30.0 30.0 30.0 30.0
7.0 30.0 30.0 30.0 30.0 30.0 30.0 30.0 30.0 30.0 30.0 30.0
7.1 30.0 29.975106382977902 30.0 30.0 30.0 30.0 30.0 30.0 30.0 30.0 30.0
7.2 30.0 29.691806247169836 30.0 30.0 30.0 30.0 30.0 30.0 30.0 30.0 30.0
7.3 30.0 29.410501899343743 30.0 30.0 30.0 30.0 30.0 30.0 30.0 30.0 30.0
7.4 30.0 29.133317075444936 30.0 30.0 30.0 30.0 30.0 30.0 30.0 30.0 30.0
7.5 30.0 28.86215800858741 30.0 30.0 30.0 30.0 30.0 30.0 30.0 30.0 30.0
7.6 30.0 28.59238023080962 30.0 30.0 30.0 30.0 30.0 30.0 30.0 30.0 30.0
7.7 30.0 28.327216225680512 30.0 30.0 30.0 30.0 30.0 30.0 30.0 30.0 30.0
7.8 30.0 28.067944753998724 30.0 30.0 30.0 30.0 30.0 30.0 30.0 30.0 30.0
7.9 30.0 27.810217481271454 30.0 30.0 30.0 30.0 30.0 30.0 30.0 30.0 30.0
8.0 30.0 27.55680344760618 30.0 30.0 30.0 30.0 30.0 30.0 30.0 30.0 30.0
8.1 30.0 27.30914882379695 30.0 30.0 30.0 30.0 30.0 30.0 30.0 30.0 30.0
8.2 30.0 27.064032544727166 30.0 30.0 30.0 30.0 30.0 30.0 30.0 30.0 30.0
8.3 30.0 27.125799229733552 30.0 30.0 30.0 30.0 30.0 30.0 30.0 30.0 30.0
8.4 30.0 27.20917199201839 30.0 30.0 30.0 30.0 30.0 30.0 30.0 30.0 30.0
8.5 30.0 27.311690810381588 30.0 30.0 30.0 30.0 30.0 30.0 30.0 30.0 30.0
8.6 30.0 27.437788746509266 30.0 30.0 30.0 30.0 30.0 30.0 30.0 30.0 30.0
8.7 30.0 26.637788746509266 30.0 30.0 30.0 30.0 30.0 30.0 30.0 30.0 30.0
8.8 30.0 25.837788746509265 30.0 30.0 30.0 30.0 30.0 30.0 30.0 30.0 30.0
8.9 30.0 25.037788746509264 30.0 30.0 30.0 30.0 30.0 30.0 30.0 30.0 30.0
9.0 30.0 24.237788746509263 30.0 30.0 30.0 30.0 30.0 30.0 30.0 30.0 30.0
9.1 30.0 23.717788746509132 30.0 30.0 30.0 30.0 30.0 30.0 30.0 30.0 30.0
9.2 30.0 23.53681980429091 30.0 30.0 30.0 30.0 30.0 30.0 30.0 30.0 30.0
9.3 30.0 23.36049109136033 30.0 30.0 30.0 30.0 30.0 30.0 30.0 30.0 30.0
9.4 30.0 23.188385828202442 30.0 30.0 30.0 30.0 30.0 30.0 30.0 30.0 30.0
9.5 30.0 23.01658620114446 30.0 30.0 30.0 30.0 30.0 30.0 30.0 30.0 30.0
9.6 30.0 22.84930761690379 30.0 30.0 30.0 30.0 30.0 30.0 30.0 30.0 30.0
9.7 30.0 22.686431100669438 30.0 30.0 30.0 30.0 30.0 30.0 30.0 30.0 30.0
9.8 30.0 22.527840808546543 30.0 30.0 30.0 30.0 30.0 30.0 30.0 30.0 30.0
9.9 30.0 22.37270567341142 30.0 30.0 30.0 30.0 30.0 30.0 30.0 30.0 30.0
10.0 30.0 22.218308222778685 30.0 30.0 30.0 30.0 30.0 30.0 30.0 30.0 30.0
10.1 30.0 22.068083676217054 30.0 30.0 30.0 30.0 30.0 30.0 30.0 30.0 30.0
10.2 30.0 22.274892225508502 30.0 30.0 30.0 30.0 30.0 30.0 30.0 30.0 30.0
10.3 30.0 22.500424213639622 30.0 30.0 30.0 30.0 30.0 30.0 30.0 30.0 30.0
10.4 30.0 22.74304462907015 30.0 30.0 30.0 30.0 30.0 30.0 30.0 30.0 30.0
10.5 30.0 23.00928029672621 30.0 30.0 30.0 30.0 30.0 30.0 30.0 30.0 30.0
10.6 30.0 22.20928029672621 30.0 30.0 30.0 30.0 30.0 30.0 30.0 30.0 30.0
10.7 30.0 21.40928029672621 30.0 30.0 30.0 30.0 30.0 30.0 30.0 30.0 30.0
10.8 30.0 20.609280296726208 30.0 30.0 30.0 30.0 30.0 30.0 30.0 30.0 30.0
10.9 30.0 19.809280296726207 30.0 30.0 30.0 30.0 30.0 30.0 30.0 30.0 30.0
11.0 30.0 19.33606617035172 30.0 30.0 30.0 30.0 30.0 30.0 30.0 30.0 30.0
11.1 30.0 19.25735834181196 30.0 30.0 30.0 30.0 30.0 30.0 30.0 30.0 30.0
11.2 30.0 19.18038864484221 30.0 30.0 30.0 30.0 30.0 30.0 30.0 30.0 30.0
11.3 30.0 19.104013231362106 30.0 30.0 30.0 30.0 30.0 30.0 30.0 30.0 30.0
11.4 30.0 19.029952224351092 30.0 30.0 30.0 30.0 30.0 30.0 30.0 30.0 30.0
11.5 30.0 18.95813549027985 30.0 30.0 30.0 30.0 30.0 30.0 30.0 30.0 30.0
11.6 30.0 18.88849502087743 30.0 30.0 30.0 30.0 30.0 30.0 30.0 30.0 30.0
11.7 30.0 18.820964868729575 30.0 30.0 30.0 30.0 30.0 30.0 30.0 30.0 30.0
11.8 30.0 18.75548108482864 30.0 30.0 30.0 30.0 30.0 30.0 30.0 30.0 30.0
11.9 30.0 18.691981658015617 30.0 30.0 30.0 30.0 30.0 30.0 30.0 30.0 30.0
12.0 30.0 18.63040645625752 30.0 30.0 30.0 30.0 30.0 30.0 30.0 30.0 30.0
12.1 30.0 18.966454745461895 30.0 30.0 30.0 30.0 30.0 30.0 30.0 30.0 30.0
12.2 30.0 19.31901623102298 30.0 30.0 30.0 30.0 30.0 30.0 30.0 30.0 30.0
12.3 30.0 19.683751047757617 30.0 30.0 30.0 30.0 30.0 30.0 30.0 30.0 30.0
12.4 30.0 20.069250987885734 30.0 30.0 30.0 30.0 30.0 30.0 30.0 30.0 30.0
12.5 30.0 19.269250987885734 30.0 30.0 30.0 30.0 30.0 30.0 30.0 30.0 30.0
12.6 30.0 18.469250987885733 30.0 30.0 30.0 30.0 30.0 30.0 30.0 30.0 30.0
12.7 30.0 17.669250987885732 30.0 30.0 30.0 30.0 30.0 30.0 30.0 30.0 30.0
12.8 30.0 16.86925098788573 30.0 30.0 30.0 30.0 30.0 30.0 30.0 30.0 30.0
12.9 30.0 16.433250987885547 30.0 30.0 30.0 30.0 30.0 30.0 30.0 30.0 30.0
13.0 30.0 16.440809288289312 30.0 30.0 30.0 30.0 30.0 30.0 30.0 30.0 30.0
13.1 30.0 16.448115645346295 30.0 30.0 30.0 30.0 30.0 30.0 30.0 30.0 30.0
13.2 30.0 16.455178457168067 30.0 30.0 30.0 30.0 30.0 30.0 30.0 30.0 30.0
13.3 30.0 16.462005841929123 30.0 30.0 30.0 30.0 30.0 30.0 30.0 30.0 30.0
13.4 30.0 16.468605647198135 30.0 30.0 30.0 30.0 30.0 30.0 30.0 30.0 30.0
13.5 30.0 16.474985458958155 30.0 30.0 30.0 30.0 30.0 30.0 30.0 30.0 30.0
13.6 30.0 16.4811526103262 30.0 30.0 30.0 30.0 30.0 30.0 30.0 30.0 30.0
13.7 30.0 16.487114189981956 30.0 30.0 30.0 30.0 30.0 30.0 30.0 30.0 30.0
13.8 30.0 16.492877050315894 30.0 30.0 30.0 30.0 30.0 30.0 30.0 30.0 30.0
13.9 30.0 16.498447815305337 30.0 30.0 30.0 30.0 30.0 30.0 30.0 30.0 30.0
14.0 30.0 16.93467698851145 30.0 30.0 30.0 30.0 30.0 30.0 30.0 30.0 30.0
14.1 30.0 17.379364827591715 30.0 30.0 30.0 30.0 30.0 30.0 30.0 30.0 30.0
14.2 30.0 17.83440452586726 30.0 30.0 30.0 30.0 30.0 30.0 30.0 30.0 30.0
14.3 30.0 18.303954384433876 30.0 30.0 30.0 30.0 30.0 30.0 30.0 30.0 30.0
14.4 30.0 17.503954384433875 30.0 30.0 30.0 30.0 30.0 30.0 30.0 30.0 30.0
14.5 30.0 16.703954384433874 30.0 30.0 30.0 30.0 30.0 30.0 30.0 30.0 30.0
14.6 30.0 15.903954384433874 30.0 30.0 30.0 30.0 30.0 30.0 30.0 30.0 30.0
14.7 30.0 15.103954384433873 30.0 30.0 30.0 30.0 30.0 30.0 30.0 30.0 30.0
14.8 30.0 14.697384584989557 29.72307256468122 30.0 30.0 30.0 30.0 30.0 30.0 30.0 30.0
14.9 30.0 14.767477992668455 29.240010134137567 30.0 30.0 30.0 30.0 30.0 30.0 30.0 30.0
15.0 30.0 14.835068064358852 28.952817725371283 30.0 30.0 30.0 30.0 30.0 30.0 30.0 30.0
15.1 30.0 14.900244204917474 28.66952193325539 30.0 30.0 30.0 30.0 30.0 30.0 30.0 30.0
15.2 30.0 14.96309262617044 28.389608439960213 30.0 30.0 30.0 30.0 30.0 30.0 30.0 30.0
15.3 30.0 15.023696460950084 28.116380790377136 30.0 30.0 30.0 30.0 30.0 30.0 30.0 30.0
15.4 30.0 15.082135873058965 27.846257278717687 30.0 30.0 30.0 30.0 30.0 30.0 30.0 30.0
15.5 30.0 15.138488163306866 27.580070642633597 30.0 30.0 30.0 30.0 30.0 30.0 30.0 30.0
15.6 30.0 15.192827871760178 27.320360614113923 30.0 30.0 30.0 30.0 30.0 30.0 30.0 30.0
15.7 30.0 15.243667328880132 27.063870907693445 30.0 30.0 30.0 30.0 30.0 30.0 30.0 30.0
15.8 30.0 15.292506386504945 26.811279604861486 30.0 30.0 30.0 30.0 30.0 30.0 30.0 30.0
15.9 30.0 15.790006166280707 26.56498120664091 30.0 30.0 30.0 30.0 30.0 30.0 30.0 30.0
16.0 30.0 16.294672421862025 26.53422587583577 30.0 30.0 30.0 30.0 30.0 30.0 30.0 30.0
16.1 30.0 16.808564523677404 26.525941639183014 30.0 30.0 30.0 30.0 30.0 30.0 30.0 30.0
16.2 30.0 17.326352764849126 26.53917488207789 30.0 30.0 30.0 30.0 30.0 30.0 30.0 30.0
16.3 30.0 16.526352764849126 26.577796532016897 30.0 30.0 30.0 30.0 30.0 30.0 30.0 30.0
16.4 30.0 15.726352764849125 25.94922510344547 30.0 30.0 30.0 30.0 30.0 30.0 30.0 30.0
16.5 30.0 14.926352764849124 25.32483485954306 30.0 30.0 30.0 30.0 30.0 30.0 30.0 30.0
16.6 30.0 14.126352764849123 24.70483485954304 30.0 30.0 30.0 30.0 30.0 30.0 30.0 30.0
16.7 30.0 13.740932292076744 24.08721398805449 30.0 30.0 30.0 30.0 30.0 30.0 30.0 30.0
16.8 30.0 13.849045910888817 23.65615717407872 30.0 30.0 30.0 30.0 30.0 30.0 30.0 30.0
16.9 30.0 13.95315532159673 23.45181923194066 30.0 30.0 30.0 30.0 30.0 30.0 30.0 30.0
17.0 30.0 14.053408828204327 23.253644772240406 30.0 30.0 30.0 30.0 30.0 30.0 30.0 30.0
17.1 30.0 14.149949241974618 23.05779525751761 30.0 30.0 30.0 30.0 30.0 30.0 30.0 30.0
17.2 30.0 14.242914084864468 22.86656738958477 30.0 30.0 30.0 30.0 30.0 30.0 30.0 30.0
17.3 30.0 14.332435785425124 22.681218679700724 30.0 30.0 30.0 30.0 30.0 30.0 30.0 30.0
17.4 30.0 14.417976086466256 22.501563048523256 30.0 30.0 30.0 30.0 30.0 30.0 30.0 30.0
17.5 30.0 14.498048369092551 22.32562081313493 30.0 30.0 30.0 30.0 30.0 30.0 30.0 30.0
17.6 30.0 14.575260927339261 22.15301888457363 30.0 30.0 30.0 30.0 30.0 30.0 30.0 30.0
17.7 30.0 14.64971589422002 21.985777481633292 30.0 30.0 30.0 30.0 30.0 30.0 30.0 30.0
17.8 30.0 15.18794032656934 21.82372688207761 30.0 30.0 30.0 30.0 30.0 30.0 30.0 30.0
17.9 30.0 15.723944441978404 21.906220212531075 30.0 30.0 30.0 30.0 30.0 30.0 30.0 30.0
18.0 30.0 16.266348145846486 22.014051097633487 30.0 30.0 30.0 30.0 30.0 30.0 30.0 30.0
18.1 30.0 16.818841813856395 22.144438004864643 30.0 30.0 30.0 30.0 30.0 30.0 30.0 30.0
18.2 30.0 16.018841813856394 22.299657436838885 30.0 30.0 30.0 30.0 30.0 30.0 30.0 30.0
18.3 30.0 15.218841813856393 21.696963992600033 30.0 30.0 30.0 30.0 30.0 30.0 30.0 30.0
18.4 30.0 14.418841813856393 21.096963992600088 30.0 30.0 30.0 30.0 30.0 30.0 30.0 30.0
18.5 30.0 13.618841813856392 20.502678278314438 30.0 30.0 30.0 30.0 30.0 30.0 30.0 30.0
18.6 30.0 13.238841813856695 19.91444298419673 30.0 30.0 30.0 30.0 30.0 30.0 30.0 30.0
18.7 30.0 13.370424821016032 19.538724072897015 30.0 30.0 30.0 30.0 30.0 30.0 30.0 30.0
18.8 30.0 13.49694694328478 19.419224921798964 30.0 30.0 30.0 30.0 30.0 30.0 30.0 30.0
18.9 30.0 13.617913836374937 19.304580097616142 30.0 30.0 30.0 30.0 30.0 30.0 30.0 30.0
19.0 30.0 13.730583694287068 19.19461942980375 30.0 30.0 30.0 30.0 30.0 30.0 30.0 30.0
19.1 30.0 13.839080594498727 19.087084637348866 30.0 30.0 30.0 30.0 30.0 30.0 30.0 30.0
19.2 30.0 13.943559090998855 18.98394655434121 30.0 30.0 30.0 30.0 30.0 30.0 30.0 30.0
19.3 30.0 14.044168013554515 18.885029796073294 30.0 30.0 30.0 30.0 30.0 30.0 30.0 30.0
19.4 30.0 14.141050679719156 18.790165853677177 30.0 30.0 30.0 30.0 30.0 30.0 30.0 30.0
19.5 30.0 14.234345098988909 18.69919282794506 30.0 30.0 30.0 30.0 30.0 30.0 30.0 30.0
19.6 30.0 14.324184169396776 18.611955173358123 30.0 30.0 30.0 30.0 30.0 30.0 30.0 30.0
19.7 30.0 14.876742443011388 18.52830345193301 30.0 30.0 30.0 30.0 30.0 30.0 30.0 30.0
19.8 30.0 15.43420848142441 18.71674806058562 30.0 30.0 30.0 30.0 30.0 30.0 30.0 30.0
19.9 30.0 15.995787499306331 18.92844677554609 30.0 30.0 30.0 30.0 30.0 30.0 30.0 30.0
20.0 30.0 16.55806833268593 19.16291168656177 30.0 30.0 30.0 30.0 30.0 30.0 30.0 30.0
20.1 30.0 15.75806833268593 19.418019013810657 30.0 30.0 30.0 30.0 30.0 30.0 30.0 30.0
20.2 30.0 14.95806833268593 18.836200831992425 30.0 30.0 30.0 30.0 30.0 30.0 30.0 30.0
20.3 30.0 14.158068332685929 18.036200831992424 29.2 29.2 29.2 29.2 29.2 29.2 29.2 29.2
20.4 30.0 13.358068332685928 17.236200831992424 28.4 28.4 28.4 28.4 28.4 28.4 28.4 28.4
20.5 30.0 12.558068332685927 16.436200831992423 27.599999999999998 27.599999999999998 27.599999999999998 27.599999999999998 27.599999999999998 27.599999999999998 27.599999999999998 27.599999999999998
20.6 30.0 11.758068332685927 15.636200831992422 26.799999999999997 26.799999999999997 26.799999999999997 26.799999999999997 26.799999999999997 26.799999999999997 26.799999999999997 26.799999999999997
20.7 30.0 11.758068332685927 15.636200831992422 26.799999999999997 26.799999999999997 26.799999999999997 26.799999999999997 26.799999999999997 26.799999999999997 26.799999999999997 26.799999999999997
20.8 30.0 11.758068332685927 15.636200831992422 26.799999999999997 26.799999999999997 26.799999999999997 26.799999999999997 26.799999999999997 26.799999999999997 26.799999999999997 26.799999999999997
20.9 30.0 11.758068332685927 15.636200831992422 26.799999999999997 26.799999999999997 26.799999999999997 26.799999999999997 26.799999999999997 26.799999999999997 26.799999999999997 26.799999999999997
21.0 30.0 11.758068332685927 15.636200831992422 26.799999999999997 26.799999999999997 26.799999999999997 26.799999999999997 26.799999999999997 26.799999999999997 26.799999999999997 26.799999999999997
21.1 30.0 11.758068332685927 15.555210113744028 26.799999999999997 26.799999999999997 26.799999999999997 26.799999999999997 26.799999999999997 26.799999999999997 26.799999999999997 26.799999999999997
21.2 30.0 11.758068332685927 15.424274190259343 26.799999999999997 26.799999999999997 26.799999999999997 26.799999999999997 26.799999999999997 26.799999999999997 26.799999999999997 26.799999999999997
21.3 30.0 11.758068332685927 15.297853298618957 26.799999999999997 26.799999999999997 26.799999999999997 26.799999999999997 26.799999999999997 26.799999999999997 26.799999999999997 26.799999999999997
21.4 30.0 11.758068332685927 15.174927167643455 26.799999999999997 26.799999999999997 26.799999999999997 26.799999999999997 26.799999999999997 26.799999999999997 26.799999999999997 26.799999999999997
21.5 30.0 11.758068332685927 15.052896494966399 26.799999999999997 26.799999999999997 26.799999999999997 26.799999999999997 26.799999999999997 26.799999999999997 26.799999999999997 26.799999999999997
21.6 30.0 11.758068332685927 14.935224060599278 26.723159609594926 26.799999999999997 26.799999999999997 26.799999999999997 26.799999999999997 26.799999999999997 26.799999999999997 26.799999999999997
21.7 30.0 11.758068332685927 14.82175421317383 26.39975771059477 26.799999999999997 26.799999999999997 26.799999999999997 26.799999999999997 26.799999999999997 26.799999999999997 26.799999999999997
21.8 30.0 11.758068332685927 14.71233686029925 26.075461026045332 26.799999999999997 26.799999999999997 26.799999999999997 26.799999999999997 26.799999999999997 26.799999999999997 26.799999999999997
21.9 30.0 11.758068332685927 14.606827270027459 25.758017299438418 26.799999999999997 26.799999999999997 26.799999999999997 26.799999999999997 26.799999999999997 26.799999999999997 26.799999999999997
22.0 30.0 11.758068332685927 14.50508587940821 25.44356985175878 26.799999999999997 26.799999999999997 26.799999999999997 26.799999999999997 26.799999999999997 26.799999999999997 26.799999999999997
22.1 30.0 11.758068332685927 14.406978109882441 25.132110607771065 26.799999999999997 26.799999999999997 26.799999999999997 26.799999999999997 26.799999999999997 26.799999999999997 26.799999999999997
22.2 30.0 11.758068332685927 14.309128788870881 24.827450306567332 26.799999999999997 26.799999999999997 26.799999999999997 26.799999999999997 26.799999999999997 26.799999999999997 26.799999999999997
22.3 30.0 11.758068332685927 14.214645068271434 24.523418112112157 26.799999999999997 26.799999999999997 26.799999999999997 26.799999999999997 26.799999999999997 26.799999999999997 26.799999999999997
22.4 30.0 11.758068332685927 14.12366074473124 24.225543204761415 26.799999999999997 26.799999999999997 26.799999999999997 26.799999999999997 26.799999999999997 26.799999999999997 26.799999999999997
22.5 30.0 11.758068332685927 14.036046210951868 23.932643903339557 26.799999999999997 26.799999999999997 26.799999999999997 26.799999999999997 26.799999999999997 26.799999999999997 26.799999999999997
22.6 30.0 11.758068332685927 13.951676659904978 23.640694037528384 26.799999999999997 26.799999999999997 26.799999999999997 26.799999999999997 26.799999999999997 26.799999999999997 26.799999999999997
22.7 30.0 11.758068332685927 13.870431907045134 23.3554812235432 26.799999999999997 26.799999999999997 26.799999999999997 26.799999999999997 26.799999999999997 26.799999999999997 26.799999999999997
22.8 30.0 11.758068332685927 13.79219621910602 23.07361993692284 26.799999999999997 26.799999999999997 26.799999999999997 26.799999999999997 26.799999999999997 26.799999999999997 26.799999999999997
22.9 30.0 11.758068332685927 13.716858149238687 22.794371768165437 26.799999999999997 26.799999999999997 26.799999999999997 26.799999999999997 26.799999999999997 26.799999999999997 26.799999999999997
23.0 30.0 11.758068332685927 13.644310378255385 22.5217859574635 26.799999999999997 26.799999999999997 26.799999999999997 26.799999999999997 26.799999999999997 26.799999999999997 26.799999999999997
23.1 30.0 11.758068332685927 13.573466852589585 22.25181293777529 26.799999999999997 26.799999999999997 26.799999999999997 26.799999999999997 26.799999999999997 26.799999999999997 26.799999999999997
23.2 30.0 11.758068332685927 13.50364383259334 21.98543042766467 26.799999999999997 26.799999999999997 26.799999999999997 26.799999999999997 26.799999999999997 26.799999999999997 26.799999999999997
23.3 30.0 11.758068332685927 13.436506313366275 21.725999213745336 26.799999999999997 26.799999999999997 26.799999999999997 26.799999999999997 26.799999999999997 26.799999999999997 26.799999999999997
23.4 30.0 11.758068332685927 13.371951006417168 21.469396602793445 26.799999999999997 26.799999999999997 26.799999999999997 26.799999999999997 26.799999999999997 26.799999999999997 26.799999999999997
23.5 30.0 11.758068332685927 13.309878595889174 21.215776310916706 26.799999999999997 26.799999999999997 26.799999999999997 26.799999999999997 26.799999999999997 26.799999999999997 26.799999999999997
23.6 30.0 11.758068332685927 13.250193585766116 20.96858030304227 26.799999999999997 26.799999999999997 26.799999999999997 26.799999999999997 26.799999999999997 26.799999999999997 26.799999999999997
23.7 30.0 12.358068332685926 13.192804152955334 20.72558697229367 27.4 27.4 27.4 27.4 27.4 27.4 27.4
23.8 30.0 12.958068332685926 13.497547711125282 20.4841294367419 28.0 28.0 28.0 28.0 28.0 28.0 28.0
23.9 30.0 13.558068332685925 13.820549238648272 20.423824156887758 28.6 28.6 28.6 28.6 28.6 28.6 28.6
24.0 30.0 14.158068332685925 14.16638327916818 20.38911840719569 29.200000000000003 29.200000000000003 29.200000000000003 29.200000000000003 29.200000000000003 29.200000000000003 29.200000000000003
24.1 30.0 14.758068332685925 14.537217925848068 20.379302508933048 29.800000000000004 29.800000000000004 29.800000000000004 29.800000000000004 29.800000000000004 29.800000000000004 29.800000000000004
24.2 30.0 15.358068332685924 14.922179309402418 20.396426004256586 30.0 30.0 30.0 30.0 30.0 30.0 30.0
24.3 30.0 15.958068332685924 15.324654414456447 20.437999095945752 30.0 30.0 30.0 30.0 30.0 30.0 30.0
24.4 30.0 16.558068332685924 15.739599721981492 20.502452285201148 30.0 30.0 30.0 30.0 30.0 30.0 30.0
24.5 30.0 17.158068332685925 16.174164296028476 20.59162680747997 30.0 30.0 30.0 30.0 30.0 30.0 30.0
24.6 30.0 17.758068332685927 16.618896708339907 20.70629619866483 30.0 30.0 30.0 30.0 30.0 30.0 30.0
24.7 30.0 18.358068332685928 17.073036813136397 20.84243376969932 30.0 30.0 30.0 30.0 30.0 30.0 30.0
24.8 30.0 18.95806833268593 17.54029589441224 20.997612712824395 30.0 30.0 30.0 30.0 30.0 30.0 30.0
24.9 30.0 19.55806833268593 18.016406671804283 21.17414393194607 30.0 30.0 30.0 30.0 30.0 30.0 30.0
25.0 30.0 20.158068332685932 18.503780105797087 21.375727146859894 30.0 30.0 30.0 30.0 30.0 30.0 30.0
25.1 30.0 20.758068332685934 18.995063637905357 21.59667294165368 30.0 30.0 30.0 30.0 30.0 30.0 30.0
25.2 30.0 21.358068332685935 19.494120727813453 21.831841563088407 30.0 30.0 30.0 30.0 30.0 30.0 30.0
25.3 30.0 21.958068332685936 20.006346305234803 22.086833805262025 30.0 30.0 30.0 30.0 30.0 30.0 30.0
25.4 30.0 22.558068332685938 20.51805460123874 22.363030363730193 30.0 30.0 30.0 30.0 30.0 30.0 30.0
25.5 30.0 23.15806833268594 21.03694425298584 22.65210144988483 30.0 30.0 30.0 30.0 30.0 30.0 30.0
25.6 30.0 23.75806833268594 21.56253103297749 22.95720745908919 30.0 30.0 30.0 30.0 30.0 30.0 30.0
25.7 30.0 24.358068332685942 22.09201953566442 23.27806316151437 30.0 30.0 30.0 30.0 30.0 30.0 30.0
25.8 30.0 24.958068332685944 22.627074735507588 23.61326000714709 30.0 30.0 30.0 30.0 30.0 30.0 30.0
25.9 30.0 25.558068332685945 23.1662605757672 23.964218465086393 30.0 30.0 30.0 30.0 30.0 30.0 30.0
26.0 30.0 26.158068332685946 23.705377170155657 24.322594144408022 30.0 30.0 30.0 30.0 30.0 30.0 30.0
26.1 30.0 26.758068332685948 24.25301172828216 24.69717976537744 30.0 30.0 30.0 30.0 30.0 30.0 30.0
26.2 30.0 27.35806833268595 24.804477904106758 25.082376499803797 30.0 30.0 30.0 30.0 30.0 30.0 30.0
26.3 30.0 27.95806833268595 25.353542751942488 25.479219538417183 30.0 30.0 30.0 30.0 30.0 30.0 30.0
26.4 30.0 28.558068332685952 25.907137581199706 25.88436510884614 30.0 30.0 30.0 30.0 30.0 30.0 30.0
26.5 30.0 29.158068332685954 26.467645988245618 26.3008258174301 30.0 30.0 30.0 30.0 30.0 30.0 30.0
26.6 30.0 29.758068332685955 27.026913213295053 26.725707430618492 30.0 30.0 30.0 30.0 30.0 30.0 30.0
26.7 30.0 30.0 27.587420264176462 27.16191729595121 30.0 30.0 30.0 30.0 30.0 30.0 30.0
26.8 30.0 30.0 27.845694160231993 27.601638628122462 30.0 30.0 30.0 30.0 30.0 30.0 30.0
26.9 30.0 30.0 27.894655656590345 27.806760628077 30.0 30.0 30.0 30.0 30.0 30.0 30.0
27.0 30.0 30.0 27.942504391667807 27.846592125911048 30.0 30.0 30.0 30.0 30.0 30.0 30.0
27.1 30.0 30.0 27.989265655493554 27.885745972692636 30.0 30.0 30.0 30.0 30.0 30.0 30.0
27.2 30.0 30.0 28.034187181916096 27.924232396621576 30.0 30.0 30.0 30.0 30.0 30.0 30.0
27.3 30.0 30.0 28.077871911206863 27.962220439021035 30.0 30.0 30.0 30.0 30.0 30.0 30.0
27.4 30.0 30.0 28.120585868735642 27.999598098051948 30.0 30.0 30.0 30.0 30.0 30.0 30.0
27.5 30.0 30.0 28.16235062720815 28.035517613299476 30.0 30.0 30.0 30.0 30.0 30.0 30.0
27.6 30.0 30.0 28.20318727993686 28.070819825753873 30.0 30.0 30.0 30.0 30.0 30.0 30.0
27.7 30.0 30.0 28.243116451493812 28.10552316574697 30.0 30.0 30.0 30.0 30.0 30.0 30.0
27.8 30.0 30.0 28.282158308127265 28.139636816641243 30.0 30.0 30.0 30.0 30.0 30.0 30.0
27.9 30.0 30.0 28.320332567946608 28.17316984938924 30.0 30.0 30.0 30.0 30.0 30.0 30.0
28.0 30.0 30.0 28.35765851088114 28.20613122299447 30.0 30.0 30.0 30.0 30.0 30.0 30.0
28.1 30.0 30.0 28.394154988417114 28.23852978500766 30.0 30.0 30.0 30.0 30.0 30.0 30.0
28.2 30.0 30.0 28.429840433118926 28.27037427205588 30.0 30.0 30.0 30.0 30.0 30.0 30.0
28.3 30.0 30.0 28.464732867938515 28.30167331040312 30.0 30.0 30.0 30.0 30.0 30.0 30.0
28.4 30.0 30.0 28.49884991531768 28.33243541654136 30.0 30.0 30.0 30.0 30.0 30.0 30.0
28.5 30.0 30.0 28.5322088060884 28.362668997809074 30.0 30.0 30.0 30.0 30.0 30.0 30.0
28.6 30.0 30.0 28.564826388175362 28.392382353036865 30.0 30.0 30.0 30.0 30.0 30.0 30.0
28.7 30.0 30.0 28.59671913510483 28.421583673218688 30.0 30.0 30.0 30.0 30.0 30.0 30.0
28.8 30.0 30.0 28.627903154324766 28.450281042205752 30.0 30.0 30.0 30.0 30.0 30.0 30.0
28.9 30.0 30.0 28.658394195339778 28.4784824374239 30.0 30.0 30.0 30.0 30.0 30.0 30.0
29.0 30.0 30.0 28.688207657665547 28.50619573061154 30.0 30.0 30.0 30.0 30.0 30.0 30.0
29.1 30.0 30.0 28.717358598606328 28.533428688577235 30.0 30.0 30.0 30.0 30.0 30.0 30.0
29.2 30.0 30.0 28.745861740859535 28.56018897397621 30.0 30.0 30.0 30.0 30.0 30.0 30.0
29.3 30.0 30.0 28.77373147995157 28.5864841461039 30.0 30.0 30.0 30.0 30.0 30.0 30.0
29.4 30.0 30.0 28.800960546040656 28.61232166170542 30.0 30.0 30.0 30.0 30.0 30.0 30.0
29.5 30.0 30.0 28.827026621126716 28.63771314489422 30.0 30.0 30.0 30.0 30.0 30.0 30.0
29.6 30.0 30.0 28.852526042406613 28.66277297110152 30.0 30.0 30.0 30.0 30.0 30.0 30.0
29.7 30.0 30.0 28.87747112844127 28.687389243043306 30.0 30.0 30.0 30.0 30.0 30.0 30.0
29.8 30.0 30.0 28.901873929996935 28.711569353768773 30.0 30.0 30.0 30.0 30.0 30.0 30.0
29.9 30.0 30.0 28.92574623586652 28.735320585596217 30.0 30.0 30.0 30.0 30.0 30.0 30.0
30.0 30.0 30.0 28.949099578565036 28.758650111409025 30.0 30.0 30.0 30.0 30.0 30.0 30.0
30.1 30.0 30.0 28.97194523990053 28.781564995949143 30.0 30.0 30.0 30.0 30.0 30.0 30.0
30.2 30.0 30.0 28.994294256424435 28.80398367108135 30.0 30.0 30.0 30.0 30.0 30.0 30.0
30.3 30.0 30.0 29.016157424762987 28.82561139239015 30.0 30.0 30.0 30.0 30.0 30.0 30.0
30.4 30.0 30.0 29.037545306833373 28.846864003097984 30.0 30.0 30.0 30.0 30.0 30.0 30.0
30.5 30.0 30.0 29.058468234945703 28.867747591321198 30.0 30.0 30.0 30.0 30.0 30.0 30.0
30.6 30.0 30.0 29.078936316794756 28.888268157748733 30.0 30.0 30.0 30.0 30.0 30.0 30.0
30.7 30.0 30.0 29.098959440342668 28.908431616566432 30.0 30.0 30.0 30.0 30.0 30.0 30.0
30.8 30.0 30.0 29.11854727859607 28.928243796381736 30.0 30.0 30.0 30.0 30.0 30.0 30.0
30.9 30.0 30.0 29.137709294278796 28.947710441149905 30.0 30.0 30.0 30.0 30.0 30.0 30.0
31.0 30.0 30.0 29.156454744403195 28.96683721110007 30.0 30.0 30.0 30.0 30.0 30.0 30.0
31.1 30.0 30.0 29.17479268474228 28.9856296836605 30.0 30.0 30.0 30.0 30.0 30.0 30.0
31.2 30.0 30.0 29.192731974204367 29.004093354384178 30.0 30.0 30.0 30.0 30.0 30.0 30.0
31.3 30.0 30.0 29.210281279112987 29.02223363787234 30.0 30.0 30.0 30.0 30.0 30.0 30.0
31.4 30.0 30.0 29.227449077393185 29.040055868697365 30.0 30.0 30.0 30.0 30.0 30.0 30.0
31.5 30.0 30.0 29.24424366266724 29.057565302323134 30.0 30.0 30.0 30.0 30.0 30.0 30.0
31.6 30.0 30.0 29.260673148261475 29.074767116023306 30.0 30.0 30.0 30.0 30.0 30.0 30.0
31.7 30.0 30.0 29.276745471125388 29.091666409797895 30.0 30.0 30.0 30.0 30.0 30.0 30.0
31.8 30.0 30.0 29.292468395666152 29.108268207285413 30.0 30.0 30.0 30.0 30.0 30.0 30.0
31.9 30.0 30.0 29.307849517499516 29.124577456673357 30.0 30.0 30.0 30.0 30.0 30.0 30.0
32.0 30.0 30.0 29.32289626711909 29.14059903160439 30.0 30.0 30.0 30.0 30.0 30.0 30.0
32.1 30.0 30.0 29.337615913486104 29.156337732078725 30.0 30.0 30.0 30.0 30.0 30.0 30.0
32.2 30.0 30.0 29.35201556754074 29.17179828535308 30.0 30.0 30.0 30.0 30.0 30.0 30.0
32.3 30.0 30.0 29.366102185637644 29.18698534683477 30.0 30.0 30.0 30.0 30.0 30.0 30.0
32.4 30.0 30.0 29.379882572906425 29.201903500971458 30.0 30.0 30.0 30.0 30.0 30.0 30.0
32.5 30.0 30.0 29.393363386538876 29.21655726213695 30.0 30.0 30.0 30.0 30.0 30.0 30.0
32.6 30.0 30.0 29.40655113900542 29.230951075510177 30.0 30.0 30.0 30.0 30.0 30.0 30.0
32.7 30.0 30.0 29.419452201200976 29.245089317951255 30.0 30.0 30.0 30.0 30.0 30.0 30.0
32.8 30.0 30.0 29.432072805522708 29.258976298870586 30.0 30.0 30.0 30.0 30.0 30.0 30.0
32.9 30.0 30.0 29.44441904888095 29.27261626109305 30.0 30.0 30.0 30.0 30.0 30.0 30.0
33.0 30.0 30.0 29.45649689564438 29.286013381716685 30.0 30.0 30.0 30.0 30.0 30.0 30.0
33.1 30.0 30.0 29.46831218052165 29.2991717729648 30.0 30.0 30.0 30.0 30.0 30.0 30.0
33.2 30.0 30.0 29.47987061137991 29.312095483033016 30.0 30.0 30.0 30.0 30.0 30.0 30.0
33.3 30.0 30.0 29.491177772002068 29.32478849692965 30.0 30.0 30.0 30.0 30.0 30.0 30.0
33.4 30.0 30.0 29.50223912478464 29.33725473730945 30.0 30.0 30.0 30.0 30.0 30.0 30.0
33.5 30.0 30.0 29.513060013376254 29.349498065301788 30.0 30.0 30.0 30.0 30.0 30.0 30.0
33.6 30.0 30.0 29.52364566525934 29.361522281331634 30.0 30.0 30.0 30.0 30.0 30.0 30.0
33.7 30.0 30.0 29.534001194275465 29.373331125934158 30.0 30.0 30.0 30.0 30.0 30.0 30.0
33.8 30.0 30.0 29.544131603095586 29.384928280562857 30.0 30.0 30.0 30.0 30.0 30.0 30.0
33.9 30.0 30.0 29.554041785636947 29.39631736839018 30.0 30.0 30.0 30.0 30.0 30.0 30.0
34.0 30.0 30.0 29.56373652942746 29.407501955101786 30.0 30.0 30.0 30.0 30.0 30.0 30.0
34.1 30.0 30.0 29.573220517918198 29.41848554968401 30.0 30.0 30.0 30.0 30.0 30.0 30.0
34.2 30.0 30.0 29.58249833274606 29.429271605203557 30.0 30.0 30.0 30.0 30.0 30.0 30.0
34.3 30.0 30.0 29.591574455947203 29.439863519580648 30.0 30.0 30.0 30.0 30.0 30.0 30.0
34.4 30.0 30.0 29.60044362803452 29.450264636354813 30.0 30.0 30.0 30.0 30.0 30.0 30.0
34.5 30.0 30.0 29.60894482743808 29.46048013232999 30.0 30.0 30.0 30.0 30.0 30.0 30.0
34.6 30.0 30.0 29.617265150258568 29.47054554696128 30.0 30.0 30.0 30.0 30.0 30.0 30.0
34.7 30.0 30.0 29.625408444933903 29.48042753712774 30.0 30.0 30.0 30.0 30.0 30.0 30.0
34.8 30.0 30.0 29.63337847802038 29.49012933736242 30.0 30.0 30.0 30.0 30.0 30.0 30.0
34.9 30.0 30.0 29.64117893593485 29.49965412790275 30.0 30.0 30.0 30.0 30.0 30.0 30.0
35.0 30.0 30.0 29.64881342665963 29.509005035530304 30.0 30.0 30.0 30.0 30.0 30.0 30.0
35.1 30.0 30.0 29.65628548141152 29.51818513439875 30.0 30.0 30.0 30.0 30.0 30.0 30.0
35.2 30.0 30.0 29.663598556275133 29.527197446851627 30.0 30.0 30.0 30.0 30.0 30.0 30.0
35.3 30.0 30.0 29.670756033801172 29.53604494422944 30.0 30.0 30.0 30.0 30.0 30.0 30.0
35.4 30.0 30.0 29.67776122457135 29.544730547664997 30.0 30.0 30.0 30.0 30.0 30.0 30.0
35.5 30.0 30.0 29.684617368729423 29.55325712886942 30.0 30.0 30.0 30.0 30.0 30.0 30.0
35.6 30.0 30.0 29.691327637479848 29.561627510906597 30.0 30.0 30.0 30.0 30.0 30.0 30.0
35.7 30.0 30.0 29.697895134554766 29.56984446895742 30.0 30.0 30.0 30.0 30.0 30.0 30.0
35.8 30.0 30.0 29.704322897649348 29.577910731074166 30.0 30.0 30.0 30.0 30.0 30.0 30.0
35.9 30.0 30.0 29.710613899826992 29.58582897892368 30.0 30.0 30.0 30.0 30.0 30.0 30.0
36.0 30.0 30.0 29.71677105089446 29.593601848521 30.0 30.0 30.0 30.0 30.0 30.0 30.0
36.1 30.0 30.0 29.722797198747784 29.601205719656107 30.0 30.0 30.0 30.0 30.0 30.0 30.0
36.2 30.0 30.0 29.728695130689342 29.60853676113834 30.0 30.0 30.0 30.0 30.0 30.0 30.0
36.3 30.0 30.0 29.734467574717243 29.615736374997653 30.0 30.0 30.0 30.0 30.0 30.0 30.0
36.4 30.0 30.0 29.74011720078709 29.622806835183837 30.0 30.0 30.0 30.0 30.0 30.0 30.0
36.5 30.0 30.0 29.745646622046966 29.629750378379327 30.0 30.0 30.0 30.0 30.0 30.0 30.0
36.6 30.0 30.0 29.751058396045998 29.6365692045555 30.0 30.0 30.0 30.0 30.0 30.0 30.0
36.7 30.0 30.0 29.756355025917365 29.643265477522654 30.0 30.0 30.0 30.0 30.0 30.0 30.0
36.8 30.0 30.0 29.761538961536182 29.64984132547234 30.0 30.0 30.0 30.0 30.0 30.0 30.0
36.9 30.0 30.0 29.766612600652483 29.656298841514005 30.0 30.0 30.0 30.0 30.0 30.0 30.0
37.0 30.0 30.0 29.77157829000032 29.662640084204224 30.0 30.0 30.0 30.0 30.0 30.0 30.0
37.1 30.0 30.0 29.77643832638327 29.66886707806952 30.0 30.0 30.0 30.0 30.0 30.0 30.0
37.2 30.0 30.0 29.781194957736787 29.67498181412234 30.0 30.0 30.0 30.0 30.0 30.0 30.0
37.3 30.0 30.0 29.78585038416793 29.680986250371124 30.0 30.0 30.0 30.0 30.0 30.0 30.0
37.4 30.0 30.0 29.790406758972846 29.686882312323213 30.0 30.0 30.0 30.0 30.0 30.0 30.0
37.5 30.0 30.0 29.794866189633044 29.692671893481318 30.0 30.0 30.0 30.0 30.0 30.0 30.0
37.6 30.0 30.0 29.79923073878982 29.698356855834042 30.0 30.0 30.0 30.0 30.0 30.0 30.0
37.7 30.0 30.0 29.803502425198534 29.703939030339527 30.0 30.0 30.0 30.0 30.0 30.0 30.0
37.8 30.0 30.0 29.807683224662416 29.709420217402897 30.0 30.0 30.0 30.0 30.0 30.0 30.0
37.9 30.0 30.0 29.811775070946194 29.714802187348024 30.0 30.0 30.0 30.0 30.0 30.0 30.0
38.0 30.0 30.0 29.8157798566707 29.720086680882023 30.0 30.0 30.0 30.0 30.0 30.0 30.0
38.1 30.0 30.0 29.819699434188326 29.7252754095543 30.0 30.0 30.0 30.0 30.0 30.0 30.0
38.2 30.0 30.0 29.823535616439646 29.730370056209292 30.0 30.0 30.0 30.0 30.0 30.0 30.0
38.3 30.0 30.0 29.827290177792037 29.735372275433285 30.0 30.0 30.0 30.0 30.0 30.0 30.0
38.4 30.0 30.0 29.830964854860312 29.740283693994943 30.0 30.0 30.0 30.0 30.0 30.0 30.0
38.5 30.0 30.0 29.834561347310114 29.74510591127984 30.0 30.0 30.0 30.0 30.0 30.0 30.0
38.6 30.0 30.0 29.838081318643923 29.749840499719728 30.0 30.0 30.0 30.0 30.0 30.0 30.0
38.7 30.0 30.0 29.841526396970643 29.754489005214907 30.0 30.0 30.0 30.0 30.0 30.0 30.0
38.8 30.0 30.0 29.844898175758477 29.759052947552085 30.0 30.0 30.0 30.0 30.0 30.0 30.0
38.9 30.0 30.0 29.848198214572168 29.763533820814946 30.0 30.0 30.0 30.0 30.0 30.0 30.0
39.0 30.0 30.0 29.851428039794033 29.767933093790774 30.0 30.0 30.0 30.0 30.0 30.0 30.0
39.1 30.0 30.0 29.854589145330372 29.77225221036974 30.0 30.0 30.0 30.0 30.0 30.0 30.0
39.2 30.0 30.0 29.857682993302085 29.776492589940073 30.0 30.0 30.0 30.0 30.0 30.0 30.0
39.3 30.0 30.0 29.860711014721197 29.78065562777656 30.0 30.0 30.0 30.0 30.0 30.0 30.0
39.4 30.0 30.0 29.863674610152657 29.784742695424438 30.0 30.0 30.0 30.0 30.0 30.0 30.0
39.5 30.0 30.0 29.86657515036221 29.78875514107744 30.0 30.0 30.0 30.0 30.0 30.0 30.0
39.6 30.0 30.0 29.869413976950227 29.792694289950646 30.0 30.0 30.0 30.0 30.0 30.0 30.0
39.7 30.0 30.0 29.872192402972594 29.796561444647583 30.0 30.0 30.0 30.0 30.0 30.0 30.0
39.8 30.0 30.0 29.87491171354765 29.8003578855232 30.0 30.0 30.0 30.0 30.0 30.0 30.0
39.9 30.0 30.0 29.877573166450933 29.804084871040196 30.0 30.0 30.0 30.0 30.0 30.0 30.0
40.0 30.0 30.0 29.880177992696677 29.807743638121746 30.0 30.0 30.0 30.0 30.0 30.0 30.0
40.1 30.0 30.0 29.882727397107416 29.81133540249763 30.0 30.0 30.0 30.0 30.0 30.0 30.0
40.2 30.0 30.0 29.88522255887109 29.81486135904675 30.0 30.0 30.0 30.0 30.0 30.0 30.0
40.3 30.0 30.0 29.887664632086643 29.81832268213354 30.0 30.0 30.0 30.0 30.0 30.0 30.0
40.4 30.0 30.0 29.890054746297544 29.821720525940513 30.0 30.0 30.0 30.0 30.0 30.0 30.0
40.5 30.0 30.0 29.892394007014623 29.825056024794936 30.0 30.0 30.0 30.0 30.0 30.0 30.0
40.6 30.0 30.0 29.894683496227064 29.82833029349175 30.0 30.0 30.0 30.0 30.0 30.0 30.0
40.7 30.0 30.0 29.89692427290308 29.831544427610847 30.0 30.0 30.0 30.0 30.0 30.0 30.0
40.8 30.0 30.0 29.89911737347962 29.834699503830084 30.0 30.0 30.0 30.0 30.0 30.0 30.0
40.9 30.0 30.0 29.90126381234176 29.83779658023392 30.0 30.0 30.0 30.0 30.0 30.0 30.0
41.0 30.0 30.0 29.903364582291985 29.840836696617046 30.0 30.0 30.0 30.0 30.0 30.0 30.0
41.1 30.0 30.0 29.905420655009177 29.843820874783713 30.0 30.0 30.0 30.0 30.0 30.0 30.0
41.2 30.0 30.0 29.907432981498346 29.846750118842447 30.0 30.0 30.0 30.0 30.0 30.0 30.0
41.3 30.0 30.0 29.909402492530276 29.84962541549687 30.0 30.0 30.0 30.0 30.0 30.0 30.0
41.4 30.0 30.0 29.911330099072174 29.852447734331268 30.0 30.0 30.0 30.0 30.0 30.0 30.0
41.5 30.0 30.0 29.91321669270896 29.855218028092715 30.0 30.0 30.0 30.0 30.0 30.0 30.0
41.6 30.0 30.0 29.91506314605561 29.85793723296881 30.0 30.0 30.0 30.0 30.0 30.0 30.0
41.7 30.0 30.0 29.916870313160835 29.860606268860547 30.0 30.0 30.0 30.0 30.0 30.0 30.0
41.8 30.0 30.0 29.91863902990213 29.863226039651824 30.0 30.0 30.0 30.0 30.0 30.0 30.0
41.9 30.0 30.0 29.920370114372304 29.865797433474764 30.0 30.0 30.0 30.0 30.0 30.0 30.0
42.0 30.0 30.0 29.922064367257978 29.86832132297037 30.0 30.0 30.0 30.0 30.0 30.0 30.0
42.1 30.0 30.0 29.92372257220998 29.870798565546032 30.0 30.0 30.0 30.0 30.0 30.0 30.0
42.2 30.0 30.0 29.92534549620547 29.87323000362875 30.0 30.0 30.0 30.0 30.0 30.0 30.0
42.3 30.0 30.0 29.926933889903268 29.875616464914057 30.0 30.0 30.0 30.0 30.0 30.0 30.0
42.4 30.0 30.0 29.928488487990474 29.877958762612035 30.0 30.0 30.0 30.0 30.0 30.0 30.0
42.5 30.0 30.0 29.930010009522608 29.880257695688694 30.0 30.0 30.0 30.0 30.0 30.0 30.0
42.6 30.0 30.0 29.93149915825621 29.882514049103996 30.0 30.0 30.0 30.0 30.0 30.0 30.0
42.7 30.0 30.0 29.932956622974167 29.88472859404644 30.0 30.0 30.0 30.0 30.0 30.0 30.0
42.8 30.0 30.0 29.9343830778045 29.886902088163282 30.0 30.0 30.0 30.0 30.0 30.0 30.0
42.9 30.0 30.0 29.935779182532105 29.88903527578796 30.0 30.0 30.0 30.0 30.0 30.0 30.0
43.0 30.0 30.0 29.93714558290374 29.891128888163866 30.0 30.0 30.0 30.0 30.0 30.0 30.0
43.1 30.0 30.0 29.938482910927075 29.893183643663694 30.0 30.0 30.0 30.0 30.0 30.0 30.0
43.2 30.0 30.0 29.939791785162715 29.8952002480068 30.0 30.0 30.0 30.0 30.0 30.0 30.0
43.3 30.0 30.0 29.941072811010294 29.89717939447225 30.0 30.0 30.0 30.0 30.0 30.0 30.0
43.4 30.0 30.0 29.942326580988773 29.899121764108454 30.0 30.0 30.0 30.0 30.0 30.0 30.0
43.5 30.0 30.0 29.94355367501026 29.90102802594002 30.0 30.0 30.0 30.0 30.0 30.0 30.0
43.6 30.0 30.0 29.94475466064831 29.902898837171264 30.0 30.0 30.0 30.0 30.0 30.0 30.0
43.7 30.0 30.0 29.94593009340052 29.90473484338577 30.0 30.0 30.0 30.0 30.0 30.0 30.0
43.8 30.0 30.0 29.947080516945213 29.906536678744203 30.0 30.0 30.0 30.0 30.0 30.0 30.0
43.9 30.0 30.0 29.948206463393195 29.908304966177248 30.0 30.0 30.0 30.0 30.0 30.0 30.0
44.0 30.0 30.0 29.949308453533806 29.91004031757697 30.0 30.0 30.0 30.0 30.0 30.0 30.0
44.1 30.0 30.0 29.95038699707565 29.91174333398461 30.0 30.0 30.0 30.0 30.0 30.0 30.0
44.2 30.0 30.0 29.951442592882564 29.913414605774832 30.0 30.0 30.0 30.0 30.0 30.0 30.0
44.3 30.0 30.0 29.95247572920421 29.915054712837875 30.0 30.0 30.0 30.0 30.0 30.0 30.0
44.4 30.0 30.0 29.95348688390196 29.916664224758488 30.0 30.0 30.0 30.0 30.0 30.0 30.0
44.5 30.0 30.0 29.954476524670024 29.91824370099171 30.0 30.0 30.0 30.0 30.0 30.0 30.0
44.6 30.0 30.0 29.955445109251475 29.91979369103639 30.0 30.0 30.0 30.0 30.0 30.0 30.0
44.7 30.0 30.0 29.956393085650333 29.9213147346051 30.0 30.0 30.0 30.0 30.0 30.0 30.0
44.8 30.0 30.0 29.957320892338647 29.92280736179235 30.0 30.0 30.0 30.0 30.0 30.0 30.0
44.9 30.0 30.0 29.958228958459067 29.924272093239527 30.0 30.0 30.0 30.0 30.0 30.0 30.0
45.0 30.0 30.0 29.959117704023797 29.925709440296412 30.0 30.0 30.0 30.0 30.0 30.0 30.0
45.1 30.0 30.0 29.959987540108376 29.927119905182053 30.0 30.0 30.0 30.0 30.0 30.0 30.0
45.2 30.0 30.0 29.960838869042206 29.928503981140704 30.0 30.0 30.0 30.0 30.0 30.0 30.0
45.3 30.0 30.0 29.9616720845945 29.929862152597146 30.0 30.0 30.0 30.0 30.0 30.0 30.0
45.4 30.0 30.0 29.962487572156284 29.931194895308472 30.0 30.0 30.0 30.0 30.0 30.0 30.0
45.5 30.0 30.0 29.963285708918914 29.93250267651348 30.0 30.0 30.0 30.0 30.0 30.0 30.0
45.6 30.0 30.0 29.964066864048313 29.93378595507986 30.0 30.0 30.0 30.0 30.0 30.0 30.0
45.7 30.0 30.0 29.964831398855768 29.93504518164913 30.0 30.0 30.0 30.0 30.0 30.0 30.0
45.8 30.0 30.0 29.96557966696521 29.936280798778526 30.0 30.0 30.0 30.0 30.0 30.0 30.0
45.9 30.0 30.0 29.96631201447661 29.93749324108138 30.0 30.0 30.0 30.0 30.0 30.0 30.0
46.0 30.0 30.0 29.96702878012606 29.938682935364696 30.0 30.0 30.0 30.0 30.0 30.0 30.0
46.1 30.0 30.0 29.967730295442557 29.939850300764522 30.0 30.0 30.0 30.0 30.0 30.0 30.0
46.2 30.0 30.0 29.96841688490121 29.94099574887915 30.0 30.0 30.0 30.0 30.0 30.0 30.0
46.3 30.0 30.0 29.969088866073573 29.942119683900206 30.0 30.0 30.0 30.0 30.0 30.0 30.0
46.4 30.0 30.0 29.96974654977414 29.94322250274169 30.0 30.0 30.0 30.0 30.0 30.0 30.0
46.5 30.0 30.0 29.9703902402045 29.94430459516617 30.0 30.0 30.0 30.0 30.0 30.0 30.0
46.6 30.0 30.0 29.971020235093754 29.94536634391008 30.0 30.0 30.0 30.0 30.0 30.0 30.0
46.7 30.0 30.0 29.971636825836445 29.946408124805547 30.0 30.0 30.0 30.0 30.0 30.0 30.0
46.8 30.0 30.0 29.972240297627188 29.94743030690147 30.0 30.0 30.0 30.0 30.0 30.0 30.0
46.9 30.0 30.0 29.972830929592618 29.94843325258191 30.0 30.0 30.0 30.0 30.0 30.0 30.0
47.0 30.0 30.0 29.973408994920458 29.9494173176826 30.0 30.0 30.0 30.0 30.0 30.0 30.0
47.1 30.0 30.0 29.973974760985996 29.950382851605266 30.0 30.0 30.0 30.0 30.0 30.0 30.0
47.2 30.0 30.0 29.974528489475624 29.951330197430906 30.0 30.0 30.0 30.0 30.0 30.0 30.0
47.3 30.0 30.0 29.975070436508084 29.952259692030026 30.0 30.0 30.0 30.0 30.0 30.0 30.0
47.4 30.0 30.0 29.9756008527526 29.953171666172096 30.0 30.0 30.0 30.0 30.0 30.0 30.0
47.5 30.0 30.0 29.976119983545072 29.954066444632318 30.0 30.0 30.0 30.0 30.0 30.0 30.0
47.6 30.0 30.0 29.976628069001585 29.954944346296816 30.0 30.0 30.0 30.0 30.0 30.0 30.0
47.7 30.0 30.0 29.977125344129185 29.955805684266988 30.0 30.0 30.0 30.0 30.0 30.0 30.0
47.8 30.0 30.0 29.97761203893492 29.956650765960276 30.0 30.0 30.0 30.0 30.0 30.0 30.0
47.9 30.0 30.0 29.978088378532085 29.957479893210998 30.0 30.0 30.0 30.0 30.0 30.0 30.0
48.0 30.0 30.0 29.978554583244122 29.958293362368856 30.0 30.0 30.0 30.0 30.0 30.0 30.0
48.1 30.0 30.0 29.979010868707 29.959091464394824 30.0 30.0 30.0 30.0 30.0 30.0 30.0
48.2 30.0 30.0 29.97945744596858 29.959874484957354 30.0 30.0 30.0 30.0 30.0 30.0 30.0
48.3 30.0 30.0 29.979894521586235 29.960642704525256 30.0 30.0 30.0 30.0 30.0 30.0 30.0
48.4 30.0 30.0 29.98032229772274 29.961396398459513 30.0 30.0 30.0 30.0 30.0 30.0 30.0
48.5 30.0 30.0 29.980740972239243 29.96213583710457 30.0 30.0 30.0 30.0 30.0 30.0 30.0
48.6 30.0 30.0 29.98115073878739 29.962861285875707 30.0 30.0 30.0 30.0 30.0 30.0 30.0
48.7 30.0 30.0 29.981551786898333 29.963573005347865 30.0 30.0 30.0 30.0 30.0 30.0 30.0
48.8 30.0 30.0 29.98194430207067 29.96427125134057 30.0 30.0 30.0 30.0 30.0 30.0 30.0
48.9 30.0 30.0 29.982328465856384 29.96495627500239 30.0 30.0 30.0 30.0 30.0 30.0 30.0
49.0 30.0 30.0 29.982704455944514 29.96562832289444 30.0 30.0 30.0 30.0 30.0 30.0 30.0
49.1 30.0 30.0 29.98307244624361 29.96628763707125 30.0 30.0 30.0 30.0 30.0 30.0 30.0
49.2 30.0 30.0 29.983432606961834 29.96693445516144 30.0 30.0 30.0 30.0 30.0 30.0 30.0
49.3 30.0 30.0 29.983785104686003 29.967569010446077 30.0 30.0 30.0 30.0 30.0 30.0 30.0
49.4 30.0 30.0 29.984130102458625 29.968191531936185 30.0 30.0 30.0 30.0 30.0 30.0 30.0
49.5 30.0 30.0 29.984467759853153 29.96880224444916 30.0 30.0 30.0 30.0 30.0 30.0 30.0
49.6 30.0 30.0 29.98479823304773 29.969401368683304 30.0 30.0 30.0 30.0 30.0 30.0 30.0
49.7 30.0 30.0 29.985121674897744 29.96998912129104 30.0 30.0 30.0 30.0 30.0 30.0 30.0
49.8 30.0 30.0 29.98543823500627 29.970565714951864 30.0 30.0 30.0 30.0 30.0 30.0 30.0
49.9 30.0 30.0 29.98574805979334 29.971131358442726 30.0 30.0 30.0 30.0 30.0 30.0 30.0
50.0 30.0 30.0 29.986051292563683 29.9716862567081 30.0 30.0 30.0 30.0 30.0 30.0 30.0
50.1 30.0 30.0 29.98634807357299 29.972230610928452 30.0 30.0 30.0 30.0 30.0 30.0 30.0
50.2 30.0 30.0 29.986638540092752 29.972764618587746 30.0 30.0 30.0 30.0 30.0 30.0 30.0
50.3 30.0 30.0 29.98692282647372 29.97328847353963 30.0 30.0 30.0 30.0 30.0 30.0 30.0
50.4 30.0 30.0 29.987201064208307 29.973802366072213 30.0 30.0 30.0 30.0 30.0 30.0 30.0
50.5 30.0 30.0 29.987473381991087 29.974306482972597 30.0 30.0 30.0 30.0 30.0 30.0 30.0
50.6 30.0 30.0 29.98773990577856 29.97480100758917 30.0 30.0 30.0 30.0 30.0 30.0 30.0
50.7 30.0 30.0 29.988000758847118 29.97528611989398 30.0 30.0 30.0 30.0 30.0 30.0 30.0
50.8 30.0 30.0 29.988256061850333 29.975761996542754 30.0 30.0 30.0 30.0 30.0 30.0 30.0
50.9 30.0 30.0 29.988505932874766 29.97622881093483 30.0 30.0 30.0 30.0 30.0 30.0 30.0
51.0 30.0 30.0 29.988750487494457 29.976686733271965 30.0 30.0 30.0 30.0 30.0 30.0 30.0
51.1 30.0 30.0 29.98898983882433 29.977135930615656 30.0 30.0 30.0 30.0 30.0 30.0 30.0
51.2 30.0 30.0 29.989224097572723 29.97757656694361 30.0 30.0 30.0 30.0 30.0 30.0 30.0
51.3 30.0 30.0 29.98945337209248 29.978008803205704 30.0 30.0 30.0 30.0 30.0 30.0 30.0
51.4 30.0 30.0 29.989677768430973 29.978432797378407 30.0 30.0 30.0 30.0 30.0 30.0 30.0
51.5 30.0 30.0 29.989897390379255 29.97884870451831 30.0 30.0 30.0 30.0 30.0 30.0 30.0
51.6 30.0 30.0 29.990112339520145 29.97925667681505 30.0 30.0 30.0 30.0 30.0 30.0 30.0
51.7 30.0 30.0 29.990322715275052 29.979656863643065 30.0 30.0 30.0 30.0 30.0 30.0 30.0
51.8 30.0 30.0 29.990528614950044 29.980049411612512 30.0 30.0 30.0 30.0 30.0 30.0 30.0
51.9 30.0 30.0 29.99073013378092 29.980434464619165 30.0 30.0 30.0 30.0 30.0 30.0 30.0
52.0 30.0 30.0 29.990927364977058 29.980812163893738 30.0 30.0 30.0 30.0 30.0 30.0 30.0
52.1 30.0 30.0 29.991120399764736 29.98118264804995 30.0 30.0 30.0 30.0 30.0 30.0 30.0
52.2 30.0 30.0 29.99130932742934 29.981546053132064 30.0 30.0 30.0 30.0 30.0 30.0 30.0
52.3 30.0 30.0 29.991494235356384 29.98190251266159 30.0 30.0 30.0 30.0 30.0 30.0 30.0
52.4 30.0 30.0 29.991675209072227 29.9822521576827 30.0 30.0 30.0 30.0 30.0 30.0 30.0
52.5 30.0 30.0 29.99185233228348 29.982595116807683 30.0 30.0 30.0 30.0 30.0 30.0 30.0
52.6 30.0 30.0 29.992025686915774 29.982931516260678 30.0 30.0 30.0 30.0 30.0 30.0 30.0
52.7 30.0 30.0 29.992195353151615 29.98326147992131 30.0 30.0 30.0 30.0 30.0 30.0 30.0
52.8 30.0 30.0 29.992361409467527 29.983585129367235 30.0 30.0 30.0 30.0 30.0 30.0 30.0
52.9 30.0 30.0 29.99252393267034 29.983902583915963 30.0 30.0 30.0 30.0 30.0 30.0 30.0
53.0 30.0 30.0 29.992682997932693 29.984213960666093 30.0 30.0 30.0 30.0 30.0 30.0 30.0
53.1 30.0 30.0 29.992838678827773 29.984519374537854 30.0 30.0 30.0 30.0 30.0 30.0 30.0
53.2 30.0 30.0 29.99299104736337 29.984818938312458 30.0 30.0 30.0 30.0 30.0 30.0 30.0
53.3 30.0 30.0 29.99314017401526 29.985112762671257 30.0 30.0 30.0 30.0 30.0 30.0 30.0
53.4 30.0 30.0 29.99328612775962 29.985400956234344 30.0 30.0 30.0 30.0 30.0 30.0 30.0
53.5 30.0 30.0 29.99342897610515 29.985683625597485 30.0 30.0 30.0 30.0 30.0 30.0 30.0
53.6 30.0 30.0 29.99356878512421 29.985960875369667 30.0 30.0 30.0 30.0 30.0 30.0 30.0
53.7 30.0 30.0 29.99370561948324 29.986232808209277 30.0 30.0 30.0 30.0 30.0 30.0 30.0
53.8 30.0 30.0 29.993839542473 29.98649952485939 30.0 30.0 30.0 30.0 30.0 30.0 30.0
53.9 30.0 30.0 29.993970616037437 29.98676112418355 30.0 30.0 30.0 30.0 30.0 30.0 30.0
54.0 30.0 30.0 29.994098900802594 29.987017703199275 30.0 30.0 30.0 30.0 30.0 30.0 30.0
54.1 30.0 30.0 29.994224456104682 29.98726935711237 30.0 30.0 30.0 30.0 30.0 30.0 30.0
54.2 30.0 30.0 29.994347340017356 29.987516179350035 30.0 30.0 30.0 30.0 30.0 30.0 30.0
54.3 30.0 30.0 29.99446760937871 29.98775826159336 30.0 30.0 30.0 30.0 30.0 30.0 30.0
54.4 30.0 30.0 29.99458531981751 29.987995693809346 30.0 30.0 30.0 30.0 30.0 30.0 30.0
54.5 30.0 30.0 29.994700525778814 29.988228564282636 30.0 30.0 30.0 30.0 30.0 30.0 30.0
54.6 30.0 30.0 29.994813280549433 29.98845695964572 30.0 30.0 30.0 30.0 30.0 30.0 30.0
54.7 30.0 30.0 29.994923636282405 29.988680964909932 30.0 30.0 30.0 30.0 30.0 30.0 30.0
54.8 30.0 30.0 29.99503164402109 29.988900663494828 30.0 30.0 30.0 30.0 30.0 30.0 30.0
54.9 30.0 30.0 29.995137353722775 29.989116137257792 30.0 30.0 30.0 30.0 30.0 30.0 30.0
55.0 30.0 30.0 29.995240814281892 29.989327466522173 30.0 30.0 30.0 30.0 30.0 30.0 30.0
55.1 30.0 30.0 29.995342073552475 29.989534730106133 30.0 30.0 30.0 30.0 30.0 30.0 30.0
55.2 30.0 30.0 29.995441178370502 29.98973800534991 30.0 30.0 30.0 30.0 30.0 30.0 30.0
55.3 30.0 30.0 29.995538174575373 29.989937368143234 30.0 30.0 30.0 30.0 30.0 30.0 30.0
55.4 30.0 30.0 29.995633107031207 29.99013289295206 30.0 30.0 30.0 30.0 30.0 30.0 30.0
55.5 30.0 30.0 29.995726019647535 29.990324652844507 30.0 30.0 30.0 30.0 30.0 30.0 30.0
55.6 30.0 30.0 29.995816955399725 29.990512719516982 30.0 30.0 30.0 30.0 30.0 30.0 30.0
55.7 30.0 30.0 29.995905956348718 29.990697163319318 30.0 30.0 30.0 30.0 30.0 30.0 30.0
55.8 30.0 30.0 29.99599306366046 29.990878053279737 30.0 30.0 30.0 30.0 30.0 30.0 30.0
55.9 30.0 30.0 29.99607831762509 29.991055457129 30.0 30.0 30.0 30.0 30.0 30.0 30.0
56.0 30.0 30.0 29.99616175767559 29.991229441324474 30.0 30.0 30.0 30.0 30.0 30.0 30.0
56.1 30.0 30.0 29.99624342240588 29.991400071073826 30.0 30.0 30.0 30.0 30.0 30.0 30.0
56.2 30.0 30.0 29.996323349588724 29.991567410357895 30.0 30.0 30.0 30.0 30.0 30.0 30.0
56.3 30.0 30.0 29.99640157619325 29.991731521953547 30.0 30.0 30.0 30.0 30.0 30.0 30.0
56.4 30.0 30.0 29.996478138401862 29.991892467455845 30.0 30.0 30.0 30.0 30.0 30.0 30.0
56.5 30.0 30.0 29.996553071627382 29.992050307299753 30.0 30.0 30.0 30.0 30.0 30.0 30.0
56.6 30.0 30.0 29.99662641052891 29.992205100782122 30.0 30.0 30.0 30.0 30.0 30.0 30.0
56.7 30.0 30.0 29.99669818902828 29.992356906082165 30.0 30.0 30.0 30.0 30.0 30.0 30.0
56.8 30.0 30.0 29.99676844032553 29.99250578028268 30.0 30.0 30.0 30.0 30.0 30.0 30.0
56.9 30.0 30.0 29.996837196914388 29.992651779389885 30.0 30.0 30.0 30.0 30.0 30.0 30.0
57.0 30.0 30.0 29.996904490597082 29.992794958353976 30.0 30.0 30.0 30.0 30.0 30.0 30.0
57.1 30.0 30.0 29.996970352499225 29.99293537108815 30.0 30.0 30.0 30.0 30.0 30.0 30.0
57.2 30.0 30.0 29.997034813084344 29.99307307048796 30.0 30.0 30.0 30.0 30.0 30.0 30.0
57.3 30.0 30.0 29.99709790216761 29.993208108450713 30.0 30.0 30.0 30.0 30.0 30.0 30.0
57.4 30.0 30.0 29.99715964892997 29.99334053589329 30.0 30.0 30.0 30.0 30.0 30.0 30.0
57.5 30.0 30.0 29.99722008193149 29.993470402770786 30.0 30.0 30.0 30.0 30.0 30.0 30.0
57.6 30.0 30.0 29.997279229124427 29.9935977580946 30.0 30.0 30.0 30.0 30.0 30.0 30.0
57.7 30.0 30.0 29.997337117866476 29.99372264994925 30.0 30.0 30.0 30.0 30.0 30.0 30.0
57.8 30.0 30.0 29.997393774933162 29.99384512551032 30.0 30.0 30.0 30.0 30.0 30.0 30.0
57.9 30.0 30.0 29.997449226530314 29.993965231061214 30.0 30.0 30.0 30.0 30.0 30.0 30.0
58.0 30.0 30.0 29.997503498306273 29.994083012009387 30.0 30.0 30.0 30.0 30.0 30.0 30.0
58.1 30.0 30.0 29.997556615363564 29.99419851290314 30.0 30.0 30.0 30.0 30.0 30.0 30.0
58.2 30.0 30.0 29.997608602270745 29.99431177744735 30.0 30.0 30.0 30.0 30.0 30.0 30.0
58.3 30.0 30.0 29.997659483073495 29.994422848519495 30.0 30.0 30.0 30.0 30.0 30.0 30.0
58.4 30.0 30.0 29.997709281305962 29.994531768184572 30.0 30.0 30.0 30.0 30.0 30.0 30.0
58.5 30.0 30.0 29.997758020001577 29.994638577710592 30.0 30.0 30.0 30.0 30.0 30.0 30.0
58.6 30.0 30.0 29.99780572170372 29.99474331758353 30.0 30.0 30.0 30.0 30.0 30.0 30.0
58.7 30.0 30.0 29.997852408475957 29.99484602752183 30.0 30.0 30.0 30.0 30.0 30.0 30.0
58.8 30.0 30.0 29.99789810191259 29.994946746490555 30.0 30.0 30.0 30.0 30.0 30.0 30.0
58.9 30.0 30.0 29.99794282314854 29.995045512715528 30.0 30.0 30.0 30.0 30.0 30.0 30.0
59.0 30.0 30.0 29.997986592868813 29.995142363697717 30.0 30.0 30.0 30.0 30.0 30.0 30.0
59.1 30.0 30.0 29.998029431318372 29.995237336225905 30.0 30.0 30.0 30.0 30.0 30.0 30.0
59.2 30.0 30.0 29.99807135831162 29.995330466390293 30.0 30.0 30.0 30.0 30.0 30.0 30.0
59.3 30.0 30.0 29.99811239324112 29.995421789596104 30.0 30.0 30.0 30.0 30.0 30.0 30.0
59.4 30.0 30.0 29.99815255508705 29.995511340575636 30.0 30.0 30.0 30.0 30.0 30.0 30.0
59.5 30.0 30.0 29.998191862425653 29.995599153401365 30.0 30.0 30.0 30.0 30.0 30.0 30.0
59.6 30.0 30.0 29.99823033343792 29.995685261498142 30.0 30.0 30.0 30.0 30.0 30.0 30.0
59.7 30.0 30.0 29.99826798591792 29.995769697655525 30.0 30.0 30.0 30.0 30.0 30.0 30.0
59.8 30.0 30.0 29.998304837281413 29.995852494038903 30.0 30.0 30.0 30.0 30.0 30.0 30.0
59.9 30.0 30.0 29.998340904573297 29.995933682202544 30.0 30.0 30.0 30.0 30.0 30.0 30.0
60.0 30.0 30.0 29.998376204476024 29.99601329309975 30.0 30.0 30.0 30.0 30.0 30.0 30.0
60.1 30.0 30.0 29.998410753316968 29.996091357095032 30.0 30.0 30.0 30.0 30.0 30.0 30.0
60.2 30.0 30.0 29.998444567076135 29.99616790397463 30.0 30.0 30.0 30.0 30.0 30.0 30.0
60.3 30.0 30.0 29.998477661393643 29.996242962957457 30.0 30.0 30.0 30.0 30.0 30.0 30.0
60.4 30.0 30.0 29.998510051576773 29.99631656270605 30.0 30.0 30.0 30.0 30.0 30.0 30.0
60.5 30.0 30.0 29.998541752607032 29.996388731336854 30.0 30.0 30.0 30.0 30.0 30.0 30.0
60.6 30.0 30.0 29.998572779147313 29.99645949643022 30.0 30.0 30.0 30.0 30.0 30.0 30.0
60.7 30.0 30.0 29.998603145548476 29.996528885041013 30.0 30.0 30.0 30.0 30.0 30.0 30.0
60.8 30.0 30.0 29.99863286585592 29.996596923708104 30.0 30.0 30.0 30.0 30.0 30.0 30.0
60.9 30.0 30.0 29.99866195381647 29.99666363846392 30.0 30.0 30.0 30.0 30.0 30.0 30.0
61.0 30.0 30.0 29.99869042288416 29.996729054844693 30.0 30.0 30.0 30.0 30.0 30.0 30.0
61.1 30.0 30.0 29.998718286227025 29.996793197898803 30.0 30.0 30.0 30.0 30.0 30.0 30.0
61.2 30.0 30.0 29.998745556732796 29.996856092197056 30.0 30.0 30.0 30.0 30.0 30.0 30.0
61.3 30.0 30.0 29.9987722470151 29.996917761840606 30.0 30.0 30.0 30.0 30.0 30.0 30.0
61.4 30.0 30.0 29.998798369419077 29.99697823047076 30.0 30.0 30.0 30.0 30.0 30.0 30.0
61.5 30.0 30.0 29.99882393602716 29.99703752127709 30.0 30.0 30.0 30.0 30.0 30.0 30.0
61.6 30.0 30.0 29.99884895866492 29.9970956570058 30.0 30.0 30.0 30.0 30.0 30.0 30.0
61.7 30.0 30.0 29.99887344890605 29.99715265996877 30.0 30.0 30.0 30.0 30.0 30.0 30.0
61.8 30.0 30.0 29.998897418078222 29.997208552050967 30.0 30.0 30.0 30.0 30.0 30.0 30.0
61.9 30.0 30.0 29.998920877268077 29.997263354719006 30.0 30.0 30.0 30.0 30.0 30.0 30.0
62.0 30.0 30.0 29.99894383732617 29.99731708902916 30.0 30.0 30.0 30.0 30.0 30.0 30.0
62.1 30.0 30.0 29.998966308872408 29.997369775634446 30.0 30.0 30.0 30.0 30.0 30.0 30.0
62.2 30.0 30.0 29.99898830230067 29.99742143479294 30.0 30.0 30.0 30.0 30.0 30.0 30.0
62.3 30.0 30.0 29.99900982778365 29.997472086374948 30.0 30.0 30.0 30.0 30.0 30.0 30.0
62.4 30.0 30.0 29.999030895277606 29.997521749870263 30.0 30.0 30.0 30.0 30.0 30.0 30.0
62.5 30.0 30.0 29.999051514527004 29.997570444395475 30.0 30.0 30.0 30.0 30.0 30.0 30.0
62.6 30.0 30.0 29.999071695068956 29.997618188701065 30.0 30.0 30.0 30.0 30.0 30.0 30.0
62.7 30.0 30.0 29.999091446237685 29.997665001178138 30.0 30.0 30.0 30.0 30.0 30.0 30.0
62.8 30.0 30.0 29.999110777168777 29.997710899865442 30.0 30.0 30.0 30.0 30.0 30.0 30.0
62.9 30.0 30.0 29.999129696803532 29.997755902455896 30.0 30.0 30.0 30.0 30.0 30.0 30.0
63.0 30.0 30.0 29.999148213892834 29.997800026303427 30.0 30.0 30.0 30.0 30.0 30.0 30.0
63.1 30.0 30.0 29.999166337001512 29.997843288428804 30.0 30.0 30.0 30.0 30.0 30.0 30.0
63.2 30.0 30.0 29.999184074512108 29.99788570552655 30.0 30.0 30.0 30.0 30.0 30.0 30.0
63.3 30.0 30.0 29.999201434628844 29.997927293970815 30.0 30.0 30.0 30.0 30.0 30.0 30.0
63.4 30.0 30.0 29.9992184253814 29.99796806982142 30.0 30.0 30.0 30.0 30.0 30.0 30.0
63.5 30.0 30.0 29.999235054628585 29.998008048830087 30.0 30.0 30.0 30.0 30.0 30.0 30.0
63.6 30.0 30.0 29.99925133006201 29.99804724644596 30.0 30.0 30.0 30.0 30.0 30.0 30.0
63.7 30.0 30.0 29.999267259209585 29.998085677821614 30.0 30.0 30.0 30.0 30.0 30.0 30.0
63.8 30.0 30.0 29.999282849439183 29.998123357818383 30.0 30.0 30.0 30.0 30.0 30.0 30.0
63.9 30.0 30.0 29.999298107961742 29.99816030101235 30.0 30.0 30.0 30.0 30.0 30.0 30.0
64.0 30.0 30.0 29.999313041834945 29.99819652169923 30.0 30.0 30.0 30.0 30.0 30.0 30.0
64.1 30.0 30.0 29.999327657966113 29.998232033900134 30.0 30.0 30.0 30.0 30.0 30.0 30.0
64.2 30.0 30.0 29.999341963115786 29.998266851366495 30.0 30.0 30.0 30.0 30.0 30.0 30.0
64.3 30.0 30.0 29.999355963900545 29.99830098758538 30.0 30.0 30.0 30.0 30.0 30.0 30.0
64.4 30.0 30.0 29.999369666796277 29.99833445578433 30.0 30.0 30.0 30.0 30.0 30.0 30.0
64.5 30.0 30.0 29.999383078141 29.99836726893655 30.0 30.0 30.0 30.0 30.0 30.0 30.0
64.6 30.0 30.0 29.999396204137952 29.998399439765528 30.0 30.0 30.0 30.0 30.0 30.0 30.0
64.7 30.0 30.0 29.9994090508584 29.998430980749827 30.0 30.0 30.0 30.0 30.0 30.0 30.0
64.8 30.0 30.0 29.999421624244437 29.998461904127762 30.0 30.0 30.0 30.0 30.0 30.0 30.0
64.9 30.0 30.0 29.999433930111607 29.99849222190218 30.0 30.0 30.0 30.0 30.0 30.0 30.0
65.0 30.0 30.0 29.999445974151797 29.998521945844598 30.0 30.0 30.0 30.0 30.0 30.0 30.0
65.1 30.0 30.0 29.99945776193576 29.998551087499827 30.0 30.0 30.0 30.0 30.0 30.0 30.0
65.2 30.0 30.0 29.999469298915816 29.998579658190096 30.0 30.0 30.0 30.0 30.0 30.0 30.0
65.3 30.0 30.0 29.999480590428288 29.998607669019577 30.0 30.0 30.0 30.0 30.0 30.0 30.0
65.4 30.0 30.0 29.999491641695798 29.998635130878533 30.0 30.0 30.0 30.0 30.0 30.0 30.0
65.5 30.0 30.0 29.999502457829898 29.99866205444698 30.0 30.0 30.0 30.0 30.0 30.0 30.0
65.6 30.0 30.0 29.999513043833492 29.99868845019906 30.0 30.0 30.0 30.0 30.0 30.0 30.0
65.7 30.0 30.0 29.999523404602947 29.998714328406894 30.0 30.0 30.0 30.0 30.0 30.0 30.0
65.8 30.0 30.0 29.99953354493053 29.99873969914446 30.0 30.0 30.0 30.0 30.0 30.0 30.0
65.9 30.0 30.0 29.99954346950652 29.998764572291364 30.0 30.0 30.0 30.0 30.0 30.0 30.0
66.0 30.0 30.0 29.999553182921254 29.99878895753662 30.0 30.0 30.0 30.0 30.0 30.0 30.0
66.1 30.0 30.0 29.999562689667638 29.9988128643819 30.0 30.0 30.0 30.0 30.0 30.0 30.0
66.2 30.0 30.0 29.999571994142787 29.998836302145765 30.0 30.0 30.0 30.0 30.0 30.0 30.0
66.3 30.0 30.0 29.999581100650353 29.998859279966556 30.0 30.0 30.0 30.0 30.0 30.0 30.0
66.4 30.0 30.0 29.999590013402457 29.99888180680621 30.0 30.0 30.0 30.0 30.0 30.0 30.0
66.5 30.0 30.0 29.99959873652153 29.998903891453583 30.0 30.0 30.0 30.0 30.0 30.0 30.0
66.6 30.0 30.0 29.999607274042344 29.99892554252746 30.0 30.0 30.0 30.0 30.0 30.0 30.0
66.7 30.0 30.0 29.999615629913745 29.998946768480373 30.0 30.0 30.0 30.0 30.0 30.0 30.0
66.8 30.0 30.0 29.9996238080007 29.998967577601153 30.0 30.0 30.0 30.0 30.0 30.0 30.0
66.9 30.0 30.0 29.99963181208584 29.998987978018445 30.0 30.0 30.0 30.0 30.0 30.0 30.0
67.0 30.0 30.0 29.99963964587129 29.999007977703855 30.0 30.0 30.0 30.0 30.0 30.0 30.0
67.1 30.0 30.0 29.999647312980418 29.99902758447469 30.0 30.0 30.0 30.0 30.0 30.0 30.0
67.2 30.0 30.0 29.999654816959577 29.999046805996834 30.0 30.0 30.0 30.0 30.0 30.0 30.0
67.3 30.0 30.0 29.999662161279556 29.99906564978817 30.0 30.0 30.0 30.0 30.0 30.0 30.0
67.4 30.0 30.0 29.99966934933741 29.999084123220722 30.0 30.0 30.0 30.0 30.0 30.0 30.0
67.5 30.0 30.0 29.999676384457924 29.999102233524066 30.0 30.0 30.0 30.0 30.0 30.0 30.0
67.6 30.0 30.0 29.999683269894962 29.999119987787783 30.0 30.0 30.0 30.0 30.0 30.0 30.0
67.7 30.0 30.0 29.999690008833397 29.99913739296387 30.0 30.0 30.0 30.0 30.0 30.0 30.0
67.8 30.0 30.0 29.999696604390092 29.999154455870087 30.0 30.0 30.0 30.0 30.0 30.0 30.0
67.9 30.0 30.0 29.99970305961582 29.999171183191805 30.0 30.0 30.0 30.0 30.0 30.0 30.0
68.0 30.0 30.0 29.999709377496327 29.999187581484954 30.0 30.0 30.0 30.0 30.0 30.0 30.0
68.1 30.0 30.0 29.999715560953813 29.999203657178427 30.0 30.0 30.0 30.0 30.0 30.0 30.0
68.2 30.0 30.0 29.99972161284844 29.99921941657628 30.0 30.0 30.0 30.0 30.0 30.0 30.0
68.3 30.0 30.0 29.999727535979318 29.99923486586081 30.0 30.0 30.0 30.0 30.0 30.0 30.0
68.4 30.0 30.0 29.999733333086162 29.999250011094045 30.0 30.0 30.0 30.0 30.0 30.0 30.0
68.5 30.0 30.0 29.999739006850337 29.999264858220535 30.0 30.0 30.0 30.0 30.0 30.0 30.0
68.6 30.0 30.0 29.999744559896115 29.999279413069527 30.0 30.0 30.0 30.0 30.0 30.0 30.0
68.7 30.0 30.0 29.999749994791955 29.999293681357205 30.0 30.0 30.0 30.0 30.0 30.0 30.0
68.8 30.0 30.0 29.999755314051733 29.999307668688665 30.0 30.0 30.0 30.0 30.0 30.0 30.0
68.9 30.0 30.0 29.999760520135734 29.99932138056044 30.0 30.0 30.0 30.0 30.0 30.0 30.0
69.0 30.0 30.0 29.999765615451988 29.999334822362226 30.0 30.0 30.0 30.0 30.0 30.0 30.0
69.1 30.0 30.0 29.99977060235725 29.99934799937903 30.0 30.0 30.0 30.0 30.0 30.0 30.0
69.2 30.0 30.0 29.999775483158146 29.99936091679338 30.0 30.0 30.0 30.0 30.0 30.0 30.0
69.3 30.0 30.0 29.99978026011226 29.999373579686882 30.0 30.0 30.0 30.0 30.0 30.0 30.0
69.4 30.0 30.0 29.99978493542899 29.999385993042857 30.0 30.0 30.0 30.0 30.0 30.0 30.0
69.5 30.0 30.0 29.999789511270897 29.99939816174727 30.0 30.0 30.0 30.0 30.0 30.0 30.0
69.6 30.0 30.0 29.99979398975449 29.99941009059137 30.0 30.0 30.0 30.0 30.0 30.0 30.0
69.7 30.0 30.0 29.999798372951197 29.999421784273437 30.0 30.0 30.0 30.0 30.0 30.0 30.0
69.8 30.0 30.0 29.999802662888413 29.999433247400155 30.0 30.0 30.0 30.0 30.0 30.0 30.0
69.9 30.0 30.0 29.999806861550383 29.99944448448878 30.0 30.0 30.0 30.0 30.0 30.0 30.0
70.0 30.0 30.0 29.99981097087908 29.99945549996871 30.0 30.0 30.0 30.0 30.0 30.0 30.0
70.1 30.0 30.0 29.99981499277524 29.99946629818302 30.0 30.0 30.0 30.0 30.0 30.0 30.0
70.2 30.0 30.0 29.999818929099174 29.9994768833905 30.0 30.0 30.0 30.0 30.0 30.0 30.0
70.3 30.0 30.0 29.999822781671515 29.99948725976699 30.0 30.0 30.0 30.0 30.0 30.0 30.0
70.4 30.0 30.0 29.99982655227429 29.999497431407008 30.0 30.0 30.0 30.0 30.0 30.0 30.0
70.5 30.0 30.0 29.99983024265141 29.999507402325506 30.0 30.0 30.0 30.0 30.0 30.0 30.0
70.6 30.0 30.0 29.999833854509916 29.999517176459065 30.0 30.0 30.0 30.0 30.0 30.0 30.0
70.7 30.0 30.0 29.999837389520376 29.99952675766783 30.0 30.0 30.0 30.0 30.0 30.0 30.0
70.8 30.0 30.0 29.999840849317852 29.99953614973668 30.0 30.0 30.0 30.0 30.0 30.0 30.0
70.9 30.0 30.0 29.999844235502565 29.999545356376895 30.0 30.0 30.0 30.0 30.0 30.0 30.0
71.0 30.0 30.0 29.999847549640787 29.99955438122713 30.0 30.0 30.0 30.0 30.0 30.0 30.0
71.1 30.0 30.0 29.999850793265498 29.99956322785529 30.0 30.0 30.0 30.0 30.0 30.0 30.0
71.2 30.0 30.0 29.99985396787688 29.999571899760024 30.0 30.0 30.0 30.0 30.0 30.0 30.0
71.3 30.0 30.0 29.999857074943282 29.99958040037148 30.0 30.0 30.0 30.0 30.0 30.0 30.0
71.4 30.0 30.0 29.999860115901903 29.999588733052967 30.0 30.0 30.0 30.0 30.0 30.0 30.0
71.5 30.0 30.0 29.999863092159263 29.999596901102322 30.0 30.0 30.0 30.0 30.0 30.0 30.0
71.6 30.0 30.0 29.999866005092084 29.9996049077529 30.0 30.0 30.0 30.0 30.0 30.0 30.0
71.7 30.0 30.0 29.999868856047588 29.999612756175306 30.0 30.0 30.0 30.0 30.0 30.0 30.0
71.8 30.0 30.0 29.999871646344435 29.99962044947804 30.0 30.0 30.0 30.0 30.0 30.0 30.0
71.9 30.0 30.0 29.999874377273244 29.999627990708873 30.0 30.0 30.0 30.0 30.0 30.0 30.0
72.0 30.0 30.0 29.99987705009724 29.99963538285628 30.0 30.0 30.0 30.0 30.0 30.0 30.0
72.1 30.0 30.0 29.99987966605266 29.999642628850484 30.0 30.0 30.0 30.0 30.0 30.0 30.0
72.2 30.0 30.0 29.999882226349428 29.999649731564368 30.0 30.0 30.0 30.0 30.0 30.0 30.0
72.3 30.0 30.0 29.999884732171815 29.999656693814707 30.0 30.0 30.0 30.0 30.0 30.0 30.0
72.4 30.0 30.0 29.999887184678748 29.999663518363423 30.0 30.0 30.0 30.0 30.0 30.0 30.0
72.5 30.0 30.0 29.99988958500478 29.99967020791806 30.0 30.0 30.0 30.0 30.0 30.0 30.0
72.6 30.0 30.0 29.999891934259978 29.999676765134062 30.0 30.0 30.0 30.0 30.0 30.0 30.0
72.7 30.0 30.0 29.999894233531087 29.99968319261422 30.0 30.0 30.0 30.0 30.0 30.0 30.0
72.8 30.0 30.0 29.999896483881443 29.99968949291104 30.0 30.0 30.0 30.0 30.0 30.0 30.0
72.9 30.0 30.0 29.99989868635203 29.99969566852667 30.0 30.0 30.0 30.0 30.0 30.0 30.0
73.0 30.0 30.0 29.99990084196158 29.999701721914704 30.0 30.0 30.0 30.0 30.0 30.0 30.0
73.1 30.0 30.0 29.999902951707057 29.999707655480723 30.0 30.0 30.0 30.0 30.0 30.0 30.0
73.2 30.0 30.0 29.999905016564323 29.999713471583103 30.0 30.0 30.0 30.0 30.0 30.0 30.0
73.3 30.0 30.0 29.99990703748845 29.99971917253419 30.0 30.0 30.0 30.0 30.0 30.0 30.0
73.4 30.0 30.0 29.99990901541418 29.999724760601207 30.0 30.0 30.0 30.0 30.0 30.0 30.0
73.5 30.0 30.0 29.999910951256428 29.999730238006855 30.0 30.0 30.0 30.0 30.0 30.0 30.0
73.6 30.0 30.0 29.999912845910565 29.999735606930553 30.0 30.0 30.0 30.0 30.0 30.0 30.0
73.7 30.0 30.0 29.9999147002529 29.999740869508926 30.0 30.0 30.0 30.0 30.0 30.0 30.0
73.8 30.0 30.0 29.99991651514116 29.99974602783682 30.0 30.0 30.0 30.0 30.0 30.0 30.0
73.9 30.0 30.0 29.99991829141479 29.999751083968025 30.0 30.0 30.0 30.0 30.0 30.0 30.0
74.0 30.0 30.0 29.999920029895335 29.99975603991631 30.0 30.0 30.0 30.0 30.0 30.0 30.0
74.1 30.0 30.0 29.999921731386927 29.999760897655893 30.0 30.0 30.0 30.0 30.0 30.0 30.0
74.2 30.0 30.0 29.99992339667656 29.99976565912232 30.0 30.0 30.0 30.0 30.0 30.0 30.0
74.3 30.0 30.0 29.99992502653451 29.99977032621319 30.0 30.0 30.0 30.0 30.0 30.0 30.0
74.4 30.0 30.0 29.999926621714586 29.999774900789102 30.0 30.0 30.0 30.0 30.0 30.0 30.0
74.5 30.0 30.0 29.99992818295474 29.99977938467393 30.0 30.0 30.0 30.0 30.0 30.0 30.0
74.6 30.0 30.0 29.999929710976954 29.999783779656195 30.0 30.0 30.0 30.0 30.0 30.0 30.0
74.7 30.0 30.0 29.999931206488117 29.99978808748894 30.0 30.0 30.0 30.0 30.0 30.0 30.0
74.8 30.0 30.0 29.999932670179838 29.999792309891355 30.0 30.0 30.0 30.0 30.0 30.0 30.0
74.9 30.0 30.0 29.9999341027292 29.999796448548434 30.0 30.0 30.0 30.0 30.0 30.0 30.0
75.0 30.0 30.0 29.99993550479878 29.999800505112464 30.0 30.0 30.0 30.0 30.0 30.0 30.0
75.1 30.0 30.0 29.99993687703713 29.999804481203125 30.0 30.0 30.0 30.0 30.0 30.0 30.0
75.2 30.0 30.0 29.99993822007886 29.999808378408527 30.0 30.0 30.0 30.0 30.0 30.0 30.0
75.3 30.0 30.0 29.999939534545238 29.9998121982855 30.0 30.0 30.0 30.0 30.0 30.0 30.0
75.4 30.0 30.0 29.999940821044262 29.99981594236034 30.0 30.0 30.0 30.0 30.0 30.0 30.0
75.5 30.0 30.0 29.99994208017098 29.99981961212944 30.0 30.0 30.0 30.0 30.0 30.0 30.0
75.6 30.0 30.0 29.99994331250776 29.99982320905985 30.0 30.0 30.0 30.0 30.0 30.0 30.0
75.7 30.0 30.0 29.99994451862458 29.999826734589877 30.0 30.0 30.0 30.0 30.0 30.0 30.0
75.8 30.0 30.0 29.99994569907933 29.99983019012947 30.0 30.0 30.0 30.0 30.0 30.0 30.0
75.9 30.0 30.0 29.99994685441809 29.999833577060794 30.0 30.0 30.0 30.0 30.0 30.0 30.0
76.0 30.0 30.0 29.999947985175147 29.99983689673931 30.0 30.0 30.0 30.0 30.0 30.0 30.0
76.1 30.0 30.0 29.999949091873557 29.999840150493462 30.0 30.0 30.0 30.0 30.0 30.0 30.0
76.2 30.0 30.0 29.999950175025145 29.999843339625844 30.0 30.0 30.0 30.0 30.0 30.0 30.0
76.3 30.0 30.0 29.999951235131007 29.99984646541327 30.0 30.0 30.0 30.0 30.0 30.0 30.0
76.4 30.0 30.0 29.9999522726814 29.999849529107667 30.0 30.0 30.0 30.0 30.0 30.0 30.0
76.5 30.0 30.0 29.99995328815623 29.999852531936163 30.0 30.0 30.0 30.0 30.0 30.0 30.0
76.6 30.0 30.0 29.99995428202524 29.999855475101874 30.0 30.0 30.0 30.0 30.0 30.0 30.0
76.7 30.0 30.0 29.99995525474811 29.999858359784334 30.0 30.0 30.0 30.0 30.0 30.0 30.0
76.8 30.0 30.0 29.99995620677475 29.999861187139874 30.0 30.0 30.0 30.0 30.0 30.0 30.0
76.9 30.0 30.0 29.999957138545494 29.99986395830205 30.0 30.0 30.0 30.0 30.0 30.0 30.0
77.0 30.0 30.0 29.99995805049138 29.999866674382044 30.0 30.0 30.0 30.0 30.0 30.0 30.0
77.1 30.0 30.0 29.999958943034166 29.99986933646934 30.0 30.0 30.0 30.0 30.0 30.0 30.0
77.2 30.0 30.0 29.999959816586603 29.99987194563206 30.0 30.0 30.0 30.0 30.0 30.0 30.0
77.3 30.0 30.0 29.99996067155284 29.999874502917034 30.0 30.0 30.0 30.0 30.0 30.0 30.0
77.4 30.0 30.0 29.999961508328315 29.999877009350747 30.0 30.0 30.0 30.0 30.0 30.0 30.0
77.5 30.0 30.0 29.99996232730004 29.999879465939507 30.0 30.0 30.0 30.0 30.0 30.0 30.0
77.6 30.0 30.0 29.999963128846815 29.99988187366961 30.0 30.0 30.0 30.0 30.0 30.0 30.0
77.7 30.0 30.0 29.999963913339403 29.999884233508133 30.0 30.0 30.0 30.0 30.0 30.0 30.0
77.8 30.0 30.0 29.999964681140735 29.99988654640294 30.0 30.0 30.0 30.0 30.0 30.0 30.0
77.9 30.0 30.0 29.999965432605798 29.999888813283565 30.0 30.0 30.0 30.0 30.0 30.0 30.0
78.0 30.0 30.0 29.999966168082235 29.999891035060873 30.0 30.0 30.0 30.0 30.0 30.0 30.0
78.1 30.0 30.0 29.999966887910233 29.999893212627967 30.0 30.0 30.0 30.0 30.0 30.0 30.0
78.2 30.0 30.0 29.999967592422824 29.999895346860182 30.0 30.0 30.0 30.0 30.0 30.0 30.0
78.3 30.0 30.0 29.999968281945783 29.99989743861608 30.0 30.0 30.0 30.0 30.0 30.0 30.0
78.4 30.0 30.0 29.999968956798014 29.999899488736922 30.0 30.0 30.0 30.0 30.0 30.0 30.0
78.5 30.0 30.0 29.99996961729164 29.999901498047404 30.0 30.0 30.0 30.0 30.0 30.0 30.0
78.6 30.0 30.0 29.999970263732223 29.99990346735608 30.0 30.0 30.0 30.0 30.0 30.0 30.0
78.7 30.0 30.0 29.99997089641873 29.99990539745565 30.0 30.0 30.0 30.0 30.0 30.0 30.0
78.8 30.0 30.0 29.999971515643843 29.999907289123037 30.0 30.0 30.0 30.0 30.0 30.0 30.0
78.9 30.0 30.0 29.999972121693958 29.999909143119815 30.0 30.0 30.0 30.0 30.0 30.0 30.0
79.0 30.0 30.0 29.999972714849374 29.99991096019277 30.0 30.0 30.0 30.0 30.0 30.0 30.0
79.1 30.0 30.0 29.999973295384486 29.99991274107381 30.0 30.0 30.0 30.0 30.0 30.0 30.0
79.2 30.0 30.0 29.99997386356779 29.999914486480428 30.0 30.0 30.0 30.0 30.0 30.0 30.0
79.3 30.0 30.0 29.99997441966207 29.99991619711599 30.0 30.0 30.0 30.0 30.0 30.0 30.0
79.4 30.0 30.0 29.9999749639246 29.99991787366989 30.0 30.0 30.0 30.0 30.0 30.0 30.0
79.5 30.0 30.0 29.999975496607036 29.99991951681817 30.0 30.0 30.0 30.0 30.0 30.0 30.0
79.6 30.0 30.0 29.999976017955813 29.999921127223278 30.0 30.0 30.0 30.0 30.0 30.0 30.0
79.7 30.0 30.0 29.999976528212045 29.999922705534736 30.0 30.0 30.0 30.0 30.0 30.0 30.0
79.8 30.0 30.0 29.99997702761181 29.999924252389164 30.0 30.0 30.0 30.0 30.0 30.0 30.0
79.9 30.0 30.0 29.999977516386068 29.99992576841072 30.0 30.0 30.0 30.0 30.0 30.0 30.0
80.0 30.0 30.0 29.999977994760833 29.999927254211197 30.0 30.0 30.0 30.0 30.0 30.0 30.0
80.1 30.0 30.0 29.999978462957387 29.99992871039027 30.0 30.0 30.0 30.0 30.0 30.0 30.0
80.2 30.0 30.0 29.99997892119236 29.999930137535774 30.0 30.0 30.0 30.0 30.0 30.0 30.0
80.3 30.0 30.0 29.999979369677643 29.999931536224036 30.0 30.0 30.0 30.0 30.0 30.0 30.0
80.4 30.0 30.0 29.999979808620687 29.99993290702 30.0 30.0 30.0 30.0 30.0 30.0 30.0
80.5 30.0 30.0 29.999980238224477 29.9999342504773 30.0 30.0 30.0 30.0 30.0 30.0 30.0
80.6 30.0 30.0 29.999980658687747 29.99993556713878 30.0 30.0 30.0 30.0 30.0 30.0 30.0
80.7 30.0 30.0 29.999981070205074 29.999936857536394 30.0 30.0 30.0 30.0 30.0 30.0 30.0
80.8 30.0 30.0 29.999981472966674 29.999938122191953 30.0 30.0 30.0 30.0 30.0 30.0 30.0
80.9 30.0 30.0 29.9999818671589 29.999939361616487 30.0 30.0 30.0 30.0 30.0 30.0 30.0
81.0 30.0 30.0 29.99998225296404 29.999940576311307 30.0 30.0 30.0 30.0 30.0 30.0 30.0
81.1 30.0 30.0 29.9999826305605 29.99994176676755 30.0 30.0 30.0 30.0 30.0 30.0 30.0
81.2 30.0 30.0 29.99998300012303 29.999942933466734 30.0 30.0 30.0 30.0 30.0 30.0 30.0
81.3 30.0 30.0 29.999983361822494 29.999944076880997 30.0 30.0 30.0 30.0 30.0 30.0 30.0
81.4 30.0 30.0 29.99998371582628 29.999945197472947 30.0 30.0 30.0 30.0 30.0 30.0 30.0
81.5 30.0 30.0 29.99998406229809 29.999946295696162 30.0 30.0 30.0 30.0 30.0 30.0 30.0
81.6 30.0 30.0 29.99998440139816 29.999947371995233 30.0 30.0 30.0 30.0 30.0 30.0 30.0
81.7 30.0 30.0 29.99998473328332 29.999948426806004 30.0 30.0 30.0 30.0 30.0 30.0 30.0
81.8 30.0 30.0 29.99998505810713 29.999949460555467 30.0 30.0 30.0 30.0 30.0 30.0 30.0
81.9 30.0 30.0 29.999985376019744 29.9999504736625 30.0 30.0 30.0 30.0 30.0 30.0 30.0
82.0 30.0 30.0 29.999985687168234 29.999951466537528 30.0 30.0 30.0 30.0 30.0 30.0 30.0
82.1 30.0 30.0 29.99998599169657 29.99995243958271 30.0 30.0 30.0 30.0 30.0 30.0 30.0
82.2 30.0 30.0 29.999986289745628 29.999953393192467 30.0 30.0 30.0 30.0 30.0 30.0 30.0
82.3 30.0 30.0 29.999986581453186 29.99995432775344 30.0 30.0 30.0 30.0 30.0 30.0 30.0
82.4 30.0 30.0 29.999986866954217 29.999955243644436 30.0 30.0 30.0 30.0 30.0 30.0 30.0
82.5 30.0 30.0 29.99998714638069 29.999956141237 30.0 30.0 30.0 30.0 30.0 30.0 30.0
82.6 30.0 30.0 29.999987419861974 29.999957020894925 30.0 30.0 30.0 30.0 30.0 30.0 30.0
82.7 30.0 30.0 29.999987687524523 29.99995788297518 30.0 30.0 30.0 30.0 30.0 30.0 30.0
82.8 30.0 30.0 29.999987949492088 29.99995872782763 30.0 30.0 30.0 30.0 30.0 30.0 30.0
82.9 30.0 30.0 29.999988205885902 29.99995955579496 30.0 30.0 30.0 30.0 30.0 30.0 30.0
83.0 30.0 30.0 29.999988456824486 29.999960367213337 30.0 30.0 30.0 30.0 30.0 30.0 30.0
83.1 30.0 30.0 29.999988702423952 29.999961162412053 30.0 30.0 30.0 30.0 30.0 30.0 30.0
83.2 30.0 30.0 29.999988942797888 29.999961941714044 30.0 30.0 30.0 30.0 30.0 30.0 30.0
83.3 30.0 30.0 29.99998917805746 29.999962705435816 30.0 30.0 30.0 30.0 30.0 30.0 30.0
83.4 30.0 30.0 29.999989408311528 29.99996345388743 30.0 30.0 30.0 30.0 30.0 30.0 30.0
83.5 30.0 30.0 29.99998963366661 29.999964187373035 30.0 30.0 30.0 30.0 30.0 30.0 30.0
83.6 30.0 30.0 29.99998985422691 29.999964906190716 30.0 30.0 30.0 30.0 30.0 30.0 30.0
83.7 30.0 30.0 29.999990070094412 29.999965610632554 30.0 30.0 30.0 30.0 30.0 30.0 30.0
83.8 30.0 30.0 29.99999028136897 29.99996630098493 30.0 30.0 30.0 30.0 30.0 30.0 30.0
83.9 30.0 30.0 29.999990488148395 29.999966977528366 30.0 30.0 30.0 30.0 30.0 30.0 30.0
84.0 30.0 30.0 29.999990690528186 29.999967640538127 30.0 30.0 30.0 30.0 30.0 30.0 30.0
84.1 30.0 30.0 29.999990888602103 29.99996829028367 30.0 30.0 30.0 30.0 30.0 30.0 30.0
84.2 30.0 30.0 29.999991082461673 29.999968927029407 30.0 30.0 30.0 30.0 30.0 30.0 30.0
84.3 30.0 30.0 29.999991272196493 29.99996955103443 30.0 30.0 30.0 30.0 30.0 30.0 30.0
84.4 30.0 30.0 29.99999145789441 29.99997016255252 30.0 30.0 30.0 30.0 30.0 30.0 30.0
84.5 30.0 30.0 29.99999163964135 29.9999707618326 30.0 30.0 30.0 30.0 30.0 30.0 30.0
84.6 30.0 30.0 29.99999181752129 29.999971349118706 30.0 30.0 30.0 30.0 30.0 30.0 30.0
84.7 30.0 30.0 29.99999199161657 29.999971924649746 30.0 30.0 30.0 30.0 30.0 30.0 30.0
84.8 30.0 30.0 29.999992162007697 29.99997248866025 30.0 30.0 30.0 30.0 30.0 30.0 30.0
84.9 30.0 30.0 29.999992328773516 29.999973041379818 30.0 30.0 30.0 30.0 30.0 30.0 30.0
85.0 30.0 30.0 29.999992491991144 29.999973583033558 30.0 30.0 30.0 30.0 30.0 30.0 30.0
85.1 30.0 30.0 29.99999265173605 29.999974113842203 30.0 30.0 30.0 30.0 30.0 30.0 30.0
85.2 30.0 30.0 29.999992808082062 29.99997463402211 30.0 30.0 30.0 30.0 30.0 30.0 30.0
85.3 30.0 30.0 29.999992961101544 29.999975143785232 30.0 30.0 30.0 30.0 30.0 30.0 30.0
85.4 30.0 30.0 29.99999311086533 29.999975643339187 30.0 30.0 30.0 30.0 30.0 30.0 30.0
85.5 30.0 30.0 29.99999325744269 29.999976132887767 30.0 30.0 30.0 30.0 30.0 30.0 30.0
85.6 30.0 30.0 29.99999340090135 29.999976612630643 30.0 30.0 30.0 30.0 30.0 30.0 30.0
85.7 30.0 30.0 29.999993541307692 29.999977082763458 30.0 30.0 30.0 30.0 30.0 30.0 30.0
85.8 30.0 30.0 29.999993678726632 29.999977543477982 30.0 30.0 30.0 30.0 30.0 30.0 30.0
85.9 30.0 30.0 29.999993813221838 29.999977994961945 30.0 30.0 30.0 30.0 30.0 30.0 30.0
86.0 30.0 30.0 29.999993944855426 29.999978437399857 30.0 30.0 30.0 30.0 30.0 30.0 30.0
86.1 30.0 30.0 29.999994073688253 29.99997887097221 30.0 30.0 30.0 30.0 30.0 30.0 30.0
86.2 30.0 30.0 29.999994199780016 29.999979295855777 30.0 30.0 30.0 30.0 30.0 30.0 30.0
86.3 30.0 30.0 29.999994323188965 29.999979712224217 30.0 30.0 30.0 30.0 30.0 30.0 30.0
86.4 30.0 30.0 29.999994443972184 29.999980120247525 30.0 30.0 30.0 30.0 30.0 30.0 30.0
86.5 30.0 30.0 29.9999945621855 29.999980520092343 30.0 30.0 30.0 30.0 30.0 30.0 30.0
86.6 30.0 30.0 29.999994677883677 29.99998091192184 30.0 30.0 30.0 30.0 30.0 30.0 30.0
86.7 30.0 30.0 29.999994791120216 29.999981295896184 30.0 30.0 30.0 30.0 30.0 30.0 30.0
86.8 30.0 30.0 29.999994901947467 29.999981672172254 30.0 30.0 30.0 30.0 30.0 30.0 30.0
86.9 30.0 30.0 29.999995010416708 29.999982040903785 30.0 30.0 30.0 30.0 30.0 30.0 30.0
87.0 30.0 30.0 29.99999511657806 29.999982402241546 30.0 30.0 30.0 30.0 30.0 30.0 30.0
87.1 30.0 30.0 29.999995220480667 29.999982756333154 30.0 30.0 30.0 30.0 30.0 30.0 30.0
87.2 30.0 30.0 29.999995322172527 29.99998310332345 30.0 30.0 30.0 30.0 30.0 30.0 30.0
87.3 30.0 30.0 29.99999542170076 29.99998344335423 30.0 30.0 30.0 30.0 30.0 30.0 30.0
87.4 30.0 30.0 29.999995519111415 29.99998377656465 30.0 30.0 30.0 30.0 30.0 30.0 30.0
87.5 30.0 30.0 29.99999561444949 29.999984103091023 30.0 30.0 30.0 30.0 30.0 30.0 30.0
87.6 30.0 30.0 29.999995707759098 29.99998442306687 30.0 30.0 30.0 30.0 30.0 30.0 30.0
87.7 30.0 30.0 29.999995799083393 29.999984736623198 30.0 30.0 30.0 30.0 30.0 30.0 30.0
87.8 30.0 30.0 29.999995888464568 29.999985043888316 30.0 30.0 30.0 30.0 30.0 30.0 30.0
87.9 30.0 30.0 29.999995975944024 29.99998534498793 30.0 30.0 30.0 30.0 30.0 30.0 30.0
88.0 30.0 30.0 29.99999606156221 29.999985640045292 30.0 30.0 30.0 30.0 30.0 30.0 30.0
88.1 30.0 30.0 29.999996145358796 29.99998592918117 30.0 30.0 30.0 30.0 30.0 30.0 30.0
88.2 30.0 30.0 29.99999622737248 29.999986212514152 30.0 30.0 30.0 30.0 30.0 30.0 30.0
88.3 30.0 30.0 29.999996307641194 29.999986490160147 30.0 30.0 30.0 30.0 30.0 30.0 30.0
88.4 30.0 30.0 29.99999638620199 29.999986762232997 30.0 30.0 30.0 30.0 30.0 30.0 30.0
88.5 30.0 30.0 29.99999646309135 29.999987028844007 30.0 30.0 30.0 30.0 30.0 30.0 30.0
88.6 30.0 30.0 29.999996538344682 29.999987290102602 30.0 30.0 30.0 30.0 30.0 30.0 30.0
88.7 30.0 30.0 29.99999661199692 29.999987546115708 30.0 30.0 30.0 30.0 30.0 30.0 30.0
88.8 30.0 30.0 29.999996684082113 29.999987796988307 30.0 30.0 30.0 30.0 30.0 30.0 30.0
88.9 30.0 30.0 29.999996754633553 29.999988042823368 30.0 30.0 30.0 30.0 30.0 30.0 30.0
89.0 30.0 30.0 29.99999682368394 29.999988283721496 30.0 30.0 30.0 30.0 30.0 30.0 30.0
89.1 30.0 30.0 29.999996891265106 29.999988519781677 30.0 30.0 30.0 30.0 30.0 30.0 30.0
89.2 30.0 30.0 29.999996957408396 29.99998875110057 30.0 30.0 30.0 30.0 30.0 30.0 30.0
89.3 30.0 30.0 29.99999702214439 29.999988977773103 30.0 30.0 30.0 30.0 30.0 30.0 30.0
89.4 30.0 30.0 29.999997085502986 29.999989199892322 30.0 30.0 30.0 30.0 30.0 30.0 30.0
89.5 30.0 30.0 29.999997147513593 29.999989417549298 30.0 30.0 30.0 30.0 30.0 30.0 30.0
89.6 30.0 30.0 29.999997208204753 29.99998963083357 30.0 30.0 30.0 30.0 30.0 30.0 30.0
89.7 30.0 30.0 29.999997267604627 29.999989839832423 30.0 30.0 30.0 30.0 30.0 30.0 30.0
89.8 30.0 30.0 29.99999732574069 29.999990044631698 30.0 30.0 30.0 30.0 30.0 30.0 30.0
89.9 30.0 30.0 29.999997382639837 29.999990245315615 30.0 30.0 30.0 30.0 30.0 30.0 30.0
90.0 30.0 30.0 29.999997438328393 29.999990441966506 30.0 30.0 30.0 30.0 30.0 30.0 30.0
90.1 30.0 30.0 29.999997492832087 29.999990634665174 30.0 30.0 30.0 30.0 30.0 30.0 30.0
90.2 30.0 30.0 29.99999754617618 29.999990823490798 30.0 30.0 30.0 30.0 30.0 30.0 30.0
90.3 30.0 30.0 29.99999759838524 29.999991008520926 30.0 30.0 30.0 30.0 30.0 30.0 30.0
90.4 30.0 30.0 29.999997649483454 29.999991189831505 30.0 30.0 30.0 30.0 30.0 30.0 30.0
90.5 30.0 30.0 29.99999769949444 29.999991367497216 30.0 30.0 30.0 30.0 30.0 30.0 30.0
90.6 30.0 30.0 29.999997748441412 29.99999154159082 30.0 30.0 30.0 30.0 30.0 30.0 30.0
90.7 30.0 30.0 29.999997796346918 29.99999171218421 30.0 30.0 30.0 30.0 30.0 30.0 30.0
90.8 30.0 30.0 29.99999784323311 29.999991879347366 30.0 30.0 30.0 30.0 30.0 30.0 30.0
90.9 30.0 30.0 29.999997889121765 29.99999204314893 30.0 30.0 30.0 30.0 30.0 30.0 30.0
91.0 30.0 30.0 29.999997934034063 29.999992203656436 30.0 30.0 30.0 30.0 30.0 30.0 30.0
91.1 30.0 30.0 29.999997977990812 29.99999236093582 30.0 30.0 30.0 30.0 30.0 30.0 30.0
91.2 30.0 30.0 29.99999802101233 29.999992515051833 30.0 30.0 30.0 30.0 30.0 30.0 30.0
91.3 30.0 30.0 29.999998063118454 29.99999266606798 30.0 30.0 30.0 30.0 30.0 30.0 30.0
91.4 30.0 30.0 29.999998104328625 29.999992814046315 30.0 30.0 30.0 30.0 30.0 30.0 30.0
91.5 30.0 30.0 29.999998144662005 29.999992959047628 30.0 30.0 30.0 30.0 30.0 30.0 30.0
91.6 30.0 30.0 29.999998184137365 29.99999310113159 30.0 30.0 30.0 30.0 30.0 30.0 30.0
91.7 30.0 30.0 29.9999982227727 29.999993240357018 30.0 30.0 30.0 30.0 30.0 30.0 30.0
91.8 30.0 30.0 29.999998260586008 29.99999337678093 30.0 30.0 30.0 30.0 30.0 30.0 30.0
91.9 30.0 30.0 29.999998297594896 29.999993510459493 30.0 30.0 30.0 30.0 30.0 30.0 30.0
92.0 30.0 30.0 29.999998333816198 29.99999364144817 30.0 30.0 30.0 30.0 30.0 30.0 30.0
92.1 30.0 30.0 29.999998369266947 29.99999376980037 30.0 30.0 30.0 30.0 30.0 30.0 30.0
92.2 30.0 30.0 29.999998403963396 29.99999389556936 30.0 30.0 30.0 30.0 30.0 30.0 30.0
92.3 30.0 30.0 29.999998437921608 29.99999401880683 30.0 30.0 30.0 30.0 30.0 30.0 30.0
92.4 30.0 30.0 29.99999847115725 29.999994139563647 30.0 30.0 30.0 30.0 30.0 30.0 30.0
92.5 30.0 30.0 29.999998503685813 29.999994257889494 30.0 30.0 30.0 30.0 30.0 30.0 30.0
92.6 30.0 30.0 29.99999853552219 29.999994373833324 30.0 30.0 30.0 30.0 30.0 30.0 30.0
92.7 30.0 30.0 29.99999856668129 29.999994487442667 30.0 30.0 30.0 30.0 30.0 30.0 30.0
92.8 30.0 30.0 29.999998597177417 29.999994598764474 30.0 30.0 30.0 30.0 30.0 30.0 30.0
92.9 30.0 30.0 29.999998627024713 29.999994707844646 30.0 30.0 30.0 30.0 30.0 30.0 30.0
93.0 30.0 30.0 29.999998656236908 29.99999481472838 30.0 30.0 30.0 30.0 30.0 30.0 30.0
93.1 30.0 30.0 29.999998684827553 29.99999491945957 30.0 30.0 30.0 30.0 30.0 30.0 30.0
93.2 30.0 30.0 29.999998712809994 29.999995022081198 30.0 30.0 30.0 30.0 30.0 30.0 30.0
93.3 30.0 30.0 29.999998740197007 29.999995122636086 30.0 30.0 30.0 30.0 30.0 30.0 30.0
93.4 30.0 30.0 29.999998767001365 29.99999522116545 30.0 30.0 30.0 30.0 30.0 30.0 30.0
93.5 30.0 30.0 29.99999879323545 29.999995317709917 30.0 30.0 30.0 30.0 30.0 30.0 30.0
93.6 30.0 30.0 29.99999881891126 29.999995412309623 30.0 30.0 30.0 30.0 30.0 30.0 30.0
93.7 30.0 30.0 29.999998844040793 29.999995505003415 30.0 30.0 30.0 30.0 30.0 30.0 30.0
93.8 30.0 30.0 29.999998868635657 29.99999559582958 30.0 30.0 30.0 30.0 30.0 30.0 30.0
93.9 30.0 30.0 29.99999889270727 29.999995684825702 30.0 30.0 30.0 30.0 30.0 30.0 30.0
94.0 30.0 30.0 29.99999891626667 29.999995772028434 30.0 30.0 30.0 30.0 30.0 30.0 30.0
94.1 30.0 30.0 29.999998939324875 29.999995857473753 30.0 30.0 30.0 30.0 30.0 30.0 30.0
94.2 30.0 30.0 29.99999896189234 29.99999594119743 30.0 30.0 30.0 30.0 30.0 30.0 30.0
94.3 30.0 30.0 29.999998983979708 29.99999602323343 30.0 30.0 30.0 30.0 30.0 30.0 30.0
94.4 30.0 30.0 29.99999900559724 29.999996103615864 30.0 30.0 30.0 30.0 30.0 30.0 30.0
94.5 30.0 30.0 29.999999026754793 29.99999618237816 30.0 30.0 30.0 30.0 30.0 30.0 30.0
94.6 30.0 30.0 29.999999047462055 29.999996259552848 30.0 30.0 30.0 30.0 30.0 30.0 30.0
94.7 30.0 30.0 29.999999067728883 29.999996335171552 30.0 30.0 30.0 30.0 30.0 30.0 30.0
94.8 30.0 30.0 29.999999087564383 29.999996409265837 30.0 30.0 30.0 30.0 30.0 30.0 30.0
94.9 30.0 30.0 29.99999910697784 29.999996481866088 30.0 30.0 30.0 30.0 30.0 30.0 30.0
95.0 30.0 30.0 29.999999125978345 29.999996553002447 30.0 30.0 30.0 30.0 30.0 30.0 30.0
95.1 30.0 30.0 29.99999914457461 29.999996622704323 30.0 30.0 30.0 30.0 30.0 30.0 30.0
95.2 30.0 30.0 29.999999162775143 29.99999669100083 30.0 30.0 30.0 30.0 30.0 30.0 30.0
95.3 30.0 30.0 29.999999180588468 29.999996757919764 30.0 30.0 30.0 30.0 30.0 30.0 30.0
95.4 30.0 30.0 29.99999919802271 29.99999682348912 30.0 30.0 30.0 30.0 30.0 30.0 30.0
95.5 30.0 30.0 29.99999921508599 29.99999688773599 30.0 30.0 30.0 30.0 30.0 30.0 30.0
95.6 30.0 30.0 29.999999231786248 29.9999969506869 30.0 30.0 30.0 30.0 30.0 30.0 30.0
95.7 30.0 30.0 29.99999924813122 29.999997012368034 30.0 30.0 30.0 30.0 30.0 30.0 30.0
95.8 30.0 30.0 29.99999926412846 29.999997072804828 30.0 30.0 30.0 30.0 30.0 30.0 30.0
95.9 30.0 30.0 29.999999279785314 29.999997132022383 30.0 30.0 30.0 30.0 30.0 30.0 30.0
96.0 30.0 30.0 29.999999295108946 29.999997190045075 30.0 30.0 30.0 30.0 30.0 30.0 30.0
96.1 30.0 30.0 29.999999310106706 29.999997246896907 30.0 30.0 30.0 30.0 30.0 30.0 30.0
96.2 30.0 30.0 29.99999932478537 29.999997302601678 30.0 30.0 30.0 30.0 30.0 30.0 30.0
96.3 30.0 30.0 29.99999933915171 29.999997357182316 30.0 30.0 30.0 30.0 30.0 30.0 30.0
96.4 30.0 30.0 29.999999353212306 29.999997410661585 30.0 30.0 30.0 30.0 30.0 30.0 30.0
96.5 30.0 30.0 29.999999366973732 29.999997463061487 30.0 30.0 30.0 30.0 30.0 30.0 30.0
96.6 30.0 30.0 29.999999380442382 29.99999751440365 30.0 30.0 30.0 30.0 30.0 30.0 30.0
96.7 30.0 30.0 29.999999393624446 29.999997564709552 30.0 30.0 30.0 30.0 30.0 30.0 30.0
96.8 30.0 30.0 29.99999940652611 29.999997613999945 30.0 30.0 30.0 30.0 30.0 30.0 30.0
96.9 30.0 30.0 29.999999419153188 29.999997662295367 30.0 30.0 30.0 30.0 30.0 30.0 30.0
97.0 30.0 30.0 29.99999943151167 29.999997709615673 30.0 30.0 30.0 30.0 30.0 30.0 30.0
97.1 30.0 30.0 29.999999443607177 29.99999775598069 30.0 30.0 30.0 30.0 30.0 30.0 30.0
97.2 30.0 30.0 29.999999455445316 29.99999780140973 30.0 30.0 30.0 30.0 30.0 30.0 30.0
97.3 30.0 30.0 29.999999467031504 29.999997845921524 30.0 30.0 30.0 30.0 30.0 30.0 30.0
97.4 30.0 30.0 29.999999478371354 29.999997889534086 30.0 30.0 30.0 30.0 30.0 30.0 30.0
97.5 30.0 30.0 29.9999994894699 29.999997932266158 30.0 30.0 30.0 30.0 30.0 30.0 30.0
97.6 30.0 30.0 29.99999950033217 29.999997974135425 30.0 30.0 30.0 30.0 30.0 30.0 30.0
97.7 30.0 30.0 29.999999510963388 29.99999801515883 30.0 30.0 30.0 30.0 30.0 30.0 30.0
97.8 30.0 30.0 29.999999521368395 29.99999805535382 30.0 30.0 30.0 30.0 30.0 30.0 30.0
97.9 30.0 30.0 29.999999531552024 29.999998094736796 30.0 30.0 30.0 30.0 30.0 30.0 30.0
98.0 30.0 30.0 29.999999541518925 29.99999813332433 30.0 30.0 30.0 30.0 30.0 30.0 30.0
98.1 30.0 30.0 29.999999551273934 29.999998171132077 30.0 30.0 30.0 30.0 30.0 30.0 30.0
98.2 30.0 30.0 29.999999560821305 29.99999820817623 30.0 30.0 30.0 30.0 30.0 30.0 30.0
98.3 30.0 30.0 29.999999570165492 29.999998244471946 30.0 30.0 30.0 30.0 30.0 30.0 30.0
98.4 30.0 30.0 29.999999579310945 29.99999828003415 30.0 30.0 30.0 30.0 30.0 30.0 30.0
98.5 30.0 30.0 29.99999958826173 29.999998314877953 30.0 30.0 30.0 30.0 30.0 30.0 30.0
98.6 30.0 30.0 29.999999597022097 29.99999834901758 30.0 30.0 30.0 30.0 30.0 30.0 30.0
98.7 30.0 30.0 29.999999605596116 29.99999838246722 30.0 30.0 30.0 30.0 30.0 30.0 30.0
98.8 30.0 30.0 29.999999613987658 29.999998415241105 30.0 30.0 30.0 30.0 30.0 30.0 30.0
98.9 30.0 30.0 29.999999622200782 29.999998447352343 30.0 30.0 30.0 30.0 30.0 30.0 30.0
99.0 30.0 30.0 29.999999630238975 29.99999847881478 30.0 30.0 30.0 30.0 30.0 30.0 30.0
99.1 30.0 30.0 29.999999638106296 29.999998509641024 30.0 30.0 30.0 30.0 30.0 30.0 30.0
99.2 30.0 30.0 29.999999645806234 29.999998539844334 30.0 30.0 30.0 30.0 30.0 30.0 30.0
99.3 30.0 30.0 29.999999653342268 29.999998569437132 30.0 30.0 30.0 30.0 30.0 30.0 30.0
99.4 30.0 30.0 29.999999660717883 29.999998598431635 30.0 30.0 30.0 30.0 30.0 30.0 30.0
99.5 30.0 30.0 29.99999966793656 29.999998626839883 30.0 30.0 30.0 30.0 30.0 30.0 30.0
99.6 30.0 30.0 29.999999675001785 29.999998654673703 30.0 30.0 30.0 30.0 30.0 30.0 30.0
99.7 30.0 30.0 29.999999681916655 29.999998681944746 30.0 30.0 30.0 30.0 30.0 30.0 30.0
99.8 30.0 30.0 29.999999688684458 29.999998708664354 30.0 30.0 30.0 30.0 30.0 30.0 30.0
99.9 30.0 30.0 29.999999695308286 29.99999873484362 30.0 30.0 30.0 30.0 30.0 30.0 30.0
