0.0 30.0 30.0 30.0 30.0 30.0 30.0 30.0 30.0 30.0 30.0 30.0
0.1 30.0 30.0 30.0 30.0 30.0 30.0 30.0 30.0 30.0 30.0 30.0
0.2 30.0 30.0 30.0 30.0 30.0 30.0 30.0 30.0 30.0 30.0 30.0
0.3 30.0 30.0 30.0 30.0 30.0 30.0 30.0 30.0 30.0 30.0 30.0
0.4 30.0 30.0 30.0 30.0 30.0 30.0 30.0 30.0 30.0 30.0 30.0
0.5 30.0 30.0 30.0 30.0 30.0 30.0 30.0 30.0 30.0 30.0 30.0
0.6 30.0 30.0 30.0 30.0 30.0 30.0 30.0 30.0 30.0 30.0 30.0
0.7 30.0 30.0 30.0 30.0 30.0 30.0 30.0 30.0 30.0 30.0 30.0
0.8 30.0 30.0 30.0 30.0 30.0 30.0 30.0 30.0 30.0 30.0 30.0
0.9 30.0 30.0 30.0 30.0 30.0 30.0 30.0 30.0 30.0 30.0 30.0
1.0 30.0 30.0 30.0 30.0 30.0 30.0 30.0 30.0 30.0 30.0 30.0
1.1 30.0 30.0 30.0 30.0 30.0 30.0 30.0 30.0 30.0 30.0 30.0
1.2 30.0 30.0 30.0 30.0 30.0 30.0 30.0 30.0 30.0 30.0 30.0
1.3 30.0 30.0 30.0 30.0 30.0 30.0 30.0 30.0 30.0 30.0 30.0
1.4 30.0 30.0 30.0 30.0 30.0 30.0 30.0 30.0 30.0 30.0 30.0
1.5 30.0 30.0 30.0 30.0 30.0 30.0 30.0 30.0 30.0 30.0 30.0
1.6 30.0 30.0 30.0 30.0 30.0 30.0 30.0 30.0 30.0 30.0 30.0
1.7 30.0 30.0 30.0 30.0 30.0 30.0 30.0 30.0 30.0 30.0 30.0
1.8 30.0 30.0 30.0 30.0 30.0 30.0 30.0 30.0 30.0 30.0 30.0
1.9 30.0 30.0 30.0 30.0 30.0 30.0 30.0 30.0 30.0 30.0 30.0
2.0 30.0 30.0 30.0 30.0 30.0 30.0 30.0 30.0 30.0 30.0 30.0
2.1 30.0 30.0 30.0 30.0 30.0 30.0 30.0 30.0 30.0 30.0 30.0
2.2 30.0 30.0 30.0 30.0 30.0 30.0 30.0 30.0 30.0 30.0 30.0
2.3 30.0 30.0 30.0 30.0 30.0 30.0 30.0 30.0 30.0 30.0 30.0
2.4 30.0 30.0 30.0 30.0 30.0 30.0 30.0 30.0 30.0 30.0 30.0
2.5 30.0 30.0 30.0 30.0 30.0 30.0 30.0 30.0 30.0 30.0 30.0
2.6 30.0 30.0 30.0 30.0 30.0 30.0 30.0 30.0 30.0 30.0 30.0
2.7 30.0 30.0 30.0 30.0 30.0 30.0 30.0 30.0 30.0 30.0 30.0
2.8 30.0 30.0 30.0 30.0 30.0 30.0 30.0 30.0 30.0 30.0 30.0
2.9 30.0 30.0 30.0 30.0 30.0 30.0 30.0 30.0 30.0 30.0 30.0
3.0 30.0 30.0 30.0 30.0 30.0 30.0 30.0 30.0 30.0 30.0 30.0
3.1 30.0 30.0 30.0 30.0 30.0 30.0 30.0 30.0 30.0 30.0 30.0
3.2 30.0 30.0 30.0 30.0 30.0 30.0 30.0 30.0 30.0 30.0 30.0
3.3 30.0 30.0 30.0 30.0 30.0 30.0 30.0 30.0 30.0 30.0 30.0
3.4 30.0 30.0 30.0 30.0 30.0 30.0 30.0 30.0 30.0 30.0 30.0
3.5 30.0 30.0 30.0 30.0 30.0 30.0 30.0 30.0 30.0 30.0 30.0
3.6 30.0 30.0 30.0 30.0 30.0 30.0 30.0 30.0 30.0 30.0 30.0
3.7 30.0 30.0 30.0 30.0 30.0 30.0 30.0 30.0 30.0 30.0 30.0
3.8 30.0 30.0 30.0 30.0 30.0 30.0 30.0 30.0 30.0 30.0 30.0
3.9 30.0 30.0 30.0 30.0 30.0 30.0 30.0 30.0 30.0 30.0 30.0
4.0 30.0 30.0 30.0 30.0 30.0 30.0 30.0 30.0 30.0 30.0 30.0
4.1 30.0 30.0 30.0 30.0 30.0 30.0 30.0 30.0 30.0 30.0 30.0
4.2 30.0 30.0 30.0 30.0 30.0 30.0 30.0 30.0 30.0 30.0 30.0
4.3 30.0 30.0 30.0 30.0 30.0 30.0 30.0 30.0 30.0 30.0 30.0
4.4 30.0 30.0 30.0 30.0 30.0 30.0 30.0 30.0 30.0 30.0 30.0
4.5 30.0 30.0 30.0 30.0 30.0 30.0 30.0 30.0 30.0 30.0 30.0
4.6 30.0 30.0 30.0 30.0 30.0 30.0 30.0 30.0 30.0 30.0 30.0
4.7 30.0 30.0 30.0 30.0 30.0 30.0 30.0 30.0 30.0 30.0 30.0
4.8 30.0 30.0 30.0 30.0 30.0 30.0 30.0 30.0 30.0 30.0 30.0
4.9 30.0 30.0 30.0 30.0 30.0 30.0 30.0 30.0 30.0 30.0 30.0
5.0 30.0 30.0 30.0 30.0 30.0 30.0 30.0 30.0 30.0 30.0 30.0
5.1 30.0 30.0 30.0 30.0 30.0 30.0 30.0 30.0 30.0 30.0 30.0
5.2 30.0 30.0 30.0 30.0 30.0 30.0 30.0 30.0 30.0 30.0 30.0
5.3 30.0 30.0 30.0 30.0 30.0 30.0 30.0 30.0 30.0 30.0 30.0
5.4 30.0 30.0 30.0 30.0 30.0 30.0 30.0 30.0 30.0 30.0 30.0
5.5 30.0 30.0 30.0 30.0 30.0 30.0 30.0 30.0 30.0 30.0 30.0
5.6 30.0 30.0 30.0 30.0 30.0 30.0 30.0 30.0 30.0 30.0 30.0
5.7 30.0 30.0 30.0 30.0 30.0 30.0 30.0 30.0 30.0 30.0 30.0
5.8 30.0 30.0 30.0 30.0 30.0 30.0 30.0 30.0 30.0 30.0 30.0
5.9 30.0 30.0 30.0 30.0 30.0 30.0 30.0 30.0 30.0 30.0 30.0
6.0 30.0 30.0 30.0 30.0 30.0 30.0 30.0 30.0 30.0 30.0 30.0
6.1 30.0 30.0 30.0 30.0 30.0 30.0 30.0 30.0 30.0 30.0 30.0
6.2 30.0 30.0 30.0 30.0 30.0 30.0 30.0 30.0 30.0 30.0 30.0
6.3 30.0 30.0 30.0 30.0 30.0 30.0 30.0 30.0 30.0 30.0 30.0
6.4 30.0 30.0 30.0 30.0 30.0 30.0 30.0 30.0 30.0 30.0 30.0
6.5 30.0 30.0 30.0 30.0 30.0 30.0 30.0 30.0 30.0 30.0 30.0
6.6 30.0 30.0 30.0 30.0 30.0 30.0 30.0 30.0 30.0 30.0 30.0
6.7 30.0 30.0 30.0 30.0 30.0 30.0 30.0 30.0 30.0 30.0 30.0
6.8 30.0 30.0 30.0 30.0 30.0 30.0 30.0 30.0 30.0 30.0 30.0
6.9 30.0 30.0 30.0 30.0 30.0 30.0 30.0 30.0 30.0 30.0 30.0
7.0 30.0 30.0 30.0 30.0 30.0 30.0 30.0 30.0 30.0 30.0 30.0
7.1 30.0 30.0 30.0 30.0 30.0 30.0 30.0 30.0 30.0 30.0 30.0
7.2 30.0 30.0 30.0 30.0 30.0 30.0 30.0 30.0 30.0 30.0 30.0
7.3 30.0 30.0 30.0 30.0 30.0 30.0 30.0 30.0 30.0 30.0 30.0
7.4 30.0 30.0 30.0 30.0 30.0 30.0 30.0 30.0 30.0 30.0 30.0
7.5 30.0 30.0 30.0 30.0 30.0 30.0 30.0 30.0 30.0 30.0 30.0
7.6 30.0 30.0 30.0 30.0 30.0 30.0 30.0 30.0 30.0 30.0 30.0
7.7 30.0 30.0 30.0 30.0 30.0 30.0 30.0 30.0 30.0 30.0 30.0
7.8 30.0 30.0 30.0 30.0 30.0 30.0 30.0 30.0 30.0 30.0 30.0
7.9 30.0 30.0 30.0 30.0 30.0 30.0 30.0 30.0 30.0 30.0 30.0
8.0 30.0 30.0 30.0 30.0 30.0 30.0 30.0 30.0 30.0 30.0 30.0
8.1 30.0 30.0 30.0 30.0 30.0 30.0 30.0 30.0 30.0 30.0 30.0
8.2 30.0 29.2 30.0 30.0 30.0 30.0 30.0 30.0 30.0 30.0 30.0
8.3 30.0 28.66200000000096 30.0 30.0 30.0 30.0 30.0 30.0 30.0 30.0 30.0
8.4 30.0 28.45617777777871 30.0 30.0 30.0 30.0 30.0 30.0 30.0 30.0 30.0
8.5 30.0 28.254929382717 30.0 30.0 30.0 30.0 30.0 30.0 30.0 30.0 30.0
8.6 30.0 28.05815317421218 30.0 30.0 30.0 30.0 30.0 30.0 30.0 30.0 30.0
8.7 30.0 27.862698628757624 30.0 30.0 30.0 30.0 30.0 30.0 30.0 30.0 30.0
8.8 30.0 27.67036456901314 30.0 30.0 30.0 30.0 30.0 30.0 30.0 30.0 30.0
8.9 30.0 27.482401737899238 30.0 30.0 30.0 30.0 30.0 30.0 30.0 30.0 30.0
9.0 30.0 27.298710789310615 30.0 30.0 30.0 30.0 30.0 30.0 30.0 30.0 30.0
9.1 30.0 27.11731544047344 30.0 30.0 30.0 30.0 30.0 30.0 30.0 30.0 30.0
9.2 30.0 26.937842988369425 30.0 30.0 30.0 30.0 30.0 30.0 30.0 30.0 30.0
9.3 30.0 26.762544314221287 30.0 30.0 30.0 30.0 30.0 30.0 30.0 30.0 30.0
9.4 30.0 26.59132235342544 30.0 30.0 30.0 30.0 30.0 30.0 30.0 30.0 30.0
9.5 30.0 26.424082298694653 30.0 30.0 30.0 30.0 30.0 30.0 30.0 30.0 30.0
9.6 30.0 26.257415632027996 30.0 30.0 30.0 30.0 30.0 30.0 30.0 30.0 30.0
9.7 30.0 26.450093974724357 30.0 30.0 30.0 30.0 30.0 30.0 30.0 30.0 30.0
9.8 30.0 26.662882486940052 30.0 30.0 30.0 30.0 30.0 30.0 30.0 30.0 30.0
9.9 30.0 26.893978243057717 30.0 30.0 30.0 30.0 30.0 30.0 30.0 30.0 30.0
10.0 30.0 27.142955493219162 30.0 30.0 30.0 30.0 30.0 30.0 30.0 30.0 30.0
10.1 30.0 26.34295549321916 30.0 30.0 30.0 30.0 30.0 30.0 30.0 30.0 30.0
10.2 30.0 25.54295549321916 30.0 30.0 30.0 30.0 30.0 30.0 30.0 30.0 30.0
10.3 30.0 24.74295549321916 30.0 30.0 30.0 30.0 30.0 30.0 30.0 30.0 30.0
10.4 30.0 23.94295549321916 30.0 30.0 30.0 30.0 30.0 30.0 30.0 30.0 30.0
10.5 30.0 23.564930993393222 30.0 30.0 30.0 30.0 30.0 30.0 30.0 30.0 30.0
10.6 30.0 23.458137890998536 30.0 30.0 30.0 30.0 30.0 30.0 30.0 30.0 30.0
10.7 30.0 23.354083073280652 30.0 30.0 30.0 30.0 30.0 30.0 30.0 30.0 30.0
10.8 30.0 23.25269632781196 30.0 30.0 30.0 30.0 30.0 30.0 30.0 30.0 30.0
10.9 30.0 23.152696327812 30.0 30.0 30.0 30.0 30.0 30.0 30.0 30.0 30.0
11.0 30.0 23.05394116129067 30.0 30.0 30.0 30.0 30.0 30.0 30.0 30.0 30.0
11.1 30.0 22.957784814940936 30.0 30.0 30.0 30.0 30.0 30.0 30.0 30.0 30.0
11.2 30.0 22.86415889875828 30.0 30.0 30.0 30.0 30.0 30.0 30.0 30.0 30.0
11.3 30.0 22.77299682247519 30.0 30.0 30.0 30.0 30.0 30.0 30.0 30.0 30.0
11.4 30.0 22.68423374819954 30.0 30.0 30.0 30.0 30.0 30.0 30.0 30.0 30.0
11.5 30.0 22.597806544299544 30.0 30.0 30.0 30.0 30.0 30.0 30.0 30.0 30.0
11.6 30.0 22.90839058260745 30.0 30.0 30.0 30.0 30.0 30.0 30.0 30.0 30.0
11.7 30.0 23.241293629653235 30.0 30.0 30.0 30.0 30.0 30.0 30.0 30.0 30.0
11.8 30.0 23.5838245622262 30.0 30.0 30.0 30.0 30.0 30.0 30.0 30.0 30.0
11.9 30.0 23.94321367601528 30.0 30.0 30.0 30.0 30.0 30.0 30.0 30.0 30.0
12.0 30.0 23.14321367601528 30.0 30.0 30.0 30.0 30.0 30.0 30.0 30.0 30.0
12.1 30.0 22.343213676015278 30.0 30.0 30.0 30.0 30.0 30.0 30.0 30.0 30.0
12.2 30.0 21.543213676015277 30.0 30.0 30.0 30.0 30.0 30.0 30.0 30.0 30.0
12.3 30.0 20.743213676015277 30.0 30.0 30.0 30.0 30.0 30.0 30.0 30.0 30.0
12.4 30.0 20.41340757098644 30.0 30.0 30.0 30.0 30.0 30.0 30.0 30.0 30.0
12.5 30.0 20.384453068958276 30.0 30.0 30.0 30.0 30.0 30.0 30.0 30.0 30.0
12.6 30.0 20.3563258384166 30.0 30.0 30.0 30.0 30.0 30.0 30.0 30.0 30.0
12.7 30.0 20.329002243033308 30.0 30.0 30.0 30.0 30.0 30.0 30.0 30.0 30.0
12.8 30.0 20.302459321803788 30.0 30.0 30.0 30.0 30.0 30.0 30.0 30.0 30.0
12.9 30.0 20.27667476975227 30.0 30.0 30.0 30.0 30.0 30.0 30.0 30.0 30.0
13.0 30.0 20.25162691918793 30.0 30.0 30.0 30.0 30.0 30.0 30.0 30.0 30.0
13.1 30.0 20.22729472149689 30.0 30.0 30.0 30.0 30.0 30.0 30.0 30.0 30.0
13.2 30.0 20.203657729454147 30.0 30.0 30.0 30.0 30.0 30.0 30.0 30.0 30.0
13.3 30.0 20.180696080041155 30.0 30.0 30.0 30.0 30.0 30.0 30.0 30.0 30.0
13.4 30.0 20.15839047775425 30.0 30.0 30.0 30.0 30.0 30.0 30.0 30.0 30.0
13.5 30.0 20.56529360696127 30.0 30.0 30.0 30.0 30.0 30.0 30.0 30.0 30.0
13.6 30.0 20.989443962130043 30.0 30.0 30.0 30.0 30.0 30.0 30.0 30.0 30.0
13.7 30.0 21.423070518737507 30.0 30.0 30.0 30.0 30.0 30.0 30.0 30.0 30.0
13.8 30.0 21.865066706913804 30.0 30.0 30.0 30.0 30.0 30.0 30.0 30.0 30.0
13.9 30.0 21.065066706913804 30.0 30.0 30.0 30.0 30.0 30.0 30.0 30.0 30.0
14.0 30.0 20.265066706913803 30.0 30.0 30.0 30.0 30.0 30.0 30.0 30.0 30.0
14.1 30.0 19.465066706913802 30.0 30.0 30.0 30.0 30.0 30.0 30.0 30.0 30.0
14.2 30.0 18.6650667069138 30.0 30.0 30.0 30.0 30.0 30.0 30.0 30.0 30.0
14.3 30.0 18.37756670691399 30.0 30.0 30.0 30.0 30.0 30.0 30.0 30.0 30.0
14.4 30.0 18.40922933073743 30.0 30.0 30.0 30.0 30.0 30.0 30.0 30.0 30.0
14.5 30.0 18.439252684351484 30.0 30.0 30.0 30.0 30.0 30.0 30.0 30.0 30.0
14.6 30.0 18.468366239371132 30.0 30.0 30.0 30.0 30.0 30.0 30.0 30.0 30.0
14.7 30.0 18.49659756545079 30.0 30.0 30.0 30.0 30.0 30.0 30.0 30.0 30.0
14.8 30.0 18.523973396800756 30.0 30.0 30.0 30.0 30.0 30.0 30.0 30.0 30.0
14.9 30.0 18.5505196575038 30.0 30.0 30.0 30.0 30.0 30.0 30.0 30.0 30.0
15.0 30.0 18.576261486064244 30.0 30.0 30.0 30.0 30.0 30.0 30.0 30.0 30.0
15.1 30.0 18.601223259213832 30.0 30.0 30.0 30.0 30.0 30.0 30.0 30.0 30.0
15.2 30.0 18.62542861499519 30.0 30.0 30.0 30.0 30.0 30.0 30.0 30.0 30.0
15.3 30.0 18.648900475146842 30.0 30.0 30.0 30.0 30.0 30.0 30.0 30.0 30.0
15.4 30.0 19.12620652135455 30.0 30.0 30.0 30.0 30.0 30.0 30.0 30.0 30.0
15.5 30.0 19.61290025539249 30.0 30.0 30.0 30.0 30.0 30.0 30.0 30.0 30.0
15.6 30.0 20.109305955084313 30.0 30.0 30.0 30.0 30.0 30.0 30.0 30.0 30.0
15.7 30.0 20.609040070653297 30.0 30.0 30.0 30.0 30.0 30.0 30.0 30.0 30.0
15.8 30.0 19.809040070653296 30.0 30.0 30.0 30.0 30.0 30.0 30.0 30.0 30.0
15.9 30.0 19.009040070653295 30.0 30.0 30.0 30.0 30.0 30.0 30.0 30.0 30.0
16.0 30.0 18.209040070653295 30.0 30.0 30.0 30.0 30.0 30.0 30.0 30.0 30.0
16.1 30.0 17.409040070653294 30.0 30.0 30.0 30.0 30.0 30.0 30.0 30.0 30.0
16.2 30.0 17.144232326438967 30.0 30.0 30.0 30.0 30.0 30.0 30.0 30.0 30.0
16.3 30.0 17.21699902558605 30.0 30.0 30.0 30.0 30.0 30.0 30.0 30.0 30.0
16.4 30.0 17.287418411857484 30.0 30.0 30.0 30.0 30.0 30.0 30.0 30.0 30.0
16.5 30.0 17.355566205023422 30.0 30.0 30.0 30.0 30.0 30.0 30.0 30.0 30.0
16.6 30.0 17.421515682280734 30.0 30.0 30.0 30.0 30.0 30.0 30.0 30.0 30.0
16.7 30.0 17.485337757045876 30.0 30.0 30.0 30.0 30.0 30.0 30.0 30.0 30.0
16.8 30.0 17.547101055205637 30.0 30.0 30.0 30.0 30.0 30.0 30.0 30.0 30.0
16.9 30.0 17.606657239255277 30.0 30.0 30.0 30.0 30.0 30.0 30.0 30.0 30.0
17.0 30.0 17.6626992005285 30.0 30.0 30.0 30.0 30.0 30.0 30.0 30.0 30.0
17.1 30.0 17.71698985051203 30.0 30.0 30.0 30.0 30.0 30.0 30.0 30.0 30.0
17.2 30.0 17.76958391768361 30.0 30.0 30.0 30.0 30.0 30.0 30.0 30.0 30.0
17.3 30.0 18.28928442025599 30.0 30.0 30.0 30.0 30.0 30.0 30.0 30.0 30.0
17.4 30.0 18.817206576604065 30.0 30.0 30.0 30.0 30.0 30.0 30.0 30.0 30.0
17.5 30.0 19.351488542686127 30.0 30.0 30.0 30.0 30.0 30.0 30.0 30.0 30.0
17.6 30.0 19.88820946790126 30.0 30.0 30.0 30.0 30.0 30.0 30.0 30.0 30.0
17.7 30.0 19.088209467901258 30.0 30.0 30.0 30.0 30.0 30.0 30.0 30.0 30.0
17.8 30.0 18.288209467901257 29.66353435721218 30.0 30.0 30.0 30.0 30.0 30.0 30.0 30.0
17.9 30.0 17.488209467901257 29.020056096342604 30.0 30.0 30.0 30.0 30.0 30.0 30.0 30.0
18.0 30.0 16.688209467901256 28.38005609634262 30.0 30.0 30.0 30.0 30.0 30.0 30.0 30.0
18.1 30.0 16.43860248563823 27.74369245997898 30.0 30.0 30.0 30.0 30.0 30.0 30.0 30.0
18.2 30.0 16.537315736117026 27.373300877715295 30.0 30.0 30.0 30.0 30.0 30.0 30.0 30.0
18.3 30.0 16.632738544913106 27.171244615987227 30.0 30.0 30.0 30.0 30.0 30.0 30.0 30.0
18.4 30.0 16.72498059341602 26.970545781216217 30.0 30.0 30.0 30.0 30.0 30.0 30.0 30.0
18.5 30.0 16.813691522873036 26.77518010173392 30.0 30.0 30.0 30.0 30.0 30.0 30.0 30.0
18.6 30.0 16.897120828586758 26.585096881574678 30.0 30.0 30.0 30.0 30.0 30.0 30.0 30.0
18.7 30.0 16.977858866374365 26.400539657551338 30.0 30.0 30.0 30.0 30.0 30.0 30.0 30.0
18.8 30.0 17.055992451330003 26.216571982787407 30.0 30.0 30.0 30.0 30.0 30.0 30.0 30.0
18.9 30.0 17.13160559806137 26.037529738801936 30.0 30.0 30.0 30.0 30.0 30.0 30.0 30.0
19.0 30.0 17.204779611027178 25.863290499292848 30.0 30.0 30.0 30.0 30.0 30.0 30.0 30.0
19.1 30.0 17.275593171961738 25.69372248462664 30.0 30.0 30.0 30.0 30.0 30.0 30.0 30.0
19.2 30.0 17.82086859871412 25.52695853222638 30.0 30.0 30.0 30.0 30.0 30.0 30.0 30.0
19.3 30.0 18.37646645500427 25.623115772578167 30.0 30.0 30.0 30.0 30.0 30.0 30.0 30.0
19.4 30.0 18.929407881973617 25.74160395164511 30.0 30.0 30.0 30.0 30.0 30.0 30.0 30.0
19.5 30.0 19.486501535975112 25.881649742255266 30.0 30.0 30.0 30.0 30.0 30.0 30.0 30.0
19.6 30.0 18.68650153597511 26.041280870153603 30.0 30.0 30.0 30.0 30.0 30.0 30.0 30.0
19.7 30.0 17.88650153597511 25.41689062625118 30.0 30.0 30.0 30.0 30.0 30.0 30.0 30.0
19.8 30.0 17.08650153597511 24.796890626251205 30.0 30.0 30.0 30.0 30.0 30.0 30.0 30.0
19.9 30.0 16.28650153597511 24.17696836059483 30.0 30.0 30.0 30.0 30.0 30.0 30.0 30.0
20.0 30.0 16.050284818109525 23.561583745210218 30.0 30.0 30.0 30.0 30.0 30.0 30.0 30.0
20.1 30.0 16.161941990839168 23.2478495584305 30.0 30.0 30.0 30.0 30.0 30.0 30.0 30.0
20.2 30.0 16.269877257811178 23.12140443857351 30.0 30.0 30.0 30.0 30.0 30.0 30.0 30.0
20.3 30.0 15.469877257811177 22.32140443857351 29.2 29.2 29.2 29.2 29.2 29.2 29.2 29.2
20.4 30.0 14.669877257811176 21.52140443857351 28.4 28.4 28.4 28.4 28.4 28.4 28.4 28.4
20.5 30.0 13.869877257811176 20.721404438573508 27.599999999999998 27.599999999999998 27.599999999999998 27.599999999999998 27.599999999999998 27.599999999999998 27.599999999999998 27.599999999999998
20.6 30.0 13.069877257811175 19.921404438573507 26.799999999999997 26.799999999999997 26.799999999999997 26.799999999999997 26.799999999999997 26.799999999999997 26.799999999999997 26.799999999999997
20.7 30.0 13.069877257811175 19.921404438573507 26.799999999999997 26.799999999999997 26.799999999999997 26.799999999999997 26.799999999999997 26.799999999999997 26.799999999999997 26.799999999999997
20.8 30.0 13.069877257811175 19.921404438573507 26.799999999999997 26.799999999999997 26.799999999999997 26.799999999999997 26.799999999999997 26.799999999999997 26.799999999999997 26.799999999999997
20.9 30.0 13.069877257811175 19.921404438573507 26.799999999999997 26.799999999999997 26.799999999999997 26.799999999999997 26.799999999999997 26.799999999999997 26.799999999999997 26.799999999999997
21.0 30.0 13.069877257811175 19.921404438573507 26.799999999999997 26.799999999999997 26.799999999999997 26.799999999999997 26.799999999999997 26.799999999999997 26.799999999999997 26.799999999999997
21.1 30.0 13.069877257811175 19.918494716092226 26.799999999999997 26.799999999999997 26.799999999999997 26.799999999999997 26.799999999999997 26.799999999999997 26.799999999999997 26.799999999999997
21.2 30.0 13.069877257811175 19.717064790848656 26.799999999999997 26.799999999999997 26.799999999999997 26.799999999999997 26.799999999999997 26.799999999999997 26.799999999999997 26.799999999999997
21.3 30.0 13.069877257811175 19.52155927517115 26.799999999999997 26.799999999999997 26.799999999999997 26.799999999999997 26.799999999999997 26.799999999999997 26.799999999999997 26.799999999999997
21.4 30.0 13.069877257811175 19.331803921719402 26.799999999999997 26.799999999999997 26.799999999999997 26.799999999999997 26.799999999999997 26.799999999999997 26.799999999999997 26.799999999999997
21.5 30.0 13.069877257811175 19.14604262650163 26.799999999999997 26.799999999999997 26.799999999999997 26.799999999999997 26.799999999999997 26.799999999999997 26.799999999999997 26.799999999999997
21.6 30.0 13.069877257811175 18.96191640320798 26.799999999999997 26.799999999999997 26.799999999999997 26.799999999999997 26.799999999999997 26.799999999999997 26.799999999999997 26.799999999999997
21.7 30.0 13.069877257811175 18.783369762438383 26.799999999999997 26.799999999999997 26.799999999999997 26.799999999999997 26.799999999999997 26.799999999999997 26.799999999999997 26.799999999999997
21.8 30.0 13.069877257811175 18.61023362593463 26.799999999999997 26.799999999999997 26.799999999999997 26.799999999999997 26.799999999999997 26.799999999999997 26.799999999999997 26.799999999999997
21.9 30.0 13.069877257811175 18.442344039021787 26.799999999999997 26.799999999999997 26.799999999999997 26.799999999999997 26.799999999999997 26.799999999999997 26.799999999999997 26.799999999999997
22.0 30.0 13.069877257811175 18.275777703328423 26.799999999999997 26.799999999999997 26.799999999999997 26.799999999999997 26.799999999999997 26.799999999999997 26.799999999999997 26.799999999999997
22.1 30.0 13.069877257811175 18.113093314406022 26.799999999999997 26.799999999999997 26.799999999999997 26.799999999999997 26.799999999999997 26.799999999999997 26.799999999999997 26.799999999999997
22.2 30.0 13.069877257811175 17.95549281263751 26.799999999999997 26.799999999999997 26.799999999999997 26.799999999999997 26.799999999999997 26.799999999999997 26.799999999999997 26.799999999999997
22.3 30.0 13.069877257811175 17.80281732654918 26.799999999999997 26.799999999999997 26.799999999999997 26.799999999999997 26.799999999999997 26.799999999999997 26.799999999999997 26.799999999999997
22.4 30.0 13.069877257811175 17.6549129494011 26.799999999999997 26.799999999999997 26.799999999999997 26.799999999999997 26.799999999999997 26.799999999999997 26.799999999999997 26.799999999999997
22.5 30.0 13.069877257811175 17.50877995771762 26.799999999999997 26.799999999999997 26.799999999999997 26.799999999999997 26.799999999999997 26.799999999999997 26.799999999999997 26.799999999999997
22.6 30.0 13.069877257811175 17.36558954804332 26.799999999999997 26.799999999999997 26.799999999999997 26.799999999999997 26.799999999999997 26.799999999999997 26.799999999999997 26.799999999999997
22.7 30.0 13.069877257811175 17.227018183842297 26.799999999999997 26.799999999999997 26.799999999999997 26.799999999999997 26.799999999999997 26.799999999999997 26.799999999999997 26.799999999999997
22.8 30.0 13.069877257811175 17.092916863647737 26.799999999999997 26.799999999999997 26.799999999999997 26.799999999999997 26.799999999999997 26.799999999999997 26.799999999999997 26.799999999999997
22.9 30.0 13.069877257811175 16.96314139249174 26.799999999999997 26.799999999999997 26.799999999999997 26.799999999999997 26.799999999999997 26.799999999999997 26.799999999999997 26.799999999999997
23.0 30.0 13.069877257811175 16.837552226856868 26.799999999999997 26.799999999999997 26.799999999999997 26.799999999999997 26.799999999999997 26.799999999999997 26.799999999999997 26.799999999999997
23.1 30.0 13.069877257811175 16.71321480211728 26.799999999999997 26.799999999999997 26.799999999999997 26.799999999999997 26.799999999999997 26.799999999999997 26.799999999999997 26.799999999999997
23.2 30.0 13.069877257811175 16.59177021730715 26.799999999999997 26.799999999999997 26.799999999999997 26.799999999999997 26.799999999999997 26.799999999999997 26.799999999999997 26.799999999999997
23.3 30.0 13.069877257811175 16.47437378532405 26.799999999999997 26.799999999999997 26.799999999999997 26.799999999999997 26.799999999999997 26.799999999999997 26.799999999999997 26.799999999999997
23.4 30.0 13.069877257811175 16.36089056774039 26.799999999999997 26.799999999999997 26.799999999999997 26.799999999999997 26.799999999999997 26.799999999999997 26.799999999999997 26.799999999999997
23.5 30.0 13.069877257811175 16.251190124076167 26.799999999999997 26.799999999999997 26.799999999999997 26.799999999999997 26.799999999999997 26.799999999999997 26.799999999999997 26.799999999999997
23.6 30.0 13.069877257811175 16.145146361867386 26.799999999999997 26.799999999999997 26.799999999999997 26.799999999999997 26.799999999999997 26.799999999999997 26.799999999999997 26.799999999999997
23.7 30.0 13.069877257811175 16.042637391732182 26.799999999999997 26.799999999999997 26.799999999999997 26.799999999999997 26.799999999999997 26.799999999999997 26.799999999999997 26.799999999999997
23.8 30.0 13.069877257811175 15.941598676484295 26.799999999999997 26.799999999999997 26.799999999999997 26.799999999999997 26.799999999999997 26.799999999999997 26.799999999999997 26.799999999999997
23.9 30.0 13.069877257811175 15.84257379997831 26.799999999999997 26.799999999999997 26.799999999999997 26.799999999999997 26.799999999999997 26.799999999999997 26.799999999999997 26.799999999999997
24.0 30.0 13.069877257811175 15.746963574386404 26.799999999999997 26.799999999999997 26.799999999999997 26.799999999999997 26.799999999999997 26.799999999999997 26.799999999999997 26.799999999999997
24.1 30.0 13.069877257811175 15.654650253125173 26.799999999999997 26.799999999999997 26.799999999999997 26.799999999999997 26.799999999999997 26.799999999999997 26.799999999999997 26.799999999999997
24.2 30.0 13.069877257811175 15.565520149838457 26.799999999999997 26.799999999999997 26.799999999999997 26.799999999999997 26.799999999999997 26.799999999999997 26.799999999999997 26.799999999999997
24.3 30.0 13.069877257811175 15.479463498389256 26.799999999999997 26.799999999999997 26.799999999999997 26.799999999999997 26.799999999999997 26.799999999999997 26.799999999999997 26.799999999999997
24.4 30.0 13.069877257811175 15.396374317679657 26.799999999999997 26.799999999999997 26.799999999999997 26.799999999999997 26.799999999999997 26.799999999999997 26.799999999999997 26.799999999999997
24.5 30.0 13.069877257811175 15.316150281132533 26.799999999999997 26.799999999999997 26.799999999999997 26.799999999999997 26.799999999999997 26.799999999999997 26.799999999999997 26.799999999999997
24.6 30.0 13.669877257811175 15.23869259067322 27.4 27.4 27.4 27.4 27.4 27.4 27.4 27.4
24.7 30.0 14.269877257811174 15.518039553602502 28.0 28.0 28.0 28.0 28.0 28.0 28.0 28.0
24.8 30.0 14.869877257811174 15.82672361236829 28.043193694838255 28.6 28.6 28.6 28.6 28.6 28.6 28.6
24.9 30.0 15.469877257811174 16.156267188731167 27.899823711404544 29.200000000000003 29.200000000000003 29.200000000000003 29.200000000000003 29.200000000000003 29.200000000000003 29.200000000000003
25.0 30.0 16.069877257811175 16.502383432960873 27.77877913451708 29.800000000000004 29.800000000000004 29.800000000000004 29.800000000000004 29.800000000000004 29.800000000000004 29.800000000000004
25.1 30.0 16.669877257811176 16.868028195854354 27.67982297958611 30.0 30.0 30.0 30.0 30.0 30.0 30.0
25.2 30.0 17.269877257811178 17.248733004304523 27.601848631176864 30.0 30.0 30.0 30.0 30.0 30.0 30.0
25.3 30.0 17.86987725781118 17.6500545201488 27.54825057096281 30.0 30.0 30.0 30.0 30.0 30.0 30.0
25.4 30.0 18.46987725781118 18.059107645007366 27.51596898691886 30.0 30.0 30.0 30.0 30.0 30.0 30.0
25.5 30.0 19.069877257811182 18.484002773056087 27.50556688248656 30.0 30.0 30.0 30.0 30.0 30.0 30.0
25.6 30.0 19.669877257811184 18.9199383635032 27.514888052502418 30.0 30.0 30.0 30.0 30.0 30.0 30.0
25.7 30.0 20.269877257811185 19.36993476905078 27.5474237091225 30.0 30.0 30.0 30.0 30.0 30.0 30.0
25.8 30.0 20.869877257811186 19.8278706439499 27.600659235408333 30.0 30.0 30.0 30.0 30.0 30.0 30.0
25.9 30.0 21.469877257811188 20.293128164741976 27.673788153729216 30.0 30.0 30.0 30.0 30.0 30.0 30.0
26.0 30.0 22.06987725781119 20.772463853115394 27.766484714519272 30.0 30.0 30.0 30.0 30.0 30.0 30.0
26.1 30.0 22.66987725781119 21.25565348670972 27.879879517881278 30.0 30.0 30.0 30.0 30.0 30.0 30.0
26.2 30.0 23.269877257811192 21.748314231093627 28.013908157381607 30.0 30.0 30.0 30.0 30.0 30.0 30.0
26.3 30.0 23.869877257811194 22.245380184729537 28.162617038688015 30.0 30.0 30.0 30.0 30.0 30.0 30.0
26.4 30.0 24.469877257811195 22.750093787054563 28.329362458559412 30.0 30.0 30.0 30.0 30.0 30.0 30.0
26.5 30.0 25.069877257811196 23.263928836836982 28.51598673363333 30.0 30.0 30.0 30.0 30.0 30.0 30.0
26.6 30.0 25.669877257811198 23.778693597831484 28.720414563276634 30.0 30.0 30.0 30.0 30.0 30.0 30.0
26.7 30.0 26.2698772578112 24.29825278083041 28.93924157501837 30.0 30.0 30.0 30.0 30.0 30.0 30.0
26.8 30.0 26.8698772578112 24.826871602687667 29.172382450966502 30.0 30.0 30.0 30.0 30.0 30.0 30.0
26.9 30.0 27.469877257811202 25.35645411275924 29.42325039466489 30.0 30.0 30.0 30.0 30.0 30.0 30.0
27.0 30.0 28.069877257811203 25.890426643476093 29.689782546487127 30.0 30.0 30.0 30.0 30.0 30.0 30.0
27.1 30.0 28.669877257811205 26.429005741817257 29.967319125054946 30.0 30.0 30.0 30.0 30.0 30.0 30.0
27.2 30.0 29.269877257811206 26.969491125910203 30.0 30.0 30.0 30.0 30.0 30.0 30.0 30.0
27.3 30.0 29.869877257811208 27.514963222814796 30.0 30.0 30.0 30.0 30.0 30.0 30.0 30.0
27.4 30.0 30.0 28.064070513259058 30.0 30.0 30.0 30.0 30.0 30.0 30.0 30.0
27.5 30.0 30.0 28.214080978764063 30.0 30.0 30.0 30.0 30.0 30.0 30.0 30.0
27.6 30.0 30.0 28.253768068124856 30.0 30.0 30.0 30.0 30.0 30.0 30.0 30.0
27.7 30.0 30.0 28.292573222166517 30.0 30.0 30.0 30.0 30.0 30.0 30.0 30.0
27.8 30.0 30.0 28.330516039451723 30.0 30.0 30.0 30.0 30.0 30.0 30.0 30.0
27.9 30.0 30.0 28.367615683019498 30.0 30.0 30.0 30.0 30.0 30.0 30.0 30.0
28.0 30.0 30.0 28.403890890063522 30.0 30.0 30.0 30.0 30.0 30.0 30.0 30.0
28.1 30.0 30.0 28.43935998139546 30.0 30.0 30.0 30.0 30.0 30.0 30.0 30.0
28.2 30.0 30.0 28.474040870697817 30.0 30.0 30.0 30.0 30.0 30.0 30.0 30.0
28.3 30.0 30.0 28.507951073571224 30.0 30.0 30.0 30.0 30.0 30.0 30.0 30.0
28.4 30.0 30.0 28.541107716380772 30.0 30.0 30.0 30.0 30.0 30.0 30.0 30.0
28.5 30.0 30.0 28.573527544905602 30.0 30.0 30.0 30.0 30.0 30.0 30.0 30.0
28.6 30.0 30.0 28.60522693279662 30.0 30.0 30.0 30.0 30.0 30.0 30.0 30.0
28.7 30.0 30.0 28.636221889845604 30.0 30.0 30.0 30.0 30.0 30.0 30.0 30.0
28.8 30.0 30.0 28.666528070071237 30.0 30.0 30.0 30.0 30.0 30.0 30.0 30.0
28.9 30.0 30.0 28.696160779625217 30.0 30.0 30.0 30.0 30.0 30.0 30.0 30.0
29.0 30.0 30.0 28.725134984522384 30.0 30.0 30.0 30.0 30.0 30.0 30.0 30.0
29.1 30.0 30.0 28.753465318199616 30.0 30.0 30.0 30.0 30.0 30.0 30.0 30.0
29.2 30.0 30.0 28.78116608890628 30.0 30.0 30.0 30.0 30.0 30.0 30.0 30.0
29.3 30.0 30.0 28.808071911127737 30.0 30.0 30.0 30.0 30.0 30.0 30.0 30.0
29.4 30.0 30.0 28.833983391320654 30.0 30.0 30.0 30.0 30.0 30.0 30.0 30.0
29.5 30.0 30.0 28.859331578465902 30.0 30.0 30.0 30.0 30.0 30.0 30.0 30.0
29.6 30.0 30.0 28.884128718064495 30.0 30.0 30.0 30.0 30.0 30.0 30.0 30.0
29.7 30.0 30.0 28.90838678941093 30.0 30.0 30.0 30.0 30.0 30.0 30.0 30.0
29.8 30.0 30.0 28.932117511380227 30.0 30.0 30.0 30.0 30.0 30.0 30.0 30.0
29.9 30.0 30.0 28.955332348089335 30.0 30.0 30.0 30.0 30.0 30.0 30.0 30.0
30.0 30.0 30.0 28.978042514435177 30.0 30.0 30.0 30.0 30.0 30.0 30.0 30.0
30.1 30.0 30.0 29.000258981512648 30.0 30.0 30.0 30.0 30.0 30.0 30.0 30.0
30.2 30.0 30.0 29.02199248191452 30.0 30.0 30.0 30.0 30.0 30.0 30.0 30.0
30.3 30.0 30.0 29.04325351491633 30.0 30.0 30.0 30.0 30.0 30.0 30.0 30.0
30.4 30.0 30.0 29.064052351548618 30.0 30.0 30.0 30.0 30.0 30.0 30.0 30.0
30.5 30.0 30.0 29.08439903955839 30.0 30.0 30.0 30.0 30.0 30.0 30.0 30.0
30.6 30.0 30.0 29.104303408263675 30.0 30.0 30.0 30.0 30.0 30.0 30.0 30.0
30.7 30.0 30.0 29.123775073301452 30.0 30.0 30.0 30.0 30.0 30.0 30.0 30.0
30.8 30.0 30.0 29.142823441273116 30.0 30.0 30.0 30.0 30.0 30.0 30.0 30.0
30.9 30.0 30.0 29.161457714288876 30.0 30.0 30.0 30.0 30.0 30.0 30.0 30.0
31.0 30.0 30.0 29.179686894413006 30.0 30.0 30.0 30.0 30.0 30.0 30.0 30.0
31.1 30.0 30.0 29.197519788012723 30.0 30.0 30.0 30.0 30.0 30.0 30.0 30.0
31.2 30.0 30.0 29.214965010012445 30.0 30.0 30.0 30.0 30.0 30.0 30.0 30.0
31.3 30.0 30.0 29.232030988055605 30.0 30.0 30.0 30.0 30.0 30.0 30.0 30.0
31.4 30.0 30.0 29.248725966576146 30.0 30.0 30.0 30.0 30.0 30.0 30.0 30.0
31.5 30.0 30.0 29.265058010780997 30.0 30.0 30.0 30.0 30.0 30.0 30.0 30.0
31.6 30.0 30.0 29.281035010546585 30.0 30.0 30.0 30.0 30.0 30.0 30.0 30.0
31.7 30.0 30.0 29.2966646842304 30.0 30.0 30.0 30.0 30.0 30.0 30.0 30.0
31.8 30.0 30.0 29.31195458239932 30.0 30.0 30.0 30.0 30.0 30.0 30.0 30.0
31.9 30.0 30.0 29.326912091477595 30.0 30.0 30.0 30.0 30.0 30.0 30.0 30.0
32.0 30.0 30.0 29.341544437315022 30.0 30.0 30.0 30.0 30.0 30.0 30.0 30.0
32.1 30.0 30.0 29.35585868867772 30.0 30.0 30.0 30.0 30.0 30.0 30.0 30.0
32.2 30.0 30.0 29.369861760662996 30.0 30.0 30.0 30.0 30.0 30.0 30.0 30.0
32.3 30.0 30.0 29.38356041803984 30.0 30.0 30.0 30.0 30.0 30.0 30.0 30.0
32.4 30.0 30.0 29.396961278517203 30.0 30.0 30.0 30.0 30.0 30.0 30.0 30.0
32.5 30.0 30.0 29.410070815940752 30.0 30.0 30.0 30.0 30.0 30.0 30.0 30.0
32.6 30.0 30.0 29.42289536342035 30.0 30.0 30.0 30.0 30.0 30.0 30.0 30.0
32.7 30.0 30.0 29.435441116389516 30.0 30.0 30.0 30.0 30.0 30.0 30.0 30.0
32.8 30.0 30.0 29.44771413559846 30.0 30.0 30.0 30.0 30.0 30.0 30.0 30.0
32.9 30.0 30.0 29.459720350041955 30.0 30.0 30.0 30.0 30.0 30.0 30.0 30.0
33.0 30.0 30.0 29.47146555982366 30.0 30.0 30.0 30.0 30.0 30.0 30.0 30.0
33.1 30.0 30.0 29.482955438957948 30.0 30.0 30.0 30.0 30.0 30.0 30.0 30.0
33.2 30.0 30.0 29.494195538111054 30.0 30.0 30.0 30.0 30.0 30.0 30.0 30.0
33.3 30.0 30.0 29.505191287282596 30.0 30.0 30.0 30.0 30.0 30.0 30.0 30.0
33.4 30.0 30.0 29.515947998428672 30.0 30.0 30.0 30.0 30.0 30.0 30.0 30.0
33.5 30.0 30.0 29.52647086802803 30.0 30.0 30.0 30.0 30.0 30.0 30.0 30.0
33.6 30.0 30.0 29.53676497959266 30.0 30.0 30.0 30.0 30.0 30.0 30.0 30.0
33.7 30.0 30.0 29.54683530612324 30.0 30.0 30.0 30.0 30.0 30.0 30.0 30.0
33.8 30.0 30.0 29.556686712511862 30.0 30.0 30.0 30.0 30.0 30.0 30.0 30.0
33.9 30.0 30.0 29.566323957892024 30.0 30.0 30.0 30.0 30.0 30.0 30.0 30.0
34.0 30.0 30.0 29.575751697937836 30.0 30.0 30.0 30.0 30.0 30.0 30.0 30.0
34.1 30.0 30.0 29.58497448711307 30.0 30.0 30.0 30.0 30.0 30.0 30.0 30.0
34.2 30.0 30.0 29.593996780871525 30.0 30.0 30.0 30.0 30.0 30.0 30.0 30.0
34.3 30.0 30.0 29.6027628753025 30.0 30.0 30.0 30.0 30.0 30.0 30.0 30.0
34.4 30.0 30.0 29.61121472901948 30.0 30.0 30.0 30.0 30.0 30.0 30.0 30.0
34.5 30.0 30.0 29.619486756061598 30.0 30.0 30.0 30.0 30.0 30.0 30.0 30.0
34.6 30.0 30.0 29.62758278252841 30.0 30.0 30.0 30.0 30.0 30.0 30.0 30.0
34.7 30.0 30.0 29.635506553112933 30.0 30.0 30.0 30.0 30.0 30.0 30.0 30.0
34.8 30.0 30.0 29.643261732833924 30.0 30.0 30.0 30.0 30.0 30.0 30.0 30.0
34.9 30.0 30.0 29.650851908731042 30.0 30.0 30.0 30.0 30.0 30.0 30.0 30.0
35.0 30.0 30.0 29.658280591523976 30.0 30.0 30.0 30.0 30.0 30.0 30.0 30.0
35.1 30.0 30.0 29.66555121723621 30.0 30.0 30.0 30.0 30.0 30.0 30.0 30.0
35.2 30.0 30.0 29.67266714878439 30.0 30.0 30.0 30.0 30.0 30.0 30.0 30.0
35.3 30.0 30.0 29.679631677533667 30.0 30.0 30.0 30.0 30.0 30.0 30.0 30.0
35.4 30.0 30.0 29.686448024820226 30.0 30.0 30.0 30.0 30.0 30.0 30.0 30.0
35.5 30.0 30.0 29.693119343441026 30.0 30.0 30.0 30.0 30.0 30.0 30.0 30.0
35.6 30.0 30.0 29.699648719112474 30.0 30.0 30.0 30.0 30.0 30.0 30.0 30.0
35.7 30.0 30.0 29.70603917189735 30.0 30.0 30.0 30.0 30.0 30.0 30.0 30.0
35.8 30.0 30.0 29.71229365760167 30.0 30.0 30.0 30.0 30.0 30.0 30.0 30.0
35.9 30.0 30.0 29.718415069142022 30.0 30.0 30.0 30.0 30.0 30.0 30.0 30.0
36.0 30.0 30.0 29.724406237883684 30.0 30.0 30.0 30.0 30.0 30.0 30.0 30.0
36.1 30.0 30.0 29.73026993495 30.0 30.0 30.0 30.0 30.0 30.0 30.0 30.0
36.2 30.0 30.0 29.73600887250429 30.0 30.0 30.0 30.0 30.0 30.0 30.0 30.0
36.3 30.0 30.0 29.741625705004175 30.0 30.0 30.0 30.0 30.0 30.0 30.0 30.0
36.4 30.0 30.0 29.74712303042959 30.0 30.0 30.0 30.0 30.0 30.0 30.0 30.0
36.5 30.0 30.0 29.752503391484293 30.0 30.0 30.0 30.0 30.0 30.0 30.0 30.0
36.6 30.0 30.0 29.757769276771896 30.0 30.0 30.0 30.0 30.0 30.0 30.0 30.0
36.7 30.0 30.0 29.762923121946983 30.0 30.0 30.0 30.0 30.0 30.0 30.0 30.0
36.8 30.0 30.0 29.76796731084171 30.0 30.0 30.0 30.0 30.0 30.0 30.0 30.0
36.9 30.0 30.0 29.772904176568506 30.0 30.0 30.0 30.0 30.0 30.0 30.0 30.0
37.0 30.0 30.0 29.777736002598918 30.0 30.0 30.0 30.0 30.0 30.0 30.0 30.0
37.1 30.0 30.0 29.782465023820247 30.0 30.0 30.0 30.0 30.0 30.0 30.0 30.0
37.2 30.0 30.0 29.7870934275688 30.0 30.0 30.0 30.0 30.0 30.0 30.0 30.0
37.3 30.0 30.0 29.791623354641843 30.0 30.0 30.0 30.0 30.0 30.0 30.0 30.0
37.4 30.0 30.0 29.796056900287795 30.0 30.0 30.0 30.0 30.0 30.0 30.0 30.0
37.5 30.0 30.0 29.80039611517532 30.0 30.0 30.0 30.0 30.0 30.0 30.0 30.0
37.6 30.0 30.0 29.804643006341824 30.0 30.0 30.0 30.0 30.0 30.0 30.0 30.0
37.7 30.0 30.0 29.808799538121793 30.0 30.0 30.0 30.0 30.0 30.0 30.0 30.0
37.8 30.0 30.0 29.812867633055347 30.0 30.0 30.0 30.0 30.0 30.0 30.0 30.0
37.9 30.0 30.0 29.816849172777598 30.0 30.0 30.0 30.0 30.0 30.0 30.0 30.0
38.0 30.0 30.0 29.820745998888754 30.0 30.0 30.0 30.0 30.0 30.0 30.0 30.0
38.1 30.0 30.0 29.824559913805974 30.0 30.0 30.0 30.0 30.0 30.0 30.0 30.0
38.2 30.0 30.0 29.828292681597365 30.0 30.0 30.0 30.0 30.0 30.0 30.0 30.0
38.3 30.0 30.0 29.83194602879746 30.0 30.0 30.0 30.0 30.0 30.0 30.0 30.0
38.4 30.0 30.0 29.835521645206004 30.0 30.0 30.0 30.0 30.0 30.0 30.0 30.0
38.5 30.0 30.0 29.839021184669736 30.0 30.0 30.0 30.0 30.0 30.0 30.0 30.0
38.6 30.0 30.0 29.842446265846952 30.0 30.0 30.0 30.0 30.0 30.0 30.0 30.0
38.7 30.0 30.0 29.845798472956577 30.0 30.0 30.0 30.0 30.0 30.0 30.0 30.0
38.8 30.0 30.0 29.84907935651069 30.0 30.0 30.0 30.0 30.0 30.0 30.0 30.0
38.9 30.0 30.0 29.85229043403178 30.0 30.0 30.0 30.0 30.0 30.0 30.0 30.0
39.0 30.0 30.0 29.855433190754493 30.0 30.0 30.0 30.0 30.0 30.0 30.0 30.0
39.1 30.0 30.0 29.85850908031289 30.0 30.0 30.0 30.0 30.0 30.0 30.0 30.0
39.2 30.0 30.0 29.861519525412604 30.0 30.0 30.0 30.0 30.0 30.0 30.0 30.0
39.3 30.0 30.0 29.864465918488953 30.0 30.0 30.0 30.0 30.0 30.0 30.0 30.0
39.4 30.0 30.0 29.867349622350865 30.0 30.0 30.0 30.0 30.0 30.0 30.0 30.0
39.5 30.0 30.0 29.8701719708115 30.0 30.0 30.0 30.0 30.0 30.0 30.0 30.0
39.6 30.0 30.0 29.872934269304892 30.0 30.0 30.0 30.0 30.0 30.0 30.0 30.0
39.7 30.0 30.0 29.875637795489872 30.0 30.0 30.0 30.0 30.0 30.0 30.0 30.0
39.8 30.0 30.0 29.87828379984116 30.0 30.0 30.0 30.0 30.0 30.0 30.0 30.0
39.9 30.0 30.0 29.880873506227548 30.0 30.0 30.0 30.0 30.0 30.0 30.0 30.0
40.0 30.0 30.0 29.883408112478044 30.0 30.0 30.0 30.0 30.0 30.0 30.0 30.0
40.1 30.0 30.0 29.885888790935965 30.0 30.0 30.0 30.0 30.0 30.0 30.0 30.0
40.2 30.0 30.0 29.888316689001147 30.0 30.0 30.0 30.0 30.0 30.0 30.0 30.0
40.3 30.0 30.0 29.890692929660663 30.0 30.0 30.0 30.0 30.0 30.0 30.0 30.0
40.4 30.0 30.0 29.893018612008284 30.0 30.0 30.0 30.0 30.0 30.0 30.0 30.0
40.5 30.0 30.0 29.895294811752837 30.0 30.0 30.0 30.0 30.0 30.0 30.0 30.0
40.6 30.0 30.0 29.89752258171552 30.0 30.0 30.0 30.0 30.0 30.0 30.0 30.0
40.7 30.0 30.0 29.89970295231735 30.0 30.0 30.0 30.0 30.0 30.0 30.0 30.0
40.8 30.0 30.0 29.901836932055307 30.0 30.0 30.0 30.0 30.0 30.0 30.0 30.0
40.9 30.0 30.0 29.903925507969053 30.0 30.0 30.0 30.0 30.0 30.0 30.0 30.0
41.0 30.0 30.0 29.905969646097358 30.0 30.0 30.0 30.0 30.0 30.0 30.0 30.0
41.1 30.0 30.0 29.90797029192508 30.0 30.0 30.0 30.0 30.0 30.0 30.0 30.0
41.2 30.0 30.0 29.909928370820303 30.0 30.0 30.0 30.0 30.0 30.0 30.0 30.0
41.3 30.0 30.0 29.91184478846241 30.0 30.0 30.0 30.0 30.0 30.0 30.0 30.0
41.4 30.0 30.0 29.913720431261087 30.0 30.0 30.0 30.0 30.0 30.0 30.0 30.0
41.5 30.0 30.0 29.915556166766212 30.0 30.0 30.0 30.0 30.0 30.0 30.0 30.0
41.6 30.0 30.0 29.917352844069068 30.0 30.0 30.0 30.0 30.0 30.0 30.0 30.0
41.7 30.0 30.0 29.919111294195282 30.0 30.0 30.0 30.0 30.0 30.0 30.0 30.0
41.8 30.0 30.0 29.920832330489038 30.0 30.0 30.0 30.0 30.0 30.0 30.0 30.0
41.9 30.0 30.0 29.92251674898925 30.0 30.0 30.0 30.0 30.0 30.0 30.0 30.0
42.0 30.0 30.0 29.924165328798004 30.0 30.0 30.0 30.0 30.0 30.0 30.0 30.0
42.1 30.0 30.0 29.925778832440596 30.0 30.0 30.0 30.0 30.0 30.0 30.0 30.0
42.2 30.0 30.0 29.92735800621848 30.0 30.0 30.0 30.0 30.0 30.0 30.0 30.0
42.3 30.0 30.0 29.928903580554305 30.0 30.0 30.0 30.0 30.0 30.0 30.0 30.0
42.4 30.0 30.0 29.93041627032977 30.0 30.0 30.0 30.0 30.0 30.0 30.0 30.0
42.5 30.0 30.0 29.93189677521634 30.0 30.0 30.0 30.0 30.0 30.0 30.0 30.0
42.6 30.0 30.0 29.933345779998998 30.0 30.0 30.0 30.0 30.0 30.0 30.0 30.0
42.7 30.0 30.0 29.934763954892606 30.0 30.0 30.0 30.0 30.0 30.0 30.0 30.0
42.8 30.0 30.0 29.936151955852324 30.0 30.0 30.0 30.0 30.0 30.0 30.0 30.0
42.9 30.0 30.0 29.937510424876724 30.0 30.0 30.0 30.0 30.0 30.0 30.0 30.0
43.0 30.0 30.0 29.93883999030492 30.0 30.0 30.0 30.0 30.0 30.0 30.0 30.0
43.1 30.0 30.0 29.94014126710695 30.0 30.0 30.0 30.0 30.0 30.0 30.0 30.0
43.2 30.0 30.0 29.941414857168507 30.0 30.0 30.0 30.0 30.0 30.0 30.0 30.0
43.3 30.0 30.0 29.942661349569214 30.0 30.0 30.0 30.0 30.0 30.0 30.0 30.0
43.4 30.0 30.0 29.94388132085498 30.0 30.0 30.0 30.0 30.0 30.0 30.0 30.0
43.5 30.0 30.0 29.945075335304868 30.0 30.0 30.0 30.0 30.0 30.0 30.0 30.0
43.6 30.0 30.0 29.946243945192016 30.0 30.0 30.0 30.0 30.0 30.0 30.0 30.0
43.7 30.0 30.0 29.947387691039 30.0 30.0 30.0 30.0 30.0 30.0 30.0 30.0
43.8 30.0 30.0 29.948507101867925 30.0 30.0 30.0 30.0 30.0 30.0 30.0 30.0
43.9 30.0 30.0 29.949602695445222 30.0 30.0 30.0 30.0 30.0 30.0 30.0 30.0
44.0 30.0 30.0 29.950674978520823 30.0 30.0 30.0 30.0 30.0 30.0 30.0 30.0
44.1 30.0 30.0 29.9517244470629 30.0 30.0 30.0 30.0 30.0 30.0 30.0 30.0
44.2 30.0 30.0 29.952751586487064 30.0 30.0 30.0 30.0 30.0 30.0 30.0 30.0
44.3 30.0 30.0 29.953756871880927 30.0 30.0 30.0 30.0 30.0 30.0 30.0 30.0
44.4 30.0 30.0 29.954740768223854 30.0 30.0 30.0 30.0 30.0 30.0 30.0 30.0
44.5 30.0 30.0 29.955703730602032 30.0 30.0 30.0 30.0 30.0 30.0 30.0 30.0
44.6 30.0 30.0 29.956646204419005 30.0 30.0 30.0 30.0 30.0 30.0 30.0 30.0
44.7 30.0 30.0 29.95756862560159 30.0 30.0 30.0 30.0 30.0 30.0 30.0 30.0
44.8 30.0 30.0 29.958471420801583 30.0 30.0 30.0 30.0 30.0 30.0 30.0 30.0
44.9 30.0 30.0 29.959355007593064 30.0 30.0 30.0 30.0 30.0 30.0 30.0 30.0
45.0 30.0 30.0 29.96021979466551 30.0 30.0 30.0 30.0 30.0 30.0 30.0 30.0
45.1 30.0 30.0 29.961066182013038 30.0 30.0 30.0 30.0 30.0 30.0 30.0 30.0
45.2 30.0 30.0 29.961894561119138 30.0 30.0 30.0 30.0 30.0 30.0 30.0 30.0
45.3 30.0 30.0 29.96270531513786 30.0 30.0 30.0 30.0 30.0 30.0 30.0 30.0
45.4 30.0 30.0 29.96349881907109 30.0 30.0 30.0 30.0 30.0 30.0 30.0 30.0
45.5 30.0 30.0 29.964275439941943 30.0 30.0 30.0 30.0 30.0 30.0 30.0 30.0
45.6 30.0 30.0 29.965035536964436 30.0 30.0 30.0 30.0 30.0 30.0 30.0 30.0
45.7 30.0 30.0 29.965779461709843 30.0 30.0 30.0 30.0 30.0 30.0 30.0 30.0
45.8 30.0 30.0 29.96650755826923 30.0 30.0 30.0 30.0 30.0 30.0 30.0 30.0
45.9 30.0 30.0 29.967220163412428 30.0 30.0 30.0 30.0 30.0 30.0 30.0 30.0
46.0 30.0 30.0 29.967917606744084 30.0 30.0 30.0 30.0 30.0 30.0 30.0 30.0
46.1 30.0 30.0 29.96860021085588 30.0 30.0 30.0 30.0 30.0 30.0 30.0 30.0
46.2 30.0 30.0 29.96926829147599 30.0 30.0 30.0 30.0 30.0 30.0 30.0 30.0
46.3 30.0 30.0 29.96992215761483 30.0 30.0 30.0 30.0 30.0 30.0 30.0 30.0
46.4 30.0 30.0 29.970562111708112 30.0 30.0 30.0 30.0 30.0 30.0 30.0 30.0
46.5 30.0 30.0 29.971188449756895 30.0 30.0 30.0 30.0 30.0 30.0 30.0 30.0
46.6 30.0 30.0 29.971801461464164 30.0 30.0 30.0 30.0 30.0 30.0 30.0 30.0
46.7 30.0 30.0 29.972401430369153 30.0 30.0 30.0 30.0 30.0 30.0 30.0 30.0
46.8 30.0 30.0 29.972988633978336 30.0 30.0 30.0 30.0 30.0 30.0 30.0 30.0
46.9 30.0 30.0 29.973563343893733 30.0 30.0 30.0 30.0 30.0 30.0 30.0 30.0
47.0 30.0 30.0 29.97412582593858 30.0 30.0 30.0 30.0 30.0 30.0 30.0 30.0
47.1 30.0 30.0 29.97467634028032 30.0 30.0 30.0 30.0 30.0 30.0 30.0 30.0
47.2 30.0 30.0 29.975215141550954 30.0 30.0 30.0 30.0 30.0 30.0 30.0 30.0
47.3 30.0 30.0 29.975742478964815 30.0 30.0 30.0 30.0 30.0 30.0 30.0 30.0
47.4 30.0 30.0 29.976258596433663 30.0 30.0 30.0 30.0 30.0 30.0 30.0 30.0
47.5 30.0 30.0 29.976763732679736 30.0 30.0 30.0 30.0 30.0 30.0 30.0 30.0
47.6 30.0 30.0 29.977258121346132 30.0 30.0 30.0 30.0 30.0 30.0 30.0 30.0
47.7 30.0 30.0 29.97774199110468 30.0 30.0 30.0 30.0 30.0 30.0 30.0 30.0
47.8 30.0 30.0 29.978215565761996 30.0 30.0 30.0 30.0 30.0 30.0 30.0 30.0
47.9 30.0 30.0 29.97867906436282 30.0 30.0 30.0 30.0 30.0 30.0 30.0 30.0
48.0 30.0 30.0 29.979132701291306 30.0 30.0 30.0 30.0 30.0 30.0 30.0 30.0
48.1 30.0 30.0 29.979576686370205 30.0 30.0 30.0 30.0 30.0 30.0 30.0 30.0
48.2 30.0 30.0 29.980011224958098 30.0 30.0 30.0 30.0 30.0 30.0 30.0 30.0
48.3 30.0 30.0 29.980436518044122 30.0 30.0 30.0 30.0 30.0 30.0 30.0 30.0
48.4 30.0 30.0 29.98085276234105 30.0 30.0 30.0 30.0 30.0 30.0 30.0 30.0
48.5 30.0 30.0 29.981260150376333 30.0 30.0 30.0 30.0 30.0 30.0 30.0 30.0
48.6 30.0 30.0 29.98165887058111 30.0 30.0 30.0 30.0 30.0 30.0 30.0 30.0
48.7 30.0 30.0 29.982049107377303 30.0 30.0 30.0 30.0 30.0 30.0 30.0 30.0
48.8 30.0 30.0 29.982431041262938 30.0 30.0 30.0 30.0 30.0 30.0 30.0 30.0
48.9 30.0 30.0 29.982804848895658 30.0 30.0 30.0 30.0 30.0 30.0 30.0 30.0
49.0 30.0 30.0 29.983170703174462 30.0 30.0 30.0 30.0 30.0 30.0 30.0 30.0
49.1 30.0 30.0 29.983528773319648 30.0 30.0 30.0 30.0 30.0 30.0 30.0 30.0
49.2 30.0 30.0 29.983879224951167 30.0 30.0 30.0 30.0 30.0 30.0 30.0 30.0
49.3 30.0 30.0 29.984222220164973 30.0 30.0 30.0 30.0 30.0 30.0 30.0 30.0
49.4 30.0 30.0 29.98455791760829 30.0 30.0 30.0 30.0 30.0 30.0 30.0 30.0
49.5 30.0 30.0 29.98488647255276 30.0 30.0 30.0 30.0 30.0 30.0 30.0 30.0
49.6 30.0 30.0 29.98520803696653 30.0 30.0 30.0 30.0 30.0 30.0 30.0 30.0
49.7 30.0 30.0 29.985522759584306 30.0 30.0 30.0 30.0 30.0 30.0 30.0 30.0
49.8 30.0 30.0 29.985830785976123 30.0 30.0 30.0 30.0 30.0 30.0 30.0 30.0
49.9 30.0 30.0 29.986132258614916 30.0 30.0 30.0 30.0 30.0 30.0 30.0 30.0
50.0 30.0 30.0 29.98642731694228 30.0 30.0 30.0 30.0 30.0 30.0 30.0 30.0
50.1 30.0 30.0 29.98671609743283 30.0 30.0 30.0 30.0 30.0 30.0 30.0 30.0
50.2 30.0 30.0 29.986998733657668 30.0 30.0 30.0 30.0 30.0 30.0 30.0 30.0
50.3 30.0 30.0 29.987275356345815 30.0 30.0 30.0 30.0 30.0 30.0 30.0 30.0
50.4 30.0 30.0 29.987546093444802 30.0 30.0 30.0 30.0 30.0 30.0 30.0 30.0
50.5 30.0 30.0 29.987811070180044 30.0 30.0 30.0 30.0 30.0 30.0 30.0 30.0
50.6 30.0 30.0 29.988070409112343 30.0 30.0 30.0 30.0 30.0 30.0 30.0 30.0
50.7 30.0 30.0 29.988324230195047 30.0 30.0 30.0 30.0 30.0 30.0 30.0 30.0
50.8 30.0 30.0 29.988572650829216 30.0 30.0 30.0 30.0 30.0 30.0 30.0 30.0
50.9 30.0 30.0 29.988815785917996 30.0 30.0 30.0 30.0 30.0 30.0 30.0 30.0
51.0 30.0 30.0 29.98905374791973 30.0 30.0 30.0 30.0 30.0 30.0 30.0 30.0
51.1 30.0 30.0 29.9892866469002 30.0 30.0 30.0 30.0 30.0 30.0 30.0 30.0
51.2 30.0 30.0 29.989514590583163 30.0 30.0 30.0 30.0 30.0 30.0 30.0 30.0
51.3 30.0 30.0 29.989737684400527 30.0 30.0 30.0 30.0 30.0 30.0 30.0 30.0
51.4 30.0 30.0 29.98995603154095 30.0 30.0 30.0 30.0 30.0 30.0 30.0 30.0
51.5 30.0 30.0 29.990169732997533 30.0 30.0 30.0 30.0 30.0 30.0 30.0 30.0
51.6 30.0 30.0 29.990378887614636 30.0 30.0 30.0 30.0 30.0 30.0 30.0 30.0
51.7 30.0 30.0 29.990583592133476 30.0 30.0 30.0 30.0 30.0 30.0 30.0 30.0
51.8 30.0 30.0 29.990783941236998 30.0 30.0 30.0 30.0 30.0 30.0 30.0 30.0
51.9 30.0 30.0 29.990980027593615 30.0 30.0 30.0 30.0 30.0 30.0 30.0 30.0
52.0 30.0 30.0 29.991171941900173 30.0 30.0 30.0 30.0 30.0 30.0 30.0 30.0
52.1 30.0 30.0 29.991359772923545 30.0 30.0 30.0 30.0 30.0 30.0 30.0 30.0
52.2 30.0 30.0 29.99154360754215 30.0 30.0 30.0 30.0 30.0 30.0 30.0 30.0
52.3 30.0 30.0 29.991723530785908 30.0 30.0 30.0 30.0 30.0 30.0 30.0 30.0
52.4 30.0 30.0 29.99189962587561 30.0 30.0 30.0 30.0 30.0 30.0 30.0 30.0
52.5 30.0 30.0 29.992071974261254 30.0 30.0 30.0 30.0 30.0 30.0 30.0 30.0
52.6 30.0 30.0 29.99224065565995 30.0 30.0 30.0 30.0 30.0 30.0 30.0 30.0
52.7 30.0 30.0 29.9924057480927 30.0 30.0 30.0 30.0 30.0 30.0 30.0 30.0
52.8 30.0 30.0 29.99256732792049 30.0 30.0 30.0 30.0 30.0 30.0 30.0 30.0
52.9 30.0 30.0 29.99272546987959 30.0 30.0 30.0 30.0 30.0 30.0 30.0 30.0
53.0 30.0 30.0 29.992880247116215 30.0 30.0 30.0 30.0 30.0 30.0 30.0 30.0
53.1 30.0 30.0 29.99303173122017 30.0 30.0 30.0 30.0 30.0 30.0 30.0 30.0
53.2 30.0 30.0 29.993179992258064 30.0 30.0 30.0 30.0 30.0 30.0 30.0 30.0
53.3 30.0 30.0 29.993325098805787 30.0 30.0 30.0 30.0 30.0 30.0 30.0 30.0
53.4 30.0 30.0 29.99346711798009 30.0 30.0 30.0 30.0 30.0 30.0 30.0 30.0
53.5 30.0 30.0 29.993606115469895 30.0 30.0 30.0 30.0 30.0 30.0 30.0 30.0
53.6 30.0 30.0 29.99374215556633 30.0 30.0 30.0 30.0 30.0 30.0 30.0 30.0
53.7 30.0 30.0 29.993875301192585 30.0 30.0 30.0 30.0 30.0 30.0 30.0 30.0
53.8 30.0 30.0 29.99400561393316 30.0 30.0 30.0 30.0 30.0 30.0 30.0 30.0
53.9 30.0 30.0 29.994133154062208 30.0 30.0 30.0 30.0 30.0 30.0 30.0 30.0
54.0 30.0 30.0 29.994257980571483 30.0 30.0 30.0 30.0 30.0 30.0 30.0 30.0
54.1 30.0 30.0 29.99438015119765 30.0 30.0 30.0 30.0 30.0 30.0 30.0 30.0
54.2 30.0 30.0 29.994499722448772 30.0 30.0 30.0 30.0 30.0 30.0 30.0 30.0
54.3 30.0 30.0 29.99461674963074 30.0 30.0 30.0 30.0 30.0 30.0 30.0 30.0
54.4 30.0 30.0 29.994731286872618 30.0 30.0 30.0 30.0 30.0 30.0 30.0 30.0
54.5 30.0 30.0 29.994843387151885 30.0 30.0 30.0 30.0 30.0 30.0 30.0 30.0
54.6 30.0 30.0 29.99495310231884 30.0 30.0 30.0 30.0 30.0 30.0 30.0 30.0
54.7 30.0 30.0 29.99506048312057 30.0 30.0 30.0 30.0 30.0 30.0 30.0 30.0
54.8 30.0 30.0 29.9951655792244 30.0 30.0 30.0 30.0 30.0 30.0 30.0 30.0
54.9 30.0 30.0 29.995268439240874 30.0 30.0 30.0 30.0 30.0 30.0 30.0 30.0
55.0 30.0 30.0 29.995369110746346 30.0 30.0 30.0 30.0 30.0 30.0 30.0 30.0
55.1 30.0 30.0 29.99546764030491 30.0 30.0 30.0 30.0 30.0 30.0 30.0 30.0
55.2 30.0 30.0 29.99556407348989 30.0 30.0 30.0 30.0 30.0 30.0 30.0 30.0
55.3 30.0 30.0 29.99565845490504 30.0 30.0 30.0 30.0 30.0 30.0 30.0 30.0
55.4 30.0 30.0 29.995750828204944 30.0 30.0 30.0 30.0 30.0 30.0 30.0 30.0
55.5 30.0 30.0 29.99584123611544 30.0 30.0 30.0 30.0 30.0 30.0 30.0 30.0
55.6 30.0 30.0 29.99592972045344 30.0 30.0 30.0 30.0 30.0 30.0 30.0 30.0
55.7 30.0 30.0 29.996016322145927 30.0 30.0 30.0 30.0 30.0 30.0 30.0 30.0
55.8 30.0 30.0 29.99610108124917 30.0 30.0 30.0 30.0 30.0 30.0 30.0 30.0
55.9 30.0 30.0 29.996184036967225 30.0 30.0 30.0 30.0 30.0 30.0 30.0 30.0
56.0 30.0 30.0 29.996265227670037 30.0 30.0 30.0 30.0 30.0 30.0 30.0 30.0
56.1 30.0 30.0 29.996344690911123 30.0 30.0 30.0 30.0 30.0 30.0 30.0 30.0
56.2 30.0 30.0 29.9964224634449 30.0 30.0 30.0 30.0 30.0 30.0 30.0 30.0
56.3 30.0 30.0 29.996498581243927 30.0 30.0 30.0 30.0 30.0 30.0 30.0 30.0
56.4 30.0 30.0 29.99657307951531 30.0 30.0 30.0 30.0 30.0 30.0 30.0 30.0
56.5 30.0 30.0 29.996645992717106 30.0 30.0 30.0 30.0 30.0 30.0 30.0 30.0
56.6 30.0 30.0 29.996717354574148 30.0 30.0 30.0 30.0 30.0 30.0 30.0 30.0
56.7 30.0 30.0 29.996787198093834 30.0 30.0 30.0 30.0 30.0 30.0 30.0 30.0
56.8 30.0 30.0 29.996855555581227 30.0 30.0 30.0 30.0 30.0 30.0 30.0 30.0
56.9 30.0 30.0 29.99692245865394 30.0 30.0 30.0 30.0 30.0 30.0 30.0 30.0
57.0 30.0 30.0 29.99698793825705 30.0 30.0 30.0 30.0 30.0 30.0 30.0 30.0
57.1 30.0 30.0 29.997052024677114 30.0 30.0 30.0 30.0 30.0 30.0 30.0 30.0
57.2 30.0 30.0 29.997114747556306 30.0 30.0 30.0 30.0 30.0 30.0 30.0 30.0
57.3 30.0 30.0 29.997176135906155 30.0 30.0 30.0 30.0 30.0 30.0 30.0 30.0
57.4 30.0 30.0 29.99723621812089 30.0 30.0 30.0 30.0 30.0 30.0 30.0 30.0
57.5 30.0 30.0 29.997295021990702 30.0 30.0 30.0 30.0 30.0 30.0 30.0 30.0
57.6 30.0 30.0 29.99735257471432 30.0 30.0 30.0 30.0 30.0 30.0 30.0 30.0
57.7 30.0 30.0 29.997408902911882 30.0 30.0 30.0 30.0 30.0 30.0 30.0 30.0
57.8 30.0 30.0 29.997464032637122 30.0 30.0 30.0 30.0 30.0 30.0 30.0 30.0
57.9 30.0 30.0 29.99751798938956 30.0 30.0 30.0 30.0 30.0 30.0 30.0 30.0
58.0 30.0 30.0 29.997570798125924 30.0 30.0 30.0 30.0 30.0 30.0 30.0 30.0
58.1 30.0 30.0 29.997622483272146 30.0 30.0 30.0 30.0 30.0 30.0 30.0 30.0
58.2 30.0 30.0 29.99767306873449 30.0 30.0 30.0 30.0 30.0 30.0 30.0 30.0
58.3 30.0 30.0 29.99772257791038 30.0 30.0 30.0 30.0 30.0 30.0 30.0 30.0
58.4 30.0 30.0 29.997771033699543 30.0 30.0 30.0 30.0 30.0 30.0 30.0 30.0
58.5 30.0 30.0 29.99781845851444 30.0 30.0 30.0 30.0 30.0 30.0 30.0 30.0
58.6 30.0 30.0 29.997864874290734 30.0 30.0 30.0 30.0 30.0 30.0 30.0 30.0
58.7 30.0 30.0 29.99791030249733 30.0 30.0 30.0 30.0 30.0 30.0 30.0 30.0
58.8 30.0 30.0 29.997954764146368 30.0 30.0 30.0 30.0 30.0 30.0 30.0 30.0
58.9 30.0 30.0 29.997998279802875 30.0 30.0 30.0 30.0 30.0 30.0 30.0 30.0
59.0 30.0 30.0 29.99804086959426 30.0 30.0 30.0 30.0 30.0 30.0 30.0 30.0
59.1 30.0 30.0 29.998082553219884 30.0 30.0 30.0 30.0 30.0 30.0 30.0 30.0
59.2 30.0 30.0 29.99812334995988 30.0 30.0 30.0 30.0 30.0 30.0 30.0 30.0
59.3 30.0 30.0 29.99816327868413 30.0 30.0 30.0 30.0 30.0 30.0 30.0 30.0
59.4 30.0 30.0 29.998202357861086 30.0 30.0 30.0 30.0 30.0 30.0 30.0 30.0
59.5 30.0 30.0 29.998240605566185 30.0 30.0 30.0 30.0 30.0 30.0 30.0 30.0
59.6 30.0 30.0 29.998278039490348 30.0 30.0 30.0 30.0 30.0 30.0 30.0 30.0
59.7 30.0 30.0 29.99831467694804 30.0 30.0 30.0 30.0 30.0 30.0 30.0 30.0
59.8 30.0 30.0 29.998350534885276 30.0 30.0 30.0 30.0 30.0 30.0 30.0 30.0
59.9 30.0 30.0 29.99838562988775 30.0 30.0 30.0 30.0 30.0 30.0 30.0 30.0
60.0 30.0 30.0 29.99841997818801 30.0 30.0 30.0 30.0 30.0 30.0 30.0 30.0
60.1 30.0 30.0 29.998453595673386 30.0 30.0 30.0 30.0 30.0 30.0 30.0 30.0
60.2 30.0 30.0 29.998486497893133 30.0 30.0 30.0 30.0 30.0 30.0 30.0 30.0
60.3 30.0 30.0 29.998518700065613 30.0 30.0 30.0 30.0 30.0 30.0 30.0 30.0
60.4 30.0 30.0 29.998550217085455 30.0 30.0 30.0 30.0 30.0 30.0 30.0 30.0
60.5 30.0 30.0 29.998581063530402 30.0 30.0 30.0 30.0 30.0 30.0 30.0 30.0
60.6 30.0 30.0 29.998611253668006 30.0 30.0 30.0 30.0 30.0 30.0 30.0 30.0
60.7 30.0 30.0 29.9986408014623 30.0 30.0 30.0 30.0 30.0 30.0 30.0 30.0
60.8 30.0 30.0 29.998669720580093 30.0 30.0 30.0 30.0 30.0 30.0 30.0 30.0
60.9 30.0 30.0 29.99869802439753 30.0 30.0 30.0 30.0 30.0 30.0 30.0 30.0
61.0 30.0 30.0 29.998725726006114 30.0 30.0 30.0 30.0 30.0 30.0 30.0 30.0
61.1 30.0 30.0 29.998752838218785 30.0 30.0 30.0 30.0 30.0 30.0 30.0 30.0
61.2 30.0 30.0 29.99877937357583 30.0 30.0 30.0 30.0 30.0 30.0 30.0 30.0
61.3 30.0 30.0 29.998805344350778 30.0 30.0 30.0 30.0 30.0 30.0 30.0 30.0
61.4 30.0 30.0 29.998830762556132 30.0 30.0 30.0 30.0 30.0 30.0 30.0 30.0
61.5 30.0 30.0 29.998855639948548 30.0 30.0 30.0 30.0 30.0 30.0 30.0 30.0
61.6 30.0 30.0 29.99887998803479 30.0 30.0 30.0 30.0 30.0 30.0 30.0 30.0
61.7 30.0 30.0 29.998903818076624 30.0 30.0 30.0 30.0 30.0 30.0 30.0 30.0
61.8 30.0 30.0 29.998927141096253 30.0 30.0 30.0 30.0 30.0 30.0 30.0 30.0
61.9 30.0 30.0 29.998949967881444 30.0 30.0 30.0 30.0 30.0 30.0 30.0 30.0
62.0 30.0 30.0 29.99897230899037 30.0 30.0 30.0 30.0 30.0 30.0 30.0 30.0
62.1 30.0 30.0 29.998994174756536 30.0 30.0 30.0 30.0 30.0 30.0 30.0 30.0
62.2 30.0 30.0 29.99901557529362 30.0 30.0 30.0 30.0 30.0 30.0 30.0 30.0
62.3 30.0 30.0 29.999036520500113 30.0 30.0 30.0 30.0 30.0 30.0 30.0 30.0
62.4 30.0 30.0 29.999057020063972 30.0 30.0 30.0 30.0 30.0 30.0 30.0 30.0
62.5 30.0 30.0 29.99907708346688 30.0 30.0 30.0 30.0 30.0 30.0 30.0 30.0
62.6 30.0 30.0 29.999096719988867 30.0 30.0 30.0 30.0 30.0 30.0 30.0 30.0
62.7 30.0 30.0 29.9991159387125 30.0 30.0 30.0 30.0 30.0 30.0 30.0 30.0
62.8 30.0 30.0 29.999134748527123 30.0 30.0 30.0 30.0 30.0 30.0 30.0 30.0
62.9 30.0 30.0 29.99915315813292 30.0 30.0 30.0 30.0 30.0 30.0 30.0 30.0
63.0 30.0 30.0 29.999171176044992 30.0 30.0 30.0 30.0 30.0 30.0 30.0 30.0
63.1 30.0 30.0 29.999188810597207 30.0 30.0 30.0 30.0 30.0 30.0 30.0 30.0
63.2 30.0 30.0 29.99920606994619 30.0 30.0 30.0 30.0 30.0 30.0 30.0 30.0
63.3 30.0 30.0 29.99922296207498 30.0 30.0 30.0 30.0 30.0 30.0 30.0 30.0
63.4 30.0 30.0 29.99923949479681 30.0 30.0 30.0 30.0 30.0 30.0 30.0 30.0
63.5 30.0 30.0 29.999255675758604 30.0 30.0 30.0 30.0 30.0 30.0 30.0 30.0
63.6 30.0 30.0 29.999271512444626 30.0 30.0 30.0 30.0 30.0 30.0 30.0 30.0
63.7 30.0 30.0 29.999287012179888 30.0 30.0 30.0 30.0 30.0 30.0 30.0 30.0
63.8 30.0 30.0 29.999302182133533 30.0 30.0 30.0 30.0 30.0 30.0 30.0 30.0
63.9 30.0 30.0 29.999317029322214 30.0 30.0 30.0 30.0 30.0 30.0 30.0 30.0
64.0 30.0 30.0 29.9993315606132 30.0 30.0 30.0 30.0 30.0 30.0 30.0 30.0
64.1 30.0 30.0 29.999345782727847 30.0 30.0 30.0 30.0 30.0 30.0 30.0 30.0
64.2 30.0 30.0 29.999359702244316 30.0 30.0 30.0 30.0 30.0 30.0 30.0 30.0
64.3 30.0 30.0 29.999373325600867 30.0 30.0 30.0 30.0 30.0 30.0 30.0 30.0
64.4 30.0 30.0 29.999386659098747 30.0 30.0 30.0 30.0 30.0 30.0 30.0 30.0
64.5 30.0 30.0 29.9993997089052 30.0 30.0 30.0 30.0 30.0 30.0 30.0 30.0
64.6 30.0 30.0 29.999412481056176 30.0 30.0 30.0 30.0 30.0 30.0 30.0 30.0
64.7 30.0 30.0 29.99942498145923 30.0 30.0 30.0 30.0 30.0 30.0 30.0 30.0
64.8 30.0 30.0 29.999437215896236 30.0 30.0 30.0 30.0 30.0 30.0 30.0 30.0
64.9 30.0 30.0 29.999449190026084 30.0 30.0 30.0 30.0 30.0 30.0 30.0 30.0
65.0 30.0 30.0 29.99946090938721 30.0 30.0 30.0 30.0 30.0 30.0 30.0 30.0
65.1 30.0 30.0 29.999472379400206 30.0 30.0 30.0 30.0 30.0 30.0 30.0 30.0
65.2 30.0 30.0 29.999483605370422 30.0 30.0 30.0 30.0 30.0 30.0 30.0 30.0
65.3 30.0 30.0 29.99949459249021 30.0 30.0 30.0 30.0 30.0 30.0 30.0 30.0
65.4 30.0 30.0 29.999505345841502 30.0 30.0 30.0 30.0 30.0 30.0 30.0 30.0
65.5 30.0 30.0 29.999515870398085 30.0 30.0 30.0 30.0 30.0 30.0 30.0 30.0
65.6 30.0 30.0 29.99952617102788 30.0 30.0 30.0 30.0 30.0 30.0 30.0 30.0
65.7 30.0 30.0 29.999536252495385 30.0 30.0 30.0 30.0 30.0 30.0 30.0 30.0
65.8 30.0 30.0 29.999546119463595 30.0 30.0 30.0 30.0 30.0 30.0 30.0 30.0
65.9 30.0 30.0 29.999555776496237 30.0 30.0 30.0 30.0 30.0 30.0 30.0 30.0
66.0 30.0 30.0 29.99956522806019 30.0 30.0 30.0 30.0 30.0 30.0 30.0 30.0
66.1 30.0 30.0 29.99957447852703 30.0 30.0 30.0 30.0 30.0 30.0 30.0 30.0
66.2 30.0 30.0 29.999583532175343 30.0 30.0 30.0 30.0 30.0 30.0 30.0 30.0
66.3 30.0 30.0 29.999592393192874 30.0 30.0 30.0 30.0 30.0 30.0 30.0 30.0
66.4 30.0 30.0 29.999601065678153 30.0 30.0 30.0 30.0 30.0 30.0 30.0 30.0
66.5 30.0 30.0 29.999609553642436 30.0 30.0 30.0 30.0 30.0 30.0 30.0 30.0
66.6 30.0 30.0 29.999617861011743 30.0 30.0 30.0 30.0 30.0 30.0 30.0 30.0
66.7 30.0 30.0 29.999625991628495 30.0 30.0 30.0 30.0 30.0 30.0 30.0 30.0
66.8 30.0 30.0 29.99963394925345 30.0 30.0 30.0 30.0 30.0 30.0 30.0 30.0
66.9 30.0 30.0 29.999641737567163 30.0 30.0 30.0 30.0 30.0 30.0 30.0 30.0
67.0 30.0 30.0 29.999649360172103 30.0 30.0 30.0 30.0 30.0 30.0 30.0 30.0
67.1 30.0 30.0 29.999656820594016 30.0 30.0 30.0 30.0 30.0 30.0 30.0 30.0
67.2 30.0 30.0 29.99966412228346 30.0 30.0 30.0 30.0 30.0 30.0 30.0 30.0
67.3 30.0 30.0 29.999671268617856 30.0 30.0 30.0 30.0 30.0 30.0 30.0 30.0
67.4 30.0 30.0 29.999678262902542 30.0 30.0 30.0 30.0 30.0 30.0 30.0 30.0
67.5 30.0 30.0 29.999685108372706 30.0 30.0 30.0 30.0 30.0 30.0 30.0 30.0
67.6 30.0 30.0 29.99969180819455 30.0 30.0 30.0 30.0 30.0 30.0 30.0 30.0
67.7 30.0 30.0 29.999698365467033 30.0 30.0 30.0 30.0 30.0 30.0 30.0 30.0
67.8 30.0 30.0 29.999704783223027 30.0 30.0 30.0 30.0 30.0 30.0 30.0 30.0
67.9 30.0 30.0 29.999711064431068 30.0 30.0 30.0 30.0 30.0 30.0 30.0 30.0
68.0 30.0 30.0 29.99971721199641 30.0 30.0 30.0 30.0 30.0 30.0 30.0 30.0
68.1 30.0 30.0 29.999723228762477 30.0 30.0 30.0 30.0 30.0 30.0 30.0 30.0
68.2 30.0 30.0 29.999729117512235 30.0 30.0 30.0 30.0 30.0 30.0 30.0 30.0
68.3 30.0 30.0 29.99973488096942 30.0 30.0 30.0 30.0 30.0 30.0 30.0 30.0
68.4 30.0 30.0 29.999740521799822 30.0 30.0 30.0 30.0 30.0 30.0 30.0 30.0
68.5 30.0 30.0 29.999746042612625 30.0 30.0 30.0 30.0 30.0 30.0 30.0 30.0
68.6 30.0 30.0 29.999751445961284 30.0 30.0 30.0 30.0 30.0 30.0 30.0 30.0
68.7 30.0 30.0 29.999756734345073 30.0 30.0 30.0 30.0 30.0 30.0 30.0 30.0
68.8 30.0 30.0 29.999761910210047 30.0 30.0 30.0 30.0 30.0 30.0 30.0 30.0
68.9 30.0 30.0 29.99976697595031 30.0 30.0 30.0 30.0 30.0 30.0 30.0 30.0
69.0 30.0 30.0 29.99977193390877 30.0 30.0 30.0 30.0 30.0 30.0 30.0 30.0
69.1 30.0 30.0 29.999776786378813 30.0 30.0 30.0 30.0 30.0 30.0 30.0 30.0
69.2 30.0 30.0 29.999781535604757 30.0 30.0 30.0 30.0 30.0 30.0 30.0 30.0
69.3 30.0 30.0 29.99978618378342 30.0 30.0 30.0 30.0 30.0 30.0 30.0 30.0
69.4 30.0 30.0 29.9997907330646 30.0 30.0 30.0 30.0 30.0 30.0 30.0 30.0
69.5 30.0 30.0 29.99979518555261 30.0 30.0 30.0 30.0 30.0 30.0 30.0 30.0
69.6 30.0 30.0 29.999799543306782 30.0 30.0 30.0 30.0 30.0 30.0 30.0 30.0
69.7 30.0 30.0 29.999803808342808 30.0 30.0 30.0 30.0 30.0 30.0 30.0 30.0
69.8 30.0 30.0 29.999807982633417 30.0 30.0 30.0 30.0 30.0 30.0 30.0 30.0
69.9 30.0 30.0 29.999812068109257 30.0 30.0 30.0 30.0 30.0 30.0 30.0 30.0
70.0 30.0 30.0 29.99981606666014 30.0 30.0 30.0 30.0 30.0 30.0 30.0 30.0
70.1 30.0 30.0 29.999819980135438 30.0 30.0 30.0 30.0 30.0 30.0 30.0 30.0
70.2 30.0 30.0 29.999823810345337 30.0 30.0 30.0 30.0 30.0 30.0 30.0 30.0
70.3 30.0 30.0 29.999827559061412 30.0 30.0 30.0 30.0 30.0 30.0 30.0 30.0
70.4 30.0 30.0 29.999831228017513 30.0 30.0 30.0 30.0 30.0 30.0 30.0 30.0
70.5 30.0 30.0 29.999834818910717 30.0 30.0 30.0 30.0 30.0 30.0 30.0 30.0
70.6 30.0 30.0 29.999838333402007 30.0 30.0 30.0 30.0 30.0 30.0 30.0 30.0
70.7 30.0 30.0 29.999841773116874 30.0 30.0 30.0 30.0 30.0 30.0 30.0 30.0
70.8 30.0 30.0 29.999845139646343 30.0 30.0 30.0 30.0 30.0 30.0 30.0 30.0
70.9 30.0 30.0 29.999848434547495 30.0 30.0 30.0 30.0 30.0 30.0 30.0 30.0
71.0 30.0 30.0 29.99985165934431 30.0 30.0 30.0 30.0 30.0 30.0 30.0 30.0
71.1 30.0 30.0 29.999854815528458 30.0 30.0 30.0 30.0 30.0 30.0 30.0 30.0
71.2 30.0 30.0 29.999857904559775 30.0 30.0 30.0 30.0 30.0 30.0 30.0 30.0
71.3 30.0 30.0 29.999860927867037 30.0 30.0 30.0 30.0 30.0 30.0 30.0 30.0
71.4 30.0 30.0 29.999863886848544 30.0 30.0 30.0 30.0 30.0 30.0 30.0 30.0
71.5 30.0 30.0 29.999866782873088 30.0 30.0 30.0 30.0 30.0 30.0 30.0 30.0
71.6 30.0 30.0 29.99986961728004 30.0 30.0 30.0 30.0 30.0 30.0 30.0 30.0
71.7 30.0 30.0 29.999872391380435 30.0 30.0 30.0 30.0 30.0 30.0 30.0 30.0
71.8 30.0 30.0 29.999875106457427 30.0 30.0 30.0 30.0 30.0 30.0 30.0 30.0
71.9 30.0 30.0 29.999877763766797 30.0 30.0 30.0 30.0 30.0 30.0 30.0 30.0
72.0 30.0 30.0 29.999880364537724 30.0 30.0 30.0 30.0 30.0 30.0 30.0 30.0
72.1 30.0 30.0 29.999882909973053 30.0 30.0 30.0 30.0 30.0 30.0 30.0 30.0
72.2 30.0 30.0 29.9998854012502 30.0 30.0 30.0 30.0 30.0 30.0 30.0 30.0
72.3 30.0 30.0 29.999887839521513 30.0 30.0 30.0 30.0 30.0 30.0 30.0 30.0
72.4 30.0 30.0 29.99989022591467 30.0 30.0 30.0 30.0 30.0 30.0 30.0 30.0
72.5 30.0 30.0 29.99989256153354 30.0 30.0 30.0 30.0 30.0 30.0 30.0 30.0
72.6 30.0 30.0 29.999894847458393 30.0 30.0 30.0 30.0 30.0 30.0 30.0 30.0
72.7 30.0 30.0 29.99989708474647 30.0 30.0 30.0 30.0 30.0 30.0 30.0 30.0
72.8 30.0 30.0 29.999899274432757 30.0 30.0 30.0 30.0 30.0 30.0 30.0 30.0
72.9 30.0 30.0 29.999901417529884 30.0 30.0 30.0 30.0 30.0 30.0 30.0 30.0
73.0 30.0 30.0 29.999903515029207 30.0 30.0 30.0 30.0 30.0 30.0 30.0 30.0
73.1 30.0 30.0 29.999905567900882 30.0 30.0 30.0 30.0 30.0 30.0 30.0 30.0
73.2 30.0 30.0 29.999907577094458 30.0 30.0 30.0 30.0 30.0 30.0 30.0 30.0
73.3 30.0 30.0 29.99990954353927 30.0 30.0 30.0 30.0 30.0 30.0 30.0 30.0
73.4 30.0 30.0 29.999911468144813 30.0 30.0 30.0 30.0 30.0 30.0 30.0 30.0
73.5 30.0 30.0 29.99991335180132 30.0 30.0 30.0 30.0 30.0 30.0 30.0 30.0
73.6 30.0 30.0 29.999915195379977 30.0 30.0 30.0 30.0 30.0 30.0 30.0 30.0
73.7 30.0 30.0 29.99991699973358 30.0 30.0 30.0 30.0 30.0 30.0 30.0 30.0
73.8 30.0 30.0 29.999918765696734 30.0 30.0 30.0 30.0 30.0 30.0 30.0 30.0
73.9 30.0 30.0 29.999920494086144 30.0 30.0 30.0 30.0 30.0 30.0 30.0 30.0
74.0 30.0 30.0 29.999922185701298 30.0 30.0 30.0 30.0 30.0 30.0 30.0 30.0
74.1 30.0 30.0 29.99992384132465 30.0 30.0 30.0 30.0 30.0 30.0 30.0 30.0
74.2 30.0 30.0 29.999925461722018 30.0 30.0 30.0 30.0 30.0 30.0 30.0 30.0
74.3 30.0 30.0 29.999927047642856 30.0 30.0 30.0 30.0 30.0 30.0 30.0 30.0
74.4 30.0 30.0 29.99992859982067 30.0 30.0 30.0 30.0 30.0 30.0 30.0 30.0
74.5 30.0 30.0 29.999930118973374 30.0 30.0 30.0 30.0 30.0 30.0 30.0 30.0
74.6 30.0 30.0 29.999931605803702 30.0 30.0 30.0 30.0 30.0 30.0 30.0 30.0
74.7 30.0 30.0 29.999933060999386 30.0 30.0 30.0 30.0 30.0 30.0 30.0 30.0
74.8 30.0 30.0 29.99993448523345 30.0 30.0 30.0 30.0 30.0 30.0 30.0 30.0
74.9 30.0 30.0 29.9999358791647 30.0 30.0 30.0 30.0 30.0 30.0 30.0 30.0
75.0 30.0 30.0 29.99993724343781 30.0 30.0 30.0 30.0 30.0 30.0 30.0 30.0
75.1 30.0 30.0 29.999938578683818 30.0 30.0 30.0 30.0 30.0 30.0 30.0 30.0
75.2 30.0 30.0 29.999939885520305 30.0 30.0 30.0 30.0 30.0 30.0 30.0 30.0
75.3 30.0 30.0 29.9999411645518 30.0 30.0 30.0 30.0 30.0 30.0 30.0 30.0
75.4 30.0 30.0 29.99994241636986 30.0 30.0 30.0 30.0 30.0 30.0 30.0 30.0
75.5 30.0 30.0 29.99994364155346 30.0 30.0 30.0 30.0 30.0 30.0 30.0 30.0
75.6 30.0 30.0 29.9999448406693 30.0 30.0 30.0 30.0 30.0 30.0 30.0 30.0
75.7 30.0 30.0 29.999946014272073 30.0 30.0 30.0 30.0 30.0 30.0 30.0 30.0
75.8 30.0 30.0 29.99994716290457 30.0 30.0 30.0 30.0 30.0 30.0 30.0 30.0
75.9 30.0 30.0 29.999948287098075 30.0 30.0 30.0 30.0 30.0 30.0 30.0 30.0
76.0 30.0 30.0 29.999949387372546 30.0 30.0 30.0 30.0 30.0 30.0 30.0 30.0
76.1 30.0 30.0 29.99995046423691 30.0 30.0 30.0 30.0 30.0 30.0 30.0 30.0
76.2 30.0 30.0 29.999951518189366 30.0 30.0 30.0 30.0 30.0 30.0 30.0 30.0
76.3 30.0 30.0 29.99995254971726 30.0 30.0 30.0 30.0 30.0 30.0 30.0 30.0
76.4 30.0 30.0 29.99995355929779 30.0 30.0 30.0 30.0 30.0 30.0 30.0 30.0
76.5 30.0 30.0 29.9999545473978 30.0 30.0 30.0 30.0 30.0 30.0 30.0 30.0
76.6 30.0 30.0 29.999955514474447 30.0 30.0 30.0 30.0 30.0 30.0 30.0 30.0
76.7 30.0 30.0 29.99995646097504 30.0 30.0 30.0 30.0 30.0 30.0 30.0 30.0
76.8 30.0 30.0 29.999957387337286 30.0 30.0 30.0 30.0 30.0 30.0 30.0 30.0
76.9 30.0 30.0 29.99995829398972 30.0 30.0 30.0 30.0 30.0 30.0 30.0 30.0
77.0 30.0 30.0 29.999959181351674 30.0 30.0 30.0 30.0 30.0 30.0 30.0 30.0
77.1 30.0 30.0 29.999960049833582 30.0 30.0 30.0 30.0 30.0 30.0 30.0 30.0
77.2 30.0 30.0 29.999960899837173 30.0 30.0 30.0 30.0 30.0 30.0 30.0 30.0
77.3 30.0 30.0 29.999961731755555 30.0 30.0 30.0 30.0 30.0 30.0 30.0 30.0
77.4 30.0 30.0 29.999962545973528 30.0 30.0 30.0 30.0 30.0 30.0 30.0 30.0
77.5 30.0 30.0 29.999963342867755 30.0 30.0 30.0 30.0 30.0 30.0 30.0 30.0
77.6 30.0 30.0 29.999964122806773 30.0 30.0 30.0 30.0 30.0 30.0 30.0 30.0
77.7 30.0 30.0 29.99996488615129 30.0 30.0 30.0 30.0 30.0 30.0 30.0 30.0
77.8 30.0 30.0 29.999965633254455 30.0 30.0 30.0 30.0 30.0 30.0 30.0 30.0
77.9 30.0 30.0 29.99996636446178 30.0 30.0 30.0 30.0 30.0 30.0 30.0 30.0
78.0 30.0 30.0 29.999967080111524 30.0 30.0 30.0 30.0 30.0 30.0 30.0 30.0
78.1 30.0 30.0 29.99996778053468 30.0 30.0 30.0 30.0 30.0 30.0 30.0 30.0
78.2 30.0 30.0 29.999968466055183 30.0 30.0 30.0 30.0 30.0 30.0 30.0 30.0
78.3 30.0 30.0 29.9999691369902 30.0 30.0 30.0 30.0 30.0 30.0 30.0 30.0
78.4 30.0 30.0 29.999969793650017 30.0 30.0 30.0 30.0 30.0 30.0 30.0 30.0
78.5 30.0 30.0 29.99997043633835 30.0 30.0 30.0 30.0 30.0 30.0 30.0 30.0
78.6 30.0 30.0 29.999971065352437 30.0 30.0 30.0 30.0 30.0 30.0 30.0 30.0
78.7 30.0 30.0 29.999971680983208 30.0 30.0 30.0 30.0 30.0 30.0 30.0 30.0
78.8 30.0 30.0 29.999972283515515 30.0 30.0 30.0 30.0 30.0 30.0 30.0 30.0
78.9 30.0 30.0 29.99997287322791 30.0 30.0 30.0 30.0 30.0 30.0 30.0 30.0
79.0 30.0 30.0 29.99997345039325 30.0 30.0 30.0 30.0 30.0 30.0 30.0 30.0
79.1 30.0 30.0 29.99997401527847 30.0 30.0 30.0 30.0 30.0 30.0 30.0 30.0
79.2 30.0 30.0 29.999974568144918 30.0 30.0 30.0 30.0 30.0 30.0 30.0 30.0
79.3 30.0 30.0 29.99997510924821 30.0 30.0 30.0 30.0 30.0 30.0 30.0 30.0
79.4 30.0 30.0 29.999975638838656 30.0 30.0 30.0 30.0 30.0 30.0 30.0 30.0
79.5 30.0 30.0 29.999976157161232 30.0 30.0 30.0 30.0 30.0 30.0 30.0 30.0
79.6 30.0 30.0 29.999976664455705 30.0 30.0 30.0 30.0 30.0 30.0 30.0 30.0
79.7 30.0 30.0 29.999977160956604 30.0 30.0 30.0 30.0 30.0 30.0 30.0 30.0
79.8 30.0 30.0 29.99997764689372 30.0 30.0 30.0 30.0 30.0 30.0 30.0 30.0
79.9 30.0 30.0 29.99997812249172 30.0 30.0 30.0 30.0 30.0 30.0 30.0 30.0
80.0 30.0 30.0 29.999978587970624 30.0 30.0 30.0 30.0 30.0 30.0 30.0 30.0
80.1 30.0 30.0 29.999979043545714 30.0 30.0 30.0 30.0 30.0 30.0 30.0 30.0
80.2 30.0 30.0 29.999979489427716 30.0 30.0 30.0 30.0 30.0 30.0 30.0 30.0
80.3 30.0 30.0 29.999979925822913 30.0 30.0 30.0 30.0 30.0 30.0 30.0 30.0
80.4 30.0 30.0 29.999980352933044 30.0 30.0 30.0 30.0 30.0 30.0 30.0 30.0
80.5 30.0 30.0 29.999980770955773 30.0 30.0 30.0 30.0 30.0 30.0 30.0 30.0
80.6 30.0 30.0 29.99998118008442 30.0 30.0 30.0 30.0 30.0 30.0 30.0 30.0
80.7 30.0 30.0 29.999981580508134 30.0 30.0 30.0 30.0 30.0 30.0 30.0 30.0
80.8 30.0 30.0 29.999981972412208 30.0 30.0 30.0 30.0 30.0 30.0 30.0 30.0
80.9 30.0 30.0 29.999982355977856 30.0 30.0 30.0 30.0 30.0 30.0 30.0 30.0
81.0 30.0 30.0 29.999982731382634 30.0 30.0 30.0 30.0 30.0 30.0 30.0 30.0
81.1 30.0 30.0 29.999983098800012 30.0 30.0 30.0 30.0 30.0 30.0 30.0 30.0
81.2 30.0 30.0 29.999983458399996 30.0 30.0 30.0 30.0 30.0 30.0 30.0 30.0
81.3 30.0 30.0 29.9999838103489 30.0 30.0 30.0 30.0 30.0 30.0 30.0 30.0
81.4 30.0 30.0 29.999984154809567 30.0 30.0 30.0 30.0 30.0 30.0 30.0 30.0
81.5 30.0 30.0 29.99998449194126 30.0 30.0 30.0 30.0 30.0 30.0 30.0 30.0
81.6 30.0 30.0 29.999984821899936 30.0 30.0 30.0 30.0 30.0 30.0 30.0 30.0
81.7 30.0 30.0 29.999985144838284 30.0 30.0 30.0 30.0 30.0 30.0 30.0 30.0
81.8 30.0 30.0 29.999985460905595 30.0 30.0 30.0 30.0 30.0 30.0 30.0 30.0
81.9 30.0 30.0 29.99998577024806 30.0 30.0 30.0 30.0 30.0 30.0 30.0 30.0
82.0 30.0 30.0 29.999986073008785 30.0 30.0 30.0 30.0 30.0 30.0 30.0 30.0
82.1 30.0 30.0 29.999986369327768 30.0 30.0 30.0 30.0 30.0 30.0 30.0 30.0
82.2 30.0 30.0 29.999986659342117 30.0 30.0 30.0 30.0 30.0 30.0 30.0 30.0
82.3 30.0 30.0 29.99998694318593 30.0 30.0 30.0 30.0 30.0 30.0 30.0 30.0
82.4 30.0 30.0 29.99998722099051 30.0 30.0 30.0 30.0 30.0 30.0 30.0 30.0
82.5 30.0 30.0 29.999987492884337 30.0 30.0 30.0 30.0 30.0 30.0 30.0 30.0
82.6 30.0 30.0 29.999987758993196 30.0 30.0 30.0 30.0 30.0 30.0 30.0 30.0
82.7 30.0 30.0 29.999988019440163 30.0 30.0 30.0 30.0 30.0 30.0 30.0 30.0
82.8 30.0 30.0 29.999988274345696 30.0 30.0 30.0 30.0 30.0 30.0 30.0 30.0
82.9 30.0 30.0 29.999988523827735 30.0 30.0 30.0 30.0 30.0 30.0 30.0 30.0
83.0 30.0 30.0 29.999988768001618 30.0 30.0 30.0 30.0 30.0 30.0 30.0 30.0
83.1 30.0 30.0 29.999989006980346 30.0 30.0 30.0 30.0 30.0 30.0 30.0 30.0
83.2 30.0 30.0 29.999989240874424 30.0 30.0 30.0 30.0 30.0 30.0 30.0 30.0
83.3 30.0 30.0 29.999989469792013 30.0 30.0 30.0 30.0 30.0 30.0 30.0 30.0
83.4 30.0 30.0 29.99998969383897 30.0 30.0 30.0 30.0 30.0 30.0 30.0 30.0
83.5 30.0 30.0 29.999989913119013 30.0 30.0 30.0 30.0 30.0 30.0 30.0 30.0
83.6 30.0 30.0 29.999990127733543 30.0 30.0 30.0 30.0 30.0 30.0 30.0 30.0
83.7 30.0 30.0 29.999990337781732 30.0 30.0 30.0 30.0 30.0 30.0 30.0 30.0
83.8 30.0 30.0 29.999990543360816 30.0 30.0 30.0 30.0 30.0 30.0 30.0 30.0
83.9 30.0 30.0 29.999990744565913 30.0 30.0 30.0 30.0 30.0 30.0 30.0 30.0
84.0 30.0 30.0 29.999990941489994 30.0 30.0 30.0 30.0 30.0 30.0 30.0 30.0
84.1 30.0 30.0 29.99999113422421 30.0 30.0 30.0 30.0 30.0 30.0 30.0 30.0
84.2 30.0 30.0 29.999991322857767 30.0 30.0 30.0 30.0 30.0 30.0 30.0 30.0
84.3 30.0 30.0 29.999991507477837 30.0 30.0 30.0 30.0 30.0 30.0 30.0 30.0
84.4 30.0 30.0 29.99999168816976 30.0 30.0 30.0 30.0 30.0 30.0 30.0 30.0
84.5 30.0 30.0 29.999991865017233 30.0 30.0 30.0 30.0 30.0 30.0 30.0 30.0
84.6 30.0 30.0 29.999992038102008 30.0 30.0 30.0 30.0 30.0 30.0 30.0 30.0
84.7 30.0 30.0 29.999992207504103 30.0 30.0 30.0 30.0 30.0 30.0 30.0 30.0
84.8 30.0 30.0 29.999992373301893 30.0 30.0 30.0 30.0 30.0 30.0 30.0 30.0
84.9 30.0 30.0 29.999992535572098 30.0 30.0 30.0 30.0 30.0 30.0 30.0 30.0
85.0 30.0 30.0 29.999992694389707 30.0 30.0 30.0 30.0 30.0 30.0 30.0 30.0
85.1 30.0 30.0 29.999992849828256 30.0 30.0 30.0 30.0 30.0 30.0 30.0 30.0
85.2 30.0 30.0 29.99999300195953 30.0 30.0 30.0 30.0 30.0 30.0 30.0 30.0
85.3 30.0 30.0 29.99999315085397 30.0 30.0 30.0 30.0 30.0 30.0 30.0 30.0
85.4 30.0 30.0 29.99999329658047 30.0 30.0 30.0 30.0 30.0 30.0 30.0 30.0
85.5 30.0 30.0 29.999993439206463 30.0 30.0 30.0 30.0 30.0 30.0 30.0 30.0
85.6 30.0 30.0 29.999993578797838 30.0 30.0 30.0 30.0 30.0 30.0 30.0 30.0
85.7 30.0 30.0 29.99999371541913 30.0 30.0 30.0 30.0 30.0 30.0 30.0 30.0
85.8 30.0 30.0 29.999993849133624 30.0 30.0 30.0 30.0 30.0 30.0 30.0 30.0
85.9 30.0 30.0 29.99999398000314 30.0 30.0 30.0 30.0 30.0 30.0 30.0 30.0
86.0 30.0 30.0 29.99999410808815 30.0 30.0 30.0 30.0 30.0 30.0 30.0 30.0
86.1 30.0 30.0 29.999994233447964 30.0 30.0 30.0 30.0 30.0 30.0 30.0 30.0
86.2 30.0 30.0 29.99999435614054 30.0 30.0 30.0 30.0 30.0 30.0 30.0 30.0
86.3 30.0 30.0 29.999994476222675 30.0 30.0 30.0 30.0 30.0 30.0 30.0 30.0
86.4 30.0 30.0 29.999994593749804 30.0 30.0 30.0 30.0 30.0 30.0 30.0 30.0
86.5 30.0 30.0 29.999994708776406 30.0 30.0 30.0 30.0 30.0 30.0 30.0 30.0
86.6 30.0 30.0 29.999994821355592 30.0 30.0 30.0 30.0 30.0 30.0 30.0 30.0
86.7 30.0 30.0 29.999994931539522 30.0 30.0 30.0 30.0 30.0 30.0 30.0 30.0
86.8 30.0 30.0 29.999995039379083 30.0 30.0 30.0 30.0 30.0 30.0 30.0 30.0
86.9 30.0 30.0 29.999995144924203 30.0 30.0 30.0 30.0 30.0 30.0 30.0 30.0
87.0 30.0 30.0 29.999995248223644 30.0 30.0 30.0 30.0 30.0 30.0 30.0 30.0
87.1 30.0 30.0 29.9999953493253 30.0 30.0 30.0 30.0 30.0 30.0 30.0 30.0
87.2 30.0 30.0 29.999995448275808 30.0 30.0 30.0 30.0 30.0 30.0 30.0 30.0
87.3 30.0 30.0 29.999995545121028 30.0 30.0 30.0 30.0 30.0 30.0 30.0 30.0
87.4 30.0 30.0 29.999995639905663 30.0 30.0 30.0 30.0 30.0 30.0 30.0 30.0
87.5 30.0 30.0 29.99999573267364 30.0 30.0 30.0 30.0 30.0 30.0 30.0 30.0
87.6 30.0 30.0 29.999995823467817 30.0 30.0 30.0 30.0 30.0 30.0 30.0 30.0
87.7 30.0 30.0 29.999995912330192 30.0 30.0 30.0 30.0 30.0 30.0 30.0 30.0
87.8 30.0 30.0 29.99999599930188 30.0 30.0 30.0 30.0 30.0 30.0 30.0 30.0
87.9 30.0 30.0 29.999996084423135 30.0 30.0 30.0 30.0 30.0 30.0 30.0 30.0
88.0 30.0 30.0 29.999996167733237 30.0 30.0 30.0 30.0 30.0 30.0 30.0 30.0
88.1 30.0 30.0 29.99999624927079 30.0 30.0 30.0 30.0 30.0 30.0 30.0 30.0
88.2 30.0 30.0 29.999996329073532 30.0 30.0 30.0 30.0 30.0 30.0 30.0 30.0
88.3 30.0 30.0 29.999996407178326 30.0 30.0 30.0 30.0 30.0 30.0 30.0 30.0
88.4 30.0 30.0 29.999996483621356 30.0 30.0 30.0 30.0 30.0 30.0 30.0 30.0
88.5 30.0 30.0 29.999996558437935 30.0 30.0 30.0 30.0 30.0 30.0 30.0 30.0
88.6 30.0 30.0 29.99999663166261 30.0 30.0 30.0 30.0 30.0 30.0 30.0 30.0
88.7 30.0 30.0 29.999996703329344 30.0 30.0 30.0 30.0 30.0 30.0 30.0 30.0
88.8 30.0 30.0 29.999996773471317 30.0 30.0 30.0 30.0 30.0 30.0 30.0 30.0
88.9 30.0 30.0 29.999996842120847 30.0 30.0 30.0 30.0 30.0 30.0 30.0 30.0
89.0 30.0 30.0 29.99999690930977 30.0 30.0 30.0 30.0 30.0 30.0 30.0 30.0
89.1 30.0 30.0 29.999996975069138 30.0 30.0 30.0 30.0 30.0 30.0 30.0 30.0
89.2 30.0 30.0 29.99999703942934 30.0 30.0 30.0 30.0 30.0 30.0 30.0 30.0
89.3 30.0 30.0 29.999997102420167 30.0 30.0 30.0 30.0 30.0 30.0 30.0 30.0
89.4 30.0 30.0 29.999997164070844 30.0 30.0 30.0 30.0 30.0 30.0 30.0 30.0
89.5 30.0 30.0 29.999997224409725 30.0 30.0 30.0 30.0 30.0 30.0 30.0 30.0
89.6 30.0 30.0 29.99999728346486 30.0 30.0 30.0 30.0 30.0 30.0 30.0 30.0
89.7 30.0 30.0 29.99999734126344 30.0 30.0 30.0 30.0 30.0 30.0 30.0 30.0
89.8 30.0 30.0 29.999997397832367 30.0 30.0 30.0 30.0 30.0 30.0 30.0 30.0
89.9 30.0 30.0 29.999997453197565 30.0 30.0 30.0 30.0 30.0 30.0 30.0 30.0
90.0 30.0 30.0 29.999997507384872 30.0 30.0 30.0 30.0 30.0 30.0 30.0 30.0
90.1 30.0 30.0 29.999997560419253 30.0 30.0 30.0 30.0 30.0 30.0 30.0 30.0
90.2 30.0 30.0 29.999997612325274 30.0 30.0 30.0 30.0 30.0 30.0 30.0 30.0
90.3 30.0 30.0 29.99999766312694 30.0 30.0 30.0 30.0 30.0 30.0 30.0 30.0
90.4 30.0 30.0 29.999997712847662 30.0 30.0 30.0 30.0 30.0 30.0 30.0 30.0
90.5 30.0 30.0 29.999997761510464 30.0 30.0 30.0 30.0 30.0 30.0 30.0 30.0
90.6 30.0 30.0 29.999997809137994 30.0 30.0 30.0 30.0 30.0 30.0 30.0 30.0
90.7 30.0 30.0 29.999997855752113 30.0 30.0 30.0 30.0 30.0 30.0 30.0 30.0
90.8 30.0 30.0 29.999997901374496 30.0 30.0 30.0 30.0 30.0 30.0 30.0 30.0
90.9 30.0 30.0 29.999997946026042 30.0 30.0 30.0 30.0 30.0 30.0 30.0 30.0
91.0 30.0 30.0 29.99999798972765 30.0 30.0 30.0 30.0 30.0 30.0 30.0 30.0
91.1 30.0 30.0 29.99999803249944 30.0 30.0 30.0 30.0 30.0 30.0 30.0 30.0
91.2 30.0 30.0 29.999998074361162 30.0 30.0 30.0 30.0 30.0 30.0 30.0 30.0
91.3 30.0 30.0 29.999998115332158 30.0 30.0 30.0 30.0 30.0 30.0 30.0 30.0
91.4 30.0 30.0 29.999998155431392 30.0 30.0 30.0 30.0 30.0 30.0 30.0 30.0
91.5 30.0 30.0 29.999998194677442 30.0 30.0 30.0 30.0 30.0 30.0 30.0 30.0
91.6 30.0 30.0 29.999998233088498 30.0 30.0 30.0 30.0 30.0 30.0 30.0 30.0
91.7 30.0 30.0 29.999998270682365 30.0 30.0 30.0 30.0 30.0 30.0 30.0 30.0
91.8 30.0 30.0 29.999998307476265 30.0 30.0 30.0 30.0 30.0 30.0 30.0 30.0
91.9 30.0 30.0 29.999998343487416 30.0 30.0 30.0 30.0 30.0 30.0 30.0 30.0
92.0 30.0 30.0 29.999998378732272 30.0 30.0 30.0 30.0 30.0 30.0 30.0 30.0
92.1 30.0 30.0 29.999998413227278 30.0 30.0 30.0 30.0 30.0 30.0 30.0 30.0
92.2 30.0 30.0 29.999998446988496 30.0 30.0 30.0 30.0 30.0 30.0 30.0 30.0
92.3 30.0 30.0 29.999998480031213 30.0 30.0 30.0 30.0 30.0 30.0 30.0 30.0
92.4 30.0 30.0 29.999998512370908 30.0 30.0 30.0 30.0 30.0 30.0 30.0 30.0
92.5 30.0 30.0 29.999998544022677 30.0 30.0 30.0 30.0 30.0 30.0 30.0 30.0
92.6 30.0 30.0 29.99999857500084 30.0 30.0 30.0 30.0 30.0 30.0 30.0 30.0
92.7 30.0 30.0 29.999998605319913 30.0 30.0 30.0 30.0 30.0 30.0 30.0 30.0
92.8 30.0 30.0 29.999998634994014 30.0 30.0 30.0 30.0 30.0 30.0 30.0 30.0
92.9 30.0 30.0 29.999998664036696 30.0 30.0 30.0 30.0 30.0 30.0 30.0 30.0
93.0 30.0 30.0 29.999998692461503 30.0 30.0 30.0 30.0 30.0 30.0 30.0 30.0
93.1 30.0 30.0 29.999998720281397 30.0 30.0 30.0 30.0 30.0 30.0 30.0 30.0
93.2 30.0 30.0 29.99999874750954 30.0 30.0 30.0 30.0 30.0 30.0 30.0 30.0
93.3 30.0 30.0 29.999998774158314 30.0 30.0 30.0 30.0 30.0 30.0 30.0 30.0
93.4 30.0 30.0 29.999998800240107 30.0 30.0 30.0 30.0 30.0 30.0 30.0 30.0
93.5 30.0 30.0 29.999998825766912 30.0 30.0 30.0 30.0 30.0 30.0 30.0 30.0
93.6 30.0 30.0 29.99999885075054 30.0 30.0 30.0 30.0 30.0 30.0 30.0 30.0
93.7 30.0 30.0 29.999998875202596 30.0 30.0 30.0 30.0 30.0 30.0 30.0 30.0
93.8 30.0 30.0 29.999998899134496 30.0 30.0 30.0 30.0 30.0 30.0 30.0 30.0
93.9 30.0 30.0 29.999998922557083 30.0 30.0 30.0 30.0 30.0 30.0 30.0 30.0
94.0 30.0 30.0 29.99999894548138 30.0 30.0 30.0 30.0 30.0 30.0 30.0 30.0
94.1 30.0 30.0 29.99999896791803 30.0 30.0 30.0 30.0 30.0 30.0 30.0 30.0
94.2 30.0 30.0 29.999998989877298 30.0 30.0 30.0 30.0 30.0 30.0 30.0 30.0
94.3 30.0 30.0 29.99999901136924 30.0 30.0 30.0 30.0 30.0 30.0 30.0 30.0
94.4 30.0 30.0 29.999999032403917 30.0 30.0 30.0 30.0 30.0 30.0 30.0 30.0
94.5 30.0 30.0 29.999999052991008 30.0 30.0 30.0 30.0 30.0 30.0 30.0 30.0
94.6 30.0 30.0 29.999999073140184 30.0 30.0 30.0 30.0 30.0 30.0 30.0 30.0
94.7 30.0 30.0 29.999999092860545 30.0 30.0 30.0 30.0 30.0 30.0 30.0 30.0
94.8 30.0 30.0 29.999999112161376 30.0 30.0 30.0 30.0 30.0 30.0 30.0 30.0
94.9 30.0 30.0 29.99999913105158 30.0 30.0 30.0 30.0 30.0 30.0 30.0 30.0
95.0 30.0 30.0 29.999999149539867 30.0 30.0 30.0 30.0 30.0 30.0 30.0 30.0
95.1 30.0 30.0 29.999999167634748 30.0 30.0 30.0 30.0 30.0 30.0 30.0 30.0
95.2 30.0 30.0 29.999999185344738 30.0 30.0 30.0 30.0 30.0 30.0 30.0 30.0
95.3 30.0 30.0 29.999999202677774 30.0 30.0 30.0 30.0 30.0 30.0 30.0 30.0
95.4 30.0 30.0 29.99999921964217 30.0 30.0 30.0 30.0 30.0 30.0 30.0 30.0
95.5 30.0 30.0 29.999999236245483 30.0 30.0 30.0 30.0 30.0 30.0 30.0 30.0
95.6 30.0 30.0 29.999999252495634 30.0 30.0 30.0 30.0 30.0 30.0 30.0 30.0
95.7 30.0 30.0 29.99999926839999 30.0 30.0 30.0 30.0 30.0 30.0 30.0 30.0
95.8 30.0 30.0 29.999999283965895 30.0 30.0 30.0 30.0 30.0 30.0 30.0 30.0
95.9 30.0 30.0 29.999999299200706 30.0 30.0 30.0 30.0 30.0 30.0 30.0 30.0
96.0 30.0 30.0 29.999999314111385 30.0 30.0 30.0 30.0 30.0 30.0 30.0 30.0
96.1 30.0 30.0 29.999999328704714 30.0 30.0 30.0 30.0 30.0 30.0 30.0 30.0
96.2 30.0 30.0 29.99999934298765 30.0 30.0 30.0 30.0 30.0 30.0 30.0 30.0
96.3 30.0 30.0 29.999999356966583 30.0 30.0 30.0 30.0 30.0 30.0 30.0 30.0
96.4 30.0 30.0 29.99999937064809 30.0 30.0 30.0 30.0 30.0 30.0 30.0 30.0
96.5 30.0 30.0 29.999999384038563 30.0 30.0 30.0 30.0 30.0 30.0 30.0 30.0
96.6 30.0 30.0 29.99999939714419 30.0 30.0 30.0 30.0 30.0 30.0 30.0 30.0
96.7 30.0 30.0 29.999999409970968 30.0 30.0 30.0 30.0 30.0 30.0 30.0 30.0
96.8 30.0 30.0 29.999999422524702 30.0 30.0 30.0 30.0 30.0 30.0 30.0 30.0
96.9 30.0 30.0 29.999999434811397 30.0 30.0 30.0 30.0 30.0 30.0 30.0 30.0
97.0 30.0 30.0 29.999999446836657 30.0 30.0 30.0 30.0 30.0 30.0 30.0 30.0
97.1 30.0 30.0 29.999999458606098 30.0 30.0 30.0 30.0 30.0 30.0 30.0 30.0
97.2 30.0 30.0 29.99999947012514 30.0 30.0 30.0 30.0 30.0 30.0 30.0 30.0
97.3 30.0 30.0 29.999999481399005 30.0 30.0 30.0 30.0 30.0 30.0 30.0 30.0
97.4 30.0 30.0 29.99999949243311 30.0 30.0 30.0 30.0 30.0 30.0 30.0 30.0
97.5 30.0 30.0 29.999999503232488 30.0 30.0 30.0 30.0 30.0 30.0 30.0 30.0
97.6 30.0 30.0 29.999999513801978 30.0 30.0 30.0 30.0 30.0 30.0 30.0 30.0
97.7 30.0 30.0 29.99999952414661 30.0 30.0 30.0 30.0 30.0 30.0 30.0 30.0
97.8 30.0 30.0 29.999999534271222 30.0 30.0 30.0 30.0 30.0 30.0 30.0 30.0
97.9 30.0 30.0 29.999999544180262 30.0 30.0 30.0 30.0 30.0 30.0 30.0 30.0
98.0 30.0 30.0 29.99999955387857 30.0 30.0 30.0 30.0 30.0 30.0 30.0 30.0
98.1 30.0 30.0 29.9999995633706 30.0 30.0 30.0 30.0 30.0 30.0 30.0 30.0
98.2 30.0 30.0 29.999999572660606 30.0 30.0 30.0 30.0 30.0 30.0 30.0 30.0
98.3 30.0 30.0 29.999999581752842 30.0 30.0 30.0 30.0 30.0 30.0 30.0 30.0
98.4 30.0 30.0 29.999999590651765 30.0 30.0 30.0 30.0 30.0 30.0 30.0 30.0
98.5 30.0 30.0 29.999999599361242 30.0 30.0 30.0 30.0 30.0 30.0 30.0 30.0
98.6 30.0 30.0 29.999999607885528 30.0 30.0 30.0 30.0 30.0 30.0 30.0 30.0
98.7 30.0 30.0 29.999999616228305 30.0 30.0 30.0 30.0 30.0 30.0 30.0 30.0
98.8 30.0 30.0 29.99999962439363 30.0 30.0 30.0 30.0 30.0 30.0 30.0 30.0
98.9 30.0 30.0 29.999999632385187 30.0 30.0 30.0 30.0 30.0 30.0 30.0 30.0
99.0 30.0 30.0 29.99999964020684 30.0 30.0 30.0 30.0 30.0 30.0 30.0 30.0
99.1 30.0 30.0 29.999999647862076 30.0 30.0 30.0 30.0 30.0 30.0 30.0 30.0
99.2 30.0 30.0 29.99999965535438 30.0 30.0 30.0 30.0 30.0 30.0 30.0 30.0
99.3 30.0 30.0 29.999999662687227 30.0 30.0 30.0 30.0 30.0 30.0 30.0 30.0
99.4 30.0 30.0 29.99999966986411 30.0 30.0 30.0 30.0 30.0 30.0 30.0 30.0
99.5 30.0 30.0 29.99999967688831 30.0 30.0 30.0 30.0 30.0 30.0 30.0 30.0
99.6 30.0 30.0 29.99999968376312 30.0 30.0 30.0 30.0 30.0 30.0 30.0 30.0
99.7 30.0 30.0 29.99999969049164 30.0 30.0 30.0 30.0 30.0 30.0 30.0 30.0
99.8 30.0 30.0 29.999999697076966 30.0 30.0 30.0 30.0 30.0 30.0 30.0 30.0
99.9 30.0 30.0 29.999999703522185 30.0 30.0 30.0 30.0 30.0 30.0 30.0 30.0
