0.0 30.0 30.0 30.0 30.0 30.0 30.0 30.0 30.0 30.0 30.0 30.0
0.1 30.0 30.0 30.0 30.0 30.0 30.0 30.0 30.0 30.0 30.0 30.0
0.2 30.0 30.0 30.0 30.0 30.0 30.0 30.0 30.0 30.0 30.0 30.0
0.3 30.0 30.0 30.0 30.0 30.0 30.0 30.0 30.0 30.0 30.0 30.0
0.4 30.0 30.0 30.0 30.0 30.0 30.0 30.0 30.0 30.0 30.0 30.0
0.5 30.0 30.0 30.0 30.0 30.0 30.0 30.0 30.0 30.0 30.0 30.0
0.6 30.0 30.0 30.0 30.0 30.0 30.0 30.0 30.0 30.0 30.0 30.0
0.7 30.0 30.0 30.0 30.0 30.0 30.0 30.0 30.0 30.0 30.0 30.0
0.8 30.0 30.0 30.0 30.0 30.0 30.0 30.0 30.0 30.0 30.0 30.0
0.9 30.0 30.0 30.0 30.0 30.0 30.0 30.0 30.0 30.0 30.0 30.0
1.0 30.0 30.0 30.0 30.0 30.0 30.0 30.0 30.0 30.0 30.0 30.0
1.1 30.0 30.0 30.0 30.0 30.0 30.0 30.0 30.0 30.0 30.0 30.0
1.2 30.0 30.0 30.0 30.0 30.0 30.0 30.0 30.0 30.0 30.0 30.0
1.3 30.0 30.0 30.0 30.0 30.0 30.0 30.0 30.0 30.0 30.0 30.0
1.4 30.0 30.0 30.0 30.0 30.0 30.0 30.0 30.0 30.0 30.0 30.0
1.5 30.0 30.0 30.0 30.0 30.0 30.0 30.0 30.0 30.0 30.0 30.0
1.6 30.0 30.0 30.0 30.0 30.0 30.0 30.0 30.0 30.0 30.0 30.0
1.7 30.0 30.0 30.0 30.0 30.0 30.0 30.0 30.0 30.0 30.0 30.0
1.8 30.0 30.0 30.0 30.0 30.0 30.0 30.0 30.0 30.0 30.0 30.0
1.9 30.0 30.0 30.0 30.0 30.0 30.0 30.0 30.0 30.0 30.0 30.0
2.0 30.0 30.0 30.0 30.0 30.0 30.0 30.0 30.0 30.0 30.0 30.0
2.1 30.0 30.0 30.0 30.0 30.0 30.0 30.0 30.0 30.0 30.0 30.0
2.2 30.0 30.0 30.0 30.0 30.0 30.0 30.0 30.0 30.0 30.0 30.0
2.3 30.0 30.0 30.0 30.0 30.0 30.0 30.0 30.0 30.0 30.0 30.0
2.4 30.0 30.0 30.0 30.0 30.0 30.0 30.0 30.0 30.0 30.0 30.0
2.5 30.0 30.0 30.0 30.0 30.0 30.0 30.0 30.0 30.0 30.0 30.0
2.6 30.0 30.0 30.0 30.0 30.0 30.0 30.0 30.0 30.0 30.0 30.0
2.7 30.0 30.0 30.0 30.0 30.0 30.0 30.0 30.0 30.0 30.0 30.0
2.8 30.0 30.0 30.0 30.0 30.0 30.0 30.0 30.0 30.0 30.0 30.0
2.9 30.0 30.0 30.0 30.0 30.0 30.0 30.0 30.0 30.0 30.0 30.0
3.0 30.0 30.0 30.0 30.0 30.0 30.0 30.0 30.0 30.0 30.0 30.0
3.1 30.0 30.0 30.0 30.0 30.0 30.0 30.0 30.0 30.0 30.0 30.0
3.2 30.0 30.0 30.0 30.0 30.0 30.0 30.0 30.0 30.0 30.0 30.0
3.3 30.0 30.0 30.0 30.0 30.0 30.0 30.0 30.0 30.0 30.0 30.0
3.4 30.0 30.0 30.0 30.0 30.0 30.0 30.0 30.0 30.0 30.0 30.0
3.5 30.0 30.0 30.0 30.0 30.0 30.0 30.0 30.0 30.0 30.0 30.0
3.6 30.0 30.0 30.0 30.0 30.0 30.0 30.0 30.0 30.0 30.0 30.0
3.7 30.0 30.0 30.0 30.0 30.0 30.0 30.0 30.0 30.0 30.0 30.0
3.8 30.0 30.0 30.0 30.0 30.0 30.0 30.0 30.0 30.0 30.0 30.0
3.9 30.0 30.0 30.0 30.0 30.0 30.0 30.0 30.0 30.0 30.0 30.0
4.0 30.0 30.0 30.0 30.0 30.0 30.0 30.0 30.0 30.0 30.0 30.0
4.1 30.0 30.0 30.0 30.0 30.0 30.0 30.0 30.0 30.0 30.0 30.0
4.2 30.0 30.0 30.0 30.0 30.0 30.0 30.0 30.0 30.0 30.0 30.0
4.3 30.0 30.0 30.0 30.0 30.0 30.0 30.0 30.0 30.0 30.0 30.0
4.4 30.0 30.0 30.0 30.0 30.0 30.0 30.0 30.0 30.0 30.0 30.0
4.5 30.0 30.0 30.0 30.0 30.0 30.0 30.0 30.0 30.0 30.0 30.0
4.6 30.0 30.0 30.0 30.0 30.0 30.0 30.0 30.0 30.0 30.0 30.0
4.7 30.0 30.0 30.0 30.0 30.0 30.0 30.0 30.0 30.0 30.0 30.0
4.8 30.0 30.0 30.0 30.0 30.0 30.0 30.0 30.0 30.0 30.0 30.0
4.9 30.0 30.0 30.0 30.0 30.0 30.0 30.0 30.0 30.0 30.0 30.0
5.0 30.0 30.0 30.0 30.0 30.0 30.0 30.0 30.0 30.0 30.0 30.0
5.1 30.0 30.0 30.0 30.0 30.0 30.0 30.0 30.0 30.0 30.0 30.0
5.2 30.0 30.0 30.0 30.0 30.0 30.0 30.0 30.0 30.0 30.0 30.0
5.3 30.0 30.0 30.0 30.0 30.0 30.0 30.0 30.0 30.0 30.0 30.0
5.4 30.0 30.0 30.0 30.0 30.0 30.0 30.0 30.0 30.0 30.0 30.0
5.5 30.0 30.0 30.0 30.0 30.0 30.0 30.0 30.0 30.0 30.0 30.0
5.6 30.0 30.0 30.0 30.0 30.0 30.0 30.0 30.0 30.0 30.0 30.0
5.7 30.0 30.0 30.0 30.0 30.0 30.0 30.0 30.0 30.0 30.0 30.0
5.8 30.0 30.0 30.0 30.0 30.0 30.0 30.0 30.0 30.0 30.0 30.0
5.9 30.0 30.0 30.0 30.0 30.0 30.0 30.0 30.0 30.0 30.0 30.0
6.0 30.0 30.0 30.0 30.0 30.0 30.0 30.0 30.0 30.0 30.0 30.0
6.1 30.0 30.0 30.0 30.0 30.0 30.0 30.0 30.0 30.0 30.0 30.0
6.2 30.0 30.0 30.0 30.0 30.0 30.0 30.0 30.0 30.0 30.0 30.0
6.3 30.0 30.0 30.0 30.0 30.0 30.0 30.0 30.0 30.0 30.0 30.0
6.4 30.0 30.0 30.0 30.0 30.0 30.0 30.0 30.0 30.0 30.0 30.0
6.5 30.0 30.0 30.0 30.0 30.0 30.0 30.0 30.0 30.0 30.0 30.0
6.6 30.0 30.0 30.0 30.0 30.0 30.0 30.0 30.0 30.0 30.0 30.0
6.7 30.0 30.0 30.0 30.0 30.0 30.0 30.0 30.0 30.0 30.0 30.0
6.8 30.0 30.0 30.0 30.0 30.0 30.0 30.0 30.0 30.0 30.0 30.0
6.9 30.0 30.0 30.0 30.0 30.0 30.0 30.0 30.0 30.0 30.0 30.0
7.0 30.0 30.0 30.0 30.0 30.0 30.0 30.0 30.0 30.0 30.0 30.0
7.1 30.0 30.0 30.0 30.0 30.0 30.0 30.0 30.0 30.0 30.0 30.0
7.2 30.0 30.0 30.0 30.0 30.0 30.0 30.0 30.0 30.0 30.0 30.0
7.3 30.0 30.0 30.0 30.0 30.0 30.0 30.0 30.0 30.0 30.0 30.0
7.4 30.0 30.0 30.0 30.0 30.0 30.0 30.0 30.0 30.0 30.0 30.0
7.5 30.0 30.0 30.0 30.0 30.0 30.0 30.0 30.0 30.0 30.0 30.0
7.6 30.0 30.0 30.0 30.0 30.0 30.0 30.0 30.0 30.0 30.0 30.0
7.7 30.0 30.0 30.0 30.0 30.0 30.0 30.0 30.0 30.0 30.0 30.0
7.8 30.0 30.0 30.0 30.0 30.0 30.0 30.0 30.0 30.0 30.0 30.0
7.9 30.0 30.0 30.0 30.0 30.0 30.0 30.0 30.0 30.0 30.0 30.0
8.0 30.0 30.0 30.0 30.0 30.0 30.0 30.0 30.0 30.0 30.0 30.0
8.1 30.0 30.0 30.0 30.0 30.0 30.0 30.0 30.0 30.0 30.0 30.0
8.2 30.0 30.0 30.0 30.0 30.0 30.0 30.0 30.0 30.0 30.0 30.0
8.3 30.0 30.0 30.0 30.0 30.0 30.0 30.0 30.0 30.0 30.0 30.0
8.4 30.0 30.0 30.0 30.0 30.0 30.0 30.0 30.0 30.0 30.0 30.0
8.5 30.0 30.0 30.0 30.0 30.0 30.0 30.0 30.0 30.0 30.0 30.0
8.6 30.0 30.0 30.0 30.0 30.0 30.0 30.0 30.0 30.0 30.0 30.0
8.7 30.0 30.0 30.0 30.0 30.0 30.0 30.0 30.0 30.0 30.0 30.0
8.8 30.0 30.0 30.0 30.0 30.0 30.0 30.0 30.0 30.0 30.0 30.0
8.9 30.0 30.0 30.0 30.0 30.0 30.0 30.0 30.0 30.0 30.0 30.0
9.0 30.0 30.0 30.0 30.0 30.0 30.0 30.0 30.0 30.0 30.0 30.0
9.1 30.0 30.0 30.0 30.0 30.0 30.0 30.0 30.0 30.0 30.0 30.0
9.2 30.0 30.0 30.0 30.0 30.0 30.0 30.0 30.0 30.0 30.0 30.0
9.3 30.0 30.0 30.0 30.0 30.0 30.0 30.0 30.0 30.0 30.0 30.0
9.4 30.0 30.0 30.0 30.0 30.0 30.0 30.0 30.0 30.0 30.0 30.0
9.5 30.0 30.0 30.0 30.0 30.0 30.0 30.0 30.0 30.0 30.0 30.0
9.6 30.0 30.0 30.0 30.0 30.0 30.0 30.0 30.0 30.0 30.0 30.0
9.7 30.0 30.0 30.0 30.0 30.0 30.0 30.0 30.0 30.0 30.0 30.0
9.8 30.0 30.0 30.0 30.0 30.0 30.0 30.0 30.0 30.0 30.0 30.0
9.9 30.0 30.0 30.0 30.0 30.0 30.0 30.0 30.0 30.0 30.0 30.0
10.0 30.0 30.0 30.0 30.0 30.0 30.0 30.0 30.0 30.0 30.0 30.0
10.1 30.0 30.0 30.0 30.0 30.0 30.0 30.0 30.0 30.0 30.0 30.0
10.2 30.0 30.0 30.0 30.0 30.0 30.0 30.0 30.0 30.0 30.0 30.0
10.3 30.0 30.0 30.0 30.0 30.0 30.0 30.0 30.0 30.0 30.0 30.0
10.4 30.0 30.0 30.0 30.0 30.0 30.0 30.0 30.0 30.0 30.0 30.0
10.5 30.0 30.0 30.0 30.0 30.0 30.0 30.0 30.0 30.0 30.0 30.0
10.6 30.0 30.0 30.0 30.0 30.0 30.0 30.0 30.0 30.0 30.0 30.0
10.7 30.0 30.0 30.0 30.0 30.0 30.0 30.0 30.0 30.0 30.0 30.0
10.8 30.0 30.0 30.0 30.0 30.0 30.0 30.0 30.0 30.0 30.0 30.0
10.9 30.0 30.0 30.0 30.0 30.0 30.0 30.0 30.0 30.0 30.0 30.0
11.0 30.0 30.0 30.0 30.0 30.0 30.0 30.0 30.0 30.0 30.0 30.0
11.1 30.0 30.0 30.0 30.0 30.0 30.0 30.0 30.0 30.0 30.0 30.0
11.2 30.0 30.0 30.0 30.0 30.0 30.0 30.0 30.0 30.0 30.0 30.0
11.3 30.0 30.0 30.0 30.0 30.0 30.0 30.0 30.0 30.0 30.0 30.0
11.4 30.0 30.0 30.0 30.0 30.0 30.0 30.0 30.0 30.0 30.0 30.0
11.5 30.0 30.0 30.0 30.0 30.0 30.0 30.0 30.0 30.0 30.0 30.0
11.6 30.0 30.0 30.0 30.0 30.0 30.0 30.0 30.0 30.0 30.0 30.0
11.7 30.0 30.0 30.0 30.0 30.0 30.0 30.0 30.0 30.0 30.0 30.0
11.8 30.0 30.0 30.0 30.0 30.0 30.0 30.0 30.0 30.0 30.0 30.0
11.9 30.0 30.0 30.0 30.0 30.0 30.0 30.0 30.0 30.0 30.0 30.0
12.0 30.0 30.0 30.0 30.0 30.0 30.0 30.0 30.0 30.0 30.0 30.0
12.1 30.0 30.0 30.0 30.0 30.0 30.0 30.0 30.0 30.0 30.0 30.0
12.2 30.0 30.0 30.0 30.0 30.0 30.0 30.0 30.0 30.0 30.0 30.0
12.3 30.0 30.0 30.0 30.0 30.0 30.0 30.0 30.0 30.0 30.0 30.0
12.4 30.0 30.0 30.0 30.0 30.0 30.0 30.0 30.0 30.0 30.0 30.0
12.5 30.0 30.0 30.0 30.0 30.0 30.0 30.0 30.0 30.0 30.0 30.0
12.6 30.0 30.0 30.0 30.0 30.0 30.0 30.0 30.0 30.0 30.0 30.0
12.7 30.0 30.0 30.0 30.0 30.0 30.0 30.0 30.0 30.0 30.0 30.0
12.8 30.0 30.0 30.0 30.0 30.0 30.0 30.0 30.0 30.0 30.0 30.0
12.9 30.0 30.0 30.0 30.0 30.0 30.0 30.0 30.0 30.0 30.0 30.0
13.0 30.0 29.97498208421851 30.0 30.0 30.0 30.0 30.0 30.0 30.0 30.0 30.0
13.1 30.0 29.809319363193644 30.0 30.0 30.0 30.0 30.0 30.0 30.0 30.0 30.0
13.2 30.0 29.647181380913974 30.0 30.0 30.0 30.0 30.0 30.0 30.0 30.0 30.0
13.3 30.0 29.486069080828074 30.0 30.0 30.0 30.0 30.0 30.0 30.0 30.0 30.0
13.4 30.0 29.32743353985466 30.0 30.0 30.0 30.0 30.0 30.0 30.0 30.0 30.0
13.5 30.0 29.54591690620774 30.0 30.0 30.0 30.0 30.0 30.0 30.0 30.0 30.0
13.6 30.0 29.777530407903082 30.0 30.0 30.0 30.0 30.0 30.0 30.0 30.0 30.0
13.7 30.0 30.0 30.0 30.0 30.0 30.0 30.0 30.0 30.0 30.0 30.0
13.8 30.0 29.2 30.0 30.0 30.0 30.0 30.0 30.0 30.0 30.0 30.0
13.9 30.0 28.4 30.0 30.0 30.0 30.0 30.0 30.0 30.0 30.0 30.0
14.0 30.0 27.599999999999998 30.0 30.0 30.0 30.0 30.0 30.0 30.0 30.0 30.0
14.1 30.0 26.799999999999997 30.0 30.0 30.0 30.0 30.0 30.0 30.0 30.0 30.0
14.2 30.0 26.19112863116024 30.0 30.0 30.0 30.0 30.0 30.0 30.0 30.0 30.0
14.3 30.0 26.074795822823923 30.0 30.0 30.0 30.0 30.0 30.0 30.0 30.0 30.0
14.4 30.0 25.96123284325757 30.0 30.0 30.0 30.0 30.0 30.0 30.0 30.0 30.0
14.5 30.0 25.85037374415712 30.0 30.0 30.0 30.0 30.0 30.0 30.0 30.0 30.0
14.6 30.0 25.74215414741619 30.0 30.0 30.0 30.0 30.0 30.0 30.0 30.0 30.0
14.7 30.0 25.636511207740526 30.0 30.0 30.0 30.0 30.0 30.0 30.0 30.0 30.0
14.8 30.0 25.531758785326804 30.0 30.0 30.0 30.0 30.0 30.0 30.0 30.0 30.0
14.9 30.0 25.428670782783126 30.0 30.0 30.0 30.0 30.0 30.0 30.0 30.0 30.0
15.0 30.0 25.328097121764884 30.0 30.0 30.0 30.0 30.0 30.0 30.0 30.0 30.0
15.1 30.0 25.229976476869094 30.0 30.0 30.0 30.0 30.0 30.0 30.0 30.0 30.0
15.2 30.0 25.13424901843411 30.0 30.0 30.0 30.0 30.0 30.0 30.0 30.0 30.0
15.3 30.0 25.443421026815596 30.0 30.0 30.0 30.0 30.0 30.0 30.0 30.0 30.0
15.4 30.0 25.76540815320707 30.0 30.0 30.0 30.0 30.0 30.0 30.0 30.0 30.0
15.5 30.0 26.102068689584062 30.0 30.0 30.0 30.0 30.0 30.0 30.0 30.0 30.0
15.6 30.0 25.30206868958406 30.0 30.0 30.0 30.0 30.0 30.0 30.0 30.0 30.0
15.7 30.0 24.50206868958406 30.0 30.0 30.0 30.0 30.0 30.0 30.0 30.0 30.0
15.8 30.0 23.70206868958406 30.0 30.0 30.0 30.0 30.0 30.0 30.0 30.0 30.0
15.9 30.0 22.90206868958406 30.0 30.0 30.0 30.0 30.0 30.0 30.0 30.0 30.0
16.0 30.0 22.24770344726359 30.0 30.0 30.0 30.0 30.0 30.0 30.0 30.0 30.0
16.1 30.0 22.198345709932774 30.0 30.0 30.0 30.0 30.0 30.0 30.0 30.0 30.0
16.2 30.0 22.150321965502766 30.0 30.0 30.0 30.0 30.0 30.0 30.0 30.0 30.0
16.3 30.0 22.10359616011153 30.0 30.0 30.0 30.0 30.0 30.0 30.0 30.0 30.0
16.4 30.0 22.058133214325338 30.0 30.0 30.0 30.0 30.0 30.0 30.0 30.0 30.0
16.5 30.0 22.013898996803643 30.0 30.0 30.0 30.0 30.0 30.0 30.0 30.0 30.0
16.6 30.0 21.970860298674534 30.0 30.0 30.0 30.0 30.0 30.0 30.0 30.0 30.0
16.7 30.0 21.928984808602912 30.0 30.0 30.0 30.0 30.0 30.0 30.0 30.0 30.0
16.8 30.0 21.888241088533285 30.0 30.0 30.0 30.0 30.0 30.0 30.0 30.0 30.0
16.9 30.0 21.84859855008715 30.0 30.0 30.0 30.0 30.0 30.0 30.0 30.0 30.0
17.0 30.0 21.810027431598993 30.0 30.0 30.0 30.0 30.0 30.0 30.0 30.0 30.0
17.1 30.0 22.200105996476232 30.0 30.0 30.0 30.0 30.0 30.0 30.0 30.0 30.0
17.2 30.0 22.60123026855788 30.0 30.0 30.0 30.0 30.0 30.0 30.0 30.0 30.0
17.3 30.0 23.017552292175562 30.0 30.0 30.0 30.0 30.0 30.0 30.0 30.0 30.0
17.4 30.0 22.21755229217556 30.0 30.0 30.0 30.0 30.0 30.0 30.0 30.0 30.0
17.5 30.0 21.41755229217556 30.0 30.0 30.0 30.0 30.0 30.0 30.0 30.0 30.0
17.6 30.0 20.61755229217556 30.0 30.0 30.0 30.0 30.0 30.0 30.0 30.0 30.0
17.7 30.0 19.81755229217556 30.0 30.0 30.0 30.0 30.0 30.0 30.0 30.0 30.0
17.8 30.0 19.135879641241047 30.0 30.0 30.0 30.0 30.0 30.0 30.0 30.0 30.0
17.9 30.0 19.14805855062824 30.0 30.0 30.0 30.0 30.0 30.0 30.0 30.0 30.0
18.0 30.0 19.15986840215521 30.0 30.0 30.0 30.0 30.0 30.0 30.0 30.0 30.0
18.1 30.0 19.17132037939338 30.0 30.0 30.0 30.0 30.0 30.0 30.0 30.0 30.0
18.2 30.0 19.182425327018393 30.0 30.0 30.0 30.0 30.0 30.0 30.0 30.0 30.0
18.3 30.0 19.193193761078998 30.0 30.0 30.0 30.0 30.0 30.0 30.0 30.0 30.0
18.4 30.0 19.203528941339535 30.0 30.0 30.0 30.0 30.0 30.0 30.0 30.0 30.0
18.5 30.0 19.213359962212422 30.0 30.0 30.0 30.0 30.0 30.0 30.0 30.0 30.0
18.6 30.0 19.222901835412515 30.0 30.0 30.0 30.0 30.0 30.0 30.0 30.0 30.0
18.7 30.0 19.23216306528317 30.0 30.0 30.0 30.0 30.0 30.0 30.0 30.0 30.0
18.8 30.0 19.241151906039992 30.0 30.0 30.0 30.0 30.0 30.0 30.0 30.0 30.0
18.9 30.0 19.69510530003976 30.0 30.0 30.0 30.0 30.0 30.0 30.0 30.0 30.0
19.0 30.0 20.162178815780834 30.0 30.0 30.0 30.0 30.0 30.0 30.0 30.0 30.0
19.1 30.0 20.639704201102255 30.0 30.0 30.0 30.0 30.0 30.0 30.0 30.0 30.0
19.2 30.0 19.839704201102254 30.0 30.0 30.0 30.0 30.0 30.0 30.0 30.0 30.0
19.3 30.0 19.039704201102253 30.0 30.0 30.0 30.0 30.0 30.0 30.0 30.0 30.0
19.4 30.0 18.239704201102253 29.88271932949859 30.0 30.0 30.0 30.0 30.0 30.0 30.0 30.0
19.5 30.0 17.439704201102252 29.239241068629003 30.0 30.0 30.0 30.0 30.0 30.0 30.0 30.0
19.6 30.0 16.720408167905408 28.59924106862895 30.0 30.0 30.0 30.0 30.0 30.0 30.0 30.0
19.7 30.0 16.784864566841982 28.00136422938985 30.0 30.0 30.0 30.0 30.0 30.0 30.0 30.0
19.8 30.0 16.84565072820711 27.775773150880198 30.0 30.0 30.0 30.0 30.0 30.0 30.0 30.0
19.9 30.0 16.90398780587806 27.55602886753556 30.0 30.0 30.0 30.0 30.0 30.0 30.0 30.0
20.0 30.0 16.960443042333804 27.341779721386292 30.0 30.0 30.0 30.0 30.0 30.0 30.0 30.0
20.1 30.0 17.0150771421296 27.131221651802687 30.0 30.0 30.0 30.0 30.0 30.0 30.0 30.0
20.2 30.0 17.0679488516095 26.922644246826795 30.0 30.0 30.0 30.0 30.0 30.0 30.0 30.0
20.3 30.0 16.2679488516095 26.122644246826795 29.2 29.2 29.2 29.2 29.2 29.2 29.2 29.2
20.4 30.0 15.4679488516095 25.322644246826794 28.4 28.4 28.4 28.4 28.4 28.4 28.4 28.4
20.5 30.0 14.667948851609498 24.522644246826793 27.599999999999998 27.599999999999998 27.599999999999998 27.599999999999998 27.599999999999998 27.599999999999998 27.599999999999998 27.599999999999998
20.6 30.0 13.867948851609498 23.722644246826793 26.799999999999997 26.799999999999997 26.799999999999997 26.799999999999997 26.799999999999997 26.799999999999997 26.799999999999997 26.799999999999997
20.7 30.0 13.067948851609497 22.922644246826792 25.999999999999996 25.999999999999996 25.999999999999996 25.999999999999996 25.999999999999996 25.999999999999996 25.999999999999996 25.999999999999996
20.8 30.0 12.267948851609496 22.12264424682679 25.199999999999996 25.199999999999996 25.199999999999996 25.199999999999996 25.199999999999996 25.199999999999996 25.199999999999996 25.199999999999996
20.9 30.0 11.467948851609496 21.32264424682679 24.399999999999995 24.399999999999995 24.399999999999995 24.399999999999995 24.399999999999995 24.399999999999995 24.399999999999995 24.399999999999995
21.0 30.0 10.667948851609495 20.52264424682679 23.599999999999994 23.599999999999994 23.599999999999994 23.599999999999994 23.599999999999994 23.599999999999994 23.599999999999994 23.599999999999994
21.1 30.0 9.867948851609494 19.72264424682679 22.799999999999994 22.799999999999994 22.799999999999994 22.799999999999994 22.799999999999994 22.799999999999994 22.799999999999994 22.799999999999994
21.2 30.0 9.067948851609493 18.92264424682679 21.999999999999993 21.999999999999993 21.999999999999993 21.999999999999993 21.999999999999993 21.999999999999993 21.999999999999993 21.999999999999993
21.3 30.0 8.267948851609493 18.122644246826788 21.199999999999992 21.199999999999992 21.199999999999992 21.199999999999992 21.199999999999992 21.199999999999992 21.199999999999992 21.199999999999992
21.4 30.0 7.467948851609493 17.322644246826787 20.39999999999999 20.39999999999999 20.39999999999999 20.39999999999999 20.39999999999999 20.39999999999999 20.39999999999999 20.39999999999999
21.5 30.0 6.667948851609493 16.522644246826786 19.59999999999999 19.59999999999999 19.59999999999999 19.59999999999999 19.59999999999999 19.59999999999999 19.59999999999999 19.59999999999999
21.6 30.0 5.867948851609493 15.722644246826786 18.79999999999999 18.79999999999999 18.79999999999999 18.79999999999999 18.79999999999999 18.79999999999999 18.79999999999999 18.79999999999999
21.7 30.0 5.0679488516094935 14.922644246826785 17.99999999999999 17.99999999999999 17.99999999999999 17.99999999999999 17.99999999999999 17.99999999999999 17.99999999999999 17.99999999999999
21.8 30.0 4.267948851609494 14.122644246826784 17.19999999999999 17.19999999999999 17.19999999999999 17.19999999999999 17.19999999999999 17.19999999999999 17.19999999999999 17.19999999999999
21.9 30.0 4.267948851609494 14.122644246826784 17.19999999999999 17.19999999999999 17.19999999999999 17.19999999999999 17.19999999999999 17.19999999999999 17.19999999999999 17.19999999999999
22.0 30.0 4.267948851609494 14.122644246826784 17.19999999999999 17.19999999999999 17.19999999999999 17.19999999999999 17.19999999999999 17.19999999999999 17.19999999999999 17.19999999999999
22.1 30.0 4.267948851609494 14.122644246826784 17.19999999999999 17.19999999999999 17.19999999999999 17.19999999999999 17.19999999999999 17.19999999999999 17.19999999999999 17.19999999999999
22.2 30.0 4.267948851609494 14.122644246826784 17.19999999999999 17.19999999999999 17.19999999999999 17.19999999999999 17.19999999999999 17.19999999999999 17.19999999999999 17.19999999999999
22.3 30.0 4.267948851609494 14.122644246826784 17.19999999999999 17.19999999999999 17.19999999999999 17.19999999999999 17.19999999999999 17.19999999999999 17.19999999999999 17.19999999999999
22.4 30.0 4.267948851609494 14.122644246826784 17.19999999999999 17.19999999999999 17.19999999999999 17.19999999999999 17.19999999999999 17.19999999999999 17.19999999999999 17.19999999999999
22.5 30.0 4.267948851609494 14.122644246826784 17.19999999999999 17.19999999999999 17.19999999999999 17.19999999999999 17.19999999999999 17.19999999999999 17.19999999999999 17.19999999999999
22.6 30.0 4.267948851609494 14.122644246826784 17.19999999999999 17.19999999999999 17.19999999999999 17.19999999999999 17.19999999999999 17.19999999999999 17.19999999999999 17.19999999999999
22.7 30.0 4.267948851609494 14.122644246826784 17.19999999999999 17.19999999999999 17.19999999999999 17.19999999999999 17.19999999999999 17.19999999999999 17.19999999999999 17.19999999999999
22.8 30.0 4.267948851609494 14.122644246826784 17.19999999999999 17.19999999999999 17.19999999999999 17.19999999999999 17.19999999999999 17.19999999999999 17.19999999999999 17.19999999999999
22.9 30.0 4.267948851609494 14.122644246826784 17.19999999999999 17.19999999999999 17.19999999999999 17.19999999999999 17.19999999999999 17.19999999999999 17.19999999999999 17.19999999999999
23.0 30.0 4.267948851609494 14.122644246826784 17.19999999999999 17.19999999999999 17.19999999999999 17.19999999999999 17.19999999999999 17.19999999999999 17.19999999999999 17.19999999999999
23.1 30.0 4.267948851609494 14.122644246826784 17.19999999999999 17.19999999999999 17.19999999999999 17.19999999999999 17.19999999999999 17.19999999999999 17.19999999999999 17.19999999999999
23.2 30.0 4.267948851609494 13.794665371495821 17.19999999999999 17.19999999999999 17.19999999999999 17.19999999999999 17.19999999999999 17.19999999999999 17.19999999999999 17.19999999999999
23.3 30.0 4.267948851609494 13.43574032732698 17.19999999999999 17.19999999999999 17.19999999999999 17.19999999999999 17.19999999999999 17.19999999999999 17.19999999999999 17.19999999999999
23.4 30.0 4.267948851609494 13.08313296287638 17.19999999999999 17.19999999999999 17.19999999999999 17.19999999999999 17.19999999999999 17.19999999999999 17.19999999999999 17.19999999999999
23.5 30.0 4.267948851609494 12.741850916940914 17.19999999999999 17.19999999999999 17.19999999999999 17.19999999999999 17.19999999999999 17.19999999999999 17.19999999999999 17.19999999999999
23.6 30.0 4.267948851609494 12.402894834327729 17.19999999999999 17.19999999999999 17.19999999999999 17.19999999999999 17.19999999999999 17.19999999999999 17.19999999999999 17.19999999999999
23.7 30.0 4.267948851609494 12.077496995019121 17.19999999999999 17.19999999999999 17.19999999999999 17.19999999999999 17.19999999999999 17.19999999999999 17.19999999999999 17.19999999999999
23.8 30.0 4.267948851609494 11.75532819716953 17.19999999999999 17.19999999999999 17.19999999999999 17.19999999999999 17.19999999999999 17.19999999999999 17.19999999999999 17.19999999999999
23.9 30.0 4.267948851609494 11.443354057771312 17.19999999999999 17.19999999999999 17.19999999999999 17.19999999999999 17.19999999999999 17.19999999999999 17.19999999999999 17.19999999999999
24.0 30.0 4.267948851609494 11.141960529580594 17.19999999999999 17.19999999999999 17.19999999999999 17.19999999999999 17.19999999999999 17.19999999999999 17.19999999999999 17.19999999999999
24.1 30.0 4.267948851609494 10.843090456625417 17.19999999999999 17.19999999999999 17.19999999999999 17.19999999999999 17.19999999999999 17.19999999999999 17.19999999999999 17.19999999999999
24.2 30.0 4.267948851609494 10.557214734668351 17.19999999999999 17.19999999999999 17.19999999999999 17.19999999999999 17.19999999999999 17.19999999999999 17.19999999999999 17.19999999999999
24.3 30.0 4.267948851609494 10.278485137014366 17.19999999999999 17.19999999999999 17.19999999999999 17.19999999999999 17.19999999999999 17.19999999999999 17.19999999999999 17.19999999999999
24.4 30.0 4.267948851609494 10.00527894222333 17.19999999999999 17.19999999999999 17.19999999999999 17.19999999999999 17.19999999999999 17.19999999999999 17.19999999999999 17.19999999999999
24.5 30.0 4.267948851609494 9.744491210831958 17.19999999999999 17.19999999999999 17.19999999999999 17.19999999999999 17.19999999999999 17.19999999999999 17.19999999999999 17.19999999999999
24.6 30.0 4.267948851609494 9.490584013289679 17.19999999999999 17.19999999999999 17.19999999999999 17.19999999999999 17.19999999999999 17.19999999999999 17.19999999999999 17.19999999999999
24.7 30.0 4.267948851609494 9.241887100828897 17.19999999999999 17.19999999999999 17.19999999999999 17.19999999999999 17.19999999999999 17.19999999999999 17.19999999999999 17.19999999999999
24.8 30.0 4.267948851609494 9.005032898485183 17.19999999999999 17.19999999999999 17.19999999999999 17.19999999999999 17.19999999999999 17.19999999999999 17.19999999999999 17.19999999999999
24.9 30.0 4.267948851609494 8.77843034106575 17.19999999999999 17.19999999999999 17.19999999999999 17.19999999999999 17.19999999999999 17.19999999999999 17.19999999999999 17.19999999999999
25.0 30.0 4.267948851609494 8.552906266592963 17.19999999999999 17.19999999999999 17.19999999999999 17.19999999999999 17.19999999999999 17.19999999999999 17.19999999999999 17.19999999999999
25.1 30.0 4.267948851609494 8.338658395843986 17.19999999999999 17.19999999999999 17.19999999999999 17.19999999999999 17.19999999999999 17.19999999999999 17.19999999999999 17.19999999999999
25.2 30.0 4.267948851609494 8.135122918632469 17.19999999999999 17.19999999999999 17.19999999999999 17.19999999999999 17.19999999999999 17.19999999999999 17.19999999999999 17.19999999999999
25.3 30.0 4.267948851609494 7.938699173980363 17.19999999999999 17.19999999999999 17.19999999999999 17.19999999999999 17.19999999999999 17.19999999999999 17.19999999999999 17.19999999999999
25.4 30.0 4.267948851609494 7.745501788592627 17.19999999999999 17.19999999999999 17.19999999999999 17.19999999999999 17.19999999999999 17.19999999999999 17.19999999999999 17.19999999999999
25.5 30.0 4.267948851609494 7.562472686646363 17.19999999999999 17.19999999999999 17.19999999999999 17.19999999999999 17.19999999999999 17.19999999999999 17.19999999999999 17.19999999999999
25.6 30.0 4.267948851609494 7.389076695328788 17.19999999999999 17.19999999999999 17.19999999999999 17.19999999999999 17.19999999999999 17.19999999999999 17.19999999999999 17.19999999999999
25.7 30.0 4.267948851609494 7.2248068088172355 17.19999999999999 17.19999999999999 17.19999999999999 17.19999999999999 17.19999999999999 17.19999999999999 17.19999999999999 17.19999999999999
25.8 30.0 4.267948851609494 7.061915078351193 17.19999999999999 17.19999999999999 17.19999999999999 17.19999999999999 17.19999999999999 17.19999999999999 17.19999999999999 17.19999999999999
25.9 30.0 4.267948851609494 6.906694732421146 17.19999999999999 17.19999999999999 17.19999999999999 17.19999999999999 17.19999999999999 17.19999999999999 17.19999999999999 17.19999999999999
26.0 30.0 4.267948851609494 6.760097739042894 17.19999999999999 17.19999999999999 17.19999999999999 17.19999999999999 17.19999999999999 17.19999999999999 17.19999999999999 17.19999999999999
26.1 30.0 4.267948851609494 6.621645023074475 17.19999999999999 17.19999999999999 17.19999999999999 17.19999999999999 17.19999999999999 17.19999999999999 17.19999999999999 17.19999999999999
26.2 30.0 4.267948851609494 6.490884124659885 17.19999999999999 17.19999999999999 17.19999999999999 17.19999999999999 17.19999999999999 17.19999999999999 17.19999999999999 17.19999999999999
26.3 30.0 4.267948851609494 6.365469351225274 17.19999999999999 17.19999999999999 17.19999999999999 17.19999999999999 17.19999999999999 17.19999999999999 17.19999999999999 17.19999999999999
26.4 30.0 4.267948851609494 6.242085792424403 17.19999999999999 17.19999999999999 17.19999999999999 17.19999999999999 17.19999999999999 17.19999999999999 17.19999999999999 17.19999999999999
26.5 30.0 4.267948851609494 6.1259600900236935 17.19999999999999 17.19999999999999 17.19999999999999 17.19999999999999 17.19999999999999 17.19999999999999 17.19999999999999 17.19999999999999
26.6 30.0 4.267948851609494 6.0166653112934405 17.19999999999999 17.19999999999999 17.19999999999999 17.19999999999999 17.19999999999999 17.19999999999999 17.19999999999999 17.19999999999999
26.7 30.0 4.267948851609494 5.913799637194426 17.19999999999999 17.19999999999999 17.19999999999999 17.19999999999999 17.19999999999999 17.19999999999999 17.19999999999999 17.19999999999999
26.8 30.0 4.267948851609494 5.816984885101189 17.19999999999999 17.19999999999999 17.19999999999999 17.19999999999999 17.19999999999999 17.19999999999999 17.19999999999999 17.19999999999999
26.9 30.0 4.267948851609494 5.725865118425375 17.19999999999999 17.19999999999999 17.19999999999999 17.19999999999999 17.19999999999999 17.19999999999999 17.19999999999999 17.19999999999999
27.0 30.0 4.267948851609494 5.640105338024593 17.19999999999999 17.19999999999999 17.19999999999999 17.19999999999999 17.19999999999999 17.19999999999999 17.19999999999999 17.19999999999999
27.1 30.0 4.267948851609494 5.556852141250281 17.19999999999999 17.19999999999999 17.19999999999999 17.19999999999999 17.19999999999999 17.19999999999999 17.19999999999999 17.19999999999999
27.2 30.0 4.267948851609494 5.476295685647947 17.19999999999999 17.19999999999999 17.19999999999999 17.19999999999999 17.19999999999999 17.19999999999999 17.19999999999999 17.19999999999999
27.3 30.0 4.267948851609494 5.400774008520634 17.19999999999999 17.19999999999999 17.19999999999999 17.19999999999999 17.19999999999999 17.19999999999999 17.19999999999999 17.19999999999999
27.4 30.0 4.267948851609494 5.329972436213743 17.19999999999999 17.19999999999999 17.19999999999999 17.19999999999999 17.19999999999999 17.19999999999999 17.19999999999999 17.19999999999999
27.5 30.0 4.267948851609494 5.263595962175962 17.19999999999999 17.19999999999999 17.19999999999999 17.19999999999999 17.19999999999999 17.19999999999999 17.19999999999999 17.19999999999999
27.6 30.0 4.267948851609494 5.201368017765808 17.19999999999999 17.19999999999999 17.19999999999999 17.19999999999999 17.19999999999999 17.19999999999999 17.19999999999999 17.19999999999999
27.7 30.0 4.267948851609494 5.1430293198812 17.19999999999999 17.19999999999999 17.19999999999999 17.19999999999999 17.19999999999999 17.19999999999999 17.19999999999999 17.19999999999999
27.8 30.0 4.267948851609494 5.088336790614469 17.19999999999999 17.19999999999999 17.19999999999999 17.19999999999999 17.19999999999999 17.19999999999999 17.19999999999999 17.19999999999999
27.9 30.0 4.267948851609494 5.0370625444268375 17.19999999999999 17.19999999999999 17.19999999999999 17.19999999999999 17.19999999999999 17.19999999999999 17.19999999999999 17.19999999999999
28.0 30.0 4.267948851609494 4.988992938626004 17.19999999999999 17.19999999999999 17.19999999999999 17.19999999999999 17.19999999999999 17.19999999999999 17.19999999999999 17.19999999999999
28.1 30.0 4.267948851609494 4.943927683187687 17.19999999999999 17.19999999999999 17.19999999999999 17.19999999999999 17.19999999999999 17.19999999999999 17.19999999999999 17.19999999999999
28.2 30.0 4.267948851609494 4.901679006214088 17.19999999999999 17.19999999999999 17.19999999999999 17.19999999999999 17.19999999999999 17.19999999999999 17.19999999999999 17.19999999999999
28.3 30.0 4.267948851609494 4.862070871551302 17.19999999999999 17.19999999999999 17.19999999999999 17.19999999999999 17.19999999999999 17.19999999999999 17.19999999999999 17.19999999999999
28.4 30.0 4.267948851609494 4.824938245305154 17.19999999999999 17.19999999999999 17.19999999999999 17.19999999999999 17.19999999999999 17.19999999999999 17.19999999999999 17.19999999999999
28.5 30.0 4.267948851609494 4.789468168745866 17.19999999999999 17.19999999999999 17.19999999999999 17.19999999999999 17.19999999999999 17.19999999999999 17.19999999999999 17.19999999999999
28.6 30.0 4.267948851609494 4.754700214270183 17.19999999999999 17.19999999999999 17.19999999999999 17.19999999999999 17.19999999999999 17.19999999999999 17.19999999999999 17.19999999999999
28.7 30.0 4.267948851609494 4.722250123426211 17.19999999999999 17.19999999999999 17.19999999999999 17.19999999999999 17.19999999999999 17.19999999999999 17.19999999999999 17.19999999999999
28.8 30.0 4.267948851609494 4.691963371971819 17.19999999999999 17.19999999999999 17.19999999999999 17.19999999999999 17.19999999999999 17.19999999999999 17.19999999999999 17.19999999999999
28.9 30.0 4.267948851609494 4.663695737281254 17.19999999999999 17.19999999999999 17.19999999999999 17.19999999999999 17.19999999999999 17.19999999999999 17.19999999999999 17.19999999999999
29.0 30.0 4.267948851609494 4.637312611569939 17.19999999999999 17.19999999999999 17.19999999999999 17.19999999999999 17.19999999999999 17.19999999999999 17.19999999999999 17.19999999999999
29.1 30.0 4.267948851609494 4.612688360905945 17.19999999999999 17.19999999999999 17.19999999999999 17.19999999999999 17.19999999999999 17.19999999999999 17.19999999999999 17.19999999999999
29.2 30.0 4.267948851609494 4.589705726952862 17.19999999999999 17.19999999999999 17.19999999999999 17.19999999999999 17.19999999999999 17.19999999999999 17.19999999999999 17.19999999999999
29.3 30.0 4.267948851609494 4.5682552685967535 17.19999999999999 17.19999999999999 17.19999999999999 17.19999999999999 17.19999999999999 17.19999999999999 17.19999999999999 17.19999999999999
29.4 30.0 4.267948851609494 4.548234840797799 17.19999999999999 17.19999999999999 17.19999999999999 17.19999999999999 17.19999999999999 17.19999999999999 17.19999999999999 17.19999999999999
29.5 30.0 4.267948851609494 4.52954910818526 17.19999999999999 17.19999999999999 17.19999999999999 17.19999999999999 17.19999999999999 17.19999999999999 17.19999999999999 17.19999999999999
29.6 30.0 4.267948851609494 4.5121090910804655 17.19999999999999 17.19999999999999 17.19999999999999 17.19999999999999 17.19999999999999 17.19999999999999 17.19999999999999 17.19999999999999
29.7 30.0 4.267948851609494 4.495831741782638 17.19999999999999 17.19999999999999 17.19999999999999 17.19999999999999 17.19999999999999 17.19999999999999 17.19999999999999 17.19999999999999
29.8 30.0 4.267948851609494 4.480639549104524 17.19999999999999 17.19999999999999 17.19999999999999 17.19999999999999 17.19999999999999 17.19999999999999 17.19999999999999 17.19999999999999
29.9 30.0 4.267948851609494 4.466460169271556 17.161662251210064 17.19999999999999 17.19999999999999 17.19999999999999 17.19999999999999 17.19999999999999 17.19999999999999 17.19999999999999
30.0 30.0 4.267948851609494 4.4532260814276965 16.74818102688021 17.19999999999999 17.19999999999999 17.19999999999999 17.19999999999999 17.19999999999999 17.19999999999999 17.19999999999999
30.1 30.0 4.267948851609494 4.4408742661066185 16.33614351405788 17.19999999999999 17.19999999999999 17.19999999999999 17.19999999999999 17.19999999999999 17.19999999999999 17.19999999999999
30.2 30.0 4.867948851609493 4.429345905140299 15.935423348178572 17.79999999999999 17.79999999999999 17.79999999999999 17.79999999999999 17.79999999999999 17.79999999999999 17.79999999999999
30.3 30.0 5.467948851609493 4.66311602501223 15.536674408596905 18.39999999999999 18.39999999999999 18.39999999999999 18.39999999999999 18.39999999999999 18.39999999999999 18.39999999999999
30.4 30.0 6.067948851609493 4.946973325111323 15.202029312589227 18.999999999999993 18.999999999999993 18.999999999999993 18.999999999999993 18.999999999999993 18.999999999999993 18.999999999999993
30.5 30.0 6.667948851609492 5.271281098742934 14.891787639400615 19.599999999999994 19.599999999999994 19.599999999999994 19.599999999999994 19.599999999999994 19.599999999999994 19.599999999999994
30.6 30.0 7.267948851609492 5.635594952021269 14.617692643012575 20.199999999999996 20.199999999999996 20.199999999999996 20.199999999999996 20.199999999999996 20.199999999999996 20.199999999999996
30.7 30.0 7.8679488516094915 6.017965702091575 14.375362014261183 20.799999999999997 20.799999999999997 20.799999999999997 20.799999999999997 20.799999999999997 20.799999999999997 20.799999999999997
30.8 30.0 8.467948851609492 6.441966671393058 14.164961974939722 21.4 21.4 21.4 21.4 21.4 21.4 21.4
30.9 30.0 9.067948851609492 6.880518395383392 13.990405610234383 22.0 22.0 22.0 22.0 22.0 22.0 22.0
31.0 30.0 9.667948851609491 7.342353180249442 13.857017705681468 22.6 22.6 22.6 22.6 22.6 22.6 22.6
31.1 30.0 10.267948851609491 7.815697628826982 13.757846110634928 23.200000000000003 23.200000000000003 23.200000000000003 23.200000000000003 23.200000000000003 23.200000000000003 23.200000000000003
31.2 30.0 10.86794885160949 8.307525308524882 13.69554802009379 23.800000000000004 23.800000000000004 23.800000000000004 23.800000000000004 23.800000000000004 23.800000000000004 23.800000000000004
31.3 30.0 11.46794885160949 8.818041836437791 13.67132400950985 24.400000000000006 24.400000000000006 24.400000000000006 24.400000000000006 24.400000000000006 24.400000000000006 24.400000000000006
31.4 30.0 12.06794885160949 9.328415925332068 13.681321229602275 25.000000000000007 25.000000000000007 25.000000000000007 25.000000000000007 25.000000000000007 25.000000000000007 25.000000000000007
31.5 30.0 12.66794885160949 9.850191645902651 13.728032698993736 25.60000000000001 25.60000000000001 25.60000000000001 25.60000000000001 25.60000000000001 25.60000000000001 25.60000000000001
31.6 30.0 13.26794885160949 10.387362427980262 13.806250607107964 26.20000000000001 26.20000000000001 26.20000000000001 26.20000000000001 26.20000000000001 26.20000000000001 26.20000000000001
31.7 30.0 13.867948851609489 10.924804725686993 13.918367688804455 26.80000000000001 26.80000000000001 26.80000000000001 26.80000000000001 26.80000000000001 26.80000000000001 26.80000000000001
31.8 30.0 14.467948851609489 11.470066736180444 14.065795441954544 27.400000000000013 27.400000000000013 27.400000000000013 27.400000000000013 27.400000000000013 27.400000000000013 27.400000000000013
31.9 30.0 15.067948851609488 12.021897305414914 14.242193374058882 28.000000000000014 28.000000000000014 28.000000000000014 28.000000000000014 28.000000000000014 28.000000000000014 28.000000000000014
32.0 30.0 15.667948851609488 12.57573936726266 14.445230368058834 28.600000000000016 28.600000000000016 28.600000000000016 28.600000000000016 28.600000000000016 28.600000000000016 28.600000000000016
32.1 30.0 16.26794885160949 13.136678558366311 14.675163936877341 29.200000000000017 29.200000000000017 29.200000000000017 29.200000000000017 29.200000000000017 29.200000000000017 29.200000000000017
32.2 30.0 16.86794885160949 13.701957839347275 14.932745402820597 29.80000000000002 29.80000000000002 29.80000000000002 29.80000000000002 29.80000000000002 29.80000000000002 29.80000000000002
32.3 30.0 17.467948851609492 14.266177834305433 15.214914139674034 30.0 30.0 30.0 30.0 30.0 30.0 30.0
32.4 30.0 18.067948851609493 14.835306162269605 15.512948746878207 30.0 30.0 30.0 30.0 30.0 30.0 30.0
32.5 30.0 18.667948851609495 15.409971175327552 15.838219269397188 30.0 30.0 30.0 30.0 30.0 30.0 30.0
32.6 30.0 19.267948851609496 15.986727262496172 16.181135070960572 30.0 30.0 30.0 30.0 30.0 30.0 30.0
32.7 30.0 19.867948851609498 16.5588087017704 16.53993366588528 30.0 30.0 30.0 30.0 30.0 30.0 30.0
32.8 30.0 20.4679488516095 17.13785165170815 16.917588421303996 30.0 30.0 30.0 30.0 30.0 30.0 30.0
32.9 30.0 21.0679488516095 17.720982726701962 17.309168223912742 30.0 30.0 30.0 30.0 30.0 30.0 30.0
33.0 30.0 21.667948851609502 18.302698819718174 17.71758639830166 30.0 30.0 30.0 30.0 30.0 30.0 30.0
33.1 30.0 22.267948851609503 18.882410942863153 18.135800975419468 30.0 30.0 30.0 30.0 30.0 30.0 30.0
33.2 30.0 22.867948851609505 19.467797030094935 18.567524813118826 30.0 30.0 30.0 30.0 30.0 30.0 30.0
33.3 30.0 23.467948851609506 20.056377134181506 19.010917214736963 30.0 30.0 30.0 30.0 30.0 30.0 30.0
33.4 30.0 24.067948851609508 20.64150629329676 19.46435375405957 30.0 30.0 30.0 30.0 30.0 30.0 30.0
33.5 30.0 24.66794885160951 21.226308657647564 19.929217916327698 30.0 30.0 30.0 30.0 30.0 30.0 30.0
33.6 30.0 25.26794885160951 21.815912212683152 20.398196218939358 30.0 30.0 30.0 30.0 30.0 30.0 30.0
33.7 30.0 25.867948851609512 22.40812466736353 20.88056078611749 30.0 30.0 30.0 30.0 30.0 30.0 30.0
33.8 30.0 26.467948851609513 22.995697641991327 21.367378142366913 30.0 30.0 30.0 30.0 30.0 30.0 30.0
33.9 30.0 27.067948851609515 23.584018216843557 21.862323673362432 30.0 30.0 30.0 30.0 30.0 30.0 30.0
34.0 30.0 27.667948851609516 24.176516027291612 22.364450399205303 30.0 30.0 30.0 30.0 30.0 30.0 30.0
34.1 30.0 28.267948851609518 24.770500569189768 22.8698863928676 30.0 30.0 30.0 30.0 30.0 30.0 30.0
34.2 30.0 28.86794885160952 25.360619997600473 23.38399572723676 30.0 30.0 30.0 30.0 30.0 30.0 30.0
34.3 30.0 29.46794885160952 25.951445181124665 23.902991294423583 30.0 30.0 30.0 30.0 30.0 30.0 30.0
34.4 30.0 30.0 26.545981425063275 24.423303505989978 30.0 30.0 30.0 30.0 30.0 30.0 30.0
34.5 30.0 30.0 27.08104793476076 24.951852668043216 30.0 30.0 30.0 30.0 30.0 30.0 30.0
34.6 30.0 30.0 27.148930540929086 25.43444754820755 30.0 30.0 30.0 30.0 30.0 30.0 30.0
34.7 30.0 30.0 27.21488824361412 25.53090142616547 30.0 30.0 30.0 30.0 30.0 30.0 30.0
34.8 30.0 30.0 27.278186238077396 25.62481994577277 30.0 30.0 30.0 30.0 30.0 30.0 30.0
34.9 30.0 30.0 27.340045641757463 25.715427043488358 30.0 30.0 30.0 30.0 30.0 30.0 30.0
35.0 30.0 30.0 27.400499149899314 25.80418509880724 30.0 30.0 30.0 30.0 30.0 30.0 30.0
35.1 30.0 30.0 27.459578714674347 25.891131130424203 30.0 30.0 30.0 30.0 30.0 30.0 30.0
35.2 30.0 30.0 27.517315562068106 25.976301434867082 30.0 30.0 30.0 30.0 30.0 30.0 30.0
35.3 30.0 30.0 27.57374020838475 26.05973160007159 30.0 30.0 30.0 30.0 30.0 30.0 30.0
35.4 30.0 30.0 27.628882476375974 26.14145651871636 30.0 30.0 30.0 30.0 30.0 30.0 30.0
35.5 30.0 30.0 27.682771511003835 26.22151040132015 30.0 30.0 30.0 30.0 30.0 30.0 30.0
35.6 30.0 30.0 27.735435794844655 26.299926789106618 30.0 30.0 30.0 30.0 30.0 30.0 30.0
35.7 30.0 30.0 27.78690316314367 26.376738566638164 30.0 30.0 30.0 30.0 30.0 30.0 30.0
35.8 30.0 30.0 27.837200818526814 26.450769184127303 30.0 30.0 30.0 30.0 30.0 30.0 30.0
35.9 30.0 30.0 27.886355345378494 26.522782019416315 30.0 30.0 30.0 30.0 30.0 30.0 30.0
36.0 30.0 30.0 27.93439272389266 26.593359397065587 30.0 30.0 30.0 30.0 30.0 30.0 30.0
36.1 30.0 30.0 27.981338343804218 26.662529262095994 30.0 30.0 30.0 30.0 30.0 30.0 30.0
36.2 30.0 30.0 28.02661219519074 26.730319033228582 30.0 30.0 30.0 30.0 30.0 30.0 30.0
36.3 30.0 30.0 28.070465257519853 26.796882203095926 30.0 30.0 30.0 30.0 30.0 30.0 30.0
36.4 30.0 30.0 28.113343807352752 26.86219476672245 30.0 30.0 30.0 30.0 30.0 30.0 30.0
36.5 30.0 30.0 28.155269500522664 26.926192401252283 30.0 30.0 30.0 30.0 30.0 30.0 30.0
36.6 30.0 30.0 28.196263511622195 26.988901153815455 30.0 30.0 30.0 30.0 30.0 30.0 30.0
36.7 30.0 30.0 28.236346544697252 27.050346566519934 30.0 30.0 30.0 30.0 30.0 30.0 30.0
36.8 30.0 30.0 28.275538843704027 27.11055368595718 30.0 30.0 30.0 30.0 30.0 30.0 30.0
36.9 30.0 30.0 28.313860202732815 27.16954707253822 30.0 30.0 30.0 30.0 30.0 30.0 30.0
37.0 30.0 30.0 28.3513299760054 27.22672920034875 30.0 30.0 30.0 30.0 30.0 30.0 30.0
37.1 30.0 30.0 28.387967087649766 27.282093810353224 30.0 30.0 30.0 30.0 30.0 30.0 30.0
37.2 30.0 30.0 28.423790041257515 27.336370450917997 30.0 30.0 30.0 30.0 30.0 30.0 30.0
37.3 30.0 30.0 28.4588169292296 27.389580063795517 30.0 30.0 30.0 30.0 30.0 30.0 30.0
37.4 30.0 30.0 28.493065441913412 27.44174319889678 30.0 30.0 30.0 30.0 30.0 30.0 30.0
37.5 30.0 30.0 28.526552876537586 27.492880021327437 30.0 30.0 30.0 30.0 30.0 30.0 30.0
37.6 30.0 30.0 28.55929614594786 27.54301031830599 30.0 30.0 30.0 30.0 30.0 30.0 30.0
37.7 30.0 30.0 28.591311787148978 27.592153505965193 30.0 30.0 30.0 30.0 30.0 30.0 30.0
37.8 30.0 30.0 28.622615969656763 27.640328636038436 30.0 30.0 30.0 30.0 30.0 30.0 30.0
37.9 30.0 30.0 28.653224503664386 27.687554402433673 30.0 30.0 30.0 30.0 30.0 30.0 30.0
38.0 30.0 30.0 28.683152848027405 27.733849147695008 30.0 30.0 30.0 30.0 30.0 30.0 30.0
38.1 30.0 30.0 28.71241611807129 27.779230869354933 30.0 30.0 30.0 30.0 30.0 30.0 30.0
38.2 30.0 30.0 28.741029093225308 27.823717226178793 30.0 30.0 30.0 30.0 30.0 30.0 30.0
38.3 30.0 30.0 28.769006224486958 27.867325544302375 30.0 30.0 30.0 30.0 30.0 30.0 30.0
38.4 30.0 30.0 28.79636164172055 27.910072823264723 30.0 30.0 30.0 30.0 30.0 30.0 30.0
38.5 30.0 30.0 28.822606787732692 27.95197574193817 30.0 30.0 30.0 30.0 30.0 30.0 30.0
38.6 30.0 30.0 28.84820229234715 27.993153422482553 30.0 30.0 30.0 30.0 30.0 30.0 30.0
38.7 30.0 30.0 28.873241372948296 28.03278305833821 30.0 30.0 30.0 30.0 30.0 30.0 30.0
38.8 30.0 30.0 28.897736125710285 28.071491174254916 30.0 30.0 30.0 30.0 30.0 30.0 30.0
38.9 30.0 30.0 28.92169838384704 28.109447975385706 30.0 30.0 30.0 30.0 30.0 30.0 30.0
39.0 30.0 30.0 28.94513972332863 28.146667790972046 30.0 30.0 30.0 30.0 30.0 30.0 30.0
39.1 30.0 30.0 28.968071468473674 28.183164683276377 30.0 30.0 30.0 30.0 30.0 30.0 30.0
39.2 30.0 30.0 28.99050469741986 28.218952452396806 30.0 30.0 30.0 30.0 30.0 30.0 30.0
39.3 30.0 30.0 29.012450247475908 28.254044640998718 30.0 30.0 30.0 30.0 30.0 30.0 30.0
39.4 30.0 30.0 29.033918720356915 28.28845453896523 30.0 30.0 30.0 30.0 30.0 30.0 30.0
39.5 30.0 30.0 29.05492048730569 28.322195187967612 30.0 30.0 30.0 30.0 30.0 30.0 30.0
39.6 30.0 30.0 29.07546569410339 28.355279385956415 30.0 30.0 30.0 30.0 30.0 30.0 30.0
39.7 30.0 30.0 29.095564265970683 28.387719691575665 30.0 30.0 30.0 30.0 30.0 30.0 30.0
39.8 30.0 30.0 29.115225912362597 28.41952842850049 30.0 30.0 30.0 30.0 30.0 30.0 30.0
39.9 30.0 30.0 29.13446013165902 28.450717689699925 30.0 30.0 30.0 30.0 30.0 30.0 30.0
40.0 30.0 30.0 29.153276215753397 28.481299341625085 30.0 30.0 30.0 30.0 30.0 30.0 30.0
40.1 30.0 30.0 29.171683254541392 28.51128502832565 30.0 30.0 30.0 30.0 30.0 30.0 30.0
40.2 30.0 30.0 29.189690140312265 28.540686175494134 30.0 30.0 30.0 30.0 30.0 30.0 30.0
40.3 30.0 30.0 29.207305572044643 28.569513994440122 30.0 30.0 30.0 30.0 30.0 30.0 30.0
40.4 30.0 30.0 29.224538059608886 28.597779485995037 30.0 30.0 30.0 30.0 30.0 30.0 30.0
40.5 30.0 30.0 29.2413959278783 28.625493444348926 30.0 30.0 30.0 30.0 30.0 30.0 30.0
40.6 30.0 30.0 29.257887320750495 28.652666460820736 30.0 30.0 30.0 30.0 30.0 30.0 30.0
40.7 30.0 30.0 29.274020205082007 28.679308927561365 30.0 30.0 30.0 30.0 30.0 30.0 30.0
40.8 30.0 30.0 29.28980237453679 28.70543104119363 30.0 30.0 30.0 30.0 30.0 30.0 30.0
40.9 30.0 30.0 29.305241453351194 28.73104280638731 30.0 30.0 30.0 30.0 30.0 30.0 30.0
41.0 30.0 30.0 29.32034490001743 28.756154039371363 30.0 30.0 30.0 30.0 30.0 30.0 30.0
41.1 30.0 30.0 29.335120010886655 28.780774371385366 30.0 30.0 30.0 30.0 30.0 30.0 30.0
41.2 30.0 30.0 29.349573923693452 28.804806442242093 30.0 30.0 30.0 30.0 30.0 30.0 30.0
41.3 30.0 30.0 29.363713621004507 28.82796097142679 30.0 30.0 30.0 30.0 30.0 30.0 30.0
41.4 30.0 30.0 29.377545933591346 28.850673618226313 30.0 30.0 30.0 30.0 30.0 30.0 30.0
41.5 30.0 30.0 29.39107754373071 28.872952652323903 30.0 30.0 30.0 30.0 30.0 30.0 30.0
41.6 30.0 30.0 29.404314988432176 28.894806192681006 30.0 30.0 30.0 30.0 30.0 30.0 30.0
41.7 30.0 30.0 29.41726466259668 28.91624221018114 30.0 30.0 30.0 30.0 30.0 30.0 30.0
41.8 30.0 30.0 29.429932822105428 28.937268530232 30.0 30.0 30.0 30.0 30.0 30.0 30.0
41.9 30.0 30.0 29.442325586842298 28.957892835323058 30.0 30.0 30.0 30.0 30.0 30.0 30.0
42.0 30.0 30.0 29.45444894365007 28.97812266754144 30.0 30.0 30.0 30.0 30.0 30.0 30.0
42.1 30.0 30.0 29.466308749222854 28.997965431045603 30.0 30.0 30.0 30.0 30.0 30.0 30.0
42.2 30.0 30.0 29.477910732935364 29.017428394497777 30.0 30.0 30.0 30.0 30.0 30.0 30.0
42.3 30.0 30.0 29.48926049961069 29.036518693456163 30.0 30.0 30.0 30.0 30.0 30.0 30.0
42.4 30.0 30.0 29.500363532227897 29.055243332727123 30.0 30.0 30.0 30.0 30.0 30.0 30.0
42.5 30.0 30.0 29.51122519457074 29.073609188677583 30.0 30.0 30.0 30.0 30.0 30.0 30.0
42.6 30.0 30.0 29.521850733819235 29.09162301150878 30.0 30.0 30.0 30.0 30.0 30.0 30.0
42.7 30.0 30.0 29.53224528308407 29.109291427492572 30.0 30.0 30.0 30.0 30.0 30.0 30.0
42.8 30.0 30.0 29.542413863886566 29.126620941169207 30.0 30.0 30.0 30.0 30.0 30.0 30.0
42.9 30.0 30.0 29.552361388584668 29.1436179375085 30.0 30.0 30.0 30.0 30.0 30.0 30.0
43.0 30.0 30.0 29.56209266274592 29.160288684034747 30.0 30.0 30.0 30.0 30.0 30.0 30.0
43.1 30.0 30.0 29.571612387468846 29.17663933291554 30.0 30.0 30.0 30.0 30.0 30.0 30.0
43.2 30.0 30.0 29.580925161654342 29.192675923015088 30.0 30.0 30.0 30.0 30.0 30.0 30.0
43.3 30.0 30.0 29.590035484227084 29.208404381913304 30.0 30.0 30.0 30.0 30.0 30.0 30.0
43.4 30.0 30.0 29.598947756309148 29.223830527890097 30.0 30.0 30.0 30.0 30.0 30.0 30.0
43.5 30.0 30.0 29.60750317093431 29.238960071876463 30.0 30.0 30.0 30.0 30.0 30.0 30.0
43.6 30.0 30.0 29.615854167297453 29.25383053266988 30.0 30.0 30.0 30.0 30.0 30.0 30.0
43.7 30.0 30.0 29.624027482886905 29.268417717453826 30.0 30.0 30.0 30.0 30.0 30.0 30.0
43.8 30.0 30.0 29.63202689814463 29.282722553154763 30.0 30.0 30.0 30.0 30.0 30.0 30.0
43.9 30.0 30.0 29.639856113077744 29.29675043814447 30.0 30.0 30.0 30.0 30.0 30.0 30.0
44.0 30.0 30.0 29.647518748969738 29.310506669176178 30.0 30.0 30.0 30.0 30.0 30.0 30.0
44.1 30.0 30.0 29.655018350055474 29.32399644325875 30.0 30.0 30.0 30.0 30.0 30.0 30.0
44.2 30.0 30.0 29.662358385160708 29.337224859497173 30.0 30.0 30.0 30.0 30.0 30.0 30.0
44.3 30.0 30.0 29.66954224930619 29.350196920900657 30.0 30.0 30.0 30.0 30.0 30.0 30.0
44.4 30.0 30.0 29.676573265278368 29.362917536156964 30.0 30.0 30.0 30.0 30.0 30.0 30.0
44.5 30.0 30.0 29.68345468516606 29.3753915213764 30.0 30.0 30.0 30.0 30.0 30.0 30.0
44.6 30.0 30.0 29.690189691864695 29.38762360180321 30.0 30.0 30.0 30.0 30.0 30.0 30.0
44.7 30.0 30.0 29.69678140054843 29.399618413496963 30.0 30.0 30.0 30.0 30.0 30.0 30.0
44.8 30.0 30.0 29.703232860111232 29.411380504982873 30.0 30.0 30.0 30.0 30.0 30.0 30.0
44.9 30.0 30.0 29.70954705457696 29.422914338873085 30.0 30.0 30.0 30.0 30.0 30.0 30.0
45.0 30.0 30.0 29.715726904479588 29.434224293458595 30.0 30.0 30.0 30.0 30.0 30.0 30.0
45.1 30.0 30.0 29.721775268214092 29.445314664272 30.0 30.0 30.0 30.0 30.0 30.0 30.0
45.2 30.0 30.0 29.727694943358504 29.45618966562238 30.0 30.0 30.0 30.0 30.0 30.0 30.0
45.3 30.0 30.0 29.733488667967908 29.466853432102397 30.0 30.0 30.0 30.0 30.0 30.0 30.0
45.4 30.0 30.0 29.739159121840963 29.47731002006783 30.0 30.0 30.0 30.0 30.0 30.0 30.0
45.5 30.0 30.0 29.744708927759234 29.48756340909118 30.0 30.0 30.0 30.0 30.0 30.0 30.0
45.6 30.0 30.0 29.750140652700505 29.497617503387776 30.0 30.0 30.0 30.0 30.0 30.0 30.0
45.7 30.0 30.0 29.75545680902604 29.507476133216855 30.0 30.0 30.0 30.0 30.0 30.0 30.0
45.8 30.0 30.0 29.760659855642523 29.51714305625714 30.0 30.0 30.0 30.0 30.0 30.0 30.0
45.9 30.0 30.0 29.765752199139495 29.52662195895708 30.0 30.0 30.0 30.0 30.0 30.0 30.0
46.0 30.0 30.0 29.770736194902444 29.535916457860814 30.0 30.0 30.0 30.0 30.0 30.0 30.0
46.1 30.0 30.0 29.775614148202433 29.545030100910108 30.0 30.0 30.0 30.0 30.0 30.0 30.0
46.2 30.0 30.0 29.78038831526196 29.553966368722925 30.0 30.0 30.0 30.0 30.0 30.0 30.0
46.3 30.0 30.0 29.78506090429894 29.562728675847772 30.0 30.0 30.0 30.0 30.0 30.0 30.0
46.4 30.0 30.0 29.78963407654786 29.571320371996094 30.0 30.0 30.0 30.0 30.0 30.0 30.0
46.5 30.0 30.0 29.79410994725964 29.57974474325173 30.0 30.0 30.0 30.0 30.0 30.0 30.0
46.6 30.0 30.0 29.798490586679616 29.58800501325926 30.0 30.0 30.0 30.0 30.0 30.0 30.0
46.7 30.0 30.0 29.802778021005544 29.59610434438882 30.0 30.0 30.0 30.0 30.0 30.0 30.0
46.8 30.0 30.0 29.806974233324528 29.60395975720353 30.0 30.0 30.0 30.0 30.0 30.0 30.0
46.9 30.0 30.0 29.81108116453039 29.61158261532952 30.0 30.0 30.0 30.0 30.0 30.0 30.0
47.0 30.0 30.0 29.815100714221234 29.619060381368186 30.0 30.0 30.0 30.0 30.0 30.0 30.0
47.1 30.0 30.0 29.819034741578207 29.626395778632318 30.0 30.0 30.0 30.0 30.0 30.0 30.0
47.2 30.0 30.0 29.822885066225513 29.633591480231306 30.0 30.0 30.0 30.0 30.0 30.0 30.0
47.3 30.0 30.0 29.82665346907182 29.640650109974725 30.0 30.0 30.0 30.0 30.0 30.0 30.0
47.4 30.0 30.0 29.83034169313412 29.647574243260102 30.0 30.0 30.0 30.0 30.0 30.0 30.0
47.5 30.0 30.0 29.833951444344073 29.654366407944753 30.0 30.0 30.0 30.0 30.0 30.0 30.0
47.6 30.0 30.0 29.83748439233677 29.661029085203626 30.0 30.0 30.0 30.0 30.0 30.0 30.0
47.7 30.0 30.0 29.840942171223205 29.667564710370907 30.0 30.0 30.0 30.0 30.0 30.0 30.0
47.8 30.0 30.0 29.84432638034614 29.6739756737677 30.0 30.0 30.0 30.0 30.0 30.0 30.0
47.9 30.0 30.0 29.847638585019578 29.680264321515125 30.0 30.0 30.0 30.0 30.0 30.0 30.0
48.0 30.0 30.0 29.850880317253196 29.686432956332638 30.0 30.0 30.0 30.0 30.0 30.0 30.0
48.1 30.0 30.0 29.85405307646057 29.692483838323383 30.0 30.0 30.0 30.0 30.0 30.0 30.0
48.2 30.0 30.0 29.857158330152902 29.69841918574482 30.0 30.0 30.0 30.0 30.0 30.0 30.0
48.3 30.0 30.0 29.860197514617777 29.704241175766615 30.0 30.0 30.0 30.0 30.0 30.0 30.0
48.4 30.0 30.0 29.86317203558336 29.70995194521448 30.0 30.0 30.0 30.0 30.0 30.0 30.0
48.5 30.0 30.0 29.8660832688688 29.715553591301628 30.0 30.0 30.0 30.0 30.0 30.0 30.0
48.6 30.0 30.0 29.868932561020575 29.721048172346904 30.0 30.0 30.0 30.0 30.0 30.0 30.0
48.7 30.0 30.0 29.87172122993502 29.726437708480756 30.0 30.0 30.0 30.0 30.0 30.0 30.0
48.8 30.0 30.0 29.87445056546835 29.7317241823379 30.0 30.0 30.0 30.0 30.0 30.0 30.0
48.9 30.0 30.0 29.877121830032888 29.73690953973921 30.0 30.0 30.0 30.0 30.0 30.0 30.0
49.0 30.0 30.0 29.87973625918115 29.74199569036009 30.0 30.0 30.0 30.0 30.0 30.0 30.0
49.1 30.0 30.0 29.882295062177292 29.74698450838789 30.0 30.0 30.0 30.0 30.0 30.0 30.0
49.2 30.0 30.0 29.884799422556544 29.751877833167566 30.0 30.0 30.0 30.0 30.0 30.0 30.0
49.3 30.0 30.0 29.887250498672348 29.756677469836088 30.0 30.0 30.0 30.0 30.0 30.0 30.0
49.4 30.0 30.0 29.8896494242325 29.76138518994506 30.0 30.0 30.0 30.0 30.0 30.0 30.0
49.5 30.0 30.0 29.89199730882333 29.76600273207296 30.0 30.0 30.0 30.0 30.0 30.0 30.0
49.6 30.0 30.0 29.89429523842284 29.770531802426415 30.0 30.0 30.0 30.0 30.0 30.0 30.0
49.7 30.0 30.0 29.896544275903196 29.774974075430176 30.0 30.0 30.0 30.0 30.0 30.0 30.0
49.8 30.0 30.0 29.89874546152229 29.77933119430773 30.0 30.0 30.0 30.0 30.0 30.0 30.0
49.9 30.0 30.0 29.900899813404767 29.783604771650733 30.0 30.0 30.0 30.0 30.0 30.0 30.0
50.0 30.0 30.0 29.903008328013154 29.787796389978535 30.0 30.0 30.0 30.0 30.0 30.0 30.0
50.1 30.0 30.0 29.90507198060858 29.79190760228805 30.0 30.0 30.0 30.0 30.0 30.0 30.0
50.2 30.0 30.0 29.90709172570206 29.795939932593324 30.0 30.0 30.0 30.0 30.0 30.0 30.0
50.3 30.0 30.0 29.90906849749559 29.799894876456534 30.0 30.0 30.0 30.0 30.0 30.0 30.0
50.4 30.0 30.0 29.91100321031484 29.803773901507615 30.0 30.0 30.0 30.0 30.0 30.0 30.0
50.5 30.0 30.0 29.91289675903157 29.80757844795693 30.0 30.0 30.0 30.0 30.0 30.0 30.0
50.6 30.0 30.0 29.914750019477676 29.811309929097234 30.0 30.0 30.0 30.0 30.0 30.0 30.0
50.7 30.0 30.0 29.91656384885045 29.814969731797014 30.0 30.0 30.0 30.0 30.0 30.0 30.0
50.8 30.0 30.0 29.918339086108936 29.818559216985246 30.0 30.0 30.0 30.0 30.0 30.0 30.0
50.9 30.0 30.0 29.920076552361976 29.822079720127547 30.0 30.0 30.0 30.0 30.0 30.0 30.0
51.0 30.0 30.0 29.921777051247894 29.825532551693403 30.0 30.0 30.0 30.0 30.0 30.0 30.0
51.1 30.0 30.0 29.923441369306413 29.8289189976154 30.0 30.0 30.0 30.0 30.0 30.0 30.0
51.2 30.0 30.0 29.92507027634246 29.83224031974001 30.0 30.0 30.0 30.0 30.0 30.0 30.0
51.3 30.0 30.0 29.92666452578203 29.835497756270566 30.0 30.0 30.0 30.0 30.0 30.0 30.0
51.4 30.0 30.0 29.92822485502069 29.83869252220197 30.0 30.0 30.0 30.0 30.0 30.0 30.0
51.5 30.0 30.0 29.92975198576493 29.841825809747668 30.0 30.0 30.0 30.0 30.0 30.0 30.0
51.6 30.0 30.0 29.931246624365684 29.844898788759426 30.0 30.0 30.0 30.0 30.0 30.0 30.0
51.7 30.0 30.0 29.93270946214516 29.847912607138827 30.0 30.0 30.0 30.0 30.0 30.0 30.0
51.8 30.0 30.0 29.934141175716526 29.85086839124199 30.0 30.0 30.0 30.0 30.0 30.0 30.0
51.9 30.0 30.0 29.935542427297 29.85376724627641 30.0 30.0 30.0 30.0 30.0 30.0 30.0
52.0 30.0 30.0 29.93691386501408 29.85661025669125 30.0 30.0 30.0 30.0 30.0 30.0 30.0
52.1 30.0 30.0 29.9382561232053 29.859398486560437 30.0 30.0 30.0 30.0 30.0 30.0 30.0
52.2 30.0 30.0 29.939569822711576 29.862132979958737 30.0 30.0 30.0 30.0 30.0 30.0 30.0
52.3 30.0 30.0 29.94085557116448 29.864814761330756 30.0 30.0 30.0 30.0 30.0 30.0 30.0
52.4 30.0 30.0 29.942113963267406 29.867444835853924 30.0 30.0 30.0 30.0 30.0 30.0 30.0
52.5 30.0 30.0 29.943345581070258 29.870024189794773 30.0 30.0 30.0 30.0 30.0 30.0 30.0
52.6 30.0 30.0 29.944550994239012 29.87255379085816 30.0 30.0 30.0 30.0 30.0 30.0 30.0
52.7 30.0 30.0 29.945730760319073 29.875034588530934 30.0 30.0 30.0 30.0 30.0 30.0 30.0
52.8 30.0 30.0 29.94688542499314 29.877467514419234 30.0 30.0 30.0 30.0 30.0 30.0 30.0
52.9 30.0 30.0 29.948015522333723 29.87985348257908 30.0 30.0 30.0 30.0 30.0 30.0 30.0
53.0 30.0 30.0 29.949121575050068 29.882193389841916 30.0 30.0 30.0 30.0 30.0 30.0 30.0
53.1 30.0 30.0 29.95020409472985 29.884488116133735 30.0 30.0 30.0 30.0 30.0 30.0 30.0
53.2 30.0 30.0 29.951263582076017 29.886738524787905 30.0 30.0 30.0 30.0 30.0 30.0 30.0
53.3 30.0 30.0 29.952300527138256 29.888945462853762 30.0 30.0 30.0 30.0 30.0 30.0 30.0
53.4 30.0 30.0 29.953315409539567 29.891109761398187 30.0 30.0 30.0 30.0 30.0 30.0 30.0
53.5 30.0 30.0 29.954308698698313 29.893232235802227 30.0 30.0 30.0 30.0 30.0 30.0 30.0
53.6 30.0 30.0 29.95528085404517 29.895313686052596 30.0 30.0 30.0 30.0 30.0 30.0 30.0
53.7 30.0 30.0 29.956232325235668 29.897354897027668 30.0 30.0 30.0 30.0 30.0 30.0 30.0
53.8 30.0 30.0 29.95716355235833 29.899356638777746 30.0 30.0 30.0 30.0 30.0 30.0 30.0
53.9 30.0 30.0 29.958074966137946 29.901319666801502 30.0 30.0 30.0 30.0 30.0 30.0 30.0
54.0 30.0 30.0 29.95896698813499 29.903244722316053 30.0 30.0 30.0 30.0 30.0 30.0 30.0
54.1 30.0 30.0 29.95984003094066 29.90513253252256 30.0 30.0 30.0 30.0 30.0 30.0 30.0
54.2 30.0 30.0 29.96069449836742 29.906983810867892 30.0 30.0 30.0 30.0 30.0 30.0 30.0
54.3 30.0 30.0 29.961530785636185 29.908799257299556 30.0 30.0 30.0 30.0 30.0 30.0 30.0
54.4 30.0 30.0 29.962349279558833 29.910579558518265 30.0 30.0 30.0 30.0 30.0 30.0 30.0
54.5 30.0 30.0 29.96315035871717 29.912325388224176 30.0 30.0 30.0 30.0 30.0 30.0 30.0
54.6 30.0 30.0 29.963934393638084 29.914037407359345 30.0 30.0 30.0 30.0 30.0 30.0 30.0
54.7 30.0 30.0 29.964701746964977 29.915716264345484 30.0 30.0 30.0 30.0 30.0 30.0 30.0
54.8 30.0 30.0 29.965452773625255 29.91736259531818 30.0 30.0 30.0 30.0 30.0 30.0 30.0
54.9 30.0 30.0 29.966187820994904 29.91897702435514 30.0 30.0 30.0 30.0 30.0 30.0 30.0
55.0 30.0 30.0 29.966907229058812 29.920560163702362 30.0 30.0 30.0 30.0 30.0 30.0 30.0
55.1 30.0 30.0 29.967611330568193 29.922112613994344 30.0 30.0 30.0 30.0 30.0 30.0 30.0
55.2 30.0 30.0 29.968300451194434 29.92363496447135 30.0 30.0 30.0 30.0 30.0 30.0 30.0
55.3 30.0 30.0 29.96897490967962 29.92512779319255 30.0 30.0 30.0 30.0 30.0 30.0 30.0
55.4 30.0 30.0 29.969635017984306 29.926591667244402 30.0 30.0 30.0 30.0 30.0 30.0 30.0
55.5 30.0 30.0 29.97028108143148 29.928027142946778 30.0 30.0 30.0 30.0 30.0 30.0 30.0
55.6 30.0 30.0 29.97091339884781 29.929434766053838 30.0 30.0 30.0 30.0 30.0 30.0 30.0
55.7 30.0 30.0 29.971532262702127 29.930815071951645 30.0 30.0 30.0 30.0 30.0 30.0 30.0
55.8 30.0 30.0 29.97213795924037 29.932168585852917 30.0 30.0 30.0 30.0 30.0 30.0 30.0
55.9 30.0 30.0 29.972730768618256 29.933495822987023 30.0 30.0 30.0 30.0 30.0 30.0 30.0
56.0 30.0 30.0 29.973310965030638 29.934797288787266 30.0 30.0 30.0 30.0 30.0 30.0 30.0
56.1 30.0 30.0 29.97387881683854 29.936073479074476 30.0 30.0 30.0 30.0 30.0 30.0 30.0
56.2 30.0 30.0 29.974434586692993 29.937324880237405 30.0 30.0 30.0 30.0 30.0 30.0 30.0
56.3 30.0 30.0 29.974978531656973 29.93855196940909 30.0 30.0 30.0 30.0 30.0 30.0 30.0
56.4 30.0 30.0 29.975510903323805 29.939755214641394 30.0 30.0 30.0 30.0 30.0 30.0 30.0
56.5 30.0 30.0 29.97603194793395 29.940935075074474 30.0 30.0 30.0 30.0 30.0 30.0 30.0
56.6 30.0 30.0 29.976541906488514 29.942092001105053 30.0 30.0 30.0 30.0 30.0 30.0 30.0
56.7 30.0 30.0 29.977041014861072 29.943226434549782 30.0 30.0 30.0 30.0 30.0 30.0 30.0
56.8 30.0 30.0 29.97752950390654 29.944338808807228 30.0 30.0 30.0 30.0 30.0 30.0 30.0
56.9 30.0 30.0 29.97800759956807 29.945429549015337 30.0 30.0 30.0 30.0 30.0 30.0 30.0
57.0 30.0 30.0 29.97847552298156 29.94649907220739 30.0 30.0 30.0 30.0 30.0 30.0 30.0
57.1 30.0 30.0 29.978933490577727 29.947547787464252 30.0 30.0 30.0 30.0 30.0 30.0 30.0
57.2 30.0 30.0 29.979381714182427 29.94857609606366 30.0 30.0 30.0 30.0 30.0 30.0 30.0
57.3 30.0 30.0 29.979820401114694 29.949584391627386 30.0 30.0 30.0 30.0 30.0 30.0 30.0
57.4 30.0 30.0 29.9802497542825 29.95057306026521 30.0 30.0 30.0 30.0 30.0 30.0 30.0
57.5 30.0 30.0 29.98066997227653 29.951542480716807 30.0 30.0 30.0 30.0 30.0 30.0 30.0
57.6 30.0 30.0 29.981081249462093 29.952493024490014 30.0 30.0 30.0 30.0 30.0 30.0 30.0
57.7 30.0 30.0 29.981483776069293 29.953425055997222 30.0 30.0 30.0 30.0 30.0 30.0 30.0
57.8 30.0 30.0 29.9818777382806 29.95433893268953 30.0 30.0 30.0 30.0 30.0 30.0 30.0
57.9 30.0 30.0 29.98226331831714 29.955235005187653 30.0 30.0 30.0 30.0 30.0 30.0 30.0
58.0 30.0 30.0 29.98264069452319 29.956113617410665 30.0 30.0 30.0 30.0 30.0 30.0 30.0
58.1 30.0 30.0 29.983010041448193 29.956975106703005 30.0 30.0 30.0 30.0 30.0 30.0 30.0
58.2 30.0 30.0 29.983371529928053 29.957819803957676 30.0 30.0 30.0 30.0 30.0 30.0 30.0
58.3 30.0 30.0 29.983725327163604 29.95864803373908 30.0 30.0 30.0 30.0 30.0 30.0 30.0
58.4 30.0 30.0 29.984071596798383 29.959460114401665 30.0 30.0 30.0 30.0 30.0 30.0 30.0
58.5 30.0 30.0 29.984410498994123 29.96025635820775 30.0 30.0 30.0 30.0 30.0 30.0 30.0
58.6 30.0 30.0 29.984742190504843 29.96103707144243 30.0 30.0 30.0 30.0 30.0 30.0 30.0
58.7 30.0 30.0 29.985066824749435 29.961802554526628 30.0 30.0 30.0 30.0 30.0 30.0 30.0
58.8 30.0 30.0 29.985384551882472 29.962553102128144 30.0 30.0 30.0 30.0 30.0 30.0 30.0
58.9 30.0 30.0 29.98569551886369 29.963289003270226 30.0 30.0 30.0 30.0 30.0 30.0 30.0
59.0 30.0 30.0 29.98599986952619 29.96401054143822 30.0 30.0 30.0 30.0 30.0 30.0 30.0
59.1 30.0 30.0 29.986297744642627 29.964717994685042 30.0 30.0 30.0 30.0 30.0 30.0 30.0
59.2 30.0 30.0 29.986589281990614 29.965411635733293 30.0 30.0 30.0 30.0 30.0 30.0 30.0
59.3 30.0 30.0 29.986874616416383 29.966091732076475 30.0 30.0 30.0 30.0 30.0 30.0 30.0
59.4 30.0 30.0 29.9871538798969 29.96675854607845 30.0 30.0 30.0 30.0 30.0 30.0 30.0
59.5 30.0 30.0 29.987427201601218 29.967412335069874 30.0 30.0 30.0 30.0 30.0 30.0 30.0
59.6 30.0 30.0 29.987694707950165 29.968053351444162 30.0 30.0 30.0 30.0 30.0 30.0 30.0
59.7 30.0 30.0 29.98795652267459 29.968681842750932 30.0 30.0 30.0 30.0 30.0 30.0 30.0
59.8 30.0 30.0 29.98821276687304 29.969298051787632 30.0 30.0 30.0 30.0 30.0 30.0 30.0
59.9 30.0 30.0 29.988463559067185 29.969902216690404 30.0 30.0 30.0 30.0 30.0 30.0 30.0
60.0 30.0 30.0 29.988709015257268 29.97049457102146 30.0 30.0 30.0 30.0 30.0 30.0 30.0
60.1 30.0 30.0 29.988949248975224 29.971075343856956 30.0 30.0 30.0 30.0 30.0 30.0 30.0
60.2 30.0 30.0 29.989184371337405 29.971644759871555 30.0 30.0 30.0 30.0 30.0 30.0 30.0
60.3 30.0 30.0 29.98941449109616 29.972203039421938 30.0 30.0 30.0 30.0 30.0 30.0 30.0
60.4 30.0 30.0 29.989639714689847 29.972750398629312 30.0 30.0 30.0 30.0 30.0 30.0 30.0
60.5 30.0 30.0 29.989860146292177 29.9732870494597 30.0 30.0 30.0 30.0 30.0 30.0 30.0
60.6 30.0 30.0 29.990075887860417 29.97381319980264 30.0 30.0 30.0 30.0 30.0 30.0 30.0
60.7 30.0 30.0 29.990287039182576 29.97432905354901 30.0 30.0 30.0 30.0 30.0 30.0 30.0
60.8 30.0 30.0 29.990493697923394 29.97483481066717 30.0 30.0 30.0 30.0 30.0 30.0 30.0
60.9 30.0 30.0 29.990695959669697 29.97533066727707 30.0 30.0 30.0 30.0 30.0 30.0 30.0
61.0 30.0 30.0 29.990893917974628 29.975816815724002 30.0 30.0 30.0 30.0 30.0 30.0 30.0
61.1 30.0 30.0 29.99108766440069 29.976293444650285 30.0 30.0 30.0 30.0 30.0 30.0 30.0
61.2 30.0 30.0 29.99127728856234 29.9767607390655 30.0 30.0 30.0 30.0 30.0 30.0 30.0
61.3 30.0 30.0 29.99146287816737 29.977218880416157 30.0 30.0 30.0 30.0 30.0 30.0 30.0
61.4 30.0 30.0 29.99164451905747 29.97766804665305 30.0 30.0 30.0 30.0 30.0 30.0 30.0
61.5 30.0 30.0 29.991822295247697 29.978108412298564 30.0 30.0 30.0 30.0 30.0 30.0 30.0
61.6 30.0 30.0 29.991996288965858 29.978540148511073 30.0 30.0 30.0 30.0 30.0 30.0 30.0
61.7 30.0 30.0 29.99216658068994 29.97896342314994 30.0 30.0 30.0 30.0 30.0 30.0 30.0
61.8 30.0 30.0 29.99233324918587 29.979378400837863 30.0 30.0 30.0 30.0 30.0 30.0 30.0
61.9 30.0 30.0 29.99249637154357 29.979785243022917 30.0 30.0 30.0 30.0 30.0 30.0 30.0
62.0 30.0 30.0 29.992656023212888 29.98018410803898 30.0 30.0 30.0 30.0 30.0 30.0 30.0
62.1 30.0 30.0 29.992812278038112 29.980575151165347 30.0 30.0 30.0 30.0 30.0 30.0 30.0
62.2 30.0 30.0 29.992965208292635 29.98095852468458 30.0 30.0 30.0 30.0 30.0 30.0 30.0
62.3 30.0 30.0 29.993114884711918 29.98133437794048 30.0 30.0 30.0 30.0 30.0 30.0 30.0
62.4 30.0 30.0 29.9932613765266 29.981702857393326 30.0 30.0 30.0 30.0 30.0 30.0 30.0
62.5 30.0 30.0 29.993404751494133 29.982064106675768 30.0 30.0 30.0 30.0 30.0 30.0 30.0
62.6 30.0 30.0 29.993545075930424 29.982418266646363 30.0 30.0 30.0 30.0 30.0 30.0 30.0
62.7 30.0 30.0 29.993682414740398 29.982765475442715 30.0 30.0 30.0 30.0 30.0 30.0 30.0
62.8 30.0 30.0 29.993816831448 29.983105868533546 30.0 30.0 30.0 30.0 30.0 30.0 30.0
62.9 30.0 30.0 29.993948388225714 29.98343957876964 30.0 30.0 30.0 30.0 30.0 30.0 30.0
63.0 30.0 30.0 29.994077145923086 29.98376673643412 30.0 30.0 30.0 30.0 30.0 30.0 30.0
63.1 30.0 30.0 29.994203164094895 29.984087469291385 30.0 30.0 30.0 30.0 30.0 30.0 30.0
63.2 30.0 30.0 29.994326501029008 29.984401902635238 30.0 30.0 30.0 30.0 30.0 30.0 30.0
63.3 30.0 30.0 29.994447213773093 29.984710159336426 30.0 30.0 30.0 30.0 30.0 30.0 30.0
63.4 30.0 30.0 29.994565358160937 29.985012359888866 30.0 30.0 30.0 30.0 30.0 30.0 30.0
63.5 30.0 30.0 29.99468098883837 29.9853086224553 30.0 30.0 30.0 30.0 30.0 30.0 30.0
63.6 30.0 30.0 29.994794159288606 29.985599062911675 30.0 30.0 30.0 30.0 30.0 30.0 30.0
63.7 30.0 30.0 29.994904921856943 29.98588379489116 30.0 30.0 30.0 30.0 30.0 30.0 30.0
63.8 30.0 30.0 29.995013327774924 29.986162929827124 30.0 30.0 30.0 30.0 30.0 30.0 30.0
63.9 30.0 30.0 29.995119427183962 29.986436576995505 30.0 30.0 30.0 30.0 30.0 30.0 30.0
64.0 30.0 30.0 29.995223269158743 29.986704843555575 30.0 30.0 30.0 30.0 30.0 30.0 30.0
64.1 30.0 30.0 29.995324901729877 29.98696783459109 30.0 30.0 30.0 30.0 30.0 30.0 30.0
64.2 30.0 30.0 29.995424371905855 29.98722565314998 30.0 30.0 30.0 30.0 30.0 30.0 30.0
64.3 30.0 30.0 29.995521725695117 29.987478400283322 30.0 30.0 30.0 30.0 30.0 30.0 30.0
64.4 30.0 30.0 29.995617008127123 29.987726175083605 30.0 30.0 30.0 30.0 30.0 30.0 30.0
64.5 30.0 30.0 29.99571026327338 29.987969074722507 30.0 30.0 30.0 30.0 30.0 30.0 30.0
64.6 30.0 30.0 29.995801534267542 29.98820719448768 30.0 30.0 30.0 30.0 30.0 30.0 30.0
64.7 30.0 30.0 29.99589086332565 29.988440627818857 30.0 30.0 30.0 30.0 30.0 30.0 30.0
64.8 30.0 30.0 29.995978291765557 29.98866946634348 30.0 30.0 30.0 30.0 30.0 30.0 30.0
64.9 30.0 30.0 29.99606386002582 29.988893799911594 30.0 30.0 30.0 30.0 30.0 30.0 30.0
65.0 30.0 30.0 29.99614760768484 29.9891137166296 30.0 30.0 30.0 30.0 30.0 30.0 30.0
65.1 30.0 30.0 29.996229573478775 29.989329302894287 30.0 30.0 30.0 30.0 30.0 30.0 30.0
65.2 30.0 30.0 29.99630979531962 29.9895406434254 30.0 30.0 30.0 30.0 30.0 30.0 30.0
65.3 30.0 30.0 29.99638831031282 29.989747821297897 30.0 30.0 30.0 30.0 30.0 30.0 30.0
65.4 30.0 30.0 29.99646515477421 29.98995091797379 30.0 30.0 30.0 30.0 30.0 30.0 30.0
65.5 30.0 30.0 29.996540364247135 29.990150013332705 30.0 30.0 30.0 30.0 30.0 30.0 30.0
65.6 30.0 30.0 29.99661397351851 29.99034518570317 30.0 30.0 30.0 30.0 30.0 30.0 30.0
65.7 30.0 30.0 29.996686016635167 29.990536511891595 30.0 30.0 30.0 30.0 30.0 30.0 30.0
65.8 30.0 30.0 29.996756526919548 29.990724067212007 30.0 30.0 30.0 30.0 30.0 30.0 30.0
65.9 30.0 30.0 29.996825536985064 29.99090792551481 30.0 30.0 30.0 30.0 30.0 30.0 30.0
66.0 30.0 30.0 29.996893078751302 29.99108815921469 30.0 30.0 30.0 30.0 30.0 30.0 30.0
66.1 30.0 30.0 29.99695918345873 29.9912648393187 30.0 30.0 30.0 30.0 30.0 30.0 30.0
66.2 30.0 30.0 29.997023881683013 29.991438035453065 30.0 30.0 30.0 30.0 30.0 30.0 30.0
66.3 30.0 30.0 29.997087203349327 29.99160781588983 30.0 30.0 30.0 30.0 30.0 30.0 30.0
66.4 30.0 30.0 29.997149177746117 29.99177424757309 30.0 30.0 30.0 30.0 30.0 30.0 30.0
66.5 30.0 30.0 29.997209833538715 29.991937396144483 30.0 30.0 30.0 30.0 30.0 30.0 30.0
66.6 30.0 30.0 29.997269198782618 29.992097325968285 30.0 30.0 30.0 30.0 30.0 30.0 30.0
66.7 30.0 30.0 29.99732730093615 29.99225410015641 30.0 30.0 30.0 30.0 30.0 30.0 30.0
66.8 30.0 30.0 29.99738416687371 29.99240778059169 30.0 30.0 30.0 30.0 30.0 30.0 30.0
66.9 30.0 30.0 29.9974398228977 29.992558427952762 30.0 30.0 30.0 30.0 30.0 30.0 30.0
67.0 30.0 30.0 29.997494294750975 29.992706101736403 30.0 30.0 30.0 30.0 30.0 30.0 30.0
67.1 30.0 30.0 29.997547607628576 29.992850860280864 30.0 30.0 30.0 30.0 30.0 30.0 30.0
67.2 30.0 30.0 29.997599786189703 29.992992760787622 30.0 30.0 30.0 30.0 30.0 30.0 30.0
67.3 30.0 30.0 29.997650854568672 29.993131859344317 30.0 30.0 30.0 30.0 30.0 30.0 30.0
67.4 30.0 30.0 29.997700836386322 29.9932682109453 30.0 30.0 30.0 30.0 30.0 30.0 30.0
67.5 30.0 30.0 29.997749754761035 29.993401869513278 30.0 30.0 30.0 30.0 30.0 30.0 30.0
67.6 30.0 30.0 29.997797632319298 29.993532887919898 30.0 30.0 30.0 30.0 30.0 30.0 30.0
67.7 30.0 30.0 29.99784449120615 29.993661318006147 30.0 30.0 30.0 30.0 30.0 30.0 30.0
67.8 30.0 30.0 29.997890353095425 29.99378721060209 30.0 30.0 30.0 30.0 30.0 30.0 30.0
67.9 30.0 30.0 29.997935239199737 29.99391061554676 30.0 30.0 30.0 30.0 30.0 30.0 30.0
68.0 30.0 30.0 29.997979170280626 29.994031581706523 30.0 30.0 30.0 30.0 30.0 30.0 30.0
68.1 30.0 30.0 29.99802216665765 29.994150156995204 30.0 30.0 30.0 30.0 30.0 30.0 30.0
68.2 30.0 30.0 29.998064248218167 29.994266388391182 30.0 30.0 30.0 30.0 30.0 30.0 30.0
68.3 30.0 30.0 29.99810543442634 29.994380321956406 30.0 30.0 30.0 30.0 30.0 30.0 30.0
68.4 30.0 30.0 29.998145744332202 29.994492002853683 30.0 30.0 30.0 30.0 30.0 30.0 30.0
68.5 30.0 30.0 29.9981851965805 29.994601475364213 30.0 30.0 30.0 30.0 30.0 30.0 30.0
68.6 30.0 30.0 29.998223809419176 29.994708782904752 30.0 30.0 30.0 30.0 30.0 30.0 30.0
68.7 30.0 30.0 29.998261600708098 29.99481396804402 30.0 30.0 30.0 30.0 30.0 30.0 30.0
68.8 30.0 30.0 29.99829858792707 29.99491707251969 30.0 30.0 30.0 30.0 30.0 30.0 30.0
68.9 30.0 30.0 29.998334788183982 29.995018137253933 30.0 30.0 30.0 30.0 30.0 30.0 30.0
69.0 30.0 30.0 29.998370218222632 29.995117202369535 30.0 30.0 30.0 30.0 30.0 30.0 30.0
69.1 30.0 30.0 29.998404894430664 29.99521430720533 30.0 30.0 30.0 30.0 30.0 30.0 30.0
69.2 30.0 30.0 29.99843883284701 29.99530949033137 30.0 30.0 30.0 30.0 30.0 30.0 30.0
69.3 30.0 30.0 29.99847204916946 29.995402789563652 30.0 30.0 30.0 30.0 30.0 30.0 30.0
69.4 30.0 30.0 29.998504558761603 29.995494241979323 30.0 30.0 30.0 30.0 30.0 30.0 30.0
69.5 30.0 30.0 29.998536376660287 29.9955838839302 30.0 30.0 30.0 30.0 30.0 30.0 30.0
69.6 30.0 30.0 29.998567517582394 29.995671751057504 30.0 30.0 30.0 30.0 30.0 30.0 30.0
69.7 30.0 30.0 29.99859799593171 29.995757878305216 30.0 30.0 30.0 30.0 30.0 30.0 30.0
69.8 30.0 30.0 29.9986278258055 29.995842299933976 30.0 30.0 30.0 30.0 30.0 30.0 30.0
69.9 30.0 30.0 29.998657021001087 29.995925049534 30.0 30.0 30.0 30.0 30.0 30.0 30.0
70.0 30.0 30.0 29.998685595022337 29.996006160038345 30.0 30.0 30.0 30.0 30.0 30.0 30.0
70.1 30.0 30.0 29.99871356108566 29.996085663735567 30.0 30.0 30.0 30.0 30.0 30.0 30.0
70.2 30.0 30.0 29.998740932126395 29.996163592282265 30.0 30.0 30.0 30.0 30.0 30.0 30.0
70.3 30.0 30.0 29.998767720804516 29.996239976715323 30.0 30.0 30.0 30.0 30.0 30.0 30.0
70.4 30.0 30.0 29.99879393951082 29.99631484746377 30.0 30.0 30.0 30.0 30.0 30.0 30.0
70.5 30.0 30.0 29.998819600372258 29.99638823436128 30.0 30.0 30.0 30.0 30.0 30.0 30.0
70.6 30.0 30.0 29.998844715257935 29.996460166656682 30.0 30.0 30.0 30.0 30.0 30.0 30.0
70.7 30.0 30.0 29.998869295784317 29.9965306730263 30.0 30.0 30.0 30.0 30.0 30.0 30.0
70.8 30.0 30.0 29.998893353320867 29.996599781584468 30.0 30.0 30.0 30.0 30.0 30.0 30.0
70.9 30.0 30.0 29.99891689899486 29.996667519894892 30.0 30.0 30.0 30.0 30.0 30.0 30.0
71.0 30.0 30.0 29.99893994369711 29.99673391498079 30.0 30.0 30.0 30.0 30.0 30.0 30.0
71.1 30.0 30.0 29.998962498086513 29.99679899333611 30.0 30.0 30.0 30.0 30.0 30.0 30.0
71.2 30.0 30.0 29.998984572595354 29.996862780935224 30.0 30.0 30.0 30.0 30.0 30.0 30.0
71.3 30.0 30.0 29.999006177433778 29.996925303243422 30.0 30.0 30.0 30.0 30.0 30.0 30.0
71.4 30.0 30.0 29.99902732259481 29.996986585226598 30.0 30.0 30.0 30.0 30.0 30.0 30.0
71.5 30.0 30.0 29.999048017858712 29.997046651361284 30.0 30.0 30.0 30.0 30.0 30.0 30.0
71.6 30.0 30.0 29.99906827279791 29.99710552564344 30.0 30.0 30.0 30.0 30.0 30.0 30.0
71.7 30.0 30.0 29.99908809678098 29.99716323159879 30.0 30.0 30.0 30.0 30.0 30.0 30.0
71.8 30.0 30.0 29.999107498977175 29.99721979229138 30.0 30.0 30.0 30.0 30.0 30.0 30.0
71.9 30.0 30.0 29.99912648836059 29.99727523033284 30.0 30.0 30.0 30.0 30.0 30.0 30.0
72.0 30.0 30.0 29.99914507371463 29.99732956789054 30.0 30.0 30.0 30.0 30.0 30.0 30.0
72.1 30.0 30.0 29.999163263635563 29.997382826697443 30.0 30.0 30.0 30.0 30.0 30.0 30.0
72.2 30.0 30.0 29.999181066536895 29.997435028059492 30.0 30.0 30.0 30.0 30.0 30.0 30.0
72.3 30.0 30.0 29.99919849065313 29.997486192864343 30.0 30.0 30.0 30.0 30.0 30.0 30.0
72.4 30.0 30.0 29.999215544043455 29.997536341589672 30.0 30.0 30.0 30.0 30.0 30.0 30.0
72.5 30.0 30.0 29.99923223459571 29.997585494310897 30.0 30.0 30.0 30.0 30.0 30.0 30.0
72.6 30.0 30.0 29.999248570029856 29.997633670709135 30.0 30.0 30.0 30.0 30.0 30.0 30.0
72.7 30.0 30.0 29.99926455790157 29.997680890078993 30.0 30.0 30.0 30.0 30.0 30.0 30.0
72.8 30.0 30.0 29.999280205605814 29.997727171335917 30.0 30.0 30.0 30.0 30.0 30.0 30.0
72.9 30.0 30.0 29.999295520380137 29.997772533023767 30.0 30.0 30.0 30.0 30.0 30.0 30.0
73.0 30.0 30.0 29.99931050930825 29.997816993321727 30.0 30.0 30.0 30.0 30.0 30.0 30.0
73.1 30.0 30.0 29.99932517932301 29.997860570052012 30.0 30.0 30.0 30.0 30.0 30.0 30.0
73.2 30.0 30.0 29.999339537209732 29.997903280686447 30.0 30.0 30.0 30.0 30.0 30.0 30.0
73.3 30.0 30.0 29.999353589609573 29.997945142353032 30.0 30.0 30.0 30.0 30.0 30.0 30.0
73.4 30.0 30.0 29.999367343022122 29.99798617184346 30.0 30.0 30.0 30.0 30.0 30.0 30.0
73.5 30.0 30.0 29.999380803808915 29.998026385618825 30.0 30.0 30.0 30.0 30.0 30.0 30.0
73.6 30.0 30.0 29.99939397819592 29.99806579981675 30.0 30.0 30.0 30.0 30.0 30.0 30.0
73.7 30.0 30.0 29.999406872276854 29.998104430257108 30.0 30.0 30.0 30.0 30.0 30.0 30.0
73.8 30.0 30.0 29.999419492015676 29.998142292448897 30.0 30.0 30.0 30.0 30.0 30.0 30.0
73.9 30.0 30.0 29.999431843249408 29.998179401595777 30.0 30.0 30.0 30.0 30.0 30.0 30.0
74.0 30.0 30.0 29.999443931690934 29.998215772602173 30.0 30.0 30.0 30.0 30.0 30.0 30.0
74.1 30.0 30.0 29.99945576293152 29.998251420079328 30.0 30.0 30.0 30.0 30.0 30.0 30.0
74.2 30.0 30.0 29.999467342443616 29.99828635835069 30.0 30.0 30.0 30.0 30.0 30.0 30.0
74.3 30.0 30.0 29.999478675583077 29.99832060145799 30.0 30.0 30.0 30.0 30.0 30.0 30.0
74.4 30.0 30.0 29.99948976759198 29.998354163166155 30.0 30.0 30.0 30.0 30.0 30.0 30.0
74.5 30.0 30.0 29.999500623600653 29.99838705696944 30.0 30.0 30.0 30.0 30.0 30.0 30.0
74.6 30.0 30.0 29.99951124863047 29.998419296096003 30.0 30.0 30.0 30.0 30.0 30.0 30.0
74.7 30.0 30.0 29.999521647595802 29.99845089351385 30.0 30.0 30.0 30.0 30.0 30.0 30.0
74.8 30.0 30.0 29.999531825306516 29.99848186193514 30.0 30.0 30.0 30.0 30.0 30.0 30.0
74.9 30.0 30.0 29.99954178647022 29.998512213821673 30.0 30.0 30.0 30.0 30.0 30.0 30.0
75.0 30.0 30.0 29.99955153569428 29.998541961389908 30.0 30.0 30.0 30.0 30.0 30.0 30.0
75.1 30.0 30.0 29.999561077488043 29.998571116615285 30.0 30.0 30.0 30.0 30.0 30.0 30.0
75.2 30.0 30.0 29.99957041626488 29.998599691237445 30.0 30.0 30.0 30.0 30.0 30.0 30.0
75.3 30.0 30.0 29.999579556344315 29.998627696764476 30.0 30.0 30.0 30.0 30.0 30.0 30.0
75.4 30.0 30.0 29.999588501954044 29.998655144477624 30.0 30.0 30.0 30.0 30.0 30.0 30.0
75.5 30.0 30.0 29.999597257231592 29.998682045435878 30.0 30.0 30.0 30.0 30.0 30.0 30.0
75.6 30.0 30.0 29.999605826226627 29.99870841047989 30.0 30.0 30.0 30.0 30.0 30.0 30.0
75.7 30.0 30.0 29.999614212902614 29.998734250236573 30.0 30.0 30.0 30.0 30.0 30.0 30.0
75.8 30.0 30.0 29.999622421138742 29.998759575123366 30.0 30.0 30.0 30.0 30.0 30.0 30.0
75.9 30.0 30.0 29.999630454731566 29.998784395352097 30.0 30.0 30.0 30.0 30.0 30.0 30.0
76.0 30.0 30.0 29.999638317396858 29.998808720933233 30.0 30.0 30.0 30.0 30.0 30.0 30.0
76.1 30.0 30.0 29.999646012771436 29.99883256167955 30.0 30.0 30.0 30.0 30.0 30.0 30.0
76.2 30.0 30.0 29.99965354441462 29.998855927210442 30.0 30.0 30.0 30.0 30.0 30.0 30.0
76.3 30.0 30.0 29.99966091581006 29.998878826955153 30.0 30.0 30.0 30.0 30.0 30.0 30.0
76.4 30.0 30.0 29.9996681303673 29.99890127015699 30.0 30.0 30.0 30.0 30.0 30.0 30.0
76.5 30.0 30.0 29.999675191423314 29.998923265876773 30.0 30.0 30.0 30.0 30.0 30.0 30.0
76.6 30.0 30.0 29.99968210224406 29.998944822996396 30.0 30.0 30.0 30.0 30.0 30.0 30.0
76.7 30.0 30.0 29.999688866026116 29.998965950222235 30.0 30.0 30.0 30.0 30.0 30.0 30.0
76.8 30.0 30.0 29.99969548589786 29.998986656089095 30.0 30.0 30.0 30.0 30.0 30.0 30.0
76.9 30.0 30.0 29.99970196492129 29.999006948962847 30.0 30.0 30.0 30.0 30.0 30.0 30.0
77.0 30.0 30.0 29.999708306093186 29.99902683704418 30.0 30.0 30.0 30.0 30.0 30.0 30.0
77.1 30.0 30.0 29.99971451234648 29.999046328372067 30.0 30.0 30.0 30.0 30.0 30.0 30.0
77.2 30.0 30.0 29.99972058655188 29.999065430826256 30.0 30.0 30.0 30.0 30.0 30.0 30.0
77.3 30.0 30.0 29.999726531518856 29.999084152131083 30.0 30.0 30.0 30.0 30.0 30.0 30.0
77.4 30.0 30.0 29.99973234999718 29.999102499857997 30.0 30.0 30.0 30.0 30.0 30.0 30.0
77.5 30.0 30.0 29.99973804467809 29.999120481428964 30.0 30.0 30.0 30.0 30.0 30.0 30.0
77.6 30.0 30.0 29.99974361819553 29.999138104119268 30.0 30.0 30.0 30.0 30.0 30.0 30.0
77.7 30.0 30.0 29.999749073127536 29.999155375060198 30.0 30.0 30.0 30.0 30.0 30.0 30.0
77.8 30.0 30.0 29.99975441199718 29.999172301242083 30.0 30.0 30.0 30.0 30.0 30.0 30.0
77.9 30.0 30.0 29.999759637273844 29.99918888951725 30.0 30.0 30.0 30.0 30.0 30.0 30.0
78.0 30.0 30.0 29.999764751374354 29.99920514660221 30.0 30.0 30.0 30.0 30.0 30.0 30.0
78.1 30.0 30.0 29.999769756664275 29.999221079080762 30.0 30.0 30.0 30.0 30.0 30.0 30.0
78.2 30.0 30.0 29.999774655458655 29.999236693406562 30.0 30.0 30.0 30.0 30.0 30.0 30.0
78.3 30.0 30.0 29.999779450023397 29.99925199590534 30.0 30.0 30.0 30.0 30.0 30.0 30.0
78.4 30.0 30.0 29.99978414257611 29.999266992777947 30.0 30.0 30.0 30.0 30.0 30.0 30.0
78.5 30.0 30.0 29.999788735287307 29.999281690102364 30.0 30.0 30.0 30.0 30.0 30.0 30.0
78.6 30.0 30.0 29.99979323028123 29.999296093836357 30.0 30.0 30.0 30.0 30.0 30.0 30.0
78.7 30.0 30.0 29.999797629636948 29.999310209819726 30.0 30.0 30.0 30.0 30.0 30.0 30.0
78.8 30.0 30.0 29.999801935389307 29.999324043776788 30.0 30.0 30.0 30.0 30.0 30.0 30.0
78.9 30.0 30.0 29.99980614953001 29.99933760131818 30.0 30.0 30.0 30.0 30.0 30.0 30.0
79.0 30.0 30.0 29.99981027400808 29.999350887944146 30.0 30.0 30.0 30.0 30.0 30.0 30.0
79.1 30.0 30.0 29.999814310731328 29.999363909045282 30.0 30.0 30.0 30.0 30.0 30.0 30.0
79.2 30.0 30.0 29.99981826156683 29.99937666990582 30.0 30.0 30.0 30.0 30.0 30.0 30.0
79.3 30.0 30.0 29.999822128341993 29.999389175705264 30.0 30.0 30.0 30.0 30.0 30.0 30.0
79.4 30.0 30.0 29.99982591284533 29.999401431520567 30.0 30.0 30.0 30.0 30.0 30.0 30.0
79.5 30.0 30.0 29.99982961682733 29.999413442328027 30.0 30.0 30.0 30.0 30.0 30.0 30.0
79.6 30.0 30.0 29.999833242001227 29.99942521300531 30.0 30.0 30.0 30.0 30.0 30.0 30.0
79.7 30.0 30.0 29.99983679004378 29.9994367483336 30.0 30.0 30.0 30.0 30.0 30.0 30.0
79.8 30.0 30.0 29.999840262596045 29.999448052999195 30.0 30.0 30.0 30.0 30.0 30.0 30.0
79.9 30.0 30.0 29.999843661264254 29.999459131595547 30.0 30.0 30.0 30.0 30.0 30.0 30.0
80.0 30.0 30.0 29.999846987620376 29.999469988625137 30.0 30.0 30.0 30.0 30.0 30.0 30.0
80.1 30.0 30.0 29.999850243202907 29.999480628501153 30.0 30.0 30.0 30.0 30.0 30.0 30.0
80.2 30.0 30.0 29.999853429517746 29.999491055549093 30.0 30.0 30.0 30.0 30.0 30.0 30.0
80.3 30.0 30.0 29.999856548038654 29.999501274009003 30.0 30.0 30.0 30.0 30.0 30.0 30.0
80.4 30.0 30.0 29.999859600208055 29.9995112880367 30.0 30.0 30.0 30.0 30.0 30.0 30.0
80.5 30.0 30.0 29.999862587437693 29.999521101705568 30.0 30.0 30.0 30.0 30.0 30.0 30.0
80.6 30.0 30.0 29.99986551110923 29.99953071900834 30.0 30.0 30.0 30.0 30.0 30.0 30.0
80.7 30.0 30.0 29.999868372575005 29.99954014385824 30.0 30.0 30.0 30.0 30.0 30.0 30.0
80.8 30.0 30.0 29.99987117315853 29.999549380091214 30.0 30.0 30.0 30.0 30.0 30.0 30.0
80.9 30.0 30.0 29.999873914155152 29.99955843146693 30.0 30.0 30.0 30.0 30.0 30.0 30.0
81.0 30.0 30.0 29.999876596832753 29.999567301670325 30.0 30.0 30.0 30.0 30.0 30.0 30.0
81.1 30.0 30.0 29.99987922243201 29.999575994313638 30.0 30.0 30.0 30.0 30.0 30.0 30.0
81.2 30.0 30.0 29.999881792167493 29.999584512936813 30.0 30.0 30.0 30.0 30.0 30.0 30.0
81.3 30.0 30.0 29.999884307227735 29.99959286101006 30.0 30.0 30.0 30.0 30.0 30.0 30.0
81.4 30.0 30.0 29.99988676877611 29.999601041934454 30.0 30.0 30.0 30.0 30.0 30.0 30.0
81.5 30.0 30.0 29.999889177951044 29.999609059043642 30.0 30.0 30.0 30.0 30.0 30.0 30.0
81.6 30.0 30.0 29.99989153586695 29.9996169156049 30.0 30.0 30.0 30.0 30.0 30.0 30.0
81.7 30.0 30.0 29.99989384361445 29.999624614820842 30.0 30.0 30.0 30.0 30.0 30.0 30.0
81.8 30.0 30.0 29.999896102260948 29.999632159830462 30.0 30.0 30.0 30.0 30.0 30.0 30.0
81.9 30.0 30.0 29.999898312851098 29.99963955371033 30.0 30.0 30.0 30.0 30.0 30.0 30.0
82.0 30.0 30.0 29.999900476407504 29.99964679947571 30.0 30.0 30.0 30.0 30.0 30.0 30.0
82.1 30.0 30.0 29.999902593930706 29.999653900082563 30.0 30.0 30.0 30.0 30.0 30.0 30.0
82.2 30.0 30.0 29.99990466640025 29.99966085842743 30.0 30.0 30.0 30.0 30.0 30.0 30.0
82.3 30.0 30.0 29.999906694774687 29.999667677349763 30.0 30.0 30.0 30.0 30.0 30.0 30.0
82.4 30.0 30.0 29.99990867999224 29.999674359632333 30.0 30.0 30.0 30.0 30.0 30.0 30.0
82.5 30.0 30.0 29.99991062297112 29.999680908002745 30.0 30.0 30.0 30.0 30.0 30.0 30.0
82.6 30.0 30.0 29.999912524610085 29.999687325134307 30.0 30.0 30.0 30.0 30.0 30.0 30.0
82.7 30.0 30.0 29.999914385788625 29.9996936136474 30.0 30.0 30.0 30.0 30.0 30.0 30.0
82.8 30.0 30.0 29.999916207367573 29.999699776110077 30.0 30.0 30.0 30.0 30.0 30.0 30.0
82.9 30.0 30.0 29.999917990189566 29.999705815039423 30.0 30.0 30.0 30.0 30.0 30.0 30.0
83.0 30.0 30.0 29.999919735079146 29.999711732902494 30.0 30.0 30.0 30.0 30.0 30.0 30.0
83.1 30.0 30.0 29.99992144284344 29.99971753211716 30.0 30.0 30.0 30.0 30.0 30.0 30.0
83.2 30.0 30.0 29.999923114272264 29.99972321505345 30.0 30.0 30.0 30.0 30.0 30.0 30.0
83.3 30.0 30.0 29.99992475013878 29.99972878403398 30.0 30.0 30.0 30.0 30.0 30.0 30.0
83.4 30.0 30.0 29.999926351199612 29.999734241335464 30.0 30.0 30.0 30.0 30.0 30.0 30.0
83.5 30.0 30.0 29.99992791819532 29.99973958918898 30.0 30.0 30.0 30.0 30.0 30.0 30.0
83.6 30.0 30.0 29.99992945185069 29.999744829781534 30.0 30.0 30.0 30.0 30.0 30.0 30.0
83.7 30.0 30.0 29.999930952875133 29.999749965256346 30.0 30.0 30.0 30.0 30.0 30.0 30.0
83.8 30.0 30.0 29.999932421962864 29.99975499771436 30.0 30.0 30.0 30.0 30.0 30.0 30.0
83.9 30.0 30.0 29.999933859793487 29.999759929214157 30.0 30.0 30.0 30.0 30.0 30.0 30.0
84.0 30.0 30.0 29.9999352670319 29.999764761774014 30.0 30.0 30.0 30.0 30.0 30.0 30.0
84.1 30.0 30.0 29.999936644329075 29.99976949737147 30.0 30.0 30.0 30.0 30.0 30.0 30.0
84.2 30.0 30.0 29.999937992322035 29.999774137944968 30.0 30.0 30.0 30.0 30.0 30.0 30.0
84.3 30.0 30.0 29.999939311634375 29.999778685394197 30.0 30.0 30.0 30.0 30.0 30.0 30.0
84.4 30.0 30.0 29.999940602876222 29.99978314158129 30.0 30.0 30.0 30.0 30.0 30.0 30.0
84.5 30.0 30.0 29.999941866644846 29.999787508331156 30.0 30.0 30.0 30.0 30.0 30.0 30.0
84.6 30.0 30.0 29.999943103524743 29.99979178743226 30.0 30.0 30.0 30.0 30.0 30.0 30.0
84.7 30.0 30.0 29.999944314088026 29.999795980637593 30.0 30.0 30.0 30.0 30.0 30.0 30.0
84.8 30.0 30.0 29.999945498894707 29.99980008966501 30.0 30.0 30.0 30.0 30.0 30.0 30.0
84.9 30.0 30.0 29.99994665849271 29.999804116198582 30.0 30.0 30.0 30.0 30.0 30.0 30.0
85.0 30.0 30.0 29.999947793418446 29.99980806188828 30.0 30.0 30.0 30.0 30.0 30.0 30.0
85.1 30.0 30.0 29.999948904196806 29.99981192835169 30.0 30.0 30.0 30.0 30.0 30.0 30.0
85.2 30.0 30.0 29.999949991341563 29.999815717173924 30.0 30.0 30.0 30.0 30.0 30.0 30.0
85.3 30.0 30.0 29.99995105535554 29.9998194299085 30.0 30.0 30.0 30.0 30.0 30.0 30.0
85.4 30.0 30.0 29.999952096730944 29.99982306807796 30.0 30.0 30.0 30.0 30.0 30.0 30.0
85.5 30.0 30.0 29.99995311594941 29.999826633174628 30.0 30.0 30.0 30.0 30.0 30.0 30.0
85.6 30.0 30.0 29.999954113482424 29.99983012666094 30.0 30.0 30.0 30.0 30.0 30.0 30.0
85.7 30.0 30.0 29.999955089791314 29.99983354997033 30.0 30.0 30.0 30.0 30.0 30.0 30.0
85.8 30.0 30.0 29.99995604532764 29.99983690450763 30.0 30.0 30.0 30.0 30.0 30.0 30.0
85.9 30.0 30.0 29.999956980533465 29.99984019164938 30.0 30.0 30.0 30.0 30.0 30.0 30.0
86.0 30.0 30.0 29.999957895841288 29.999843412745093 30.0 30.0 30.0 30.0 30.0 30.0 30.0
86.1 30.0 30.0 29.999958791674413 29.99984656911722 30.0 30.0 30.0 30.0 30.0 30.0 30.0
86.2 30.0 30.0 29.99995966844733 29.999849662061507 30.0 30.0 30.0 30.0 30.0 30.0 30.0
86.3 30.0 30.0 29.999960526565452 29.999852692848393 30.0 30.0 30.0 30.0 30.0 30.0 30.0
86.4 30.0 30.0 29.999961366425758 29.999855662722577 30.0 30.0 30.0 30.0 30.0 30.0 30.0
86.5 30.0 30.0 29.999962188416717 29.99985857290415 30.0 30.0 30.0 30.0 30.0 30.0 30.0
86.6 30.0 30.0 29.99996299291848 29.99986142458877 30.0 30.0 30.0 30.0 30.0 30.0 30.0
86.7 30.0 30.0 29.999963780303165 29.999864218948247 30.0 30.0 30.0 30.0 30.0 30.0 30.0
86.8 30.0 30.0 29.999964550935054 29.999866957130926 30.0 30.0 30.0 30.0 30.0 30.0 30.0
86.9 30.0 30.0 29.999965305170495 29.999869640262457 30.0 30.0 30.0 30.0 30.0 30.0 30.0
87.0 30.0 30.0 29.999966043358388 29.99987226944577 30.0 30.0 30.0 30.0 30.0 30.0 30.0
87.1 30.0 30.0 29.999966765840078 29.999874845762093 30.0 30.0 30.0 30.0 30.0 30.0 30.0
87.2 30.0 30.0 29.99996747294986 29.999877370270628 30.0 30.0 30.0 30.0 30.0 30.0 30.0
87.3 30.0 30.0 29.99996816501476 29.99987984400983 30.0 30.0 30.0 30.0 30.0 30.0 30.0
87.4 30.0 30.0 29.999968842354843 29.999882267997254 30.0 30.0 30.0 30.0 30.0 30.0 30.0
87.5 30.0 30.0 29.9999695052835 29.99988464322998 30.0 30.0 30.0 30.0 30.0 30.0 30.0
87.6 30.0 30.0 29.999970154107245 29.9998869706856 30.0 30.0 30.0 30.0 30.0 30.0 30.0
87.7 30.0 30.0 29.99997078912622 29.999889251321793 30.0 30.0 30.0 30.0 30.0 30.0 30.0
87.8 30.0 30.0 29.999971410634167 29.999891486077264 30.0 30.0 30.0 30.0 30.0 30.0 30.0
87.9 30.0 30.0 29.99997201891854 29.99989367587197 30.0 30.0 30.0 30.0 30.0 30.0 30.0
88.0 30.0 30.0 29.999972614260713 29.999895821607456 30.0 30.0 30.0 30.0 30.0 30.0 30.0
88.1 30.0 30.0 29.99997319693604 29.999897924167314 30.0 30.0 30.0 30.0 30.0 30.0 30.0
88.2 30.0 30.0 29.999973767213987 29.99989998441745 30.0 30.0 30.0 30.0 30.0 30.0 30.0
88.3 30.0 30.0 29.999974325358405 29.999902003206348 30.0 30.0 30.0 30.0 30.0 30.0 30.0
88.4 30.0 30.0 29.999974871627334 29.999903981365883 30.0 30.0 30.0 30.0 30.0 30.0 30.0
88.5 30.0 30.0 29.999975406273602 29.999905919710777 30.0 30.0 30.0 30.0 30.0 30.0 30.0
88.6 30.0 30.0 29.999975929544412 29.999907819039958 30.0 30.0 30.0 30.0 30.0 30.0 30.0
88.7 30.0 30.0 29.99997644168175 29.999909680136188 30.0 30.0 30.0 30.0 30.0 30.0 30.0
88.8 30.0 30.0 29.999976942922565 29.99991150376654 30.0 30.0 30.0 30.0 30.0 30.0 30.0
88.9 30.0 30.0 29.99997743349869 29.99991329068288 30.0 30.0 30.0 30.0 30.0 30.0 30.0
89.0 30.0 30.0 29.999977913637 29.999915041621833 30.0 30.0 30.0 30.0 30.0 30.0 30.0
89.1 30.0 30.0 29.999978383559657 29.99991675730547 30.0 30.0 30.0 30.0 30.0 30.0 30.0
89.2 30.0 30.0 29.99997884348397 29.999918438441426 30.0 30.0 30.0 30.0 30.0 30.0 30.0
89.3 30.0 30.0 29.9999792936226 29.99992008572314 30.0 30.0 30.0 30.0 30.0 30.0 30.0
89.4 30.0 30.0 29.999979734183867 29.99992169983006 30.0 30.0 30.0 30.0 30.0 30.0 30.0
89.5 30.0 30.0 29.999980165371433 29.999923281428334 30.0 30.0 30.0 30.0 30.0 30.0 30.0
89.6 30.0 30.0 29.99998058738481 29.999924831170492 30.0 30.0 30.0 30.0 30.0 30.0 30.0
89.7 30.0 30.0 29.999981000419158 29.999926349696207 30.0 30.0 30.0 30.0 30.0 30.0 30.0
89.8 30.0 30.0 29.999981404665558 29.99992783763223 30.0 30.0 30.0 30.0 30.0 30.0 30.0
89.9 30.0 30.0 29.99998180031094 29.999929295592857 30.0 30.0 30.0 30.0 30.0 30.0 30.0
90.0 30.0 30.0 29.999982187538375 29.999930724180068 30.0 30.0 30.0 30.0 30.0 30.0 30.0
90.1 30.0 30.0 29.999982566526946 29.99993212398374 30.0 30.0 30.0 30.0 30.0 30.0 30.0
90.2 30.0 30.0 29.99998293745188 29.999933495582088 30.0 30.0 30.0 30.0 30.0 30.0 30.0
90.3 30.0 30.0 29.999983300484814 29.99993483954148 30.0 30.0 30.0 30.0 30.0 30.0 30.0
90.4 30.0 30.0 29.999983655793628 29.999936156417263 30.0 30.0 30.0 30.0 30.0 30.0 30.0
90.5 30.0 30.0 29.9999840035427 29.99993744675345 30.0 30.0 30.0 30.0 30.0 30.0 30.0
90.6 30.0 30.0 29.99998434389284 29.999938711083317 30.0 30.0 30.0 30.0 30.0 30.0 30.0
90.7 30.0 30.0 29.999984677001468 29.999939949929388 30.0 30.0 30.0 30.0 30.0 30.0 30.0
90.8 30.0 30.0 29.99998500302271 29.999941163803648 30.0 30.0 30.0 30.0 30.0 30.0 30.0
90.9 30.0 30.0 29.999985322107317 29.99994235320799 30.0 30.0 30.0 30.0 30.0 30.0 30.0
91.0 30.0 30.0 29.999985634402933 29.999943518634165 30.0 30.0 30.0 30.0 30.0 30.0 30.0
91.1 30.0 30.0 29.999985940053914 29.999944660564143 30.0 30.0 30.0 30.0 30.0 30.0 30.0
91.2 30.0 30.0 29.999986239201718 29.999945779470035 30.0 30.0 30.0 30.0 30.0 30.0 30.0
91.3 30.0 30.0 29.999986531984703 29.99994687581472 30.0 30.0 30.0 30.0 30.0 30.0 30.0
91.4 30.0 30.0 29.999986818538233 29.999947950051748 30.0 30.0 30.0 30.0 30.0 30.0 30.0
91.5 30.0 30.0 29.999987098994858 29.999949002625556 30.0 30.0 30.0 30.0 30.0 30.0 30.0
91.6 30.0 30.0 29.999987373484323 29.99995003397159 30.0 30.0 30.0 30.0 30.0 30.0 30.0
91.7 30.0 30.0 29.99998764213358 29.999951044516788 30.0 30.0 30.0 30.0 30.0 30.0 30.0
91.8 30.0 30.0 29.99998790506695 29.99995203467932 30.0 30.0 30.0 30.0 30.0 30.0 30.0
91.9 30.0 30.0 29.99998816240596 29.99995300486919 30.0 30.0 30.0 30.0 30.0 30.0 30.0
92.0 30.0 30.0 29.999988414269616 29.999953955488007 30.0 30.0 30.0 30.0 30.0 30.0 30.0
92.1 30.0 30.0 29.999988660774513 29.9999548869292 30.0 30.0 30.0 30.0 30.0 30.0 30.0
92.2 30.0 30.0 29.999988902034627 29.999955799578686 30.0 30.0 30.0 30.0 30.0 30.0 30.0
92.3 30.0 30.0 29.99998913816151 29.99995669381443 30.0 30.0 30.0 30.0 30.0 30.0 30.0
92.4 30.0 30.0 29.9999893692645 29.99995757000677 30.0 30.0 30.0 30.0 30.0 30.0 30.0
92.5 30.0 30.0 29.99998959545032 29.99995842851889 30.0 30.0 30.0 30.0 30.0 30.0 30.0
92.6 30.0 30.0 29.999989816823746 29.9999592697062 30.0 30.0 30.0 30.0 30.0 30.0 30.0
92.7 30.0 30.0 29.99999003348706 29.99996009391755 30.0 30.0 30.0 30.0 30.0 30.0 30.0
92.8 30.0 30.0 29.999990245540488 29.999960901494408 30.0 30.0 30.0 30.0 30.0 30.0 30.0
92.9 30.0 30.0 29.999990453082148 29.999961692771492 30.0 30.0 30.0 30.0 30.0 30.0 30.0
93.0 30.0 30.0 29.999990656208016 29.99996246807693 30.0 30.0 30.0 30.0 30.0 30.0 30.0
93.1 30.0 30.0 29.999990855012143 29.999963227731946 30.0 30.0 30.0 30.0 30.0 30.0 30.0
93.2 30.0 30.0 29.99999104958634 29.999963972051777 30.0 30.0 30.0 30.0 30.0 30.0 30.0
93.3 30.0 30.0 29.999991240020698 29.999964701344986 30.0 30.0 30.0 30.0 30.0 30.0 30.0
93.4 30.0 30.0 29.999991426403252 29.99996541591402 30.0 30.0 30.0 30.0 30.0 30.0 30.0
93.5 30.0 30.0 29.999991608820217 29.999966116055365 30.0 30.0 30.0 30.0 30.0 30.0 30.0
93.6 30.0 30.0 29.999991787355963 29.99996680205944 30.0 30.0 30.0 30.0 30.0 30.0 30.0
93.7 30.0 30.0 29.999991962093116 29.99996747421083 30.0 30.0 30.0 30.0 30.0 30.0 30.0
93.8 30.0 30.0 29.99999213311237 29.99996813278871 30.0 30.0 30.0 30.0 30.0 30.0 30.0
93.9 30.0 30.0 29.99999230049297 29.999968778066076 30.0 30.0 30.0 30.0 30.0 30.0 30.0
94.0 30.0 30.0 29.99999246431222 29.99996941031101 30.0 30.0 30.0 30.0 30.0 30.0 30.0
94.1 30.0 30.0 29.999992624646076 29.999970029785715 30.0 30.0 30.0 30.0 30.0 30.0 30.0
94.2 30.0 30.0 29.999992781568547 29.999970636747662 30.0 30.0 30.0 30.0 30.0 30.0 30.0
94.3 30.0 30.0 29.99999293515221 29.999971231448715 30.0 30.0 30.0 30.0 30.0 30.0 30.0
94.4 30.0 30.0 29.999993085468077 29.999971814135943 30.0 30.0 30.0 30.0 30.0 30.0 30.0
94.5 30.0 30.0 29.999993232585812 29.99997238505121 30.0 30.0 30.0 30.0 30.0 30.0 30.0
94.6 30.0 30.0 29.999993376573336 29.999972944431832 30.0 30.0 30.0 30.0 30.0 30.0 30.0
94.7 30.0 30.0 29.999993517497217 29.99997349251018 30.0 30.0 30.0 30.0 30.0 30.0 30.0
94.8 30.0 30.0 29.999993655422863 29.999974029513787 30.0 30.0 30.0 30.0 30.0 30.0 30.0
94.9 30.0 30.0 29.999993790413935 29.999974555665982 30.0 30.0 30.0 30.0 30.0 30.0 30.0
95.0 30.0 30.0 29.99999392253275 29.999975071185528 30.0 30.0 30.0 30.0 30.0 30.0 30.0
95.1 30.0 30.0 29.99999405184064 29.999975576286342 30.0 30.0 30.0 30.0 30.0 30.0 30.0
95.2 30.0 30.0 29.999994178397216 29.99997607117888 30.0 30.0 30.0 30.0 30.0 30.0 30.0
95.3 30.0 30.0 29.999994302261108 29.999976556068546 30.0 30.0 30.0 30.0 30.0 30.0 30.0
95.4 30.0 30.0 29.99999442348959 29.999977031157076 30.0 30.0 30.0 30.0 30.0 30.0 30.0
95.5 30.0 30.0 29.999994542138786 29.999977496641858 30.0 30.0 30.0 30.0 30.0 30.0 30.0
95.6 30.0 30.0 29.999994658263457 29.999977952716655 30.0 30.0 30.0 30.0 30.0 30.0 30.0
95.7 30.0 30.0 29.999994771917397 29.999978399571056 30.0 30.0 30.0 30.0 30.0 30.0 30.0
95.8 30.0 30.0 29.999994883153242 29.999978837390998 30.0 30.0 30.0 30.0 30.0 30.0 30.0
95.9 30.0 30.0 29.999994992022273 29.9999792663588 30.0 30.0 30.0 30.0 30.0 30.0 30.0
96.0 30.0 30.0 29.999995098575 29.999979686652793 30.0 30.0 30.0 30.0 30.0 30.0 30.0
96.1 30.0 30.0 29.999995202860564 29.99998009844801 30.0 30.0 30.0 30.0 30.0 30.0 30.0
96.2 30.0 30.0 29.99999530492735 29.999980501915694 30.0 30.0 30.0 30.0 30.0 30.0 30.0
96.3 30.0 30.0 29.99999540482257 29.999980897223768 30.0 30.0 30.0 30.0 30.0 30.0 30.0
96.4 30.0 30.0 29.99999550259228 29.999981284536933 30.0 30.0 30.0 30.0 30.0 30.0 30.0
96.5 30.0 30.0 29.999995598281767 29.999981664016445 30.0 30.0 30.0 30.0 30.0 30.0 30.0
96.6 30.0 30.0 29.99999569193534 29.999982035820263 30.0 30.0 30.0 30.0 30.0 30.0 30.0
96.7 30.0 30.0 29.999995783596344 29.999982400103036 30.0 30.0 30.0 30.0 30.0 30.0 30.0
96.8 30.0 30.0 29.99999587330697 29.999982757016948 30.0 30.0 30.0 30.0 30.0 30.0 30.0
96.9 30.0 30.0 29.999995961109004 29.99998310671014 30.0 30.0 30.0 30.0 30.0 30.0 30.0
97.0 30.0 30.0 29.999996047042902 29.999983449328717 30.0 30.0 30.0 30.0 30.0 30.0 30.0
97.1 30.0 30.0 29.99999613114833 29.999983785015413 30.0 30.0 30.0 30.0 30.0 30.0 30.0
97.2 30.0 30.0 29.99999621346437 29.999984113909616 30.0 30.0 30.0 30.0 30.0 30.0 30.0
97.3 30.0 30.0 29.99999629402896 29.99998443614892 30.0 30.0 30.0 30.0 30.0 30.0 30.0
97.4 30.0 30.0 29.99999637287944 29.999984751867487 30.0 30.0 30.0 30.0 30.0 30.0 30.0
97.5 30.0 30.0 29.999996450052194 29.999985061196885 30.0 30.0 30.0 30.0 30.0 30.0 30.0
97.6 30.0 30.0 29.999996525583022 29.999985364265996 30.0 30.0 30.0 30.0 30.0 30.0 30.0
97.7 30.0 30.0 29.99999659950675 29.99998566120131 30.0 30.0 30.0 30.0 30.0 30.0 30.0
97.8 30.0 30.0 29.999996671857634 29.999985952126607 30.0 30.0 30.0 30.0 30.0 30.0 30.0
97.9 30.0 30.0 29.99999674266915 29.999986237163085 30.0 30.0 30.0 30.0 30.0 30.0 30.0
98.0 30.0 30.0 29.999996811974 29.999986516429804 30.0 30.0 30.0 30.0 30.0 30.0 30.0
98.1 30.0 30.0 29.99999687980431 29.99998679004306 30.0 30.0 30.0 30.0 30.0 30.0 30.0
98.2 30.0 30.0 29.999996946191423 29.999987058117167 30.0 30.0 30.0 30.0 30.0 30.0 30.0
98.3 30.0 30.0 29.999997011166112 29.999987320763868 30.0 30.0 30.0 30.0 30.0 30.0 30.0
98.4 30.0 30.0 29.99999707475837 29.999987578092927 30.0 30.0 30.0 30.0 30.0 30.0 30.0
98.5 30.0 30.0 29.999997136997607 29.999987830211545 30.0 30.0 30.0 30.0 30.0 30.0 30.0
98.6 30.0 30.0 29.999997197912467 29.99998807722513 30.0 30.0 30.0 30.0 30.0 30.0 30.0
98.7 30.0 30.0 29.99999725753139 29.999988319236525 30.0 30.0 30.0 30.0 30.0 30.0 30.0
98.8 30.0 30.0 29.999997315881863 29.99998855634708 30.0 30.0 30.0 30.0 30.0 30.0 30.0
98.9 30.0 30.0 29.999997372990777 29.999988788655628 30.0 30.0 30.0 30.0 30.0 30.0 30.0
99.0 30.0 30.0 29.999997428884644 29.99998901625901 30.0 30.0 30.0 30.0 30.0 30.0 30.0
99.1 30.0 30.0 29.9999974835892 29.99998923925261 30.0 30.0 30.0 30.0 30.0 30.0 30.0
99.2 30.0 30.0 29.9999975371298 29.999989457729434 30.0 30.0 30.0 30.0 30.0 30.0 30.0
99.3 30.0 30.0 29.99999758953121 29.999989671780657 30.0 30.0 30.0 30.0 30.0 30.0 30.0
99.4 30.0 30.0 29.99999764081781 29.999989881495626 30.0 30.0 30.0 30.0 30.0 30.0 30.0
99.5 30.0 30.0 29.99999769101321 29.999990086962054 30.0 30.0 30.0 30.0 30.0 30.0 30.0
99.6 30.0 30.0 29.99999774014063 29.99999028826585 30.0 30.0 30.0 30.0 30.0 30.0 30.0
99.7 30.0 30.0 29.99999778822271 29.999990485491097 30.0 30.0 30.0 30.0 30.0 30.0 30.0
99.8 30.0 30.0 29.999997835281707 29.999990678720252 30.0 30.0 30.0 30.0 30.0 30.0 30.0
99.9 30.0 30.0 29.99999788133949 29.999990868034104 30.0 30.0 30.0 30.0 30.0 30.0 30.0
