0.0 30.0 30.0 30.0 30.0 30.0 30.0 30.0 30.0 30.0 30.0 30.0
0.1 30.0 30.0 30.0 30.0 30.0 30.0 30.0 30.0 30.0 30.0 30.0
0.2 30.0 30.0 30.0 30.0 30.0 30.0 30.0 30.0 30.0 30.0 30.0
0.3 30.0 30.0 30.0 30.0 30.0 30.0 30.0 30.0 30.0 30.0 30.0
0.4 30.0 30.0 30.0 30.0 30.0 30.0 30.0 30.0 30.0 30.0 30.0
0.5 30.0 30.0 30.0 30.0 30.0 30.0 30.0 30.0 30.0 30.0 30.0
0.6 30.0 30.0 30.0 30.0 30.0 30.0 30.0 30.0 30.0 30.0 30.0
0.7 30.0 30.0 30.0 30.0 30.0 30.0 30.0 30.0 30.0 30.0 30.0
0.8 30.0 30.0 30.0 30.0 30.0 30.0 30.0 30.0 30.0 30.0 30.0
0.9 30.0 30.0 30.0 30.0 30.0 30.0 30.0 30.0 30.0 30.0 30.0
1.0 30.0 30.0 30.0 30.0 30.0 30.0 30.0 30.0 30.0 30.0 30.0
1.1 30.0 30.0 30.0 30.0 30.0 30.0 30.0 30.0 30.0 30.0 30.0
1.2 30.0 30.0 30.0 30.0 30.0 30.0 30.0 30.0 30.0 30.0 30.0
1.3 30.0 30.0 30.0 30.0 30.0 30.0 30.0 30.0 30.0 30.0 30.0
1.4 30.0 30.0 30.0 30.0 30.0 30.0 30.0 30.0 30.0 30.0 30.0
1.5 30.0 30.0 30.0 30.0 30.0 30.0 30.0 30.0 30.0 30.0 30.0
1.6 30.0 30.0 30.0 30.0 30.0 30.0 30.0 30.0 30.0 30.0 30.0
1.7 30.0 30.0 30.0 30.0 30.0 30.0 30.0 30.0 30.0 30.0 30.0
1.8 30.0 30.0 30.0 30.0 30.0 30.0 30.0 30.0 30.0 30.0 30.0
1.9 30.0 30.0 30.0 30.0 30.0 30.0 30.0 30.0 30.0 30.0 30.0
2.0 30.0 30.0 30.0 30.0 30.0 30.0 30.0 30.0 30.0 30.0 30.0
2.1 30.0 30.0 30.0 30.0 30.0 30.0 30.0 30.0 30.0 30.0 30.0
2.2 30.0 30.0 30.0 30.0 30.0 30.0 30.0 30.0 30.0 30.0 30.0
2.3 30.0 30.0 30.0 30.0 30.0 30.0 30.0 30.0 30.0 30.0 30.0
2.4 30.0 30.0 30.0 30.0 30.0 30.0 30.0 30.0 30.0 30.0 30.0
2.5 30.0 30.0 30.0 30.0 30.0 30.0 30.0 30.0 30.0 30.0 30.0
2.6 30.0 30.0 30.0 30.0 30.0 30.0 30.0 30.0 30.0 30.0 30.0
2.7 30.0 30.0 30.0 30.0 30.0 30.0 30.0 30.0 30.0 30.0 30.0
2.8 30.0 30.0 30.0 30.0 30.0 30.0 30.0 30.0 30.0 30.0 30.0
2.9 30.0 30.0 30.0 30.0 30.0 30.0 30.0 30.0 30.0 30.0 30.0
3.0 30.0 30.0 30.0 30.0 30.0 30.0 30.0 30.0 30.0 30.0 30.0
3.1 30.0 30.0 30.0 30.0 30.0 30.0 30.0 30.0 30.0 30.0 30.0
3.2 30.0 30.0 30.0 30.0 30.0 30.0 30.0 30.0 30.0 30.0 30.0
3.3 30.0 30.0 30.0 30.0 30.0 30.0 30.0 30.0 30.0 30.0 30.0
3.4 30.0 30.0 30.0 30.0 30.0 30.0 30.0 30.0 30.0 30.0 30.0
3.5 30.0 30.0 30.0 30.0 30.0 30.0 30.0 30.0 30.0 30.0 30.0
3.6 30.0 30.0 30.0 30.0 30.0 30.0 30.0 30.0 30.0 30.0 30.0
3.7 30.0 30.0 30.0 30.0 30.0 30.0 30.0 30.0 30.0 30.0 30.0
3.8 30.0 30.0 30.0 30.0 30.0 30.0 30.0 30.0 30.0 30.0 30.0
3.9 30.0 30.0 30.0 30.0 30.0 30.0 30.0 30.0 30.0 30.0 30.0
4.0 30.0 30.0 30.0 30.0 30.0 30.0 30.0 30.0 30.0 30.0 30.0
4.1 30.0 30.0 30.0 30.0 30.0 30.0 30.0 30.0 30.0 30.0 30.0
4.2 30.0 30.0 30.0 30.0 30.0 30.0 30.0 30.0 30.0 30.0 30.0
4.3 30.0 30.0 30.0 30.0 30.0 30.0 30.0 30.0 30.0 30.0 30.0
4.4 30.0 30.0 30.0 30.0 30.0 30.0 30.0 30.0 30.0 30.0 30.0
4.5 30.0 30.0 30.0 30.0 30.0 30.0 30.0 30.0 30.0 30.0 30.0
4.6 30.0 30.0 30.0 30.0 30.0 30.0 30.0 30.0 30.0 30.0 30.0
4.7 30.0 30.0 30.0 30.0 30.0 30.0 30.0 30.0 30.0 30.0 30.0
4.8 30.0 30.0 30.0 30.0 30.0 30.0 30.0 30.0 30.0 30.0 30.0
4.9 30.0 30.0 30.0 30.0 30.0 30.0 30.0 30.0 30.0 30.0 30.0
5.0 30.0 30.0 30.0 30.0 30.0 30.0 30.0 30.0 30.0 30.0 30.0
5.1 30.0 30.0 30.0 30.0 30.0 30.0 30.0 30.0 30.0 30.0 30.0
5.2 30.0 30.0 30.0 30.0 30.0 30.0 30.0 30.0 30.0 30.0 30.0
5.3 30.0 30.0 30.0 30.0 30.0 30.0 30.0 30.0 30.0 30.0 30.0
5.4 30.0 30.0 30.0 30.0 30.0 30.0 30.0 30.0 30.0 30.0 30.0
5.5 30.0 30.0 30.0 30.0 30.0 30.0 30.0 30.0 30.0 30.0 30.0
5.6 30.0 30.0 30.0 30.0 30.0 30.0 30.0 30.0 30.0 30.0 30.0
5.7 30.0 30.0 30.0 30.0 30.0 30.0 30.0 30.0 30.0 30.0 30.0
5.8 30.0 30.0 30.0 30.0 30.0 30.0 30.0 30.0 30.0 30.0 30.0
5.9 30.0 30.0 30.0 30.0 30.0 30.0 30.0 30.0 30.0 30.0 30.0
6.0 30.0 30.0 30.0 30.0 30.0 30.0 30.0 30.0 30.0 30.0 30.0
6.1 30.0 30.0 30.0 30.0 30.0 30.0 30.0 30.0 30.0 30.0 30.0
6.2 30.0 30.0 30.0 30.0 30.0 30.0 30.0 30.0 30.0 30.0 30.0
6.3 30.0 30.0 30.0 30.0 30.0 30.0 30.0 30.0 30.0 30.0 30.0
6.4 30.0 30.0 30.0 30.0 30.0 30.0 30.0 30.0 30.0 30.0 30.0
6.5 30.0 30.0 30.0 30.0 30.0 30.0 30.0 30.0 30.0 30.0 30.0
6.6 30.0 30.0 30.0 30.0 30.0 30.0 30.0 30.0 30.0 30.0 30.0
6.7 30.0 30.0 30.0 30.0 30.0 30.0 30.0 30.0 30.0 30.0 30.0
6.8 30.0 30.0 30.0 30.0 30.0 30.0 30.0 30.0 30.0 30.0 30.0
6.9 30.0 30.0 30.0 30.0 30.0 30.0 30.0 30.0 30.0 30.0 30.0
7.0 30.0 30.0 30.0 30.0 30.0 30.0 30.0 30.0 30.0 30.0 30.0
7.1 30.0 30.0 30.0 30.0 30.0 30.0 30.0 30.0 30.0 30.0 30.0
7.2 30.0 30.0 30.0 30.0 30.0 30.0 30.0 30.0 30.0 30.0 30.0
7.3 30.0 30.0 30.0 30.0 30.0 30.0 30.0 30.0 30.0 30.0 30.0
7.4 30.0 30.0 30.0 30.0 30.0 30.0 30.0 30.0 30.0 30.0 30.0
7.5 30.0 30.0 30.0 30.0 30.0 30.0 30.0 30.0 30.0 30.0 30.0
7.6 30.0 30.0 30.0 30.0 30.0 30.0 30.0 30.0 30.0 30.0 30.0
7.7 30.0 30.0 30.0 30.0 30.0 30.0 30.0 30.0 30.0 30.0 30.0
7.8 30.0 30.0 30.0 30.0 30.0 30.0 30.0 30.0 30.0 30.0 30.0
7.9 30.0 30.0 30.0 30.0 30.0 30.0 30.0 30.0 30.0 30.0 30.0
8.0 30.0 30.0 30.0 30.0 30.0 30.0 30.0 30.0 30.0 30.0 30.0
8.1 30.0 30.0 30.0 30.0 30.0 30.0 30.0 30.0 30.0 30.0 30.0
8.2 30.0 30.0 30.0 30.0 30.0 30.0 30.0 30.0 30.0 30.0 30.0
8.3 30.0 30.0 30.0 30.0 30.0 30.0 30.0 30.0 30.0 30.0 30.0
8.4 30.0 30.0 30.0 30.0 30.0 30.0 30.0 30.0 30.0 30.0 30.0
8.5 30.0 30.0 30.0 30.0 30.0 30.0 30.0 30.0 30.0 30.0 30.0
8.6 30.0 30.0 30.0 30.0 30.0 30.0 30.0 30.0 30.0 30.0 30.0
8.7 30.0 30.0 30.0 30.0 30.0 30.0 30.0 30.0 30.0 30.0 30.0
8.8 30.0 30.0 30.0 30.0 30.0 30.0 30.0 30.0 30.0 30.0 30.0
8.9 30.0 30.0 30.0 30.0 30.0 30.0 30.0 30.0 30.0 30.0 30.0
9.0 30.0 30.0 30.0 30.0 30.0 30.0 30.0 30.0 30.0 30.0 30.0
9.1 30.0 30.0 30.0 30.0 30.0 30.0 30.0 30.0 30.0 30.0 30.0
9.2 30.0 30.0 30.0 30.0 30.0 30.0 30.0 30.0 30.0 30.0 30.0
9.3 30.0 30.0 30.0 30.0 30.0 30.0 30.0 30.0 30.0 30.0 30.0
9.4 30.0 30.0 30.0 30.0 30.0 30.0 30.0 30.0 30.0 30.0 30.0
9.5 30.0 30.0 30.0 30.0 30.0 30.0 30.0 30.0 30.0 30.0 30.0
9.6 30.0 30.0 30.0 30.0 30.0 30.0 30.0 30.0 30.0 30.0 30.0
9.7 30.0 30.0 30.0 30.0 30.0 30.0 30.0 30.0 30.0 30.0 30.0
9.8 30.0 30.0 30.0 30.0 30.0 30.0 30.0 30.0 30.0 30.0 30.0
9.9 30.0 30.0 30.0 30.0 30.0 30.0 30.0 30.0 30.0 30.0 30.0
10.0 30.0 30.0 30.0 30.0 30.0 30.0 30.0 30.0 30.0 30.0 30.0
10.1 30.0 30.0 30.0 30.0 30.0 30.0 30.0 30.0 30.0 30.0 30.0
10.2 30.0 30.0 30.0 30.0 30.0 30.0 30.0 30.0 30.0 30.0 30.0
10.3 30.0 30.0 30.0 30.0 30.0 30.0 30.0 30.0 30.0 30.0 30.0
10.4 30.0 30.0 30.0 30.0 30.0 30.0 30.0 30.0 30.0 30.0 30.0
10.5 30.0 30.0 30.0 30.0 30.0 30.0 30.0 30.0 30.0 30.0 30.0
10.6 30.0 30.0 30.0 30.0 30.0 30.0 30.0 30.0 30.0 30.0 30.0
10.7 30.0 30.0 30.0 30.0 30.0 30.0 30.0 30.0 30.0 30.0 30.0
10.8 30.0 30.0 30.0 30.0 30.0 30.0 30.0 30.0 30.0 30.0 30.0
10.9 30.0 30.0 30.0 30.0 30.0 30.0 30.0 30.0 30.0 30.0 30.0
11.0 30.0 30.0 30.0 30.0 30.0 30.0 30.0 30.0 30.0 30.0 30.0
11.1 30.0 30.0 30.0 30.0 30.0 30.0 30.0 30.0 30.0 30.0 30.0
11.2 30.0 30.0 30.0 30.0 30.0 30.0 30.0 30.0 30.0 30.0 30.0
11.3 30.0 30.0 30.0 30.0 30.0 30.0 30.0 30.0 30.0 30.0 30.0
11.4 30.0 30.0 30.0 30.0 30.0 30.0 30.0 30.0 30.0 30.0 30.0
11.5 30.0 30.0 30.0 30.0 30.0 30.0 30.0 30.0 30.0 30.0 30.0
11.6 30.0 30.0 30.0 30.0 30.0 30.0 30.0 30.0 30.0 30.0 30.0
11.7 30.0 30.0 30.0 30.0 30.0 30.0 30.0 30.0 30.0 30.0 30.0
11.8 30.0 30.0 30.0 30.0 30.0 30.0 30.0 30.0 30.0 30.0 30.0
11.9 30.0 30.0 30.0 30.0 30.0 30.0 30.0 30.0 30.0 30.0 30.0
12.0 30.0 30.0 30.0 30.0 30.0 30.0 30.0 30.0 30.0 30.0 30.0
12.1 30.0 30.0 30.0 30.0 30.0 30.0 30.0 30.0 30.0 30.0 30.0
12.2 30.0 30.0 30.0 30.0 30.0 30.0 30.0 30.0 30.0 30.0 30.0
12.3 30.0 30.0 30.0 30.0 30.0 30.0 30.0 30.0 30.0 30.0 30.0
12.4 30.0 30.0 30.0 30.0 30.0 30.0 30.0 30.0 30.0 30.0 30.0
12.5 30.0 30.0 30.0 30.0 30.0 30.0 30.0 30.0 30.0 30.0 30.0
12.6 30.0 30.0 30.0 30.0 30.0 30.0 30.0 30.0 30.0 30.0 30.0
12.7 30.0 30.0 30.0 30.0 30.0 30.0 30.0 30.0 30.0 30.0 30.0
12.8 30.0 30.0 30.0 30.0 30.0 30.0 30.0 30.0 30.0 30.0 30.0
12.9 30.0 30.0 30.0 30.0 30.0 30.0 30.0 30.0 30.0 30.0 30.0
13.0 30.0 30.0 30.0 30.0 30.0 30.0 30.0 30.0 30.0 30.0 30.0
13.1 30.0 30.0 30.0 30.0 30.0 30.0 30.0 30.0 30.0 30.0 30.0
13.2 30.0 30.0 30.0 30.0 30.0 30.0 30.0 30.0 30.0 30.0 30.0
13.3 30.0 30.0 30.0 30.0 30.0 30.0 30.0 30.0 30.0 30.0 30.0
13.4 30.0 30.0 30.0 30.0 30.0 30.0 30.0 30.0 30.0 30.0 30.0
13.5 30.0 30.0 30.0 30.0 30.0 30.0 30.0 30.0 30.0 30.0 30.0
13.6 30.0 30.0 30.0 30.0 30.0 30.0 30.0 30.0 30.0 30.0 30.0
13.7 30.0 30.0 30.0 30.0 30.0 30.0 30.0 30.0 30.0 30.0 30.0
13.8 30.0 30.0 30.0 30.0 30.0 30.0 30.0 30.0 30.0 30.0 30.0
13.9 30.0 30.0 30.0 30.0 30.0 30.0 30.0 30.0 30.0 30.0 30.0
14.0 30.0 29.2 30.0 30.0 30.0 30.0 30.0 30.0 30.0 30.0 30.0
14.1 30.0 28.4 30.0 30.0 30.0 30.0 30.0 30.0 30.0 30.0 30.0
14.2 30.0 28.127491329786572 30.0 30.0 30.0 30.0 30.0 30.0 30.0 30.0 30.0
14.3 30.0 27.97960746221262 30.0 30.0 30.0 30.0 30.0 30.0 30.0 30.0 30.0
14.4 30.0 27.832187061406604 30.0 30.0 30.0 30.0 30.0 30.0 30.0 30.0 30.0
14.5 30.0 27.688117124255214 30.0 30.0 30.0 30.0 30.0 30.0 30.0 30.0 30.0
14.6 30.0 27.54732150385735 30.0 30.0 30.0 30.0 30.0 30.0 30.0 30.0 30.0
14.7 30.0 27.409725783923026 30.0 30.0 30.0 30.0 30.0 30.0 30.0 30.0 30.0
14.8 30.0 27.275257239441753 30.0 30.0 30.0 30.0 30.0 30.0 30.0 30.0 30.0
14.9 30.0 27.142538863319544 30.0 30.0 30.0 30.0 30.0 30.0 30.0 30.0 30.0
15.0 30.0 27.011156792701616 30.0 30.0 30.0 30.0 30.0 30.0 30.0 30.0 30.0
15.1 30.0 26.882830119074793 30.0 30.0 30.0 30.0 30.0 30.0 30.0 30.0 30.0
15.2 30.0 26.75748778669507 30.0 30.0 30.0 30.0 30.0 30.0 30.0 30.0 30.0
15.3 30.0 26.635060392277683 30.0 30.0 30.0 30.0 30.0 30.0 30.0 30.0 30.0
15.4 30.0 26.515480146567675 30.0 30.0 30.0 30.0 30.0 30.0 30.0 30.0 30.0
15.5 30.0 26.786892693240375 30.0 30.0 30.0 30.0 30.0 30.0 30.0 30.0 30.0
15.6 30.0 27.07524913417651 30.0 30.0 30.0 30.0 30.0 30.0 30.0 30.0 30.0
15.7 30.0 27.37606098383876 30.0 30.0 30.0 30.0 30.0 30.0 30.0 30.0 30.0
15.8 30.0 26.576060983838758 30.0 30.0 30.0 30.0 30.0 30.0 30.0 30.0 30.0
15.9 30.0 25.776060983838757 30.0 30.0 30.0 30.0 30.0 30.0 30.0 30.0 30.0
16.0 30.0 24.976060983838757 30.0 30.0 30.0 30.0 30.0 30.0 30.0 30.0 30.0
16.1 30.0 24.176060983838756 30.0 30.0 30.0 30.0 30.0 30.0 30.0 30.0 30.0
16.2 30.0 23.564568604328223 30.0 30.0 30.0 30.0 30.0 30.0 30.0 30.0 30.0
16.3 30.0 23.489914940948523 30.0 30.0 30.0 30.0 30.0 30.0 30.0 30.0 30.0
16.4 30.0 23.41717547406581 30.0 30.0 30.0 30.0 30.0 30.0 30.0 30.0 30.0
16.5 30.0 23.346301121718536 30.0 30.0 30.0 30.0 30.0 30.0 30.0 30.0 30.0
16.6 30.0 23.277244060457043 30.0 30.0 30.0 30.0 30.0 30.0 30.0 30.0 30.0
16.7 30.0 23.20995769307412 30.0 30.0 30.0 30.0 30.0 30.0 30.0 30.0 30.0
16.8 30.0 23.142933370245697 30.0 30.0 30.0 30.0 30.0 30.0 30.0 30.0 30.0
16.9 30.0 23.077410800831892 30.0 30.0 30.0 30.0 30.0 30.0 30.0 30.0 30.0
17.0 30.0 23.013612509560502 30.0 30.0 30.0 30.0 30.0 30.0 30.0 30.0 30.0
17.1 30.0 22.95149312069099 30.0 30.0 30.0 30.0 30.0 30.0 30.0 30.0 30.0
17.2 30.0 22.891008452581264 30.0 30.0 30.0 30.0 30.0 30.0 30.0 30.0 30.0
17.3 30.0 23.253165748988494 30.0 30.0 30.0 30.0 30.0 30.0 30.0 30.0 30.0
17.4 30.0 23.623755126323328 30.0 30.0 30.0 30.0 30.0 30.0 30.0 30.0 30.0
17.5 30.0 24.01022115663332 30.0 30.0 30.0 30.0 30.0 30.0 30.0 30.0 30.0
17.6 30.0 23.21022115663332 30.0 30.0 30.0 30.0 30.0 30.0 30.0 30.0 30.0
17.7 30.0 22.41022115663332 30.0 30.0 30.0 30.0 30.0 30.0 30.0 30.0 30.0
17.8 30.0 21.61022115663332 30.0 30.0 30.0 30.0 30.0 30.0 30.0 30.0 30.0
17.9 30.0 20.810221156633318 30.0 30.0 30.0 30.0 30.0 30.0 30.0 30.0 30.0
18.0 30.0 20.18027250517933 30.0 30.0 30.0 30.0 30.0 30.0 30.0 30.0 30.0
18.1 30.0 20.16978019469699 30.0 30.0 30.0 30.0 30.0 30.0 30.0 30.0 30.0
18.2 30.0 20.159587664514206 30.0 30.0 30.0 30.0 30.0 30.0 30.0 30.0 30.0
18.3 30.0 20.14968634947944 30.0 30.0 30.0 30.0 30.0 30.0 30.0 30.0 30.0
18.4 30.0 20.140067929160054 30.0 30.0 30.0 30.0 30.0 30.0 30.0 30.0 30.0
18.5 30.0 20.130724320849744 30.0 30.0 30.0 30.0 30.0 30.0 30.0 30.0 30.0
18.6 30.0 20.121647672776934 30.0 30.0 30.0 30.0 30.0 30.0 30.0 30.0 30.0
18.7 30.0 20.112830357506144 30.0 30.0 30.0 30.0 30.0 30.0 30.0 30.0 30.0
18.8 30.0 20.104264965528778 30.0 30.0 30.0 30.0 30.0 30.0 30.0 30.0 30.0
18.9 30.0 20.095944299036468 30.0 30.0 30.0 30.0 30.0 30.0 30.0 30.0 30.0
19.0 30.0 20.08786136587253 30.0 30.0 30.0 30.0 30.0 30.0 30.0 30.0 30.0
19.1 30.0 20.52038199189318 30.0 30.0 30.0 30.0 30.0 30.0 30.0 30.0 30.0
19.2 30.0 20.964418638915703 30.0 30.0 30.0 30.0 30.0 30.0 30.0 30.0 30.0
19.3 30.0 21.416131545517946 30.0 30.0 30.0 30.0 30.0 30.0 30.0 30.0 30.0
19.4 30.0 20.616131545517945 30.0 30.0 30.0 30.0 30.0 30.0 30.0 30.0 30.0
19.5 30.0 19.816131545517944 30.0 30.0 30.0 30.0 30.0 30.0 30.0 30.0 30.0
19.6 30.0 19.016131545517943 30.0 30.0 30.0 30.0 30.0 30.0 30.0 30.0 30.0
19.7 30.0 18.216131545517943 30.0 30.0 30.0 30.0 30.0 30.0 30.0 30.0 30.0
19.8 30.0 17.562963713229767 30.0 30.0 30.0 30.0 30.0 30.0 30.0 30.0 30.0
19.9 30.0 17.608184966905164 30.0 30.0 30.0 30.0 30.0 30.0 30.0 30.0 30.0
20.0 30.0 17.650835672441595 30.0 30.0 30.0 30.0 30.0 30.0 30.0 30.0 30.0
20.1 30.0 17.692153543430017 30.0 30.0 30.0 30.0 30.0 30.0 30.0 30.0 30.0
20.2 30.0 17.7321802309501 30.0 30.0 30.0 30.0 30.0 30.0 30.0 30.0 30.0
20.3 30.0 16.9321802309501 29.2 29.2 29.2 29.2 29.2 29.2 29.2 29.2 29.2
20.4 30.0 16.132180230950098 28.4 28.4 28.4 28.4 28.4 28.4 28.4 28.4 28.4
20.5 30.0 15.332180230950097 27.599999999999998 27.599999999999998 27.599999999999998 27.599999999999998 27.599999999999998 27.599999999999998 27.599999999999998 27.599999999999998 27.599999999999998
20.6 30.0 14.532180230950097 26.799999999999997 26.799999999999997 26.799999999999997 26.799999999999997 26.799999999999997 26.799999999999997 26.799999999999997 26.799999999999997 26.799999999999997
20.7 30.0 13.732180230950096 25.999999999999996 25.999999999999996 25.999999999999996 25.999999999999996 25.999999999999996 25.999999999999996 25.999999999999996 25.999999999999996 25.999999999999996
20.8 30.0 12.932180230950095 25.199999999999996 25.199999999999996 25.199999999999996 25.199999999999996 25.199999999999996 25.199999999999996 25.199999999999996 25.199999999999996 25.199999999999996
20.9 30.0 12.132180230950095 24.399999999999995 24.399999999999995 24.399999999999995 24.399999999999995 24.399999999999995 24.399999999999995 24.399999999999995 24.399999999999995 24.399999999999995
21.0 30.0 11.332180230950094 23.599999999999994 23.599999999999994 23.599999999999994 23.599999999999994 23.599999999999994 23.599999999999994 23.599999999999994 23.599999999999994 23.599999999999994
21.1 30.0 10.532180230950093 22.799999999999994 22.799999999999994 22.799999999999994 22.799999999999994 22.799999999999994 22.799999999999994 22.799999999999994 22.799999999999994 22.799999999999994
21.2 30.0 9.732180230950092 21.999999999999993 21.999999999999993 21.999999999999993 21.999999999999993 21.999999999999993 21.999999999999993 21.999999999999993 21.999999999999993 21.999999999999993
21.3 30.0 9.732180230950092 21.999999999999993 21.999999999999993 21.999999999999993 21.999999999999993 21.999999999999993 21.999999999999993 21.999999999999993 21.999999999999993 21.999999999999993
21.4 30.0 9.732180230950092 21.999999999999993 21.999999999999993 21.999999999999993 21.999999999999993 21.999999999999993 21.999999999999993 21.999999999999993 21.999999999999993 21.999999999999993
21.5 30.0 9.732180230950092 21.999999999999993 21.999999999999993 21.999999999999993 21.999999999999993 21.999999999999993 21.999999999999993 21.999999999999993 21.999999999999993 21.999999999999993
21.6 30.0 9.732180230950092 21.999999999999993 21.999999999999993 21.999999999999993 21.999999999999993 21.999999999999993 21.999999999999993 21.999999999999993 21.999999999999993 21.999999999999993
21.7 30.0 9.732180230950092 21.999999999999993 21.999999999999993 21.999999999999993 21.999999999999993 21.999999999999993 21.999999999999993 21.999999999999993 21.999999999999993 21.999999999999993
21.8 30.0 9.732180230950092 21.999999999999993 21.999999999999993 21.999999999999993 21.999999999999993 21.999999999999993 21.999999999999993 21.999999999999993 21.999999999999993 21.999999999999993
21.9 30.0 9.732180230950092 21.999999999999993 21.999999999999993 21.999999999999993 21.999999999999993 21.999999999999993 21.999999999999993 21.999999999999993 21.999999999999993 21.999999999999993
22.0 30.0 9.732180230950092 21.999999999999993 21.999999999999993 21.999999999999993 21.999999999999993 21.999999999999993 21.999999999999993 21.999999999999993 21.999999999999993 21.999999999999993
22.1 30.0 9.732180230950092 21.999999999999993 21.999999999999993 21.999999999999993 21.999999999999993 21.999999999999993 21.999999999999993 21.999999999999993 21.999999999999993 21.999999999999993
22.2 30.0 9.732180230950092 21.999999999999993 21.999999999999993 21.999999999999993 21.999999999999993 21.999999999999993 21.999999999999993 21.999999999999993 21.999999999999993 21.999999999999993
22.3 30.0 9.732180230950092 21.999999999999993 21.999999999999993 21.999999999999993 21.999999999999993 21.999999999999993 21.999999999999993 21.999999999999993 21.999999999999993 21.999999999999993
22.4 30.0 9.732180230950092 21.996560726768188 21.999999999999993 21.999999999999993 21.999999999999993 21.999999999999993 21.999999999999993 21.999999999999993 21.999999999999993 21.999999999999993
22.5 30.0 9.732180230950092 21.665090983637874 21.999999999999993 21.999999999999993 21.999999999999993 21.999999999999993 21.999999999999993 21.999999999999993 21.999999999999993 21.999999999999993
22.6 30.0 9.732180230950092 21.335429323386453 21.999999999999993 21.999999999999993 21.999999999999993 21.999999999999993 21.999999999999993 21.999999999999993 21.999999999999993 21.999999999999993
22.7 30.0 9.732180230950092 21.013116848596557 21.999999999999993 21.999999999999993 21.999999999999993 21.999999999999993 21.999999999999993 21.999999999999993 21.999999999999993 21.999999999999993
22.8 30.0 9.732180230950092 20.696893426623607 21.999999999999993 21.999999999999993 21.999999999999993 21.999999999999993 21.999999999999993 21.999999999999993 21.999999999999993 21.999999999999993
22.9 30.0 9.732180230950092 20.383615906747142 21.999999999999993 21.999999999999993 21.999999999999993 21.999999999999993 21.999999999999993 21.999999999999993 21.999999999999993 21.999999999999993
23.0 30.0 9.732180230950092 20.079289173152862 21.999999999999993 21.999999999999993 21.999999999999993 21.999999999999993 21.999999999999993 21.999999999999993 21.999999999999993 21.999999999999993
23.1 30.0 9.732180230950092 19.77729447406308 21.999999999999993 21.999999999999993 21.999999999999993 21.999999999999993 21.999999999999993 21.999999999999993 21.999999999999993 21.999999999999993
23.2 30.0 9.732180230950092 19.48184993750096 21.999999999999993 21.999999999999993 21.999999999999993 21.999999999999993 21.999999999999993 21.999999999999993 21.999999999999993 21.999999999999993
23.3 30.0 9.732180230950092 19.19494630813576 21.999999999999993 21.999999999999993 21.999999999999993 21.999999999999993 21.999999999999993 21.999999999999993 21.999999999999993 21.999999999999993
23.4 30.0 9.732180230950092 18.90819582094831 21.999999999999993 21.999999999999993 21.999999999999993 21.999999999999993 21.999999999999993 21.999999999999993 21.999999999999993 21.999999999999993
23.5 30.0 9.732180230950092 18.630134742463433 21.999999999999993 21.999999999999993 21.999999999999993 21.999999999999993 21.999999999999993 21.999999999999993 21.999999999999993 21.999999999999993
23.6 30.0 9.732180230950092 18.359265374680646 21.999999999999993 21.999999999999993 21.999999999999993 21.999999999999993 21.999999999999993 21.999999999999993 21.999999999999993 21.999999999999993
23.7 30.0 9.732180230950092 18.089668963939076 21.999999999999993 21.999999999999993 21.999999999999993 21.999999999999993 21.999999999999993 21.999999999999993 21.999999999999993 21.999999999999993
23.8 30.0 9.732180230950092 17.82849744103312 21.999999999999993 21.999999999999993 21.999999999999993 21.999999999999993 21.999999999999993 21.999999999999993 21.999999999999993 21.999999999999993
23.9 30.0 9.732180230950092 17.57469680332181 21.999999999999993 21.999999999999993 21.999999999999993 21.999999999999993 21.999999999999993 21.999999999999993 21.999999999999993 21.999999999999993
24.0 30.0 9.732180230950092 17.32171239776139 21.999999999999993 21.999999999999993 21.999999999999993 21.999999999999993 21.999999999999993 21.999999999999993 21.999999999999993 21.999999999999993
24.1 30.0 9.732180230950092 17.076888779477127 21.999999999999993 21.999999999999993 21.999999999999993 21.999999999999993 21.999999999999993 21.999999999999993 21.999999999999993 21.999999999999993
24.2 30.0 9.732180230950092 16.83996269726647 21.999999999999993 21.999999999999993 21.999999999999993 21.999999999999993 21.999999999999993 21.999999999999993 21.999999999999993 21.999999999999993
24.3 30.0 9.732180230950092 16.60436870496472 21.999999999999993 21.999999999999993 21.999999999999993 21.999999999999993 21.999999999999993 21.999999999999993 21.999999999999993 21.999999999999993
24.4 30.0 9.732180230950092 16.375295755830816 21.999999999999993 21.999999999999993 21.999999999999993 21.999999999999993 21.999999999999993 21.999999999999993 21.999999999999993 21.999999999999993
24.5 30.0 9.732180230950092 16.15385857166814 21.999999999999993 21.999999999999993 21.999999999999993 21.999999999999993 21.999999999999993 21.999999999999993 21.999999999999993 21.999999999999993
24.6 30.0 9.732180230950092 15.937726855493908 21.999999999999993 21.999999999999993 21.999999999999993 21.999999999999993 21.999999999999993 21.999999999999993 21.999999999999993 21.999999999999993
24.7 30.0 9.732180230950092 15.723742489130236 21.999999999999993 21.999999999999993 21.999999999999993 21.999999999999993 21.999999999999993 21.999999999999993 21.999999999999993 21.999999999999993
24.8 30.0 9.732180230950092 15.51713689402051 21.999999999999993 21.999999999999993 21.999999999999993 21.999999999999993 21.999999999999993 21.999999999999993 21.999999999999993 21.999999999999993
24.9 30.0 9.732180230950092 15.317655629776581 21.999999999999993 21.999999999999993 21.999999999999993 21.999999999999993 21.999999999999993 21.999999999999993 21.999999999999993 21.999999999999993
25.0 30.0 9.732180230950092 15.1223763523104 21.999999999999993 21.999999999999993 21.999999999999993 21.999999999999993 21.999999999999993 21.999999999999993 21.999999999999993 21.999999999999993
25.1 30.0 9.732180230950092 14.929869347976064 21.999999999999993 21.999999999999993 21.999999999999993 21.999999999999993 21.999999999999993 21.999999999999993 21.999999999999993 21.999999999999993
25.2 30.0 9.732180230950092 14.744237593796559 21.999999999999993 21.999999999999993 21.999999999999993 21.999999999999993 21.999999999999993 21.999999999999993 21.999999999999993 21.999999999999993
25.3 30.0 9.732180230950092 14.565235545123471 21.999999999999993 21.999999999999993 21.999999999999993 21.999999999999993 21.999999999999993 21.999999999999993 21.999999999999993 21.999999999999993
25.4 30.0 9.732180230950092 14.392353331454895 21.999999999999993 21.999999999999993 21.999999999999993 21.999999999999993 21.999999999999993 21.999999999999993 21.999999999999993 21.999999999999993
25.5 30.0 9.732180230950092 14.21975432773246 21.999999999999993 21.999999999999993 21.999999999999993 21.999999999999993 21.999999999999993 21.999999999999993 21.999999999999993 21.999999999999993
25.6 30.0 9.732180230950092 14.053547879703437 21.999999999999993 21.999999999999993 21.999999999999993 21.999999999999993 21.999999999999993 21.999999999999993 21.999999999999993 21.999999999999993
25.7 30.0 9.732180230950092 13.893497226045882 21.999999999999993 21.999999999999993 21.999999999999993 21.999999999999993 21.999999999999993 21.999999999999993 21.999999999999993 21.999999999999993
25.8 30.0 9.732180230950092 13.73937437437566 21.999999999999993 21.999999999999993 21.999999999999993 21.999999999999993 21.999999999999993 21.999999999999993 21.999999999999993 21.999999999999993
25.9 30.0 9.732180230950092 13.590612075565952 21.999999999999993 21.999999999999993 21.999999999999993 21.999999999999993 21.999999999999993 21.999999999999993 21.999999999999993 21.999999999999993
26.0 30.0 9.732180230950092 13.442210850772906 21.999999999999993 21.999999999999993 21.999999999999993 21.999999999999993 21.999999999999993 21.999999999999993 21.999999999999993 21.999999999999993
26.1 30.0 9.732180230950092 13.299517365395113 21.999999999999993 21.999999999999993 21.999999999999993 21.999999999999993 21.999999999999993 21.999999999999993 21.999999999999993 21.999999999999993
26.2 30.0 9.732180230950092 13.16231209099336 21.999999999999993 21.999999999999993 21.999999999999993 21.999999999999993 21.999999999999993 21.999999999999993 21.999999999999993 21.999999999999993
26.3 30.0 9.732180230950092 13.03038394253007 21.999999999999993 21.999999999999993 21.999999999999993 21.999999999999993 21.999999999999993 21.999999999999993 21.999999999999993 21.999999999999993
26.4 30.0 9.732180230950092 12.903529953623188 21.999999999999993 21.999999999999993 21.999999999999993 21.999999999999993 21.999999999999993 21.999999999999993 21.999999999999993 21.999999999999993
26.5 30.0 9.732180230950092 12.78081716286113 21.999999999999993 21.999999999999993 21.999999999999993 21.999999999999993 21.999999999999993 21.999999999999993 21.999999999999993 21.999999999999993
26.6 30.0 9.732180230950092 12.658871685584634 21.999999999999993 21.999999999999993 21.999999999999993 21.999999999999993 21.999999999999993 21.999999999999993 21.999999999999993 21.999999999999993
26.7 30.0 9.732180230950092 12.541804027399191 21.999999999999993 21.999999999999993 21.999999999999993 21.999999999999993 21.999999999999993 21.999999999999993 21.999999999999993 21.999999999999993
26.8 30.0 9.732180230950092 12.429419075541116 21.999999999999993 21.999999999999993 21.999999999999993 21.999999999999993 21.999999999999993 21.999999999999993 21.999999999999993 21.999999999999993
26.9 30.0 9.732180230950092 12.321529521757364 21.999999999999993 21.999999999999993 21.999999999999993 21.999999999999993 21.999999999999993 21.999999999999993 21.999999999999993 21.999999999999993
27.0 30.0 9.732180230950092 12.217955550125115 21.999999999999993 21.999999999999993 21.999999999999993 21.999999999999993 21.999999999999993 21.999999999999993 21.999999999999993 21.999999999999993
27.1 30.0 9.732180230950092 12.118524537357988 21.999999999999993 21.999999999999993 21.999999999999993 21.999999999999993 21.999999999999993 21.999999999999993 21.999999999999993 21.999999999999993
27.2 30.0 9.732180230950092 12.023070765101583 21.999999999999993 21.999999999999993 21.999999999999993 21.999999999999993 21.999999999999993 21.999999999999993 21.999999999999993 21.999999999999993
27.3 30.0 9.732180230950092 11.928578274724371 21.999999999999993 21.999999999999993 21.999999999999993 21.999999999999993 21.999999999999993 21.999999999999993 21.999999999999993 21.999999999999993
27.4 30.0 9.732180230950092 11.837061689567083 21.999999999999993 21.999999999999993 21.999999999999993 21.999999999999993 21.999999999999993 21.999999999999993 21.999999999999993 21.999999999999993
27.5 30.0 9.732180230950092 11.749358295458022 21.999999999999993 21.999999999999993 21.999999999999993 21.999999999999993 21.999999999999993 21.999999999999993 21.999999999999993 21.999999999999993
27.6 30.0 9.732180230950092 11.665309209436902 21.999999999999993 21.999999999999993 21.999999999999993 21.999999999999993 21.999999999999993 21.999999999999993 21.999999999999993 21.999999999999993
27.7 30.0 9.732180230950092 11.584762168666504 21.999999999999993 21.999999999999993 21.999999999999993 21.999999999999993 21.999999999999993 21.999999999999993 21.999999999999993 21.999999999999993
27.8 30.0 9.732180230950092 11.507571254594872 21.999999999999993 21.999999999999993 21.999999999999993 21.999999999999993 21.999999999999993 21.999999999999993 21.999999999999993 21.999999999999993
27.9 30.0 9.732180230950092 11.433596628609543 21.999999999999993 21.999999999999993 21.999999999999993 21.999999999999993 21.999999999999993 21.999999999999993 21.999999999999993 21.999999999999993
28.0 30.0 9.732180230950092 11.362704278707078 21.999999999999993 21.999999999999993 21.999999999999993 21.999999999999993 21.999999999999993 21.999999999999993 21.999999999999993 21.999999999999993
28.1 30.0 9.732180230950092 11.294765776717098 21.999999999999993 21.999999999999993 21.999999999999993 21.999999999999993 21.999999999999993 21.999999999999993 21.999999999999993 21.999999999999993
28.2 30.0 9.732180230950092 11.229658045643493 21.999999999999993 21.999999999999993 21.999999999999993 21.999999999999993 21.999999999999993 21.999999999999993 21.999999999999993 21.999999999999993
28.3 30.0 9.732180230950092 11.165839794815117 21.999999999999993 21.999999999999993 21.999999999999993 21.999999999999993 21.999999999999993 21.999999999999993 21.999999999999993 21.999999999999993
28.4 30.0 9.732180230950092 11.103506770299122 21.999999999999993 21.999999999999993 21.999999999999993 21.999999999999993 21.999999999999993 21.999999999999993 21.999999999999993 21.999999999999993
28.5 30.0 9.732180230950092 11.04388387728383 21.999999999999993 21.999999999999993 21.999999999999993 21.999999999999993 21.999999999999993 21.999999999999993 21.999999999999993 21.999999999999993
28.6 30.0 9.732180230950092 10.986853283964978 21.999999999999993 21.999999999999993 21.999999999999993 21.999999999999993 21.999999999999993 21.999999999999993 21.999999999999993 21.999999999999993
28.7 30.0 9.732180230950092 10.932302281659867 21.999999999999993 21.999999999999993 21.999999999999993 21.999999999999993 21.999999999999993 21.999999999999993 21.999999999999993 21.999999999999993
28.8 30.0 9.732180230950092 10.88012306206382 21.999999999999993 21.999999999999993 21.999999999999993 21.999999999999993 21.999999999999993 21.999999999999993 21.999999999999993 21.999999999999993
28.9 30.0 9.732180230950092 10.830212504189177 21.999999999999993 21.999999999999993 21.999999999999993 21.999999999999993 21.999999999999993 21.999999999999993 21.999999999999993 21.999999999999993
29.0 30.0 9.732180230950092 10.782471970570075 21.999999999999993 21.999999999999993 21.999999999999993 21.999999999999993 21.999999999999993 21.999999999999993 21.999999999999993 21.999999999999993
29.1 30.0 9.732180230950092 10.736807112325698 21.999999999999993 21.999999999999993 21.999999999999993 21.999999999999993 21.999999999999993 21.999999999999993 21.999999999999993 21.999999999999993
29.2 30.0 9.732180230950092 10.693127682700625 21.999999999999993 21.999999999999993 21.999999999999993 21.999999999999993 21.999999999999993 21.999999999999993 21.999999999999993 21.999999999999993
29.3 30.0 9.732180230950092 10.65134735871133 21.999999999999993 21.999999999999993 21.999999999999993 21.999999999999993 21.999999999999993 21.999999999999993 21.999999999999993 21.999999999999993
29.4 30.0 9.732180230950092 10.611383570547718 21.999999999999993 21.999999999999993 21.999999999999993 21.999999999999993 21.999999999999993 21.999999999999993 21.999999999999993 21.999999999999993
29.5 30.0 9.732180230950092 10.573157338391184 21.999999999999993 21.999999999999993 21.999999999999993 21.999999999999993 21.999999999999993 21.999999999999993 21.999999999999993 21.999999999999993
29.6 30.0 9.732180230950092 10.536593116328524 21.999999999999993 21.999999999999993 21.999999999999993 21.999999999999993 21.999999999999993 21.999999999999993 21.999999999999993 21.999999999999993
29.7 30.0 9.732180230950092 10.501618643051058 21.999999999999993 21.999999999999993 21.999999999999993 21.999999999999993 21.999999999999993 21.999999999999993 21.999999999999993 21.999999999999993
29.8 30.0 9.732180230950092 10.468164799046571 21.999999999999993 21.999999999999993 21.999999999999993 21.999999999999993 21.999999999999993 21.999999999999993 21.999999999999993 21.999999999999993
29.9 30.0 9.732180230950092 10.43616546999893 21.999999999999993 21.999999999999993 21.999999999999993 21.999999999999993 21.999999999999993 21.999999999999993 21.999999999999993 21.999999999999993
30.0 30.0 9.732180230950092 10.405557416127117 21.999999999999993 21.999999999999993 21.999999999999993 21.999999999999993 21.999999999999993 21.999999999999993 21.999999999999993 21.999999999999993
30.1 30.0 9.732180230950092 10.375201972079235 21.999999999999993 21.999999999999993 21.999999999999993 21.999999999999993 21.999999999999993 21.999999999999993 21.999999999999993 21.999999999999993
30.2 30.0 9.732180230950092 10.34597371111879 21.999999999999993 21.999999999999993 21.999999999999993 21.999999999999993 21.999999999999993 21.999999999999993 21.999999999999993 21.999999999999993
30.3 30.0 9.732180230950092 10.3180740074747 21.999999999999993 21.999999999999993 21.999999999999993 21.999999999999993 21.999999999999993 21.999999999999993 21.999999999999993 21.999999999999993
30.4 30.0 10.332180230950092 10.291442472178144 22.599999999999994 22.599999999999994 22.599999999999994 22.599999999999994 22.599999999999994 22.599999999999994 22.599999999999994 22.599999999999994
30.5 30.0 10.932180230950092 10.610977049855965 23.199999999999996 23.199999999999996 23.199999999999996 23.199999999999996 23.199999999999996 23.199999999999996 23.199999999999996 23.199999999999996
30.6 30.0 11.532180230950091 10.961124154727587 23.799999999999997 23.799999999999997 23.799999999999997 23.799999999999997 23.799999999999997 23.799999999999997 23.799999999999997 23.799999999999997
30.7 30.0 12.132180230950091 11.333712161079509 24.4 24.4 24.4 24.4 24.4 24.4 24.4 24.4
30.8 30.0 12.73218023095009 11.722489173613683 24.91938187979296 25.0 25.0 25.0 25.0 25.0 25.0 25.0
30.9 30.0 13.33218023095009 12.133977248962669 24.728516063520182 25.6 25.6 25.6 25.6 25.6 25.6 25.6
31.0 30.0 13.93218023095009 12.56319257748013 24.5610228507525 26.200000000000003 26.200000000000003 26.200000000000003 26.200000000000003 26.200000000000003 26.200000000000003 26.200000000000003
31.1 30.0 14.53218023095009 13.00696085851621 24.42203284211476 26.800000000000004 26.800000000000004 26.800000000000004 26.800000000000004 26.800000000000004 26.800000000000004 26.800000000000004
31.2 30.0 15.13218023095009 13.463014689415584 24.308243169376155 27.400000000000006 27.400000000000006 27.400000000000006 27.400000000000006 27.400000000000006 27.400000000000006 27.400000000000006
31.3 30.0 15.732180230950089 13.929909165419982 24.21953398973687 28.000000000000007 28.000000000000007 28.000000000000007 28.000000000000007 28.000000000000007 28.000000000000007 28.000000000000007
31.4 30.0 16.33218023095009 14.415785670100554 24.157298888666297 28.60000000000001 28.60000000000001 28.60000000000001 28.60000000000001 28.60000000000001 28.60000000000001 28.60000000000001
31.5 30.0 16.93218023095009 14.903234769807824 24.120653214443834 29.20000000000001 29.20000000000001 29.20000000000001 29.20000000000001 29.20000000000001 29.20000000000001 29.20000000000001
31.6 30.0 17.532180230950093 15.401782732645245 24.109569848196188 29.80000000000001 29.80000000000001 29.80000000000001 29.80000000000001 29.80000000000001 29.80000000000001 29.80000000000001
31.7 30.0 18.132180230950095 15.90972747396607 24.121266321900414 30.0 30.0 30.0 30.0 30.0 30.0 30.0
31.8 30.0 18.732180230950096 16.424557657764954 24.157251602829522 30.0 30.0 30.0 30.0 30.0 30.0 30.0
31.9 30.0 19.332180230950097 16.947630081841403 24.219092532951535 30.0 30.0 30.0 30.0 30.0 30.0 30.0
32.0 30.0 19.9321802309501 17.473976223133622 24.30253293575798 30.0 30.0 30.0 30.0 30.0 30.0 30.0
32.1 30.0 20.5321802309501 18.004733341404968 24.408150742120746 30.0 30.0 30.0 30.0 30.0 30.0 30.0
32.2 30.0 21.1321802309501 18.545790728650097 24.536831127730437 30.0 30.0 30.0 30.0 30.0 30.0 30.0
32.3 30.0 21.732180230950103 19.088777690263832 24.68828144895449 30.0 30.0 30.0 30.0 30.0 30.0 30.0
32.4 30.0 22.332180230950105 19.63250725148075 24.859035471136725 30.0 30.0 30.0 30.0 30.0 30.0 30.0
32.5 30.0 22.932180230950106 20.18299770085187 25.047127152595625 30.0 30.0 30.0 30.0 30.0 30.0 30.0
32.6 30.0 23.532180230950107 20.739608065453208 25.255191519278917 30.0 30.0 30.0 30.0 30.0 30.0 30.0
32.7 30.0 24.13218023095011 21.29475096353631 25.484451901259686 30.0 30.0 30.0 30.0 30.0 30.0 30.0
32.8 30.0 24.73218023095011 21.853530923937097 25.729670248322236 30.0 30.0 30.0 30.0 30.0 30.0 30.0
32.9 30.0 25.33218023095011 22.417349828754883 25.989329071416844 30.0 30.0 30.0 30.0 30.0 30.0 30.0
33.0 30.0 25.932180230950113 22.981744845416515 26.267150047992427 30.0 30.0 30.0 30.0 30.0 30.0 30.0
33.1 30.0 26.532180230950114 23.54843383954654 26.561347843712316 30.0 30.0 30.0 30.0 30.0 30.0 30.0
33.2 30.0 27.132180230950116 24.117621159116766 26.868389975596525 30.0 30.0 30.0 30.0 30.0 30.0 30.0
33.3 30.0 27.732180230950117 24.687985135912637 27.19102450141448 30.0 30.0 30.0 30.0 30.0 30.0 30.0
33.4 30.0 28.33218023095012 25.26087270152428 27.523225761345387 30.0 30.0 30.0 30.0 30.0 30.0 30.0
33.5 30.0 28.93218023095012 25.835696869592184 27.87288818430109 30.0 30.0 30.0 30.0 30.0 30.0 30.0
33.6 30.0 29.53218023095012 26.412277491050627 28.231669663871948 30.0 30.0 30.0 30.0 30.0 30.0 30.0
33.7 30.0 30.0 26.987158950118065 28.60152444620298 30.0 30.0 30.0 30.0 30.0 30.0 30.0
33.8 30.0 30.0 27.452322445244402 28.98315918983207 30.0 30.0 30.0 30.0 30.0 30.0 30.0
33.9 30.0 30.0 27.51022420785253 29.289069647219506 30.0 30.0 30.0 30.0 30.0 30.0 30.0
34.0 30.0 30.0 27.5668100213104 29.29319604916102 30.0 30.0 30.0 30.0 30.0 30.0 30.0
34.1 30.0 30.0 27.6221097935533 29.297490215024467 30.0 30.0 30.0 30.0 30.0 30.0 30.0
34.2 30.0 30.0 27.676152752790767 29.30194264621542 30.0 30.0 30.0 30.0 30.0 30.0 30.0
34.3 30.0 30.0 27.72896746295458 29.306544183620858 30.0 30.0 30.0 30.0 30.0 30.0 30.0
34.4 30.0 30.0 27.78058183879654 29.31128599720574 30.0 30.0 30.0 30.0 30.0 30.0 30.0
34.5 30.0 30.0 27.83102316064206 29.316159575906138 30.0 30.0 30.0 30.0 30.0 30.0 30.0
34.6 30.0 30.0 27.88031808880927 29.321156717807984 30.0 30.0 30.0 30.0 30.0 30.0 30.0
34.7 30.0 30.0 27.928492677699953 29.326269520605567 30.0 30.0 30.0 30.0 30.0 30.0 30.0
34.8 30.0 30.0 27.975572389570367 29.331490372331185 30.0 30.0 30.0 30.0 30.0 30.0 30.0
34.9 30.0 30.0 28.0211025055895 29.33681194234922 30.0 30.0 30.0 30.0 30.0 30.0 30.0
35.0 30.0 30.0 28.065078005465267 29.342321007859706 30.0 30.0 30.0 30.0 30.0 30.0 30.0
35.1 30.0 30.0 28.108076272010475 29.348014475104396 30.0 30.0 30.0 30.0 30.0 30.0 30.0
35.2 30.0 30.0 28.150119021521355 29.35377536914763 30.0 30.0 30.0 30.0 30.0 30.0 30.0
35.3 30.0 30.0 28.191227487709792 29.359597975348745 30.0 30.0 30.0 30.0 30.0 30.0 30.0
35.4 30.0 30.0 28.231422432427358 29.36547679771735 30.0 30.0 30.0 30.0 30.0 30.0 30.0
35.5 30.0 30.0 28.270724156151196 29.371406552061394 30.0 30.0 30.0 30.0 30.0 30.0 30.0
35.6 30.0 30.0 28.30915250823675 29.377382159331418 30.0 30.0 30.0 30.0 30.0 30.0 30.0
35.7 30.0 30.0 28.346726896942606 29.383398739155297 30.0 30.0 30.0 30.0 30.0 30.0 30.0
35.8 30.0 30.0 28.38346629923275 29.389451603557323 30.0 30.0 30.0 30.0 30.0 30.0 30.0
35.9 30.0 30.0 28.419389270360906 29.395536250858015 30.0 30.0 30.0 30.0 30.0 30.0 30.0
36.0 30.0 30.0 28.45451395324176 29.401648359749068 30.0 30.0 30.0 30.0 30.0 30.0 30.0
36.1 30.0 30.0 28.48885808761414 29.407783783538722 30.0 30.0 30.0 30.0 30.0 30.0 30.0
36.2 30.0 30.0 28.522439019000537 29.413938544562747 30.0 30.0 30.0 30.0 30.0 30.0 30.0
36.3 30.0 30.0 28.55527370746715 29.420108828757613 30.0 30.0 30.0 30.0 30.0 30.0 30.0
36.4 30.0 30.0 28.587378736190132 29.4262909803889 30.0 30.0 30.0 30.0 30.0 30.0 30.0
36.5 30.0 30.0 28.6187703198304 29.432481496934578 30.0 30.0 30.0 30.0 30.0 30.0 30.0
36.6 30.0 30.0 28.64946431272304 29.438677024115176 30.0 30.0 30.0 30.0 30.0 30.0 30.0
36.7 30.0 30.0 28.6794762168847 29.444874351068524 30.0 30.0 30.0 30.0 30.0 30.0 30.0
36.8 30.0 30.0 28.70882118984282 29.451070405665753 30.0 30.0 30.0 30.0 30.0 30.0 30.0
36.9 30.0 30.0 28.737514052290738 29.457262249963826 30.0 30.0 30.0 30.0 30.0 30.0 30.0
37.0 30.0 30.0 28.765569295573165 29.463447075790047 30.0 30.0 30.0 30.0 30.0 30.0 30.0
37.1 30.0 30.0 28.79300108900485 29.46962220045674 30.0 30.0 30.0 30.0 30.0 30.0 30.0
37.2 30.0 30.0 28.819392346004598 29.475785062601464 30.0 30.0 30.0 30.0 30.0 30.0 30.0
37.3 30.0 30.0 28.84505772978712 29.482017532697103 30.0 30.0 30.0 30.0 30.0 30.0 30.0
37.4 30.0 30.0 28.87016517044394 29.488256532985385 30.0 30.0 30.0 30.0 30.0 30.0 30.0
37.5 30.0 30.0 28.894726797173455 29.494469065618034 30.0 30.0 30.0 30.0 30.0 30.0 30.0
37.6 30.0 30.0 28.91875447549573 29.500653332875018 30.0 30.0 30.0 30.0 30.0 30.0 30.0
37.7 30.0 30.0 28.94225981298499 29.506807627705907 30.0 30.0 30.0 30.0 30.0 30.0 30.0
37.8 30.0 30.0 28.96525416487664 29.512930330638373 30.0 30.0 30.0 30.0 30.0 30.0 30.0
37.9 30.0 30.0 28.987748639553217 29.519019906776162 30.0 30.0 30.0 30.0 30.0 30.0 30.0
38.0 30.0 30.0 29.00975410391079 29.525074902887766 30.0 30.0 30.0 30.0 30.0 30.0 30.0
38.1 30.0 30.0 29.03128118860843 29.53109394458115 30.0 30.0 30.0 30.0 30.0 30.0 30.0
38.2 30.0 30.0 29.05234029320389 29.537075733562556 30.0 30.0 30.0 30.0 30.0 30.0 30.0
38.3 30.0 30.0 29.072941591177678 29.543019044977385 30.0 30.0 30.0 30.0 30.0 30.0 30.0
38.4 30.0 30.0 29.093095034847774 29.548922724830753 30.0 30.0 30.0 30.0 30.0 30.0 30.0
38.5 30.0 30.0 29.112810360177217 29.554785687485953 30.0 30.0 30.0 30.0 30.0 30.0 30.0
38.6 30.0 30.0 29.13209709147776 29.560606913236988 30.0 30.0 30.0 30.0 30.0 30.0 30.0
38.7 30.0 30.0 29.150964546010837 29.5663854459557 30.0 30.0 30.0 30.0 30.0 30.0 30.0
38.8 30.0 30.0 29.16942183848886 29.572120390808884 30.0 30.0 30.0 30.0 30.0 30.0 30.0
38.9 30.0 30.0 29.187477885478266 29.57781091204558 30.0 30.0 30.0 30.0 30.0 30.0 30.0
39.0 30.0 30.0 29.205141409706965 29.583456230851063 30.0 30.0 30.0 30.0 30.0 30.0 30.0
39.1 30.0 30.0 29.222420944278554 29.589055623266002 30.0 30.0 30.0 30.0 30.0 30.0 30.0
39.2 30.0 30.0 29.23932483679422 29.59460841817018 30.0 30.0 30.0 30.0 30.0 30.0 30.0
39.3 30.0 30.0 29.25586125338565 29.60011156989398 30.0 30.0 30.0 30.0 30.0 30.0 30.0
39.4 30.0 30.0 29.272038182659852 29.605453286506414 30.0 30.0 30.0 30.0 30.0 30.0 30.0
39.5 30.0 30.0 29.287863439558503 29.610750187570773 30.0 30.0 30.0 30.0 30.0 30.0 30.0
39.6 30.0 30.0 29.30334466913332 29.61600173013117 30.0 30.0 30.0 30.0 30.0 30.0 30.0
39.7 30.0 30.0 29.318489350239116 29.621207415316153 30.0 30.0 30.0 30.0 30.0 30.0 30.0
39.8 30.0 30.0 29.333304799146955 29.626366786693424 30.0 30.0 30.0 30.0 30.0 30.0 30.0
39.9 30.0 30.0 29.347798173078537 29.63147942867506 30.0 30.0 30.0 30.0 30.0 30.0 30.0
40.0 30.0 30.0 29.36197647366375 29.636544964971677 30.0 30.0 30.0 30.0 30.0 30.0 30.0
40.1 30.0 30.0 29.375846550323207 29.641563057094203 30.0 30.0 30.0 30.0 30.0 30.0 30.0
40.2 30.0 30.0 29.389415103577026 29.646533402902097 30.0 30.0 30.0 30.0 30.0 30.0 30.0
40.3 30.0 30.0 29.402688688281845 29.651455735196016 30.0 30.0 30.0 30.0 30.0 30.0 30.0
40.4 30.0 30.0 29.415673716797432 29.65632982035472 30.0 30.0 30.0 30.0 30.0 30.0 30.0
40.5 30.0 30.0 29.42837646208442 29.661155457014406 30.0 30.0 30.0 30.0 30.0 30.0 30.0
40.6 30.0 30.0 29.440803060734783 29.665932474788857 30.0 30.0 30.0 30.0 30.0 30.0 30.0
40.7 30.0 30.0 29.452959515936225 29.670660733030477 30.0 30.0 30.0 30.0 30.0 30.0 30.0
40.8 30.0 30.0 29.464851700372346 29.675340119629595 30.0 30.0 30.0 30.0 30.0 30.0 30.0
40.9 30.0 30.0 29.4764853590599 29.679970549851802 30.0 30.0 30.0 30.0 30.0 30.0 30.0
41.0 30.0 30.0 29.487866112123825 29.684551965212673 30.0 30.0 30.0 30.0 30.0 30.0 30.0
41.1 30.0 30.0 29.498999457512475 29.68908433238741 30.0 30.0 30.0 30.0 30.0 30.0 30.0
41.2 30.0 30.0 29.509890773653467 29.69356764215593 30.0 30.0 30.0 30.0 30.0 30.0 30.0
41.3 30.0 30.0 29.52054532205234 29.69800190838083 30.0 30.0 30.0 30.0 30.0 30.0 30.0
41.4 30.0 30.0 29.53096824983381 29.70238716701976 30.0 30.0 30.0 30.0 30.0 30.0 30.0
41.5 30.0 30.0 29.54116459222875 29.706723475167507 30.0 30.0 30.0 30.0 30.0 30.0 30.0
41.6 30.0 30.0 29.55113927500639 29.711010910130845 30.0 30.0 30.0 30.0 30.0 30.0 30.0
41.7 30.0 30.0 29.560897116854026 29.71524956853236 30.0 30.0 30.0 30.0 30.0 30.0 30.0
41.8 30.0 30.0 29.570442831705048 29.719439565443803 30.0 30.0 30.0 30.0 30.0 30.0 30.0
41.9 30.0 30.0 29.57978103101581 29.723581033548044 30.0 30.0 30.0 30.0 30.0 30.0 30.0
42.0 30.0 30.0 29.588916225993724 29.72767412232791 30.0 30.0 30.0 30.0 30.0 30.0 30.0
42.1 30.0 30.0 29.59785282977647 29.731718997282606 30.0 30.0 30.0 30.0 30.0 30.0 30.0
42.2 30.0 30.0 29.606454837020063 29.73571583916924 30.0 30.0 30.0 30.0 30.0 30.0 30.0
42.3 30.0 30.0 29.614828138360032 29.739691713544588 30.0 30.0 30.0 30.0 30.0 30.0 30.0
42.4 30.0 30.0 29.623023284352367 29.743626789595552 30.0 30.0 30.0 30.0 30.0 30.0 30.0
42.5 30.0 30.0 29.631044065536354 29.747512255477968 30.0 30.0 30.0 30.0 30.0 30.0 30.0
42.6 30.0 30.0 29.63889419180154 29.751348440879408 30.0 30.0 30.0 30.0 30.0 30.0 30.0
42.7 30.0 30.0 29.646577294103604 29.755135683916375 30.0 30.0 30.0 30.0 30.0 30.0 30.0
42.8 30.0 30.0 29.65409692614399 29.758874330626178 30.0 30.0 30.0 30.0 30.0 30.0 30.0
42.9 30.0 30.0 29.661456566013303 29.76256473447743 30.0 30.0 30.0 30.0 30.0 30.0 30.0
43.0 30.0 30.0 29.66865961780024 29.76620725589658 30.0 30.0 30.0 30.0 30.0 30.0 30.0
43.1 30.0 30.0 29.675709413166185 29.769802261811886 30.0 30.0 30.0 30.0 30.0 30.0 30.0
43.2 30.0 30.0 29.682609212886014 29.773350125213916 30.0 30.0 30.0 30.0 30.0 30.0 30.0
43.3 30.0 30.0 29.68936220835651 29.77685122473105 30.0 30.0 30.0 30.0 30.0 30.0 30.0
43.4 30.0 30.0 29.695971523072355 29.780305944221062 30.0 30.0 30.0 30.0 30.0 30.0 30.0
43.5 30.0 30.0 29.702440214070776 29.78371467237718 30.0 30.0 30.0 30.0 30.0 30.0 30.0
43.6 30.0 30.0 29.70877127334591 29.787077802348126 30.0 30.0 30.0 30.0 30.0 30.0 30.0
43.7 30.0 30.0 29.714967629232195 29.790395731373156 30.0 30.0 30.0 30.0 30.0 30.0 30.0
43.8 30.0 30.0 29.721032147759136 29.793668860429573 30.0 30.0 30.0 30.0 30.0 30.0 30.0
43.9 30.0 30.0 29.726967633977036 29.796897593893956 30.0 30.0 30.0 30.0 30.0 30.0 30.0
44.0 30.0 30.0 29.732776833254093 29.800082339216267 30.0 30.0 30.0 30.0 30.0 30.0 30.0
44.1 30.0 30.0 29.73846243254659 29.80322350660537 30.0 30.0 30.0 30.0 30.0 30.0 30.0
44.2 30.0 30.0 29.74402706164134 29.806321508728 30.0 30.0 30.0 30.0 30.0 30.0 30.0
44.3 30.0 30.0 29.74947329437235 29.809376760417816 30.0 30.0 30.0 30.0 30.0 30.0 30.0
44.4 30.0 30.0 29.754803649811215 29.812389678396602 30.0 30.0 30.0 30.0 30.0 30.0 30.0
44.5 30.0 30.0 29.760020593432237 29.815360681006272 30.0 30.0 30.0 30.0 30.0 30.0 30.0
44.6 30.0 30.0 29.76512653825287 29.81829018795103 30.0 30.0 30.0 30.0 30.0 30.0 30.0
44.7 30.0 30.0 29.770123845949577 29.82117862005035 30.0 30.0 30.0 30.0 30.0 30.0 30.0
44.8 30.0 30.0 29.775014827950613 29.82402639900098 30.0 30.0 30.0 30.0 30.0 30.0 30.0
44.9 30.0 30.0 29.779801746504845 29.826833947149666 30.0 30.0 30.0 30.0 30.0 30.0 30.0
45.0 30.0 30.0 29.78448681572817 29.829601687274362 30.0 30.0 30.0 30.0 30.0 30.0 30.0
45.1 30.0 30.0 29.78907220262755 29.832330042374732 30.0 30.0 30.0 30.0 30.0 30.0 30.0
45.2 30.0 30.0 29.793560028103517 29.8350194354712 30.0 30.0 30.0 30.0 30.0 30.0 30.0
45.3 30.0 30.0 29.797952367931142 29.837670289412475 30.0 30.0 30.0 30.0 30.0 30.0 30.0
45.4 30.0 30.0 29.802251253719856 29.84028302669206 30.0 30.0 30.0 30.0 30.0 30.0 30.0
45.5 30.0 30.0 29.806458673853513 29.842858069270964 30.0 30.0 30.0 30.0 30.0 30.0 30.0
45.6 30.0 30.0 29.810576574409854 29.845395838409864 30.0 30.0 30.0 30.0 30.0 30.0 30.0
45.7 30.0 30.0 29.814606860060717 29.84789675450738 30.0 30.0 30.0 30.0 30.0 30.0 30.0
45.8 30.0 30.0 29.81855139495308 29.850361236946366 30.0 30.0 30.0 30.0 30.0 30.0 30.0
45.9 30.0 30.0 29.82241200357114 29.85278970394686 30.0 30.0 30.0 30.0 30.0 30.0 30.0
46.0 30.0 30.0 29.826190471580226 29.85518257242549 30.0 30.0 30.0 30.0 30.0 30.0 30.0
46.1 30.0 30.0 29.82988854665297 29.857540257861523 30.0 30.0 30.0 30.0 30.0 30.0 30.0
46.2 30.0 30.0 29.833507939277418 29.859863174169607 30.0 30.0 30.0 30.0 30.0 30.0 30.0
46.3 30.0 30.0 29.837050323548073 29.86215173357842 30.0 30.0 30.0 30.0 30.0 30.0 30.0
46.4 30.0 30.0 29.840517337940643 29.864406346514283 30.0 30.0 30.0 30.0 30.0 30.0 30.0
46.5 30.0 30.0 29.843910586069608 29.866627421491927 30.0 30.0 30.0 30.0 30.0 30.0 30.0
46.6 30.0 30.0 29.847231637429843 29.86881536500996 30.0 30.0 30.0 30.0 30.0 30.0 30.0
46.7 30.0 30.0 29.850482028122784 29.87097058145142 30.0 30.0 30.0 30.0 30.0 30.0 30.0
46.8 30.0 30.0 29.853663261566968 29.87309347298996 30.0 30.0 30.0 30.0 30.0 30.0 30.0
46.9 30.0 30.0 29.856776809193246 29.875184439500845 30.0 30.0 30.0 30.0 30.0 30.0 30.0
47.0 30.0 30.0 29.85982411112532 29.877243878476648 30.0 30.0 30.0 30.0 30.0 30.0 30.0
47.1 30.0 30.0 29.862806576846026 29.879272184947634 30.0 30.0 30.0 30.0 30.0 30.0 30.0
47.2 30.0 30.0 29.865725585849262 29.881269751406474 30.0 30.0 30.0 30.0 30.0 30.0 30.0
47.3 30.0 30.0 29.86858248827797 29.883236967737577 30.0 30.0 30.0 30.0 30.0 30.0 30.0
47.4 30.0 30.0 29.871378605548617 29.885174221150397 30.0 30.0 30.0 30.0 30.0 30.0 30.0
47.5 30.0 30.0 29.874115230962474 29.88708189611664 30.0 30.0 30.0 30.0 30.0 30.0 30.0
47.6 30.0 30.0 29.876793630303666 29.888960374311516 30.0 30.0 30.0 30.0 30.0 30.0 30.0
47.7 30.0 30.0 29.879415042424824 29.89081003455874 30.0 30.0 30.0 30.0 30.0 30.0 30.0
47.8 30.0 30.0 29.881980679820064 29.892631252778923 30.0 30.0 30.0 30.0 30.0 30.0 30.0
47.9 30.0 30.0 29.88449172918559 29.89442440194202 30.0 30.0 30.0 30.0 30.0 30.0 30.0
48.0 30.0 30.0 29.886949351968884 29.896189852022207 30.0 30.0 30.0 30.0 30.0 30.0 30.0
48.1 30.0 30.0 29.889354684905758 29.89792796995686 30.0 30.0 30.0 30.0 30.0 30.0 30.0
48.2 30.0 30.0 29.89170884054606 29.89963911960824 30.0 30.0 30.0 30.0 30.0 30.0 30.0
48.3 30.0 30.0 29.894012907768484 29.901323661728014 30.0 30.0 30.0 30.0 30.0 30.0 30.0
48.4 30.0 30.0 29.89626795228409 29.902981953925185 30.0 30.0 30.0 30.0 30.0 30.0 30.0
48.5 30.0 30.0 29.89847501712908 29.90461435063666 30.0 30.0 30.0 30.0 30.0 30.0 30.0
48.6 30.0 30.0 29.900635123147584 29.906221203099637 30.0 30.0 30.0 30.0 30.0 30.0 30.0
48.7 30.0 30.0 29.90274926946356 29.90780285932801 30.0 30.0 30.0 30.0 30.0 30.0 30.0
48.8 30.0 30.0 29.904818433943067 29.90935966409024 30.0 30.0 30.0 30.0 30.0 30.0 30.0
48.9 30.0 30.0 29.906843573646416 29.910891958890147 30.0 30.0 30.0 30.0 30.0 30.0 30.0
49.0 30.0 30.0 29.908825625271 29.912400081949286 30.0 30.0 30.0 30.0 30.0 30.0 30.0
49.1 30.0 30.0 29.91076550558439 29.91388436819252 30.0 30.0 30.0 30.0 30.0 30.0 30.0
49.2 30.0 30.0 29.912664111848578 29.915345149234764 30.0 30.0 30.0 30.0 30.0 30.0 30.0
49.3 30.0 30.0 29.914522322234784 29.916782753370708 30.0 30.0 30.0 30.0 30.0 30.0 30.0
49.4 30.0 30.0 29.916340996229824 29.918197505565427 30.0 30.0 30.0 30.0 30.0 30.0 30.0
49.5 30.0 30.0 29.918120975033474 29.919589727447928 30.0 30.0 30.0 30.0 30.0 30.0 30.0
49.6 30.0 30.0 29.919863081947625 29.920959737305875 30.0 30.0 30.0 30.0 30.0 30.0 30.0
49.7 30.0 30.0 29.921568122757293 29.922307850081697 30.0 30.0 30.0 30.0 30.0 30.0 30.0
49.8 30.0 30.0 29.923236886102853 29.92363437737176 30.0 30.0 30.0 30.0 30.0 30.0 30.0
49.9 30.0 30.0 29.92487014384536 29.924939627425246 30.0 30.0 30.0 30.0 30.0 30.0 30.0
50.0 30.0 30.0 29.926468651423114 29.926223905146355 30.0 30.0 30.0 30.0 30.0 30.0 30.0
50.1 30.0 30.0 29.92803314820132 29.927487512096487 30.0 30.0 30.0 30.0 30.0 30.0 30.0
50.2 30.0 30.0 29.92956435781402 29.928730746498644 30.0 30.0 30.0 30.0 30.0 30.0 30.0
50.3 30.0 30.0 29.93106298849886 29.929953903243025 30.0 30.0 30.0 30.0 30.0 30.0 30.0
50.4 30.0 30.0 29.93252973342442 29.93115727389398 30.0 30.0 30.0 30.0 30.0 30.0 30.0
50.5 30.0 30.0 29.933965271011154 29.932341146697688 30.0 30.0 30.0 30.0 30.0 30.0 30.0
50.6 30.0 30.0 29.935370265244956 29.933505806591832 30.0 30.0 30.0 30.0 30.0 30.0 30.0
50.7 30.0 30.0 29.936745365984457 29.934651535215245 30.0 30.0 30.0 30.0 30.0 30.0 30.0
50.8 30.0 30.0 29.93809120926137 29.935778610920202 30.0 30.0 30.0 30.0 30.0 30.0 30.0
50.9 30.0 30.0 29.93940841757498 29.936887308783724 30.0 30.0 30.0 30.0 30.0 30.0 30.0
51.0 30.0 30.0 29.94069760017974 29.937977900622 30.0 30.0 30.0 30.0 30.0 30.0 30.0
51.1 30.0 30.0 29.941959353367356 29.93905065500361 30.0 30.0 30.0 30.0 30.0 30.0 30.0
51.2 30.0 30.0 29.943194260742494 29.940105837265477 30.0 30.0 30.0 30.0 30.0 30.0 30.0
51.3 30.0 30.0 29.944402893492693 29.941143709528404 30.0 30.0 30.0 30.0 30.0 30.0 30.0
51.4 30.0 30.0 29.945585810652414 29.942164530713956 30.0 30.0 30.0 30.0 30.0 30.0 30.0
51.5 30.0 30.0 29.946743559361963 29.9431685565618 30.0 30.0 30.0 30.0 30.0 30.0 30.0
51.6 30.0 30.0 29.94787667512021 29.94415603964808 30.0 30.0 30.0 30.0 30.0 30.0 30.0
51.7 30.0 30.0 29.94898568203257 29.945127229403994 30.0 30.0 30.0 30.0 30.0 30.0 30.0
51.8 30.0 30.0 29.95007109305319 29.946082372135606 30.0 30.0 30.0 30.0 30.0 30.0 30.0
51.9 30.0 30.0 29.951133410222265 29.94702171104372 30.0 30.0 30.0 30.0 30.0 30.0 30.0
52.0 30.0 30.0 29.95217312489838 29.94794548624442 30.0 30.0 30.0 30.0 30.0 30.0 30.0
52.1 30.0 30.0 29.95319071798566 29.948853934790534 30.0 30.0 30.0 30.0 30.0 30.0 30.0
52.2 30.0 30.0 29.954186660156225 29.94974729069318 30.0 30.0 30.0 30.0 30.0 30.0 30.0
52.3 30.0 30.0 29.955161412067785 29.950625784943696 30.0 30.0 30.0 30.0 30.0 30.0 30.0
52.4 30.0 30.0 29.95611542457699 29.951489645536245 30.0 30.0 30.0 30.0 30.0 30.0 30.0
52.5 30.0 30.0 29.95704913894774 29.952339097491112 30.0 30.0 30.0 30.0 30.0 30.0 30.0
52.6 30.0 30.0 29.957962987055232 29.953174362877824 30.0 30.0 30.0 30.0 30.0 30.0 30.0
52.7 30.0 30.0 29.95885739158598 29.95399566083858 30.0 30.0 30.0 30.0 30.0 30.0 30.0
52.8 30.0 30.0 29.95973276623312 29.954803207612674 30.0 30.0 30.0 30.0 30.0 30.0 30.0
52.9 30.0 30.0 29.960589515887733 29.955597216560893 30.0 30.0 30.0 30.0 30.0 30.0 30.0
53.0 30.0 30.0 29.961428036826337 29.956377898189487 30.0 30.0 30.0 30.0 30.0 30.0 30.0
53.1 30.0 30.0 29.96224871689385 29.95714546017602 30.0 30.0 30.0 30.0 30.0 30.0 30.0
53.2 30.0 30.0 29.963051935683367 29.957900107393357 30.0 30.0 30.0 30.0 30.0 30.0 30.0
53.3 30.0 30.0 29.963838064711382 29.958642041935974 30.0 30.0 30.0 30.0 30.0 30.0 30.0
53.4 30.0 30.0 29.964607467589907 29.95937146314465 30.0 30.0 30.0 30.0 30.0 30.0 30.0
53.5 30.0 30.0 29.96536050019435 29.960088567632944 30.0 30.0 30.0 30.0 30.0 30.0 30.0
53.6 30.0 30.0 29.966097510828483 29.960793549312275 30.0 30.0 30.0 30.0 30.0 30.0 30.0
53.7 30.0 30.0 29.96681884038533 29.96148659941821 30.0 30.0 30.0 30.0 30.0 30.0 30.0
53.8 30.0 30.0 29.967524822504803 29.962167906536717 30.0 30.0 30.0 30.0 30.0 30.0 30.0
53.9 30.0 30.0 29.968215783728102 29.96283765663007 30.0 30.0 30.0 30.0 30.0 30.0 30.0
54.0 30.0 30.0 29.96889204364877 29.963496033063272 30.0 30.0 30.0 30.0 30.0 30.0 30.0
54.1 30.0 30.0 29.969553915060505 29.964143216630248 30.0 30.0 30.0 30.0 30.0 30.0 30.0
54.2 30.0 30.0 29.970201704101747 29.964779385580588 30.0 30.0 30.0 30.0 30.0 30.0 30.0
54.3 30.0 30.0 29.970835710397495 29.96540471564535 30.0 30.0 30.0 30.0 30.0 30.0 30.0
54.4 30.0 30.0 29.97145622719757 29.96601938006438 30.0 30.0 30.0 30.0 30.0 30.0 30.0
54.5 30.0 30.0 29.97206354151248 29.96662354961203 30.0 30.0 30.0 30.0 30.0 30.0 30.0
54.6 30.0 30.0 29.97265793424624 29.96721739262378 30.0 30.0 30.0 30.0 30.0 30.0 30.0
54.7 30.0 30.0 29.97323968032613 29.967801075023168 30.0 30.0 30.0 30.0 30.0 30.0 30.0
54.8 30.0 30.0 29.973809048829843 29.96837476034784 30.0 30.0 30.0 30.0 30.0 30.0 30.0
54.9 30.0 30.0 29.974366303110077 29.96893860977592 30.0 30.0 30.0 30.0 30.0 30.0 30.0
55.0 30.0 30.0 29.974911700916277 29.969492782152514 30.0 30.0 30.0 30.0 30.0 30.0 30.0
55.1 30.0 30.0 29.975445494513828 29.970037434016184 30.0 30.0 30.0 30.0 30.0 30.0 30.0
55.2 30.0 30.0 29.975967930800742 29.97057271962483 30.0 30.0 30.0 30.0 30.0 30.0 30.0
55.3 30.0 30.0 29.97647925142202 29.971098790982058 30.0 30.0 30.0 30.0 30.0 30.0 30.0
55.4 30.0 30.0 29.976979692881116 29.971615797863457 30.0 30.0 30.0 30.0 30.0 30.0 30.0
55.5 30.0 30.0 29.97746948664956 29.972123887842326 30.0 30.0 30.0 30.0 30.0 30.0 30.0
55.6 30.0 30.0 29.977948859274065 29.972623206315497 30.0 30.0 30.0 30.0 30.0 30.0 30.0
55.7 30.0 30.0 29.978418032481024 29.973113896529583 30.0 30.0 30.0 30.0 30.0 30.0 30.0
55.8 30.0 30.0 29.97887722327925 29.97359609960639 30.0 30.0 30.0 30.0 30.0 30.0 30.0
55.9 30.0 30.0 29.97932664406054 29.97406995456823 30.0 30.0 30.0 30.0 30.0 30.0 30.0
56.0 30.0 30.0 29.979766502697537 29.974535598363964 30.0 30.0 30.0 30.0 30.0 30.0 30.0
56.1 30.0 30.0 29.98019700264015 29.974993165893828 30.0 30.0 30.0 30.0 30.0 30.0 30.0
56.2 30.0 30.0 29.980618343009468 29.97544279003481 30.0 30.0 30.0 30.0 30.0 30.0 30.0
56.3 30.0 30.0 29.981030718690086 29.97588460166542 30.0 30.0 30.0 30.0 30.0 30.0 30.0
56.4 30.0 30.0 29.981434320420068 29.97631872969108 30.0 30.0 30.0 30.0 30.0 30.0 30.0
56.5 30.0 30.0 29.9818293348792 29.976745301068505 30.0 30.0 30.0 30.0 30.0 30.0 30.0
56.6 30.0 30.0 29.982215944775394 29.977164440830162 30.0 30.0 30.0 30.0 30.0 30.0 30.0
56.7 30.0 30.0 29.98259432892914 29.977576272108966 30.0 30.0 30.0 30.0 30.0 30.0 30.0
56.8 30.0 30.0 29.982964662356146 29.97798091616239 30.0 30.0 30.0 30.0 30.0 30.0 30.0
56.9 30.0 30.0 29.98332711634862 29.978378492396192 30.0 30.0 30.0 30.0 30.0 30.0 30.0
57.0 30.0 30.0 29.983681858554 29.97876911838921 30.0 30.0 30.0 30.0 30.0 30.0 30.0
57.1 30.0 30.0 29.98402905305288 29.979152909916092 30.0 30.0 30.0 30.0 30.0 30.0 30.0
57.2 30.0 30.0 29.984368860434735 29.979529980971357 30.0 30.0 30.0 30.0 30.0 30.0 30.0
57.3 30.0 30.0 29.984701437872246 29.979900443792555 30.0 30.0 30.0 30.0 30.0 30.0 30.0
57.4 30.0 30.0 29.985026939194157 29.980264408883347 30.0 30.0 30.0 30.0 30.0 30.0 30.0
57.5 30.0 30.0 29.985345514955995 29.980621985037004 30.0 30.0 30.0 30.0 30.0 30.0 30.0
57.6 30.0 30.0 29.985657312510124 29.98097327935843 30.0 30.0 30.0 30.0 30.0 30.0 30.0
57.7 30.0 30.0 29.985962476073762 29.981318397287243 30.0 30.0 30.0 30.0 30.0 30.0 30.0
57.8 30.0 30.0 29.98626114679556 29.98165744262011 30.0 30.0 30.0 30.0 30.0 30.0 30.0
57.9 30.0 30.0 29.986553462821174 29.98199051753246 30.0 30.0 30.0 30.0 30.0 30.0 30.0
58.0 30.0 30.0 29.986839559356866 29.98231772260138 30.0 30.0 30.0 30.0 30.0 30.0 30.0
58.1 30.0 30.0 29.987119568732275 29.982639156826373 30.0 30.0 30.0 30.0 30.0 30.0 30.0
58.2 30.0 30.0 29.987393620461383 29.982954917651767 30.0 30.0 30.0 30.0 30.0 30.0 30.0
58.3 30.0 30.0 29.987661841302593 29.983265100987726 30.0 30.0 30.0 30.0 30.0 30.0 30.0
58.4 30.0 30.0 29.987924355317467 29.98356980123111 30.0 30.0 30.0 30.0 30.0 30.0 30.0
58.5 30.0 30.0 29.98818128392771 29.98386911128727 30.0 30.0 30.0 30.0 30.0 30.0 30.0
58.6 30.0 30.0 29.988432745971764 29.984163122589834 30.0 30.0 30.0 30.0 30.0 30.0 30.0
58.7 30.0 30.0 29.988678857759588 29.984451925122006 30.0 30.0 30.0 30.0 30.0 30.0 30.0
58.8 30.0 30.0 29.988919733126444 29.984735607436626 30.0 30.0 30.0 30.0 30.0 30.0 30.0
58.9 30.0 30.0 29.98915548348543 29.985014256676312 30.0 30.0 30.0 30.0 30.0 30.0 30.0
59.0 30.0 30.0 29.98938621787935 29.98528795859316 30.0 30.0 30.0 30.0 30.0 30.0 30.0
59.1 30.0 30.0 29.989612043030828 29.98555679756895 30.0 30.0 30.0 30.0 30.0 30.0 30.0
59.2 30.0 30.0 29.989833063391846 29.985820856634223 30.0 30.0 30.0 30.0 30.0 30.0 30.0
59.3 30.0 30.0 29.990049381192026 29.986080217487775 30.0 30.0 30.0 30.0 30.0 30.0 30.0
59.4 30.0 30.0 29.990261096485856 29.98633496051566 30.0 30.0 30.0 30.0 30.0 30.0 30.0
59.5 30.0 30.0 29.99046830719891 29.986585164810144 30.0 30.0 30.0 30.0 30.0 30.0 30.0
59.6 30.0 30.0 29.99067110917336 29.986830908188285 30.0 30.0 30.0 30.0 30.0 30.0 30.0
59.7 30.0 30.0 29.99086959621226 29.98707226721039 30.0 30.0 30.0 30.0 30.0 30.0 30.0
59.8 30.0 30.0 29.99106386012262 29.987309317198555 30.0 30.0 30.0 30.0 30.0 30.0 30.0
59.9 30.0 30.0 29.991253990758356 29.987542132253992 30.0 30.0 30.0 30.0 30.0 30.0 30.0
60.0 30.0 30.0 29.991440076061412 29.98777078527581 30.0 30.0 30.0 30.0 30.0 30.0 30.0
60.1 30.0 30.0 29.99162220210269 29.98799534797792 30.0 30.0 30.0 30.0 30.0 30.0 30.0
60.2 30.0 30.0 29.991800453121815 29.988215890906645 30.0 30.0 30.0 30.0 30.0 30.0 30.0
60.3 30.0 30.0 29.99197491156603 29.988432483458165 30.0 30.0 30.0 30.0 30.0 30.0 30.0
60.4 30.0 30.0 29.992145658128415 29.98864519389527 30.0 30.0 30.0 30.0 30.0 30.0 30.0
60.5 30.0 30.0 29.99231277178523 29.988854089364292 30.0 30.0 30.0 30.0 30.0 30.0 30.0
60.6 30.0 30.0 29.992476329832403 29.989059235911526 30.0 30.0 30.0 30.0 30.0 30.0 30.0
60.7 30.0 30.0 29.992636407921115 29.989260698500086 30.0 30.0 30.0 30.0 30.0 30.0 30.0
60.8 30.0 30.0 29.992793080093048 29.98945854102568 30.0 30.0 30.0 30.0 30.0 30.0 30.0
60.9 30.0 30.0 29.99294641881451 29.989652826332627 30.0 30.0 30.0 30.0 30.0 30.0 30.0
61.0 30.0 30.0 29.993096495009926 29.989843616229965 30.0 30.0 30.0 30.0 30.0 30.0 30.0
61.1 30.0 30.0 29.993243378094842 29.99003097150674 30.0 30.0 30.0 30.0 30.0 30.0 30.0
61.2 30.0 30.0 29.993387136007733 29.990214951947767 30.0 30.0 30.0 30.0 30.0 30.0 30.0
61.3 30.0 30.0 29.993527835241565 29.990395616348565 30.0 30.0 30.0 30.0 30.0 30.0 30.0
61.4 30.0 30.0 29.993665540874744 29.9905730225303 30.0 30.0 30.0 30.0 30.0 30.0 30.0
61.5 30.0 30.0 29.993800316600836 29.99074722735526 30.0 30.0 30.0 30.0 30.0 30.0 30.0
61.6 30.0 30.0 29.993932224758247 29.990918286740577 30.0 30.0 30.0 30.0 30.0 30.0 30.0
61.7 30.0 30.0 29.994061326359173 29.991086255673366 30.0 30.0 30.0 30.0 30.0 30.0 30.0
61.8 30.0 30.0 29.994187681117456 29.991251188224908 30.0 30.0 30.0 30.0 30.0 30.0 30.0
61.9 30.0 30.0 29.994311347476646 29.991413137564244 30.0 30.0 30.0 30.0 30.0 30.0 30.0
62.0 30.0 30.0 29.994432382636703 29.991572155972836 30.0 30.0 30.0 30.0 30.0 30.0 30.0
62.1 30.0 30.0 29.994550842580605 29.991728294857644 30.0 30.0 30.0 30.0 30.0 30.0 30.0
62.2 30.0 30.0 29.99466678210018 29.991881604765005 30.0 30.0 30.0 30.0 30.0 30.0 30.0
62.3 30.0 30.0 29.994780254821467 29.99203213539392 30.0 30.0 30.0 30.0 30.0 30.0 30.0
62.4 30.0 30.0 29.994891313229562 29.992179935609137 30.0 30.0 30.0 30.0 30.0 30.0 30.0
62.5 30.0 30.0 29.995000008692728 29.992325053454323 30.0 30.0 30.0 30.0 30.0 30.0 30.0
62.6 30.0 30.0 29.99510639148648 29.992467536164476 30.0 30.0 30.0 30.0 30.0 30.0 30.0
62.7 30.0 30.0 29.99521051081651 29.992607430179255 30.0 30.0 30.0 30.0 30.0 30.0 30.0
62.8 30.0 30.0 29.99531241484172 29.99274478115468 30.0 30.0 30.0 30.0 30.0 30.0 30.0
62.9 30.0 30.0 29.995412150696197 29.99287963397629 30.0 30.0 30.0 30.0 30.0 30.0 30.0
63.0 30.0 30.0 29.99550976451115 29.99301203277064 30.0 30.0 30.0 30.0 30.0 30.0 30.0
63.1 30.0 30.0 29.995605301436417 29.993142020917382 30.0 30.0 30.0 30.0 30.0 30.0 30.0
63.2 30.0 30.0 29.99569880566115 29.993269641061115 30.0 30.0 30.0 30.0 30.0 30.0 30.0
63.3 30.0 30.0 29.995790320434338 29.99339493512307 30.0 30.0 30.0 30.0 30.0 30.0 30.0
63.4 30.0 30.0 29.99587988808464 29.993517944312885 30.0 30.0 30.0 30.0 30.0 30.0 30.0
63.5 30.0 30.0 29.995967550040312 29.993638709139095 30.0 30.0 30.0 30.0 30.0 30.0 30.0
63.6 30.0 30.0 29.996053346847983 29.993757269421245 30.0 30.0 30.0 30.0 30.0 30.0 30.0
63.7 30.0 30.0 29.996137318191614 29.993873664300214 30.0 30.0 30.0 30.0 30.0 30.0 30.0
63.8 30.0 30.0 29.996219502910986 29.993987932249276 30.0 30.0 30.0 30.0 30.0 30.0 30.0
63.9 30.0 30.0 29.9962999390193 29.994100111084972 30.0 30.0 30.0 30.0 30.0 30.0 30.0
64.0 30.0 30.0 29.996378663720982 29.99421023797739 30.0 30.0 30.0 30.0 30.0 30.0 30.0
64.1 30.0 30.0 29.99645571342901 29.994318349460517 30.0 30.0 30.0 30.0 30.0 30.0 30.0
64.2 30.0 30.0 29.996531123781544 29.994424481442834 30.0 30.0 30.0 30.0 30.0 30.0 30.0
64.3 30.0 30.0 29.99660492965858 29.994528669216894 30.0 30.0 30.0 30.0 30.0 30.0 30.0
64.4 30.0 30.0 29.99667716519781 29.994630947469858 30.0 30.0 30.0 30.0 30.0 30.0 30.0
64.5 30.0 30.0 29.99674786381058 29.99473135029282 30.0 30.0 30.0 30.0 30.0 30.0 30.0
64.6 30.0 30.0 29.996817058197582 29.994829911190486 30.0 30.0 30.0 30.0 30.0 30.0 30.0
64.7 30.0 30.0 29.996884780363548 29.994926663091128 30.0 30.0 30.0 30.0 30.0 30.0 30.0
64.8 30.0 30.0 29.996951061632437 29.995021638355247 30.0 30.0 30.0 30.0 30.0 30.0 30.0
64.9 30.0 30.0 29.997015932661583 29.99511486878553 30.0 30.0 30.0 30.0 30.0 30.0 30.0
65.0 30.0 30.0 29.997079423455986 29.995206385635683 30.0 30.0 30.0 30.0 30.0 30.0 30.0
65.1 30.0 30.0 29.997141563382456 29.99529621961899 30.0 30.0 30.0 30.0 30.0 30.0 30.0
65.2 30.0 30.0 29.997202381182863 29.99538440091777 30.0 30.0 30.0 30.0 30.0 30.0 30.0
65.3 30.0 30.0 29.997261904987493 29.995470959191806 30.0 30.0 30.0 30.0 30.0 30.0 30.0
65.4 30.0 30.0 29.997320162328197 29.995555923586803 30.0 30.0 30.0 30.0 30.0 30.0 30.0
65.5 30.0 30.0 29.99737718015099 29.99563932274313 30.0 30.0 30.0 30.0 30.0 30.0 30.0
65.6 30.0 30.0 29.9974329848286 29.99572118480384 30.0 30.0 30.0 30.0 30.0 30.0 30.0
65.7 30.0 30.0 29.997487602172676 29.99580153742288 30.0 30.0 30.0 30.0 30.0 30.0 30.0
65.8 30.0 30.0 29.997541057445606 29.995880407773484 30.0 30.0 30.0 30.0 30.0 30.0 30.0
65.9 30.0 30.0 29.997593375372283 29.995957822555855 30.0 30.0 30.0 30.0 30.0 30.0 30.0
66.0 30.0 30.0 29.997644580151558 29.996033808004874 30.0 30.0 30.0 30.0 30.0 30.0 30.0
66.1 30.0 30.0 29.99769469546745 29.996108389898062 30.0 30.0 30.0 30.0 30.0 30.0 30.0
66.2 30.0 30.0 29.997743744500077 29.996181593563136 30.0 30.0 30.0 30.0 30.0 30.0 30.0
66.3 30.0 30.0 29.997791749936198 29.99625344388536 30.0 30.0 30.0 30.0 30.0 30.0 30.0
66.4 30.0 30.0 29.997838733980068 29.996323965314875 30.0 30.0 30.0 30.0 30.0 30.0 30.0
66.5 30.0 30.0 29.997884718363476 29.99639318187419 30.0 30.0 30.0 30.0 30.0 30.0 30.0
66.6 30.0 30.0 29.997929724355735 29.996461117165193 30.0 30.0 30.0 30.0 30.0 30.0 30.0
66.7 30.0 30.0 29.997973772773726 29.99652779437587 30.0 30.0 30.0 30.0 30.0 30.0 30.0
66.8 30.0 30.0 29.99801688399129 29.996593236287914 30.0 30.0 30.0 30.0 30.0 30.0 30.0
66.9 30.0 30.0 29.99805907794891 29.996657465282688 30.0 30.0 30.0 30.0 30.0 30.0 30.0
67.0 30.0 30.0 29.998100374162785 29.996720503348623 30.0 30.0 30.0 30.0 30.0 30.0 30.0
67.1 30.0 30.0 29.99814079173376 29.99678237208751 30.0 30.0 30.0 30.0 30.0 30.0 30.0
67.2 30.0 30.0 29.998180349356403 29.99684309272103 30.0 30.0 30.0 30.0 30.0 30.0 30.0
67.3 30.0 30.0 29.998219065327522 29.996902686097062 30.0 30.0 30.0 30.0 30.0 30.0 30.0
67.4 30.0 30.0 29.998256957554585 29.99696117269624 30.0 30.0 30.0 30.0 30.0 30.0 30.0
67.5 30.0 30.0 29.998294043564034 29.997018572637955 30.0 30.0 30.0 30.0 30.0 30.0 30.0
67.6 30.0 30.0 29.998330340509522 29.997074905686294 30.0 30.0 30.0 30.0 30.0 30.0 30.0
67.7 30.0 30.0 29.998365865179547 29.997130191256616 30.0 30.0 30.0 30.0 30.0 30.0 30.0
67.8 30.0 30.0 29.998400634005485 29.997184448420814 30.0 30.0 30.0 30.0 30.0 30.0 30.0
67.9 30.0 30.0 29.998434663069236 29.99723769591321 30.0 30.0 30.0 30.0 30.0 30.0 30.0
68.0 30.0 30.0 29.998467968110283 29.997289952137006 30.0 30.0 30.0 30.0 30.0 30.0 30.0
68.1 30.0 30.0 29.998500564533433 29.997341235168747 30.0 30.0 30.0 30.0 30.0 30.0 30.0
68.2 30.0 30.0 29.99853246741569 29.997391562764907 30.0 30.0 30.0 30.0 30.0 30.0 30.0
68.3 30.0 30.0 29.998563691513215 29.99744095236692 30.0 30.0 30.0 30.0 30.0 30.0 30.0
68.4 30.0 30.0 29.99859425126821 29.99748942110645 30.0 30.0 30.0 30.0 30.0 30.0 30.0
68.5 30.0 30.0 29.998624160815666 29.997536985810637 30.0 30.0 30.0 30.0 30.0 30.0 30.0
68.6 30.0 30.0 29.99865343398978 29.997583663007696 30.0 30.0 30.0 30.0 30.0 30.0 30.0
68.7 30.0 30.0 29.998682084330408 29.997629468931635 30.0 30.0 30.0 30.0 30.0 30.0 30.0
68.8 30.0 30.0 29.99871012508937 29.997674419527414 30.0 30.0 30.0 30.0 30.0 30.0 30.0
68.9 30.0 30.0 29.998737569236454 29.997718530455934 30.0 30.0 30.0 30.0 30.0 30.0 30.0
69.0 30.0 30.0 29.99876442946549 29.9977618170989 30.0 30.0 30.0 30.0 30.0 30.0 30.0
69.1 30.0 30.0 29.998790718200272 29.9978042945636 30.0 30.0 30.0 30.0 30.0 30.0 30.0
69.2 30.0 30.0 29.998816447600266 29.997845977687533 30.0 30.0 30.0 30.0 30.0 30.0 30.0
69.3 30.0 30.0 29.998841629566204 29.997886881043154 30.0 30.0 30.0 30.0 30.0 30.0 30.0
69.4 30.0 30.0 29.998866275745623 29.997927018942406 30.0 30.0 30.0 30.0 30.0 30.0 30.0
69.5 30.0 30.0 29.99889039753826 29.997966405441137 30.0 30.0 30.0 30.0 30.0 30.0 30.0
69.6 30.0 30.0 29.998914006101298 29.998005054343793 30.0 30.0 30.0 30.0 30.0 30.0 30.0
69.7 30.0 30.0 29.998937112354476 29.998042979207376 30.0 30.0 30.0 30.0 30.0 30.0 30.0
69.8 30.0 30.0 29.998959726985227 29.998080193345952 30.0 30.0 30.0 30.0 30.0 30.0 30.0
69.9 30.0 30.0 29.99898186045361 29.998116709834854 30.0 30.0 30.0 30.0 30.0 30.0 30.0
70.0 30.0 30.0 29.999003522997153 29.998152541514617 30.0 30.0 30.0 30.0 30.0 30.0 30.0
70.1 30.0 30.0 29.999024724635483 29.99818770099533 30.0 30.0 30.0 30.0 30.0 30.0 30.0
70.2 30.0 30.0 29.99904547517518 29.9982222006604 30.0 30.0 30.0 30.0 30.0 30.0 30.0
70.3 30.0 30.0 29.99906578421403 29.998256052670655 30.0 30.0 30.0 30.0 30.0 30.0 30.0
70.4 30.0 30.0 29.999085661145653 29.998289268968072 30.0 30.0 30.0 30.0 30.0 30.0 30.0
70.5 30.0 30.0 29.99910511516379 29.998321861279734 30.0 30.0 30.0 30.0 30.0 30.0 30.0
70.6 30.0 30.0 29.99912415526673 29.998353841121272 30.0 30.0 30.0 30.0 30.0 30.0 30.0
70.7 30.0 30.0 29.999142790261086 29.99838521980115 30.0 30.0 30.0 30.0 30.0 30.0 30.0
70.8 30.0 30.0 29.999161028766164 29.998416008423526 30.0 30.0 30.0 30.0 30.0 30.0 30.0
70.9 30.0 30.0 29.999178879217908 29.998446217892266 30.0 30.0 30.0 30.0 30.0 30.0 30.0
71.0 30.0 30.0 29.99919634987289 29.998475858914365 30.0 30.0 30.0 30.0 30.0 30.0 30.0
71.1 30.0 30.0 29.999213448811776 29.998504942003542 30.0 30.0 30.0 30.0 30.0 30.0 30.0
71.2 30.0 30.0 29.999230183943396 29.998533477483285 30.0 30.0 30.0 30.0 30.0 30.0 30.0
71.3 30.0 30.0 29.99924656300842 29.998561475490323 30.0 30.0 30.0 30.0 30.0 30.0 30.0
71.4 30.0 30.0 29.99926259358275 29.998588945978025 30.0 30.0 30.0 30.0 30.0 30.0 30.0
71.5 30.0 30.0 29.999278283080983 29.99861589871963 30.0 30.0 30.0 30.0 30.0 30.0 30.0
71.6 30.0 30.0 29.999293638760122 29.99864234331099 30.0 30.0 30.0 30.0 30.0 30.0 30.0
71.7 30.0 30.0 29.99930866772264 29.998668289174347 30.0 30.0 30.0 30.0 30.0 30.0 30.0
71.8 30.0 30.0 29.999323376920078 29.99869374556076 30.0 30.0 30.0 30.0 30.0 30.0 30.0
71.9 30.0 30.0 29.99933777315584 29.99871872155361 30.0 30.0 30.0 30.0 30.0 30.0 30.0
72.0 30.0 30.0 29.999351863088688 29.998743226071177 30.0 30.0 30.0 30.0 30.0 30.0 30.0
72.1 30.0 30.0 29.99936565323573 29.998767267869788 30.0 30.0 30.0 30.0 30.0 30.0 30.0
72.2 30.0 30.0 29.999379149975425 29.998790855546467 30.0 30.0 30.0 30.0 30.0 30.0 30.0
72.3 30.0 30.0 29.999392359550395 29.998813997542165 30.0 30.0 30.0 30.0 30.0 30.0 30.0
72.4 30.0 30.0 29.999405288070605 29.998836702143947 30.0 30.0 30.0 30.0 30.0 30.0 30.0
72.5 30.0 30.0 29.99941794151588 29.998858977488123 30.0 30.0 30.0 30.0 30.0 30.0 30.0
72.6 30.0 30.0 29.99943032573892 29.99888083156269 30.0 30.0 30.0 30.0 30.0 30.0 30.0
72.7 30.0 30.0 29.999442446467896 29.998902272210092 30.0 30.0 30.0 30.0 30.0 30.0 30.0
72.8 30.0 30.0 29.999454309308973 29.998923307129925 30.0 30.0 30.0 30.0 30.0 30.0 30.0
72.9 30.0 30.0 29.99946591974921 29.99894394388096 30.0 30.0 30.0 30.0 30.0 30.0 30.0
73.0 30.0 30.0 29.999477283158782 29.99896418988427 30.0 30.0 30.0 30.0 30.0 30.0 30.0
73.1 30.0 30.0 29.999488404793702 29.99898405242528 30.0 30.0 30.0 30.0 30.0 30.0 30.0
73.2 30.0 30.0 29.99949928979813 29.999003538656282 30.0 30.0 30.0 30.0 30.0 30.0 30.0
73.3 30.0 30.0 29.999509943206697 29.999022655598957 30.0 30.0 30.0 30.0 30.0 30.0 30.0
73.4 30.0 30.0 29.999520369947028 29.99904141014628 30.0 30.0 30.0 30.0 30.0 30.0 30.0
73.5 30.0 30.0 29.999530574841767 29.999059809065276 30.0 30.0 30.0 30.0 30.0 30.0 30.0
73.6 30.0 30.0 29.999540562611095 29.999077858998927 30.0 30.0 30.0 30.0 30.0 30.0 30.0
73.7 30.0 30.0 29.999550337874663 29.999095566468714 30.0 30.0 30.0 30.0 30.0 30.0 30.0
73.8 30.0 30.0 29.99955990515392 29.999112937876358 30.0 30.0 30.0 30.0 30.0 30.0 30.0
73.9 30.0 30.0 29.999569268874037 29.99912997950638 30.0 30.0 30.0 30.0 30.0 30.0 30.0
74.0 30.0 30.0 29.99957843336605 29.999146697527955 30.0 30.0 30.0 30.0 30.0 30.0 30.0
74.1 30.0 30.0 29.999587402868883 29.999163097996963 30.0 30.0 30.0 30.0 30.0 30.0 30.0
74.2 30.0 30.0 29.99959618153128 29.999179186858164 30.0 30.0 30.0 30.0 30.0 30.0 30.0
74.3 30.0 30.0 29.99960477341356 29.999194969947204 30.0 30.0 30.0 30.0 30.0 30.0 30.0
74.4 30.0 30.0 29.999613182489817 29.999210452992177 30.0 30.0 30.0 30.0 30.0 30.0 30.0
74.5 30.0 30.0 29.999621412649603 29.999225641615983 30.0 30.0 30.0 30.0 30.0 30.0 30.0
74.6 30.0 30.0 29.999629467699634 29.999240541338164 30.0 30.0 30.0 30.0 30.0 30.0 30.0
74.7 30.0 30.0 29.999637351365642 29.999255157576698 30.0 30.0 30.0 30.0 30.0 30.0 30.0
74.8 30.0 30.0 29.99964506729403 29.999269495649703 30.0 30.0 30.0 30.0 30.0 30.0 30.0
74.9 30.0 30.0 29.999652619053684 29.999283560777247 30.0 30.0 30.0 30.0 30.0 30.0 30.0
75.0 30.0 30.0 29.999660010137656 29.999297358083258 30.0 30.0 30.0 30.0 30.0 30.0 30.0
75.1 30.0 30.0 29.999667243964474 29.999310892597414 30.0 30.0 30.0 30.0 30.0 30.0 30.0
75.2 30.0 30.0 29.999674323880118 29.99932416925609 30.0 30.0 30.0 30.0 30.0 30.0 30.0
75.3 30.0 30.0 29.999681253159252 29.999337192905074 30.0 30.0 30.0 30.0 30.0 30.0 30.0
75.4 30.0 30.0 29.999688035006972 29.99934996830044 30.0 30.0 30.0 30.0 30.0 30.0 30.0
75.5 30.0 30.0 29.999694672559972 29.999362500110486 30.0 30.0 30.0 30.0 30.0 30.0 30.0
75.6 30.0 30.0 29.99970116888847 29.99937479291708 30.0 30.0 30.0 30.0 30.0 30.0 30.0
75.7 30.0 30.0 29.99970752699719 29.999386851217622 30.0 30.0 30.0 30.0 30.0 30.0 30.0
75.8 30.0 30.0 29.99971374982699 29.999398679426207 30.0 30.0 30.0 30.0 30.0 30.0 30.0
75.9 30.0 30.0 29.99971984025623 29.999410281875228 30.0 30.0 30.0 30.0 30.0 30.0 30.0
76.0 30.0 30.0 29.999725801101825 29.999421662817003 30.0 30.0 30.0 30.0 30.0 30.0 30.0
76.1 30.0 30.0 29.9997316351209 29.999432826424908 30.0 30.0 30.0 30.0 30.0 30.0 30.0
76.2 30.0 30.0 29.99973734501194 29.999443776795136 30.0 30.0 30.0 30.0 30.0 30.0 30.0
76.3 30.0 30.0 29.999742933415973 29.99945451794796 30.0 30.0 30.0 30.0 30.0 30.0 30.0
76.4 30.0 30.0 29.999748402917795 29.99946505382917 30.0 30.0 30.0 30.0 30.0 30.0 30.0
76.5 30.0 30.0 29.999753756047156 29.999475388311257 30.0 30.0 30.0 30.0 30.0 30.0 30.0
76.6 30.0 30.0 29.999758995280207 29.99948552519466 30.0 30.0 30.0 30.0 30.0 30.0 30.0
76.7 30.0 30.0 29.99976412304017 29.999495468209755 30.0 30.0 30.0 30.0 30.0 30.0 30.0
76.8 30.0 30.0 29.999769141698888 29.99950522101718 30.0 30.0 30.0 30.0 30.0 30.0 30.0
76.9 30.0 30.0 29.999774053577607 29.99951478720986 30.0 30.0 30.0 30.0 30.0 30.0 30.0
77.0 30.0 30.0 29.99977886094832 29.999524170313677 30.0 30.0 30.0 30.0 30.0 30.0 30.0
77.1 30.0 30.0 29.99978356603455 29.999533373789244 30.0 30.0 30.0 30.0 30.0 30.0 30.0
77.2 30.0 30.0 29.999788171012508 29.999542401032603 30.0 30.0 30.0 30.0 30.0 30.0 30.0
77.3 30.0 30.0 29.999792678012245 29.999551255376513 30.0 30.0 30.0 30.0 30.0 30.0 30.0
77.4 30.0 30.0 29.999797089118346 29.999559940091956 30.0 30.0 30.0 30.0 30.0 30.0 30.0
77.5 30.0 30.0 29.99980140637117 29.999568458388765 30.0 30.0 30.0 30.0 30.0 30.0 30.0
77.6 30.0 30.0 29.999805631767543 29.999576813417207 30.0 30.0 30.0 30.0 30.0 30.0 30.0
77.7 30.0 30.0 29.99980976726182 29.999585008268674 30.0 30.0 30.0 30.0 30.0 30.0 30.0
77.8 30.0 30.0 29.999813814766934 29.99959304597676 30.0 30.0 30.0 30.0 30.0 30.0 30.0
77.9 30.0 30.0 29.9998177761549 29.999600929518838 30.0 30.0 30.0 30.0 30.0 30.0 30.0
78.0 30.0 30.0 29.999821653257953 29.999608661816556 30.0 30.0 30.0 30.0 30.0 30.0 30.0
78.1 30.0 30.0 29.999825447869455 29.999616245736934 30.0 30.0 30.0 30.0 30.0 30.0 30.0
78.2 30.0 30.0 29.999829161744533 29.99962368409354 30.0 30.0 30.0 30.0 30.0 30.0 30.0
78.3 30.0 30.0 29.999832796601062 29.999630979647318 30.0 30.0 30.0 30.0 30.0 30.0 30.0
78.4 30.0 30.0 29.999836354120163 29.999638135107908 30.0 30.0 30.0 30.0 30.0 30.0 30.0
78.5 30.0 30.0 29.999839835947437 29.999645153133773 30.0 30.0 30.0 30.0 30.0 30.0 30.0
78.6 30.0 30.0 29.999843243693274 29.999652036334215 30.0 30.0 30.0 30.0 30.0 30.0 30.0
78.7 30.0 30.0 29.999846578933802 29.999658787269432 30.0 30.0 30.0 30.0 30.0 30.0 30.0
78.8 30.0 30.0 29.999849843211784 29.999665408451673 30.0 30.0 30.0 30.0 30.0 30.0 30.0
78.9 30.0 30.0 29.99985303803707 29.99967190234629 30.0 30.0 30.0 30.0 30.0 30.0 30.0
79.0 30.0 30.0 29.999856164887305 29.999678271372417 30.0 30.0 30.0 30.0 30.0 30.0 30.0
79.1 30.0 30.0 29.999859225208873 29.99968451790371 30.0 30.0 30.0 30.0 30.0 30.0 30.0
79.2 30.0 30.0 29.999862220417203 29.999690644269762 30.0 30.0 30.0 30.0 30.0 30.0 30.0
79.3 30.0 30.0 29.99986515189772 29.999696652756068 30.0 30.0 30.0 30.0 30.0 30.0 30.0
79.4 30.0 30.0 29.99986802100625 29.999702545605437 30.0 30.0 30.0 30.0 30.0 30.0 30.0
79.5 30.0 30.0 29.99987082906998 29.99970832501851 30.0 30.0 30.0 30.0 30.0 30.0 30.0
79.6 30.0 30.0 29.99987357738765 29.999713993154895 30.0 30.0 30.0 30.0 30.0 30.0 30.0
79.7 30.0 30.0 29.99987626723042 29.999719552133342 30.0 30.0 30.0 30.0 30.0 30.0 30.0
79.8 30.0 30.0 29.99987889984256 29.99972500403288 30.0 30.0 30.0 30.0 30.0 30.0 30.0
79.9 30.0 30.0 29.999881476441633 29.99973035089376 30.0 30.0 30.0 30.0 30.0 30.0 30.0
80.0 30.0 30.0 29.99988399821946 29.99973559471751 30.0 30.0 30.0 30.0 30.0 30.0 30.0
80.1 30.0 30.0 29.999886466342417 29.999740737468255 30.0 30.0 30.0 30.0 30.0 30.0 30.0
80.2 30.0 30.0 29.99988888195212 29.99974578107308 30.0 30.0 30.0 30.0 30.0 30.0 30.0
80.3 30.0 30.0 29.999891246165895 29.999750727422818 30.0 30.0 30.0 30.0 30.0 30.0 30.0
80.4 30.0 30.0 29.999893560077254 29.999755578372834 30.0 30.0 30.0 30.0 30.0 30.0 30.0
80.5 30.0 30.0 29.999895824756507 29.99976033574351 30.0 30.0 30.0 30.0 30.0 30.0 30.0
80.6 30.0 30.0 29.99989804125102 29.999765001321062 30.0 30.0 30.0 30.0 30.0 30.0 30.0
80.7 30.0 30.0 29.9999002105861 29.999769576857805 30.0 30.0 30.0 30.0 30.0 30.0 30.0
80.8 30.0 30.0 29.999902333765103 29.999774064073296 30.0 30.0 30.0 30.0 30.0 30.0 30.0
80.9 30.0 30.0 29.999904411770082 29.999778464654508 30.0 30.0 30.0 30.0 30.0 30.0 30.0
81.0 30.0 30.0 29.999906445562203 29.999782780256673 30.0 30.0 30.0 30.0 30.0 30.0 30.0
81.1 30.0 30.0 29.999908436082116 29.999787012503845 30.0 30.0 30.0 30.0 30.0 30.0 30.0
81.2 30.0 30.0 29.999910384250533 29.999791162989347 30.0 30.0 30.0 30.0 30.0 30.0 30.0
81.3 30.0 30.0 29.999912290968634 29.99979523327637 30.0 30.0 30.0 30.0 30.0 30.0 30.0
81.4 30.0 30.0 29.99991415711824 29.99979922489899 30.0 30.0 30.0 30.0 30.0 30.0 30.0
81.5 30.0 30.0 29.999915983562502 29.999803139361923 30.0 30.0 30.0 30.0 30.0 30.0 30.0
81.6 30.0 30.0 29.99991777114628 29.999806978141446 30.0 30.0 30.0 30.0 30.0 30.0 30.0
81.7 30.0 30.0 29.999919520696345 29.99981074268628 30.0 30.0 30.0 30.0 30.0 30.0 30.0
81.8 30.0 30.0 29.99992123302195 29.99981443441736 30.0 30.0 30.0 30.0 30.0 30.0 30.0
81.9 30.0 30.0 29.999922908915135 29.999818054729058 30.0 30.0 30.0 30.0 30.0 30.0 30.0
82.0 30.0 30.0 29.999924549150997 29.999821604989314 30.0 30.0 30.0 30.0 30.0 30.0 30.0
82.1 30.0 30.0 29.999926154488193 29.999825086540177 30.0 30.0 30.0 30.0 30.0 30.0 30.0
82.2 30.0 30.0 29.99992772566932 29.99982850069816 30.0 30.0 30.0 30.0 30.0 30.0 30.0
82.3 30.0 30.0 29.999929263420995 29.99983184875504 30.0 30.0 30.0 30.0 30.0 30.0 30.0
82.4 30.0 30.0 29.999930768454572 29.999835131978017 30.0 30.0 30.0 30.0 30.0 30.0 30.0
82.5 30.0 30.0 29.99993224146619 29.999838351610272 30.0 30.0 30.0 30.0 30.0 30.0 30.0
82.6 30.0 30.0 29.999933683137108 29.999841508871704 30.0 30.0 30.0 30.0 30.0 30.0 30.0
82.7 30.0 30.0 29.999935094134155 29.99984460495878 30.0 30.0 30.0 30.0 30.0 30.0 30.0
82.8 30.0 30.0 29.99993647511004 29.99984764104528 30.0 30.0 30.0 30.0 30.0 30.0 30.0
82.9 30.0 30.0 29.999937826703437 29.999850618282952 30.0 30.0 30.0 30.0 30.0 30.0 30.0
83.0 30.0 30.0 29.999939149539586 29.999853537801553 30.0 30.0 30.0 30.0 30.0 30.0 30.0
83.1 30.0 30.0 29.999940444230255 29.99985640070951 30.0 30.0 30.0 30.0 30.0 30.0 30.0
83.2 30.0 30.0 29.999941711374266 29.99985920809413 30.0 30.0 30.0 30.0 30.0 30.0 30.0
83.3 30.0 30.0 29.99994295155776 29.999861961022052 30.0 30.0 30.0 30.0 30.0 30.0 30.0
83.4 30.0 30.0 29.99994416535439 29.999864660539593 30.0 30.0 30.0 30.0 30.0 30.0 30.0
83.5 30.0 30.0 29.999945353325533 29.999867307673455 30.0 30.0 30.0 30.0 30.0 30.0 30.0
83.6 30.0 30.0 29.999946516020753 29.999869903430536 30.0 30.0 30.0 30.0 30.0 30.0 30.0
83.7 30.0 30.0 29.99994765397772 29.999872448798925 30.0 30.0 30.0 30.0 30.0 30.0 30.0
83.8 30.0 30.0 29.99994876772287 29.999874944747603 30.0 30.0 30.0 30.0 30.0 30.0 30.0
83.9 30.0 30.0 29.99994985777133 29.999877392227308 30.0 30.0 30.0 30.0 30.0 30.0 30.0
84.0 30.0 30.0 29.99995092462729 29.999879792170585 30.0 30.0 30.0 30.0 30.0 30.0 30.0
84.1 30.0 30.0 29.999951968784195 29.999882145492375 30.0 30.0 30.0 30.0 30.0 30.0 30.0
84.2 30.0 30.0 29.999952990724953 29.99988445309017 30.0 30.0 30.0 30.0 30.0 30.0 30.0
84.3 30.0 30.0 29.999953990922304 29.999886715844244 30.0 30.0 30.0 30.0 30.0 30.0 30.0
84.4 30.0 30.0 29.999954969838832 29.999888934618276 30.0 30.0 30.0 30.0 30.0 30.0 30.0
84.5 30.0 30.0 29.999955927927353 29.999891110259426 30.0 30.0 30.0 30.0 30.0 30.0 30.0
84.6 30.0 30.0 29.999956865631 29.99989324359865 30.0 30.0 30.0 30.0 30.0 30.0 30.0
84.7 30.0 30.0 29.999957783383525 29.99989533545116 30.0 30.0 30.0 30.0 30.0 30.0 30.0
84.8 30.0 30.0 29.999958681609396 29.99989738661665 30.0 30.0 30.0 30.0 30.0 30.0 30.0
84.9 30.0 30.0 29.999959560724072 29.999899397879464 30.0 30.0 30.0 30.0 30.0 30.0 30.0
85.0 30.0 30.0 29.999960421134215 29.999901370008946 30.0 30.0 30.0 30.0 30.0 30.0 30.0
85.1 30.0 30.0 29.99996126323778 29.99990330375995 30.0 30.0 30.0 30.0 30.0 30.0 30.0
85.2 30.0 30.0 29.999962087424198 29.99990519987292 30.0 30.0 30.0 30.0 30.0 30.0 30.0
85.3 30.0 30.0 29.999962894074788 29.99990705907388 30.0 30.0 30.0 30.0 30.0 30.0 30.0
85.4 30.0 30.0 29.999963683562534 29.999908882075474 30.0 30.0 30.0 30.0 30.0 30.0 30.0
85.5 30.0 30.0 29.999964456252687 29.999910669576245 30.0 30.0 30.0 30.0 30.0 30.0 30.0
85.6 30.0 30.0 29.999965212502662 29.99991242226158 30.0 30.0 30.0 30.0 30.0 30.0 30.0
85.7 30.0 30.0 29.999965952662222 29.999914140803853 30.0 30.0 30.0 30.0 30.0 30.0 30.0
85.8 30.0 30.0 29.999966677073687 29.999915825862605 30.0 30.0 30.0 30.0 30.0 30.0 30.0
85.9 30.0 30.0 29.999967386072118 29.999917478084672 30.0 30.0 30.0 30.0 30.0 30.0 30.0
86.0 30.0 30.0 29.999968079985518 29.9999190981044 30.0 30.0 30.0 30.0 30.0 30.0 30.0
86.1 30.0 30.0 29.999968759134724 29.999920686544375 30.0 30.0 30.0 30.0 30.0 30.0 30.0
86.2 30.0 30.0 29.999969423833992 29.999922244014783 30.0 30.0 30.0 30.0 30.0 30.0 30.0
86.3 30.0 30.0 29.999970074390713 29.999923771114613 30.0 30.0 30.0 30.0 30.0 30.0 30.0
86.4 30.0 30.0 29.999970711105796 29.999925268431095 30.0 30.0 30.0 30.0 30.0 30.0 30.0
86.5 30.0 30.0 29.999971334273763 29.999926736540317 30.0 30.0 30.0 30.0 30.0 30.0 30.0
86.6 30.0 30.0 29.999971944182846 29.999928176007266 30.0 30.0 30.0 30.0 30.0 30.0 30.0
86.7 30.0 30.0 29.999972541115085 29.999929587386276 30.0 30.0 30.0 30.0 30.0 30.0 30.0
86.8 30.0 30.0 29.999973125346713 29.9999309712208 30.0 30.0 30.0 30.0 30.0 30.0 30.0
86.9 30.0 30.0 29.99997369714787 29.99993232804409 30.0 30.0 30.0 30.0 30.0 30.0 30.0
87.0 30.0 30.0 29.999974256782988 29.99993365837911 30.0 30.0 30.0 30.0 30.0 30.0 30.0
87.1 30.0 30.0 29.99997480451098 29.99993496273881 30.0 30.0 30.0 30.0 30.0 30.0 30.0
87.2 30.0 30.0 29.99997534058525 29.99993624162618 30.0 30.0 30.0 30.0 30.0 30.0 30.0
87.3 30.0 30.0 29.999975865253685 29.999937495534837 30.0 30.0 30.0 30.0 30.0 30.0 30.0
87.4 30.0 30.0 29.99997637875894 29.999938724948642 30.0 30.0 30.0 30.0 30.0 30.0 30.0
87.5 30.0 30.0 29.99997688133855 29.999939930342318 30.0 30.0 30.0 30.0 30.0 30.0 30.0
87.6 30.0 30.0 29.999977373224926 29.999941112181506 30.0 30.0 30.0 30.0 30.0 30.0 30.0
87.7 30.0 30.0 29.99997785464563 29.99994227092279 30.0 30.0 30.0 30.0 30.0 30.0 30.0
87.8 30.0 30.0 29.99997832582339 29.999943407014005 30.0 30.0 30.0 30.0 30.0 30.0 30.0
87.9 30.0 30.0 29.999978786976097 29.999944520894527 30.0 30.0 30.0 30.0 30.0 30.0 30.0
88.0 30.0 30.0 29.999979238317003 29.999945612995205 30.0 30.0 30.0 30.0 30.0 30.0 30.0
88.1 30.0 30.0 29.999979680054903 29.999946683738564 30.0 30.0 30.0 30.0 30.0 30.0 30.0
88.2 30.0 30.0 29.99998011239414 29.999947733538985 30.0 30.0 30.0 30.0 30.0 30.0 30.0
88.3 30.0 30.0 29.999980535534714 29.999948762802912 30.0 30.0 30.0 30.0 30.0 30.0 30.0
88.4 30.0 30.0 29.999980949672256 29.99994977192918 30.0 30.0 30.0 30.0 30.0 30.0 30.0
88.5 30.0 30.0 29.99998135499834 29.99995076130867 30.0 30.0 30.0 30.0 30.0 30.0 30.0
88.6 30.0 30.0 29.99998175170048 29.999951731324778 30.0 30.0 30.0 30.0 30.0 30.0 30.0
88.7 30.0 30.0 29.999982139962224 29.999952682353562 30.0 30.0 30.0 30.0 30.0 30.0 30.0
88.8 30.0 30.0 29.99998251996304 29.99995361476399 30.0 30.0 30.0 30.0 30.0 30.0 30.0
88.9 30.0 30.0 29.999982891878744 29.99995452891776 30.0 30.0 30.0 30.0 30.0 30.0 30.0
89.0 30.0 30.0 29.999983255881357 29.99995542516971 30.0 30.0 30.0 30.0 30.0 30.0 30.0
89.1 30.0 30.0 29.999983612139236 29.999956303867737 30.0 30.0 30.0 30.0 30.0 30.0 30.0
89.2 30.0 30.0 29.999983960817154 29.999957165353077 30.0 30.0 30.0 30.0 30.0 30.0 30.0
89.3 30.0 30.0 29.999984302076403 29.999958009960377 30.0 30.0 30.0 30.0 30.0 30.0 30.0
89.4 30.0 30.0 29.999984636074785 29.999958838017957 30.0 30.0 30.0 30.0 30.0 30.0 30.0
89.5 30.0 30.0 29.999984962966824 29.99995964984771 30.0 30.0 30.0 30.0 30.0 30.0 30.0
89.6 30.0 30.0 29.99998528290374 29.99996044576518 30.0 30.0 30.0 30.0 30.0 30.0 30.0
89.7 30.0 30.0 29.99998559603348 29.999961226080117 30.0 30.0 30.0 30.0 30.0 30.0 30.0
89.8 30.0 30.0 29.999985902500878 29.99996199109611 30.0 30.0 30.0 30.0 30.0 30.0 30.0
89.9 30.0 30.0 29.999986202447683 29.999962741110924 30.0 30.0 30.0 30.0 30.0 30.0 30.0
90.0 30.0 30.0 29.99998649601264 29.999963476416585 30.0 30.0 30.0 30.0 30.0 30.0 30.0
90.1 30.0 30.0 29.999986783331497 29.999964197299587 30.0 30.0 30.0 30.0 30.0 30.0 30.0
90.2 30.0 30.0 29.999987064537198 29.99996490404065 30.0 30.0 30.0 30.0 30.0 30.0 30.0
90.3 30.0 30.0 29.999987339759777 29.9999655969153 30.0 30.0 30.0 30.0 30.0 30.0 30.0
90.4 30.0 30.0 29.999987609126563 29.999966276193586 30.0 30.0 30.0 30.0 30.0 30.0 30.0
90.5 30.0 30.0 29.999987872762276 29.99996694214043 30.0 30.0 30.0 30.0 30.0 30.0 30.0
90.6 30.0 30.0 29.999988130788633 29.99996759501578 30.0 30.0 30.0 30.0 30.0 30.0 30.0
90.7 30.0 30.0 29.99998838332503 29.999968235074224 30.0 30.0 30.0 30.0 30.0 30.0 30.0
90.8 30.0 30.0 29.99998863048834 29.999968862565638 30.0 30.0 30.0 30.0 30.0 30.0 30.0
90.9 30.0 30.0 29.999988872392837 29.9999694777351 30.0 30.0 30.0 30.0 30.0 30.0 30.0
91.0 30.0 30.0 29.999989109150466 29.99997008082281 30.0 30.0 30.0 30.0 30.0 30.0 30.0
91.1 30.0 30.0 29.999989340870655 29.99997067206456 30.0 30.0 30.0 30.0 30.0 30.0 30.0
91.2 30.0 30.0 29.99998956766061 29.999971251691235 30.0 30.0 30.0 30.0 30.0 30.0 30.0
91.3 30.0 30.0 29.999989789625307 29.999971819929456 30.0 30.0 30.0 30.0 30.0 30.0 30.0
91.4 30.0 30.0 29.99999000686731 29.999972377001587 30.0 30.0 30.0 30.0 30.0 30.0 30.0
91.5 30.0 30.0 29.99999021948714 29.999972923125465 30.0 30.0 30.0 30.0 30.0 30.0 30.0
91.6 30.0 30.0 29.999990427583207 29.999973458514713 30.0 30.0 30.0 30.0 30.0 30.0 30.0
91.7 30.0 30.0 29.99999063125158 29.999973983379068 30.0 30.0 30.0 30.0 30.0 30.0 30.0
91.8 30.0 30.0 29.999990830586697 29.999974497923713 30.0 30.0 30.0 30.0 30.0 30.0 30.0
91.9 30.0 30.0 29.99999102568066 29.99997500235051 30.0 30.0 30.0 30.0 30.0 30.0 30.0
92.0 30.0 30.0 29.999991216623656 29.999975496856987 30.0 30.0 30.0 30.0 30.0 30.0 30.0
92.1 30.0 30.0 29.99999140350392 29.999975981637007 30.0 30.0 30.0 30.0 30.0 30.0 30.0
92.2 30.0 30.0 29.99999158640814 29.9999764568803 30.0 30.0 30.0 30.0 30.0 30.0 30.0
92.3 30.0 30.0 29.999991765420692 29.99997692277364 30.0 30.0 30.0 30.0 30.0 30.0 30.0
92.4 30.0 30.0 29.999991940624593 29.99997737949936 30.0 30.0 30.0 30.0 30.0 30.0 30.0
92.5 30.0 30.0 29.999992112100724 29.99997782723698 30.0 30.0 30.0 30.0 30.0 30.0 30.0
92.6 30.0 30.0 29.999992279928424 29.999978266162024 30.0 30.0 30.0 30.0 30.0 30.0 30.0
92.7 30.0 30.0 29.999992444185295 29.999978696446963 30.0 30.0 30.0 30.0 30.0 30.0 30.0
92.8 30.0 30.0 29.999992604947387 29.99997911826058 30.0 30.0 30.0 30.0 30.0 30.0 30.0
92.9 30.0 30.0 29.999992762289004 29.99997953176867 30.0 30.0 30.0 30.0 30.0 30.0 30.0
93.0 30.0 30.0 29.999992916282903 29.999979937133762 30.0 30.0 30.0 30.0 30.0 30.0 30.0
93.1 30.0 30.0 29.999993067000304 29.999980334515005 30.0 30.0 30.0 30.0 30.0 30.0 30.0
93.2 30.0 30.0 29.999993214510862 29.9999807240689 30.0 30.0 30.0 30.0 30.0 30.0 30.0
93.3 30.0 30.0 29.99999335888289 29.999981105948393 30.0 30.0 30.0 30.0 30.0 30.0 30.0
93.4 30.0 30.0 29.99999350018334 29.999981480303628 30.0 30.0 30.0 30.0 30.0 30.0 30.0
93.5 30.0 30.0 29.999993638477235 29.999981847282324 30.0 30.0 30.0 30.0 30.0 30.0 30.0
93.6 30.0 30.0 29.999993773828816 29.99998220702836 30.0 30.0 30.0 30.0 30.0 30.0 30.0
93.7 30.0 30.0 29.999993906300592 29.999982559683836 30.0 30.0 30.0 30.0 30.0 30.0 30.0
93.8 30.0 30.0 29.999994035953705 29.99998290538756 30.0 30.0 30.0 30.0 30.0 30.0 30.0
93.9 30.0 30.0 29.99999416284834 29.999983244275526 30.0 30.0 30.0 30.0 30.0 30.0 30.0
94.0 30.0 30.0 29.99999428704313 29.999983576481213 30.0 30.0 30.0 30.0 30.0 30.0 30.0
94.1 30.0 30.0 29.999994408595356 29.999983902135924 30.0 30.0 30.0 30.0 30.0 30.0 30.0
94.2 30.0 30.0 29.999994527561327 29.99998422136777 30.0 30.0 30.0 30.0 30.0 30.0 30.0
94.3 30.0 30.0 29.999994643996192 29.999984534302556 30.0 30.0 30.0 30.0 30.0 30.0 30.0
94.4 30.0 30.0 29.99999475795375 29.9999848410638 30.0 30.0 30.0 30.0 30.0 30.0 30.0
94.5 30.0 30.0 29.999994869486635 29.999985141772807 30.0 30.0 30.0 30.0 30.0 30.0 30.0
94.6 30.0 30.0 29.999994978646512 29.999985436547842 30.0 30.0 30.0 30.0 30.0 30.0 30.0
94.7 30.0 30.0 29.999995085483885 29.99998572550542 30.0 30.0 30.0 30.0 30.0 30.0 30.0
94.8 30.0 30.0 29.999995190048104 29.99998600875982 30.0 30.0 30.0 30.0 30.0 30.0 30.0
94.9 30.0 30.0 29.999995292387545 29.99998628642283 30.0 30.0 30.0 30.0 30.0 30.0 30.0
95.0 30.0 30.0 29.999995392549422 29.999986558604327 30.0 30.0 30.0 30.0 30.0 30.0 30.0
95.1 30.0 30.0 29.99999549058037 29.99998682541134 30.0 30.0 30.0 30.0 30.0 30.0 30.0
95.2 30.0 30.0 29.999995586525486 29.999987086949858 30.0 30.0 30.0 30.0 30.0 30.0 30.0
95.3 30.0 30.0 29.999995680429265 29.999987343323113 30.0 30.0 30.0 30.0 30.0 30.0 30.0
95.4 30.0 30.0 29.99999577233506 29.999987594632504 30.0 30.0 30.0 30.0 30.0 30.0 30.0
95.5 30.0 30.0 29.999995862285438 29.999987840977564 30.0 30.0 30.0 30.0 30.0 30.0 30.0
95.6 30.0 30.0 29.99999595032201 29.999988082455666 30.0 30.0 30.0 30.0 30.0 30.0 30.0
95.7 30.0 30.0 29.99999603648541 29.99998831916245 30.0 30.0 30.0 30.0 30.0 30.0 30.0
95.8 30.0 30.0 29.9999961208155 29.999988551191645 30.0 30.0 30.0 30.0 30.0 30.0 30.0
95.9 30.0 30.0 29.99999620335137 29.999988778634997 30.0 30.0 30.0 30.0 30.0 30.0 30.0
96.0 30.0 30.0 29.999996284131143 29.999989001582694 30.0 30.0 30.0 30.0 30.0 30.0 30.0
96.1 30.0 30.0 29.99999636319216 29.99998922012319 30.0 30.0 30.0 30.0 30.0 30.0 30.0
96.2 30.0 30.0 29.999996440571003 29.999989434342954 30.0 30.0 30.0 30.0 30.0 30.0 30.0
96.3 30.0 30.0 29.999996516303465 29.99998964432691 30.0 30.0 30.0 30.0 30.0 30.0 30.0
96.4 30.0 30.0 29.999996590424576 29.99998985015839 30.0 30.0 30.0 30.0 30.0 30.0 30.0
96.5 30.0 30.0 29.999996662968776 29.999990051918946 30.0 30.0 30.0 30.0 30.0 30.0 30.0
96.6 30.0 30.0 29.99999673396935 29.999990249688917 30.0 30.0 30.0 30.0 30.0 30.0 30.0
96.7 30.0 30.0 29.99999680345939 29.999990443546366 30.0 30.0 30.0 30.0 30.0 30.0 30.0
96.8 30.0 30.0 29.999996871470824 29.999990633568622 30.0 30.0 30.0 30.0 30.0 30.0 30.0
96.9 30.0 30.0 29.999996938035192 29.999990819830938 30.0 30.0 30.0 30.0 30.0 30.0 30.0
97.0 30.0 30.0 29.99999700318346 29.999991002407103 30.0 30.0 30.0 30.0 30.0 30.0 30.0
97.1 30.0 30.0 29.999997066945422 29.99999118137026 30.0 30.0 30.0 30.0 30.0 30.0 30.0
97.2 30.0 30.0 29.999997129350884 29.999991356790883 30.0 30.0 30.0 30.0 30.0 30.0 30.0
97.3 30.0 30.0 29.999997190428488 29.999991528739073 30.0 30.0 30.0 30.0 30.0 30.0 30.0
97.4 30.0 30.0 29.99999725020667 29.99999169728285 30.0 30.0 30.0 30.0 30.0 30.0 30.0
97.5 30.0 30.0 29.999997308712917 29.999991862489505 30.0 30.0 30.0 30.0 30.0 30.0 30.0
97.6 30.0 30.0 29.999997365974316 29.999992024424788 30.0 30.0 30.0 30.0 30.0 30.0 30.0
97.7 30.0 30.0 29.99999742201738 29.999992183152987 30.0 30.0 30.0 30.0 30.0 30.0 30.0
97.8 30.0 30.0 29.999997476868035 29.999992338737147 30.0 30.0 30.0 30.0 30.0 30.0 30.0
97.9 30.0 30.0 29.99999753055164 29.999992491239485 30.0 30.0 30.0 30.0 30.0 30.0 30.0
98.0 30.0 30.0 29.999997583093148 29.999992640720404 30.0 30.0 30.0 30.0 30.0 30.0 30.0
98.1 30.0 30.0 29.999997634516752 29.999992787239613 30.0 30.0 30.0 30.0 30.0 30.0 30.0
98.2 30.0 30.0 29.999997684846253 29.999992930855438 30.0 30.0 30.0 30.0 30.0 30.0 30.0
98.3 30.0 30.0 29.999997734104873 29.99999307162531 30.0 30.0 30.0 30.0 30.0 30.0 30.0
98.4 30.0 30.0 29.999997782315447 29.999993209605055 30.0 30.0 30.0 30.0 30.0 30.0 30.0
98.5 30.0 30.0 29.999997829500224 29.999993344849806 30.0 30.0 30.0 30.0 30.0 30.0 30.0
98.6 30.0 30.0 29.99999787568108 29.999993477413454 30.0 30.0 30.0 30.0 30.0 30.0 30.0
98.7 30.0 30.0 29.999997920879288 29.999993607348827 30.0 30.0 30.0 30.0 30.0 30.0 30.0
98.8 30.0 30.0 29.99999796511595 29.999993734707505 30.0 30.0 30.0 30.0 30.0 30.0 30.0
98.9 30.0 30.0 29.999998008411378 29.999993859540737 30.0 30.0 30.0 30.0 30.0 30.0 30.0
99.0 30.0 30.0 29.99999805078551 29.999993981898385 30.0 30.0 30.0 30.0 30.0 30.0 30.0
99.1 30.0 30.0 29.999998092258082 29.999994101828836 30.0 30.0 30.0 30.0 30.0 30.0 30.0
99.2 30.0 30.0 29.99999813284825 29.999994219380334 30.0 30.0 30.0 30.0 30.0 30.0 30.0
99.3 30.0 30.0 29.99999817257498 29.9999943345995 30.0 30.0 30.0 30.0 30.0 30.0 30.0
99.4 30.0 30.0 29.999998211456457 29.999994447532618 30.0 30.0 30.0 30.0 30.0 30.0 30.0
99.5 30.0 30.0 29.99999824951049 29.99999455822497 30.0 30.0 30.0 30.0 30.0 30.0 30.0
99.6 30.0 30.0 29.999998286754877 29.99999466672036 30.0 30.0 30.0 30.0 30.0 30.0 30.0
99.7 30.0 30.0 29.999998323206846 29.99999477306242 30.0 30.0 30.0 30.0 30.0 30.0 30.0
99.8 30.0 30.0 29.99999835888323 29.999994877293737 30.0 30.0 30.0 30.0 30.0 30.0 30.0
99.9 30.0 30.0 29.999998393800663 29.999994979455806 30.0 30.0 30.0 30.0 30.0 30.0 30.0
