0.0 0.0 -1073741824.0 -1073741824.0 -1073741824.0 -1073741824.0 -1073741824.0 -1073741824.0 -1073741824.0 -1073741824.0 -1073741824.0 -1073741824.0
0.1 0.6000000000000001 -1073741824.0 -1073741824.0 -1073741824.0 -1073741824.0 -1073741824.0 -1073741824.0 -1073741824.0 -1073741824.0 -1073741824.0 -1073741824.0
0.2 25.0 0.0 0.0 0.0 0.0 0.0 0.0 0.0 0.0 0.0 0.0
0.3 25.0 25.0 25.0 25.0 25.0 25.0 25.0 25.0 25.0 25.0 0.0
0.4 25.0 25.0 25.0 25.0 25.0 25.0 25.0 25.0 25.0 25.0 0.0
0.5 25.0 25.0 25.0 25.0 25.0 25.0 25.0 25.0 25.0 25.0 0.0
0.6 25.0 25.0 25.0 25.0 25.0 25.0 25.0 25.0 25.0 25.0 0.0
0.7 25.0 25.0 25.0 25.0 25.0 25.0 25.0 25.0 25.0 25.0 0.0
0.8 25.0 25.0 25.0 25.0 25.0 25.0 25.0 25.0 25.0 25.0 0.0
0.9 25.0 25.0 25.0 25.0 25.0 25.0 25.0 25.0 25.0 25.0 0.0
1.0 25.0 25.0 25.0 25.0 25.0 25.0 25.0 25.0 25.0 25.0 0.0
1.1 25.0 25.0 25.0 25.0 25.0 25.0 25.0 25.0 25.0 25.0 0.0
1.2 25.0 25.0 25.0 25.0 25.0 25.0 25.0 25.0 25.0 25.0 0.0
1.3 25.0 25.0 25.0 25.0 25.0 25.0 25.0 25.0 25.0 25.0 0.0
1.4 25.0 25.0 25.0 25.0 25.0 25.0 25.0 25.0 25.0 25.0 0.0
1.5 25.0 25.0 25.0 25.0 25.0 25.0 25.0 25.0 25.0 25.0 0.0
1.6 25.0 25.0 25.0 25.0 25.0 25.0 25.0 25.0 25.0 25.0 0.0
1.7 25.0 25.0 25.0 25.0 25.0 25.0 25.0 25.0 25.0 25.0 0.0
1.8 25.0 25.0 25.0 25.0 25.0 25.0 25.0 25.0 25.0 25.0 0.0
1.9 25.0 25.0 25.0 25.0 25.0 25.0 25.0 25.0 25.0 25.0 0.0
2.0 25.0 25.0 25.0 25.0 25.0 25.0 25.0 25.0 25.0 25.0 0.0
2.1 25.0 25.0 25.0 25.0 25.0 25.0 25.0 25.0 25.0 25.0 0.0
2.2 24.98113159623348 24.98113159623348 24.98113159623348 24.98113159623348 24.98113159623348 24.98113159623348 24.98113159623348 24.98113159623348 24.98113159623348 24.98113159623348 0.0
2.3 24.962263192466963 24.962263192466963 24.962263192466963 24.962263192466963 24.962263192466963 24.962263192466963 24.962263192466963 24.962263192466963 24.962263192466963 24.962263192466963 0.0
2.4 24.943394788700445 24.943394788700445 24.943394788700445 24.943394788700445 24.943394788700445 24.943394788700445 24.943394788700445 24.943394788700445 24.943394788700445 24.943394788700445 0.0
2.5 24.924526384933927 24.924526384933927 24.924526384933927 24.924526384933927 24.924526384933927 24.924526384933927 24.924526384933927 24.924526384933927 24.924526384933927 24.924526384933927 0.0
2.6 24.90565798116741 24.90565798116741 24.90565798116741 24.90565798116741 24.90565798116741 24.90565798116741 24.90565798116741 24.90565798116741 24.90565798116741 24.90565798116741 0.0
2.7 24.88678957740089 24.88678957740089 24.88678957740089 24.88678957740089 24.88678957740089 24.88678957740089 24.88678957740089 24.88678957740089 24.88678957740089 24.88678957740089 0.0
2.8 24.86792117363437 24.86792117363437 24.86792117363437 24.86792117363437 24.86792117363437 24.86792117363437 24.86792117363437 24.86792117363437 24.86792117363437 24.86792117363437 0.0
2.9 24.849052769867853 24.849052769867853 24.849052769867853 24.849052769867853 24.849052769867853 24.849052769867853 24.849052769867853 24.849052769867853 24.849052769867853 24.849052769867853 0.0
3.0 24.830184366101335 24.830184366101335 24.830184366101335 24.830184366101335 24.830184366101335 24.830184366101335 24.830184366101335 24.830184366101335 24.830184366101335 24.830184366101335 0.0
3.1 24.811315962334817 24.811315962334817 24.811315962334817 24.811315962334817 24.811315962334817 24.811315962334817 24.811315962334817 24.811315962334817 24.811315962334817 24.811315962334817 0.0
3.2 24.7924475585683 24.7924475585683 24.7924475585683 24.7924475585683 24.7924475585683 24.7924475585683 24.7924475585683 24.7924475585683 24.7924475585683 24.7924475585683 0.0
3.3 24.77357915480178 24.77357915480178 24.77357915480178 24.77357915480178 24.77357915480178 24.77357915480178 24.77357915480178 24.77357915480178 24.77357915480178 24.77357915480178 0.0
3.4 24.75471075103526 24.75471075103526 24.75471075103526 24.75471075103526 24.75471075103526 24.75471075103526 24.75471075103526 24.75471075103526 24.75471075103526 24.75471075103526 0.0
3.5 24.735842347268743 24.735842347268743 24.735842347268743 24.735842347268743 24.735842347268743 24.735842347268743 24.735842347268743 24.735842347268743 24.735842347268743 24.735842347268743 0.0
3.6 24.716973943502225 24.716973943502225 24.716973943502225 24.716973943502225 24.716973943502225 24.716973943502225 24.716973943502225 24.716973943502225 24.716973943502225 24.716973943502225 0.0
3.7 24.698105539735707 24.698105539735707 24.698105539735707 24.698105539735707 24.698105539735707 24.698105539735707 24.698105539735707 24.698105539735707 24.698105539735707 24.698105539735707 0.0
3.8 24.67923713596919 24.67923713596919 24.67923713596919 24.67923713596919 24.67923713596919 24.67923713596919 24.67923713596919 24.67923713596919 24.67923713596919 24.67923713596919 0.0
3.9 24.66036873220267 24.66036873220267 24.66036873220267 24.66036873220267 24.66036873220267 24.66036873220267 24.66036873220267 24.66036873220267 24.66036873220267 24.66036873220267 0.0
4.0 24.641500328436152 24.641500328436152 24.641500328436152 24.641500328436152 24.641500328436152 24.641500328436152 24.641500328436152 24.641500328436152 24.641500328436152 24.641500328436152 0.0
4.1 24.622631924669633 24.622631924669633 24.622631924669633 24.622631924669633 24.622631924669633 24.622631924669633 24.622631924669633 24.622631924669633 24.622631924669633 24.622631924669633 0.0
4.2 24.603763520903115 24.603763520903115 24.603763520903115 24.603763520903115 24.603763520903115 24.603763520903115 24.603763520903115 24.603763520903115 24.603763520903115 24.603763520903115 0.0
4.3 24.584895117136597 24.584895117136597 24.584895117136597 24.584895117136597 24.584895117136597 24.584895117136597 24.584895117136597 24.584895117136597 24.584895117136597 24.584895117136597 0.0
4.4 24.56602671337008 24.56602671337008 24.56602671337008 24.56602671337008 24.56602671337008 24.56602671337008 24.56602671337008 24.56602671337008 24.56602671337008 24.56602671337008 0.0
4.5 24.54715830960356 24.54715830960356 24.54715830960356 24.54715830960356 24.54715830960356 24.54715830960356 24.54715830960356 24.54715830960356 24.54715830960356 24.54715830960356 0.0
4.6 24.528289905837042 24.528289905837042 24.528289905837042 24.528289905837042 24.528289905837042 24.528289905837042 24.528289905837042 24.528289905837042 24.528289905837042 24.528289905837042 0.0
4.7 24.509421502070524 24.509421502070524 24.509421502070524 24.509421502070524 24.509421502070524 24.509421502070524 24.509421502070524 24.509421502070524 24.509421502070524 24.509421502070524 0.0
4.8 24.490553098304005 24.490553098304005 24.490553098304005 24.490553098304005 24.490553098304005 24.490553098304005 24.490553098304005 24.490553098304005 24.490553098304005 24.490553098304005 0.0
4.9 24.471684694537487 24.471684694537487 24.471684694537487 24.471684694537487 24.471684694537487 24.471684694537487 24.471684694537487 24.471684694537487 24.471684694537487 24.471684694537487 0.0
5.0 24.45281629077097 24.45281629077097 24.45281629077097 24.45281629077097 24.45281629077097 24.45281629077097 24.45281629077097 24.45281629077097 24.45281629077097 24.45281629077097 0.0
5.1 24.43394788700445 24.43394788700445 24.43394788700445 24.43394788700445 24.43394788700445 24.43394788700445 24.43394788700445 24.43394788700445 24.43394788700445 24.43394788700445 0.0
5.2 24.415079483237932 24.415079483237932 24.415079483237932 24.415079483237932 24.415079483237932 24.415079483237932 24.415079483237932 24.415079483237932 24.415079483237932 24.415079483237932 0.0
5.3 24.396211079471414 24.396211079471414 24.396211079471414 24.396211079471414 24.396211079471414 24.396211079471414 24.396211079471414 24.396211079471414 24.396211079471414 24.396211079471414 0.0
5.4 24.377342675704895 24.377342675704895 24.377342675704895 24.377342675704895 24.377342675704895 24.377342675704895 24.377342675704895 24.377342675704895 24.377342675704895 24.377342675704895 0.0
5.5 24.358474271938377 24.358474271938377 24.358474271938377 24.358474271938377 24.358474271938377 24.358474271938377 24.358474271938377 24.358474271938377 24.358474271938377 24.358474271938377 0.0
5.6 24.33960586817186 24.33960586817186 24.33960586817186 24.33960586817186 24.33960586817186 24.33960586817186 24.33960586817186 24.33960586817186 24.33960586817186 24.33960586817186 0.0
5.7 24.32073746440534 24.32073746440534 24.32073746440534 24.32073746440534 24.32073746440534 24.32073746440534 24.32073746440534 24.32073746440534 24.32073746440534 24.32073746440534 0.0
5.8 24.301869060638822 24.301869060638822 24.301869060638822 24.301869060638822 24.301869060638822 24.301869060638822 24.301869060638822 24.301869060638822 24.301869060638822 24.301869060638822 0.0
5.9 24.283000656872304 24.283000656872304 24.283000656872304 24.283000656872304 24.283000656872304 24.283000656872304 24.283000656872304 24.283000656872304 24.283000656872304 24.283000656872304 0.0
6.0 24.264132253105785 24.264132253105785 24.264132253105785 24.264132253105785 24.264132253105785 24.264132253105785 24.264132253105785 24.264132253105785 24.264132253105785 24.264132253105785 0.0
6.1 24.245263849339267 24.245263849339267 24.245263849339267 24.245263849339267 24.245263849339267 24.245263849339267 24.245263849339267 24.245263849339267 24.245263849339267 24.245263849339267 0.0
6.2 24.22639544557275 24.22639544557275 24.22639544557275 24.22639544557275 24.22639544557275 24.22639544557275 24.22639544557275 24.22639544557275 24.22639544557275 24.22639544557275 0.0
6.3 24.20752704180623 24.20752704180623 24.20752704180623 24.20752704180623 24.20752704180623 24.20752704180623 24.20752704180623 24.20752704180623 24.20752704180623 24.20752704180623 0.0
6.4 24.188658638039712 24.188658638039712 24.188658638039712 24.188658638039712 24.188658638039712 24.188658638039712 24.188658638039712 24.188658638039712 24.188658638039712 24.188658638039712 0.0
6.5 24.169790234273194 24.169790234273194 24.169790234273194 24.169790234273194 24.169790234273194 24.169790234273194 24.169790234273194 24.169790234273194 24.169790234273194 24.169790234273194 0.0
6.6 24.150921830506675 24.150921830506675 24.150921830506675 24.150921830506675 24.150921830506675 24.150921830506675 24.150921830506675 24.150921830506675 24.150921830506675 24.150921830506675 0.0
6.7 24.132053426740157 24.132053426740157 24.132053426740157 24.132053426740157 24.132053426740157 24.132053426740157 24.132053426740157 24.132053426740157 24.132053426740157 24.132053426740157 0.0
6.8 24.11318502297364 24.11318502297364 24.11318502297364 24.11318502297364 24.11318502297364 24.11318502297364 24.11318502297364 24.11318502297364 24.11318502297364 24.11318502297364 0.0
6.9 24.09431661920712 24.09431661920712 24.09431661920712 24.09431661920712 24.09431661920712 24.09431661920712 24.09431661920712 24.09431661920712 24.09431661920712 24.09431661920712 0.0
7.0 24.075448215440602 24.075448215440602 24.075448215440602 24.075448215440602 24.075448215440602 24.075448215440602 24.075448215440602 24.075448215440602 24.075448215440602 24.075448215440602 0.0
7.1 24.056579811674084 24.056579811674084 24.056579811674084 24.056579811674084 24.056579811674084 24.056579811674084 24.056579811674084 24.056579811674084 24.056579811674084 24.056579811674084 0.0
7.2 24.037711407907565 24.037711407907565 24.037711407907565 24.037711407907565 24.037711407907565 24.037711407907565 24.037711407907565 24.037711407907565 24.037711407907565 24.037711407907565 0.0
7.3 24.018843004141047 24.018843004141047 24.018843004141047 24.018843004141047 24.018843004141047 24.018843004141047 24.018843004141047 24.018843004141047 24.018843004141047 24.018843004141047 0.0
7.4 24.018843004141047 23.99997460037453 23.99997460037453 23.99997460037453 23.99997460037453 23.99997460037453 23.99997460037453 23.99997460037453 23.99997460037453 23.99997460037453 0.0
7.5 24.018843004141047 23.98110619660801 23.98110619660801 23.98110619660801 23.98110619660801 23.98110619660801 23.98110619660801 23.98110619660801 23.98110619660801 23.98110619660801 0.0
7.6 24.018843004141047 23.962237792841492 23.962237792841492 23.962237792841492 23.962237792841492 23.962237792841492 23.962237792841492 23.962237792841492 23.962237792841492 23.962237792841492 0.0
7.7 24.018843004141047 23.943369389074974 23.943369389074974 23.943369389074974 23.943369389074974 23.943369389074974 23.943369389074974 23.943369389074974 23.943369389074974 23.943369389074974 0.0
7.8 24.018843004141047 23.924500985308455 23.924500985308455 23.924500985308455 23.924500985308455 23.924500985308455 23.924500985308455 23.924500985308455 23.924500985308455 23.924500985308455 0.0
7.9 24.018843004141047 23.905632581541937 23.905632581541937 23.905632581541937 23.905632581541937 23.905632581541937 23.905632581541937 23.905632581541937 23.905632581541937 23.905632581541937 0.0
8.0 24.018843004141047 23.88676417777542 23.88676417777542 23.88676417777542 23.88676417777542 23.88676417777542 23.88676417777542 23.88676417777542 23.88676417777542 23.88676417777542 0.0
8.1 24.018843004141047 23.8678957740089 23.8678957740089 23.8678957740089 23.8678957740089 23.8678957740089 23.8678957740089 23.8678957740089 23.8678957740089 23.8678957740089 0.0
8.2 24.018843004141047 23.849027370242382 23.849027370242382 23.849027370242382 23.849027370242382 23.849027370242382 23.849027370242382 23.849027370242382 23.849027370242382 23.849027370242382 0.0
8.3 24.018843004141047 23.830158966475864 23.830158966475864 23.830158966475864 23.830158966475864 23.830158966475864 23.830158966475864 23.830158966475864 23.830158966475864 23.830158966475864 0.0
8.4 24.018843004141047 23.811290562709345 23.811290562709345 23.811290562709345 23.811290562709345 23.811290562709345 23.811290562709345 23.811290562709345 23.811290562709345 23.811290562709345 0.0
8.5 24.018843004141047 23.792422158942827 23.792422158942827 23.792422158942827 23.792422158942827 23.792422158942827 23.792422158942827 23.792422158942827 23.792422158942827 23.792422158942827 0.0
8.6 24.018843004141047 23.77355375517631 23.77355375517631 23.77355375517631 23.77355375517631 23.77355375517631 23.77355375517631 23.77355375517631 23.77355375517631 23.77355375517631 0.0
8.7 24.018843004141047 23.75468535140979 23.75468535140979 23.75468535140979 23.75468535140979 23.75468535140979 23.75468535140979 23.75468535140979 23.75468535140979 23.75468535140979 0.0
8.8 24.61884300414105 23.735816947643272 23.735816947643272 23.735816947643272 23.735816947643272 23.735816947643272 23.735816947643272 23.735816947643272 23.735816947643272 23.735816947643272 0.0
8.9 25.21884300414105 23.716948543876754 23.716948543876754 23.716948543876754 23.716948543876754 23.716948543876754 23.716948543876754 23.716948543876754 23.716948543876754 23.716948543876754 0.0
9.0 25.81884300414105 23.698080140110235 23.698080140110235 23.698080140110235 23.698080140110235 23.698080140110235 23.698080140110235 23.698080140110235 23.698080140110235 23.698080140110235 0.0
9.1 26.418843004141053 23.679211736343717 23.679211736343717 23.679211736343717 23.679211736343717 23.679211736343717 23.679211736343717 23.679211736343717 23.679211736343717 23.679211736343717 0.0
9.2 27.018843004141054 23.6603433325772 23.6603433325772 23.6603433325772 23.6603433325772 23.6603433325772 23.6603433325772 23.6603433325772 23.6603433325772 23.6603433325772 0.0
9.3 27.618843004141056 23.6603433325772 23.64147492881068 23.64147492881068 23.64147492881068 23.64147492881068 23.64147492881068 23.64147492881068 23.64147492881068 23.64147492881068 0.0
9.4 28.218843004141057 23.6603433325772 23.622606525044162 23.622606525044162 23.622606525044162 23.622606525044162 23.622606525044162 23.622606525044162 23.622606525044162 23.622606525044162 0.0
9.5 28.81884300414106 23.6603433325772 23.603738121277644 23.603738121277644 23.603738121277644 23.603738121277644 23.603738121277644 23.603738121277644 23.603738121277644 23.603738121277644 0.0
9.6 29.41884300414106 23.6603433325772 23.584869717511125 23.584869717511125 23.584869717511125 23.584869717511125 23.584869717511125 23.584869717511125 23.584869717511125 23.584869717511125 0.0
9.7 30.0 23.6603433325772 23.566001313744607 23.566001313744607 23.566001313744607 23.566001313744607 23.566001313744607 23.566001313744607 23.566001313744607 23.566001313744607 0.0
9.8 30.0 23.6603433325772 23.54713290997809 23.54713290997809 23.54713290997809 23.54713290997809 23.54713290997809 23.54713290997809 23.54713290997809 23.54713290997809 0.0
9.9 30.0 23.6603433325772 23.52826450621157 23.52826450621157 23.52826450621157 23.52826450621157 23.52826450621157 23.52826450621157 23.52826450621157 23.52826450621157 0.0
10.0 30.0 23.6603433325772 23.509396102445052 23.509396102445052 23.509396102445052 23.509396102445052 23.509396102445052 23.509396102445052 23.509396102445052 23.509396102445052 0.0
10.1 30.0 23.6603433325772 23.490527698678534 23.490527698678534 23.490527698678534 23.490527698678534 23.490527698678534 23.490527698678534 23.490527698678534 23.490527698678534 0.0
10.2 30.0 23.6603433325772 23.471659294912016 23.471659294912016 23.471659294912016 23.471659294912016 23.471659294912016 23.471659294912016 23.471659294912016 23.471659294912016 0.0
10.3 30.0 23.6603433325772 23.452790891145497 23.452790891145497 23.452790891145497 23.452790891145497 23.452790891145497 23.452790891145497 23.452790891145497 23.452790891145497 0.0
10.4 30.0 23.6603433325772 23.43392248737898 23.43392248737898 23.43392248737898 23.43392248737898 23.43392248737898 23.43392248737898 23.43392248737898 23.43392248737898 0.0
10.5 30.0 23.6603433325772 23.41505408361246 23.41505408361246 23.41505408361246 23.41505408361246 23.41505408361246 23.41505408361246 23.41505408361246 23.41505408361246 0.0
10.6 30.0 23.6603433325772 23.396185679845942 23.396185679845942 23.396185679845942 23.396185679845942 23.396185679845942 23.396185679845942 23.396185679845942 23.396185679845942 0.0
10.7 30.0 24.2603433325772 23.377317276079424 23.377317276079424 23.377317276079424 23.377317276079424 23.377317276079424 23.377317276079424 23.377317276079424 23.377317276079424 0.0
10.8 30.0 24.8603433325772 23.358448872312906 23.358448872312906 23.358448872312906 23.358448872312906 23.358448872312906 23.358448872312906 23.358448872312906 23.358448872312906 0.0
10.9 30.0 25.460343332577203 23.339580468546387 23.339580468546387 23.339580468546387 23.339580468546387 23.339580468546387 23.339580468546387 23.339580468546387 23.339580468546387 0.0
11.0 30.0 26.060343332577204 23.32071206477987 23.32071206477987 23.32071206477987 23.32071206477987 23.32071206477987 23.32071206477987 23.32071206477987 23.32071206477987 0.0
11.1 30.0 26.660343332577206 23.30184366101335 23.30184366101335 23.30184366101335 23.30184366101335 23.30184366101335 23.30184366101335 23.30184366101335 23.30184366101335 0.0
11.2 30.0 27.260343332577207 23.30184366101335 23.282975257246832 23.282975257246832 23.282975257246832 23.282975257246832 23.282975257246832 23.282975257246832 23.282975257246832 0.0
11.3 30.0 27.86034333257721 23.30184366101335 23.264106853480314 23.264106853480314 23.264106853480314 23.264106853480314 23.264106853480314 23.264106853480314 23.264106853480314 0.0
11.4 30.0 28.46034333257721 23.30184366101335 23.245238449713796 23.245238449713796 23.245238449713796 23.245238449713796 23.245238449713796 23.245238449713796 23.245238449713796 0.0
11.5 30.0 29.06034333257721 23.30184366101335 23.226370045947277 23.226370045947277 23.226370045947277 23.226370045947277 23.226370045947277 23.226370045947277 23.226370045947277 0.0
11.6 30.0 29.660343332577213 23.30184366101335 23.20750164218076 23.20750164218076 23.20750164218076 23.20750164218076 23.20750164218076 23.20750164218076 23.20750164218076 0.0
11.7 30.0 30.0 23.30184366101335 23.18863323841424 23.18863323841424 23.18863323841424 23.18863323841424 23.18863323841424 23.18863323841424 23.18863323841424 0.0
11.8 30.0 30.0 23.30184366101335 23.169764834647722 23.169764834647722 23.169764834647722 23.169764834647722 23.169764834647722 23.169764834647722 23.169764834647722 0.0
11.9 30.0 30.0 23.30184366101335 23.150896430881204 23.150896430881204 23.150896430881204 23.150896430881204 23.150896430881204 23.150896430881204 23.150896430881204 0.0
12.0 30.0 30.0 23.30184366101335 23.132028027114686 23.132028027114686 23.132028027114686 23.132028027114686 23.132028027114686 23.132028027114686 23.132028027114686 0.0
12.1 30.0 30.0 23.30184366101335 23.113159623348167 23.113159623348167 23.113159623348167 23.113159623348167 23.113159623348167 23.113159623348167 23.113159623348167 0.0
12.2 30.0 30.0 23.30184366101335 23.09429121958165 23.09429121958165 23.09429121958165 23.09429121958165 23.09429121958165 23.09429121958165 23.09429121958165 0.0
12.3 30.0 30.0 23.30184366101335 23.07542281581513 23.07542281581513 23.07542281581513 23.07542281581513 23.07542281581513 23.07542281581513 23.07542281581513 0.0
12.4 30.0 30.0 23.30184366101335 23.056554412048612 23.056554412048612 23.056554412048612 23.056554412048612 23.056554412048612 23.056554412048612 23.056554412048612 0.0
12.5 30.0 30.0 23.30184366101335 23.037686008282094 23.037686008282094 23.037686008282094 23.037686008282094 23.037686008282094 23.037686008282094 23.037686008282094 0.0
12.6 30.0 30.0 23.901843661013352 23.018817604515576 23.018817604515576 23.018817604515576 23.018817604515576 23.018817604515576 23.018817604515576 23.018817604515576 0.0
12.7 30.0 30.0 24.501843661013353 22.999949200749057 22.999949200749057 22.999949200749057 22.999949200749057 22.999949200749057 22.999949200749057 22.999949200749057 0.0
12.8 30.0 30.0 25.101843661013355 22.98108079698254 22.98108079698254 22.98108079698254 22.98108079698254 22.98108079698254 22.98108079698254 22.98108079698254 0.0
12.9 30.0 30.0 25.701843661013356 22.96221239321602 22.96221239321602 22.96221239321602 22.96221239321602 22.96221239321602 22.96221239321602 22.96221239321602 0.0
13.0 30.0 30.0 26.301843661013358 22.943343989449502 22.943343989449502 22.943343989449502 22.943343989449502 22.943343989449502 22.943343989449502 22.943343989449502 0.0
13.1 30.0 30.0 26.90184366101336 22.943343989449502 22.924475585682984 22.924475585682984 22.924475585682984 22.924475585682984 22.924475585682984 22.924475585682984 0.0
13.2 30.0 30.0 27.50184366101336 22.943343989449502 22.905607181916466 22.905607181916466 22.905607181916466 22.905607181916466 22.905607181916466 22.905607181916466 0.0
13.3 30.0 30.0 28.101843661013362 22.943343989449502 22.886738778149947 22.886738778149947 22.886738778149947 22.886738778149947 22.886738778149947 22.886738778149947 0.0
13.4 30.0 30.0 28.701843661013363 22.943343989449502 22.86787037438343 22.86787037438343 22.86787037438343 22.86787037438343 22.86787037438343 22.86787037438343 0.0
13.5 30.0 30.0 29.301843661013365 22.943343989449502 22.84900197061691 22.84900197061691 22.84900197061691 22.84900197061691 22.84900197061691 22.84900197061691 0.0
13.6 30.0 30.0 29.901843661013366 22.943343989449502 22.830133566850392 22.830133566850392 22.830133566850392 22.830133566850392 22.830133566850392 22.830133566850392 0.0
13.7 30.0 30.0 30.0 22.943343989449502 22.811265163083874 22.811265163083874 22.811265163083874 22.811265163083874 22.811265163083874 22.811265163083874 0.0
13.8 30.0 30.0 30.0 22.943343989449502 22.792396759317356 22.792396759317356 22.792396759317356 22.792396759317356 22.792396759317356 22.792396759317356 0.0
13.9 30.0 30.0 30.0 22.943343989449502 22.773528355550837 22.773528355550837 22.773528355550837 22.773528355550837 22.773528355550837 22.773528355550837 0.0
14.0 30.0 30.0 30.0 22.943343989449502 22.75465995178432 22.75465995178432 22.75465995178432 22.75465995178432 22.75465995178432 22.75465995178432 0.0
14.1 30.0 30.0 30.0 22.943343989449502 22.7357915480178 22.7357915480178 22.7357915480178 22.7357915480178 22.7357915480178 22.7357915480178 0.0
14.2 30.0 30.0 30.0 22.943343989449502 22.716923144251282 22.716923144251282 22.716923144251282 22.716923144251282 22.716923144251282 22.716923144251282 0.0
14.3 30.0 30.0 30.0 22.943343989449502 22.698054740484764 22.698054740484764 22.698054740484764 22.698054740484764 22.698054740484764 22.698054740484764 0.0
14.4 30.0 30.0 30.0 22.943343989449502 22.679186336718246 22.679186336718246 22.679186336718246 22.679186336718246 22.679186336718246 22.679186336718246 0.0
14.5 30.0 30.0 30.0 23.543343989449504 22.660317932951727 22.660317932951727 22.660317932951727 22.660317932951727 22.660317932951727 22.660317932951727 0.0
14.6 30.0 30.0 30.0 24.143343989449505 22.64144952918521 22.64144952918521 22.64144952918521 22.64144952918521 22.64144952918521 22.64144952918521 0.0
14.7 30.0 30.0 30.0 24.743343989449507 22.62258112541869 22.62258112541869 22.62258112541869 22.62258112541869 22.62258112541869 22.62258112541869 0.0
14.8 30.0 30.0 30.0 25.343343989449508 22.603712721652172 22.603712721652172 22.603712721652172 22.603712721652172 22.603712721652172 22.603712721652172 0.0
14.9 30.0 30.0 30.0 25.94334398944951 22.584844317885654 22.584844317885654 22.584844317885654 22.584844317885654 22.584844317885654 22.584844317885654 0.0
15.0 30.0 30.0 30.0 26.54334398944951 22.584844317885654 22.565975914119136 22.565975914119136 22.565975914119136 22.565975914119136 22.565975914119136 0.0
15.1 30.0 30.0 30.0 27.143343989449512 22.584844317885654 22.547107510352618 22.547107510352618 22.547107510352618 22.547107510352618 22.547107510352618 0.0
15.2 30.0 30.0 30.0 27.743343989449514 22.584844317885654 22.5282391065861 22.5282391065861 22.5282391065861 22.5282391065861 22.5282391065861 0.0
15.3 30.0 30.0 30.0 28.343343989449515 22.584844317885654 22.50937070281958 22.50937070281958 22.50937070281958 22.50937070281958 22.50937070281958 0.0
15.4 30.0 30.0 30.0 28.943343989449517 22.584844317885654 22.490502299053063 22.490502299053063 22.490502299053063 22.490502299053063 22.490502299053063 0.0
15.5 30.0 30.0 30.0 29.543343989449518 22.584844317885654 22.471633895286544 22.471633895286544 22.471633895286544 22.471633895286544 22.471633895286544 0.0
15.6 30.0 30.0 30.0 30.0 22.584844317885654 22.452765491520026 22.452765491520026 22.452765491520026 22.452765491520026 22.452765491520026 0.0
15.7 30.0 30.0 30.0 30.0 22.584844317885654 22.433897087753508 22.433897087753508 22.433897087753508 22.433897087753508 22.433897087753508 0.0
15.8 30.0 30.0 30.0 30.0 22.584844317885654 22.41502868398699 22.41502868398699 22.41502868398699 22.41502868398699 22.41502868398699 0.0
15.9 30.0 30.0 30.0 30.0 22.584844317885654 22.39616028022047 22.39616028022047 22.39616028022047 22.39616028022047 22.39616028022047 0.0
16.0 30.0 30.0 30.0 30.0 22.584844317885654 22.377291876453953 22.377291876453953 22.377291876453953 22.377291876453953 22.377291876453953 0.0
16.1 30.0 30.0 30.0 30.0 22.584844317885654 22.358423472687434 22.358423472687434 22.358423472687434 22.358423472687434 22.358423472687434 0.0
16.2 30.0 30.0 30.0 30.0 22.584844317885654 22.339555068920916 22.339555068920916 22.339555068920916 22.339555068920916 22.339555068920916 0.0
16.3 30.0 30.0 30.0 30.0 22.584844317885654 22.320686665154398 22.320686665154398 22.320686665154398 22.320686665154398 22.320686665154398 0.0
16.4 30.0 30.0 30.0 30.0 23.184844317885656 22.30181826138788 22.30181826138788 22.30181826138788 22.30181826138788 22.30181826138788 0.0
16.5 30.0 30.0 30.0 30.0 23.784844317885657 22.28294985762136 22.28294985762136 22.28294985762136 22.28294985762136 22.28294985762136 0.0
16.6 30.0 30.0 30.0 30.0 24.38484431788566 22.264081453854843 22.264081453854843 22.264081453854843 22.264081453854843 22.264081453854843 0.0
16.7 30.0 30.0 30.0 30.0 24.98484431788566 22.245213050088324 22.245213050088324 22.245213050088324 22.245213050088324 22.245213050088324 0.0
16.8 30.0 30.0 30.0 30.0 25.58484431788566 22.226344646321806 22.226344646321806 22.226344646321806 22.226344646321806 22.226344646321806 0.0
16.9 30.0 30.0 30.0 30.0 26.184844317885663 22.226344646321806 22.207476242555288 22.207476242555288 22.207476242555288 22.207476242555288 0.0
17.0 30.0 30.0 30.0 30.0 26.784844317885664 22.226344646321806 22.18860783878877 22.18860783878877 22.18860783878877 22.18860783878877 0.0
17.1 30.0 30.0 30.0 30.0 27.384844317885666 22.226344646321806 22.16973943502225 22.16973943502225 22.16973943502225 22.16973943502225 0.0
17.2 30.0 30.0 30.0 30.0 27.984844317885667 22.226344646321806 22.150871031255733 22.150871031255733 22.150871031255733 22.150871031255733 0.0
17.3 30.0 30.0 30.0 30.0 28.58484431788567 22.226344646321806 22.132002627489214 22.132002627489214 22.132002627489214 22.132002627489214 0.0
17.4 30.0 30.0 30.0 30.0 29.18484431788567 22.226344646321806 22.113134223722696 22.113134223722696 22.113134223722696 22.113134223722696 0.0
17.5 30.0 30.0 30.0 30.0 29.78484431788567 22.226344646321806 22.094265819956178 22.094265819956178 22.094265819956178 22.094265819956178 0.0
17.6 30.0 30.0 30.0 30.0 30.0 22.226344646321806 22.07539741618966 22.07539741618966 22.07539741618966 22.07539741618966 0.0
17.7 30.0 30.0 30.0 30.0 30.0 22.226344646321806 22.05652901242314 22.05652901242314 22.05652901242314 22.05652901242314 0.0
17.8 30.0 30.0 30.0 30.0 30.0 22.226344646321806 22.037660608656623 22.037660608656623 22.037660608656623 22.037660608656623 0.0
17.9 30.0 30.0 30.0 30.0 30.0 22.226344646321806 22.018792204890104 22.018792204890104 22.018792204890104 22.018792204890104 0.0
18.0 30.0 30.0 30.0 30.0 30.0 22.226344646321806 21.999923801123586 21.999923801123586 21.999923801123586 21.999923801123586 0.0
18.1 30.0 30.0 30.0 30.0 30.0 22.226344646321806 21.981055397357068 21.981055397357068 21.981055397357068 21.981055397357068 0.0
18.2 30.0 30.0 30.0 30.0 30.0 22.226344646321806 21.96218699359055 21.96218699359055 21.96218699359055 21.96218699359055 0.0
18.3 30.0 30.0 30.0 30.0 30.0 22.826344646321807 21.94331858982403 21.94331858982403 21.94331858982403 21.94331858982403 0.0
18.4 30.0 30.0 30.0 30.0 30.0 23.42634464632181 21.924450186057513 21.924450186057513 21.924450186057513 21.924450186057513 0.0
18.5 30.0 30.0 30.0 30.0 30.0 24.02634464632181 21.905581782290994 21.905581782290994 21.905581782290994 21.905581782290994 0.0
18.6 30.0 30.0 30.0 30.0 30.0 24.62634464632181 21.886713378524476 21.886713378524476 21.886713378524476 21.886713378524476 0.0
18.7 30.0 30.0 30.0 30.0 30.0 25.226344646321813 21.867844974757958 21.867844974757958 21.867844974757958 21.867844974757958 0.0
18.8 30.0 30.0 30.0 30.0 30.0 25.826344646321814 21.867844974757958 21.84897657099144 21.84897657099144 21.84897657099144 0.0
18.9 30.0 30.0 30.0 30.0 30.0 26.426344646321816 21.867844974757958 21.83010816722492 21.83010816722492 21.83010816722492 0.0
19.0 30.0 30.0 30.0 30.0 30.0 27.026344646321817 21.867844974757958 21.811239763458403 21.811239763458403 21.811239763458403 0.0
19.1 30.0 30.0 30.0 30.0 30.0 27.62634464632182 21.867844974757958 21.792371359691884 21.792371359691884 21.792371359691884 0.0
19.2 30.0 30.0 30.0 30.0 30.0 28.22634464632182 21.867844974757958 21.773502955925366 21.773502955925366 21.773502955925366 0.0
19.3 30.0 30.0 30.0 30.0 30.0 28.82634464632182 21.867844974757958 21.754634552158848 21.754634552158848 21.754634552158848 0.0
19.4 30.0 30.0 30.0 30.0 30.0 29.426344646321823 21.867844974757958 21.73576614839233 21.73576614839233 21.73576614839233 0.0
19.5 30.0 30.0 30.0 30.0 30.0 30.0 21.867844974757958 21.71689774462581 21.71689774462581 21.71689774462581 0.0
19.6 30.0 30.0 30.0 30.0 30.0 30.0 21.867844974757958 21.698029340859293 21.698029340859293 21.698029340859293 0.0
19.7 30.0 30.0 30.0 30.0 30.0 30.0 21.867844974757958 21.679160937092774 21.679160937092774 21.679160937092774 0.0
19.8 30.0 30.0 30.0 30.0 30.0 30.0 21.867844974757958 21.660292533326256 21.660292533326256 21.660292533326256 0.0
19.9 30.0 30.0 30.0 30.0 30.0 30.0 21.867844974757958 21.641424129559738 21.641424129559738 21.641424129559738 0.0
20.0 30.0 30.0 30.0 30.0 30.0 30.0 21.867844974757958 21.62255572579322 21.62255572579322 21.62255572579322 0.0
20.1 30.0 30.0 30.0 30.0 30.0 30.0 21.867844974757958 21.6036873220267 21.6036873220267 21.6036873220267 0.0
20.2 30.0 30.0 30.0 30.0 30.0 30.0 22.46784497475796 21.584818918260183 21.584818918260183 21.584818918260183 0.0
20.3 30.0 30.0 30.0 30.0 30.0 30.0 23.06784497475796 21.565950514493665 21.565950514493665 21.565950514493665 0.0
20.4 30.0 30.0 30.0 30.0 30.0 30.0 23.667844974757962 21.547082110727146 21.547082110727146 21.547082110727146 0.0
20.5 30.0 30.0 30.0 30.0 30.0 30.0 24.267844974757963 21.528213706960628 21.528213706960628 21.528213706960628 0.0
20.6 30.0 30.0 30.0 30.0 30.0 30.0 24.867844974757965 21.50934530319411 21.50934530319411 21.50934530319411 0.0
20.7 30.0 30.0 30.0 30.0 30.0 30.0 25.467844974757966 21.50934530319411 21.49047689942759 21.49047689942759 0.0
20.8 30.0 30.0 30.0 30.0 30.0 30.0 26.067844974757968 21.50934530319411 21.471608495661073 21.471608495661073 0.0
20.9 30.0 30.0 30.0 30.0 30.0 30.0 26.66784497475797 21.50934530319411 21.452740091894555 21.452740091894555 0.0
21.0 30.0 30.0 30.0 30.0 30.0 30.0 27.26784497475797 21.50934530319411 21.433871688128036 21.433871688128036 0.0
21.1 30.0 30.0 30.0 30.0 30.0 30.0 27.867844974757972 21.50934530319411 21.415003284361518 21.415003284361518 0.0
21.2 30.0 30.0 30.0 30.0 30.0 30.0 28.467844974757973 21.50934530319411 21.396134880595 21.396134880595 0.0
21.3 30.0 30.0 30.0 30.0 30.0 30.0 29.067844974757975 21.50934530319411 21.37726647682848 21.37726647682848 0.0
21.4 30.0 30.0 30.0 30.0 30.0 30.0 29.667844974757976 21.50934530319411 21.358398073061963 21.358398073061963 0.0
21.5 30.0 30.0 30.0 30.0 30.0 30.0 30.0 21.50934530319411 21.339529669295445 21.339529669295445 0.0
21.6 30.0 30.0 30.0 30.0 30.0 30.0 30.0 21.50934530319411 21.320661265528926 21.320661265528926 0.0
21.7 30.0 30.0 30.0 30.0 30.0 30.0 30.0 21.50934530319411 21.301792861762408 21.301792861762408 0.0
21.8 30.0 30.0 30.0 30.0 30.0 30.0 30.0 21.50934530319411 21.28292445799589 21.28292445799589 0.0
21.9 30.0 30.0 30.0 30.0 30.0 30.0 30.0 21.50934530319411 21.26405605422937 21.26405605422937 0.0
22.0 30.0 30.0 30.0 30.0 30.0 30.0 30.0 21.50934530319411 21.245187650462853 21.245187650462853 0.0
22.1 30.0 30.0 30.0 30.0 30.0 30.0 30.0 22.10934530319411 21.226319246696335 21.226319246696335 0.0
22.2 30.0 30.0 30.0 30.0 30.0 30.0 30.0 22.709345303194112 21.207450842929816 21.207450842929816 0.0
22.3 30.0 30.0 30.0 30.0 30.0 30.0 30.0 23.309345303194114 21.188582439163298 21.188582439163298 0.0
22.4 30.0 30.0 30.0 30.0 30.0 30.0 30.0 23.909345303194115 21.16971403539678 21.16971403539678 0.0
22.5 30.0 30.0 30.0 30.0 30.0 30.0 30.0 24.509345303194117 21.15084563163026 21.15084563163026 0.0
22.6 30.0 30.0 30.0 30.0 30.0 30.0 30.0 25.109345303194118 21.15084563163026 21.131977227863743 0.0
22.7 30.0 30.0 30.0 30.0 30.0 30.0 30.0 25.70934530319412 21.15084563163026 21.113108824097225 0.0
22.8 30.0 30.0 30.0 30.0 30.0 30.0 30.0 26.30934530319412 21.15084563163026 21.094240420330706 0.0
22.9 30.0 30.0 30.0 30.0 30.0 30.0 30.0 26.909345303194122 21.15084563163026 21.075372016564188 0.0
23.0 30.0 30.0 30.0 30.0 30.0 30.0 30.0 27.509345303194124 21.15084563163026 21.05650361279767 0.0
23.1 30.0 30.0 30.0 30.0 30.0 30.0 30.0 28.109345303194125 21.15084563163026 21.03763520903115 0.0
23.2 30.0 30.0 30.0 30.0 30.0 30.0 30.0 28.709345303194127 21.15084563163026 21.018766805264633 0.0
23.3 30.0 30.0 30.0 30.0 30.0 30.0 30.0 29.309345303194128 21.15084563163026 20.999898401498115 0.0
23.4 30.0 30.0 30.0 30.0 30.0 30.0 30.0 29.90934530319413 21.15084563163026 20.981029997731596 0.0
23.5 30.0 30.0 30.0 30.0 30.0 30.0 30.0 30.0 21.15084563163026 20.962161593965078 0.0
23.6 30.0 30.0 30.0 30.0 30.0 30.0 30.0 30.0 21.15084563163026 20.94329319019856 0.0
23.7 30.0 30.0 30.0 30.0 30.0 30.0 30.0 30.0 21.15084563163026 20.92442478643204 0.0
23.8 30.0 30.0 30.0 30.0 30.0 30.0 30.0 30.0 21.15084563163026 20.905556382665523 0.0
23.9 30.0 30.0 30.0 30.0 30.0 30.0 30.0 30.0 21.15084563163026 20.886687978899005 0.0
24.0 30.0 30.0 30.0 30.0 30.0 30.0 30.0 30.0 21.750845631630263 20.867819575132486 0.0
24.1 30.0 30.0 30.0 30.0 30.0 30.0 30.0 30.0 22.350845631630264 20.848951171365968 0.0
24.2 30.0 30.0 30.0 30.0 30.0 30.0 30.0 30.0 22.950845631630266 20.83008276759945 0.0
24.3 30.0 30.0 30.0 30.0 30.0 30.0 30.0 30.0 23.550845631630267 20.81121436383293 0.0
24.4 30.0 30.0 30.0 30.0 30.0 30.0 30.0 30.0 24.15084563163027 20.792345960066413 0.0
24.5 30.0 30.0 30.0 30.0 30.0 30.0 30.0 30.0 24.75084563163027 20.792345960066413 0.0
24.6 30.0 30.0 30.0 30.0 30.0 30.0 30.0 30.0 25.35084563163027 20.792345960066413 0.0
24.7 30.0 30.0 30.0 30.0 30.0 30.0 30.0 30.0 25.950845631630273 20.792345960066413 0.0
24.8 30.0 30.0 30.0 30.0 30.0 30.0 30.0 30.0 26.550845631630274 20.792345960066413 0.0
24.9 30.0 30.0 30.0 30.0 30.0 30.0 30.0 30.0 27.150845631630276 20.792345960066413 0.0
25.0 30.0 30.0 30.0 30.0 30.0 30.0 30.0 30.0 27.750845631630277 20.792345960066413 0.0
25.1 30.0 30.0 30.0 30.0 30.0 30.0 30.0 30.0 28.35084563163028 20.792345960066413 0.0
25.2 30.0 30.0 30.0 30.0 30.0 30.0 30.0 30.0 28.95084563163028 20.792345960066413 0.0
25.3 30.0 30.0 30.0 30.0 30.0 30.0 30.0 30.0 29.55084563163028 20.792345960066413 0.0
25.4 30.0 30.0 30.0 30.0 30.0 30.0 30.0 30.0 30.0 20.792345960066413 0.0
25.5 30.0 30.0 30.0 30.0 30.0 30.0 30.0 30.0 30.0 20.792345960066413 0.0
25.6 30.0 30.0 30.0 30.0 30.0 30.0 30.0 30.0 30.0 20.792345960066413 0.0
25.7 30.0 30.0 30.0 30.0 30.0 30.0 30.0 30.0 30.0 20.792345960066413 0.0
25.8 30.0 30.0 30.0 30.0 30.0 30.0 30.0 30.0 30.0 20.792345960066413 0.0
25.9 30.0 30.0 30.0 30.0 30.0 30.0 30.0 30.0 30.0 21.392345960066415 0.0
26.0 30.0 30.0 30.0 30.0 30.0 30.0 30.0 30.0 30.0 21.992345960066416 0.0
26.1 30.0 30.0 30.0 30.0 30.0 30.0 30.0 30.0 30.0 22.592345960066417 0.0
26.2 30.0 30.0 30.0 30.0 30.0 30.0 30.0 30.0 30.0 23.19234596006642 0.0
26.3 30.0 30.0 30.0 30.0 30.0 30.0 30.0 30.0 30.0 23.79234596006642 0.0
26.4 30.0 30.0 30.0 30.0 30.0 30.0 30.0 30.0 30.0 24.39234596006642 0.0
26.5 30.0 30.0 30.0 30.0 30.0 30.0 30.0 30.0 30.0 24.992345960066423 0.0
26.6 30.0 30.0 30.0 30.0 30.0 30.0 30.0 30.0 30.0 25.592345960066424 0.0
26.7 30.0 30.0 30.0 30.0 30.0 30.0 30.0 30.0 30.0 26.192345960066426 0.0
26.8 30.0 30.0 30.0 30.0 30.0 30.0 30.0 30.0 30.0 26.792345960066427 0.0
26.9 30.0 30.0 30.0 30.0 30.0 30.0 30.0 30.0 30.0 27.39234596006643 0.0
27.0 30.0 30.0 30.0 30.0 30.0 30.0 30.0 30.0 30.0 27.99234596006643 0.0
27.1 30.0 30.0 30.0 30.0 30.0 30.0 30.0 30.0 30.0 28.59234596006643 0.0
27.2 30.0 30.0 30.0 30.0 30.0 30.0 30.0 30.0 30.0 29.192345960066433 0.0
27.3 30.0 30.0 30.0 30.0 30.0 30.0 30.0 30.0 30.0 29.792345960066434 0.0
27.4 30.0 30.0 30.0 30.0 30.0 30.0 30.0 30.0 30.0 30.0 0.0
27.5 30.0 30.0 30.0 30.0 30.0 30.0 30.0 30.0 30.0 30.0 0.0
27.6 30.0 30.0 30.0 30.0 30.0 30.0 30.0 30.0 30.0 30.0 0.0
27.7 30.0 30.0 30.0 30.0 30.0 30.0 30.0 30.0 30.0 30.0 0.0
27.8 30.0 30.0 30.0 30.0 30.0 30.0 30.0 30.0 30.0 30.0 0.0
27.9 30.0 30.0 30.0 30.0 30.0 30.0 30.0 30.0 30.0 30.0 0.0
28.0 30.0 30.0 30.0 30.0 30.0 30.0 30.0 30.0 30.0 30.0 0.0
28.1 30.0 30.0 30.0 30.0 30.0 30.0 30.0 30.0 30.0 30.0 0.0
28.2 30.0 30.0 30.0 30.0 30.0 30.0 30.0 30.0 30.0 30.0 0.0
28.3 30.0 30.0 30.0 30.0 30.0 30.0 30.0 30.0 30.0 30.0 0.0
28.4 30.0 30.0 30.0 30.0 30.0 30.0 30.0 30.0 30.0 30.0 0.0
28.5 30.0 30.0 30.0 30.0 30.0 30.0 30.0 30.0 30.0 30.0 0.0
28.6 30.0 30.0 30.0 30.0 30.0 30.0 30.0 30.0 30.0 30.0 0.0
28.7 30.0 30.0 30.0 30.0 30.0 30.0 30.0 30.0 30.0 30.0 0.0
28.8 30.0 30.0 30.0 30.0 30.0 30.0 30.0 30.0 30.0 30.0 0.0
28.9 30.0 30.0 30.0 30.0 30.0 30.0 30.0 30.0 30.0 30.0 0.0
29.0 30.0 30.0 30.0 30.0 30.0 30.0 30.0 30.0 30.0 30.0 0.0
29.1 30.0 30.0 30.0 30.0 30.0 30.0 30.0 30.0 30.0 30.0 0.0
29.2 30.0 30.0 30.0 30.0 30.0 30.0 30.0 30.0 30.0 30.0 0.0
29.3 30.0 30.0 30.0 30.0 30.0 30.0 30.0 30.0 30.0 30.0 0.0
29.4 30.0 30.0 30.0 30.0 30.0 30.0 30.0 30.0 30.0 30.0 0.0
29.5 30.0 30.0 30.0 30.0 30.0 30.0 30.0 30.0 30.0 30.0 0.0
29.6 30.0 30.0 30.0 30.0 30.0 30.0 30.0 30.0 30.0 30.0 0.0
29.7 30.0 30.0 30.0 30.0 30.0 30.0 30.0 30.0 30.0 30.0 0.0
29.8 30.0 30.0 30.0 30.0 30.0 30.0 30.0 30.0 30.0 30.0 0.0
29.9 30.0 30.0 30.0 30.0 30.0 30.0 30.0 30.0 30.0 30.0 0.0
30.0 30.0 30.0 30.0 30.0 30.0 30.0 30.0 30.0 30.0 30.0 0.0
30.1 30.0 30.0 30.0 30.0 30.0 30.0 30.0 30.0 30.0 30.0 0.0
30.2 30.0 30.0 30.0 30.0 30.0 30.0 30.0 30.0 30.0 30.0 0.0
30.3 30.0 30.0 30.0 30.0 30.0 30.0 30.0 30.0 30.0 30.0 0.0
30.4 30.0 30.0 30.0 30.0 30.0 30.0 30.0 30.0 30.0 30.0 0.0
30.5 30.0 30.0 30.0 30.0 30.0 30.0 30.0 30.0 30.0 30.0 0.0
30.6 30.0 30.0 30.0 30.0 30.0 30.0 30.0 30.0 30.0 30.0 0.0
30.7 30.0 30.0 30.0 30.0 30.0 30.0 30.0 30.0 30.0 30.0 0.0
30.8 30.0 30.0 30.0 30.0 30.0 30.0 30.0 30.0 30.0 30.0 0.0
30.9 30.0 30.0 30.0 30.0 30.0 30.0 30.0 30.0 30.0 30.0 0.0
31.0 30.0 30.0 30.0 30.0 30.0 30.0 30.0 30.0 30.0 30.0 0.0
31.1 30.0 30.0 30.0 30.0 30.0 30.0 30.0 30.0 30.0 30.0 0.0
31.2 30.0 30.0 30.0 30.0 30.0 30.0 30.0 30.0 30.0 30.0 0.0
31.3 30.0 30.0 30.0 30.0 30.0 30.0 30.0 30.0 30.0 30.0 0.0
31.4 30.0 30.0 30.0 30.0 30.0 30.0 30.0 30.0 30.0 30.0 0.0
31.5 30.0 30.0 30.0 30.0 30.0 30.0 30.0 30.0 30.0 30.0 0.0
31.6 30.0 30.0 30.0 30.0 30.0 30.0 30.0 30.0 30.0 30.0 0.0
31.7 30.0 30.0 30.0 30.0 30.0 30.0 30.0 30.0 30.0 30.0 0.0
31.8 30.0 30.0 30.0 30.0 30.0 30.0 30.0 30.0 30.0 30.0 0.0
31.9 30.0 30.0 30.0 30.0 30.0 30.0 30.0 30.0 30.0 30.0 0.0
32.0 30.0 30.0 30.0 30.0 30.0 30.0 30.0 30.0 30.0 30.0 0.0
32.1 30.0 30.0 30.0 30.0 30.0 30.0 30.0 30.0 30.0 30.0 0.0
32.2 30.0 30.0 30.0 30.0 30.0 30.0 30.0 30.0 30.0 30.0 0.0
32.3 30.0 30.0 30.0 30.0 30.0 30.0 30.0 30.0 30.0 30.0 0.0
32.4 30.0 30.0 30.0 30.0 30.0 30.0 30.0 30.0 30.0 30.0 0.0
32.5 30.0 30.0 30.0 30.0 30.0 30.0 30.0 30.0 30.0 30.0 0.0
32.6 30.0 30.0 30.0 30.0 30.0 30.0 30.0 30.0 30.0 30.0 0.0
32.7 30.0 30.0 30.0 30.0 30.0 30.0 30.0 30.0 30.0 30.0 0.0
32.8 30.0 30.0 30.0 30.0 30.0 30.0 30.0 30.0 30.0 30.0 0.0
32.9 30.0 30.0 30.0 30.0 30.0 30.0 30.0 30.0 30.0 30.0 0.0
33.0 30.0 30.0 30.0 30.0 30.0 30.0 30.0 30.0 30.0 30.0 0.0
33.1 30.0 30.0 30.0 30.0 30.0 30.0 30.0 30.0 30.0 30.0 0.0
33.2 30.0 30.0 30.0 30.0 30.0 30.0 30.0 30.0 30.0 30.0 0.0
33.3 30.0 30.0 30.0 30.0 30.0 30.0 30.0 30.0 30.0 30.0 0.0
33.4 30.0 30.0 30.0 30.0 30.0 30.0 30.0 30.0 30.0 30.0 0.0
33.5 30.0 30.0 30.0 30.0 30.0 30.0 30.0 30.0 30.0 30.0 0.0
33.6 30.0 30.0 30.0 30.0 30.0 30.0 30.0 30.0 30.0 30.0 0.0
33.7 30.0 30.0 30.0 30.0 30.0 30.0 30.0 30.0 30.0 30.0 0.0
33.8 30.0 30.0 30.0 30.0 30.0 30.0 30.0 30.0 30.0 30.0 0.0
33.9 30.0 30.0 30.0 30.0 30.0 30.0 30.0 30.0 30.0 30.0 0.0
34.0 30.0 30.0 30.0 30.0 30.0 30.0 30.0 30.0 30.0 30.0 0.0
34.1 30.0 30.0 30.0 30.0 30.0 30.0 30.0 30.0 30.0 30.0 0.0
34.2 30.0 30.0 30.0 30.0 30.0 30.0 30.0 30.0 30.0 30.0 0.0
34.3 30.0 30.0 30.0 30.0 30.0 30.0 30.0 30.0 30.0 30.0 0.0
34.4 30.0 30.0 30.0 30.0 30.0 30.0 30.0 30.0 30.0 30.0 0.0
34.5 30.0 30.0 30.0 30.0 30.0 30.0 30.0 30.0 30.0 30.0 0.0
34.6 30.0 30.0 30.0 30.0 30.0 30.0 30.0 30.0 30.0 30.0 0.0
34.7 30.0 30.0 30.0 30.0 30.0 30.0 30.0 30.0 30.0 30.0 0.0
34.8 30.0 30.0 30.0 30.0 30.0 30.0 30.0 30.0 30.0 30.0 0.0
34.9 30.0 30.0 30.0 30.0 30.0 30.0 30.0 30.0 30.0 30.0 0.0
35.0 30.0 30.0 30.0 30.0 30.0 30.0 30.0 30.0 30.0 30.0 0.0
35.1 30.0 30.0 30.0 30.0 30.0 30.0 30.0 30.0 30.0 30.0 0.0
35.2 30.0 30.0 30.0 30.0 30.0 30.0 30.0 30.0 30.0 30.0 0.0
35.3 30.0 30.0 30.0 30.0 30.0 30.0 30.0 30.0 30.0 30.0 0.0
35.4 30.0 30.0 30.0 30.0 30.0 30.0 30.0 30.0 30.0 30.0 0.0
35.5 30.0 30.0 30.0 30.0 30.0 30.0 30.0 30.0 30.0 30.0 0.0
35.6 30.0 30.0 30.0 30.0 30.0 30.0 30.0 30.0 30.0 30.0 0.0
35.7 30.0 30.0 30.0 30.0 30.0 30.0 30.0 30.0 30.0 30.0 0.0
35.8 30.0 30.0 30.0 30.0 30.0 30.0 30.0 30.0 30.0 30.0 0.0
35.9 30.0 30.0 30.0 30.0 30.0 30.0 30.0 30.0 30.0 30.0 0.0
36.0 30.0 30.0 30.0 30.0 30.0 30.0 30.0 30.0 30.0 30.0 0.0
36.1 30.0 30.0 30.0 30.0 30.0 30.0 30.0 30.0 30.0 30.0 0.0
36.2 30.0 30.0 30.0 30.0 30.0 30.0 30.0 30.0 30.0 30.0 0.0
36.3 30.0 30.0 30.0 30.0 30.0 30.0 30.0 30.0 30.0 30.0 0.0
36.4 30.0 30.0 30.0 30.0 30.0 30.0 30.0 30.0 30.0 30.0 0.0
36.5 30.0 30.0 30.0 30.0 30.0 30.0 30.0 30.0 30.0 30.0 0.0
36.6 30.0 30.0 30.0 30.0 30.0 30.0 30.0 30.0 30.0 30.0 0.0
36.7 30.0 30.0 30.0 30.0 30.0 30.0 30.0 30.0 30.0 30.0 0.0
36.8 30.0 30.0 30.0 30.0 30.0 30.0 30.0 30.0 30.0 30.0 0.0
36.9 30.0 30.0 30.0 30.0 30.0 30.0 30.0 30.0 30.0 30.0 0.0
37.0 30.0 30.0 30.0 30.0 30.0 30.0 30.0 30.0 30.0 30.0 0.0
37.1 30.0 30.0 30.0 30.0 30.0 30.0 30.0 30.0 30.0 30.0 0.0
37.2 30.0 30.0 30.0 30.0 30.0 30.0 30.0 30.0 30.0 30.0 0.0
37.3 30.0 30.0 30.0 30.0 30.0 30.0 30.0 30.0 30.0 30.0 0.0
37.4 30.0 30.0 30.0 30.0 30.0 30.0 30.0 30.0 30.0 30.0 0.0
37.5 30.0 30.0 30.0 30.0 30.0 30.0 30.0 30.0 30.0 30.0 0.0
37.6 30.0 30.0 30.0 30.0 30.0 30.0 30.0 30.0 30.0 30.0 0.0
37.7 30.0 30.0 30.0 30.0 30.0 30.0 30.0 30.0 30.0 30.0 0.0
37.8 30.0 30.0 30.0 30.0 30.0 30.0 30.0 30.0 30.0 30.0 0.0
37.9 30.0 30.0 30.0 30.0 30.0 30.0 30.0 30.0 30.0 30.0 0.0
38.0 30.0 30.0 30.0 30.0 30.0 30.0 30.0 30.0 30.0 30.0 0.0
38.1 30.0 30.0 30.0 30.0 30.0 30.0 30.0 30.0 30.0 30.0 0.0
38.2 30.0 30.0 30.0 30.0 30.0 30.0 30.0 30.0 30.0 30.0 0.0
38.3 30.0 30.0 30.0 30.0 30.0 30.0 30.0 30.0 30.0 30.0 0.0
38.4 30.0 30.0 30.0 30.0 30.0 30.0 30.0 30.0 30.0 30.0 0.0
38.5 30.0 30.0 30.0 30.0 30.0 30.0 30.0 30.0 30.0 30.0 0.0
38.6 30.0 30.0 30.0 30.0 30.0 30.0 30.0 30.0 30.0 30.0 0.0
38.7 30.0 30.0 30.0 30.0 30.0 30.0 30.0 30.0 30.0 30.0 0.0
38.8 30.0 30.0 30.0 30.0 30.0 30.0 30.0 30.0 30.0 30.0 0.0
38.9 30.0 30.0 30.0 30.0 30.0 30.0 30.0 30.0 30.0 30.0 0.0
39.0 30.0 30.0 30.0 30.0 30.0 30.0 30.0 30.0 30.0 30.0 0.0
39.1 30.0 30.0 30.0 30.0 30.0 30.0 30.0 30.0 30.0 30.0 0.0
39.2 30.0 30.0 30.0 30.0 30.0 30.0 30.0 30.0 30.0 30.0 0.0
39.3 30.0 30.0 30.0 30.0 30.0 30.0 30.0 30.0 30.0 30.0 0.0
39.4 30.0 30.0 30.0 30.0 30.0 30.0 30.0 30.0 30.0 30.0 0.0
39.5 30.0 30.0 30.0 30.0 30.0 30.0 30.0 30.0 30.0 30.0 0.0
39.6 30.0 30.0 30.0 30.0 30.0 30.0 30.0 30.0 30.0 30.0 0.0
39.7 30.0 30.0 30.0 30.0 30.0 30.0 30.0 30.0 30.0 30.0 0.0
39.8 30.0 30.0 30.0 30.0 30.0 30.0 30.0 30.0 30.0 30.0 0.0
39.9 30.0 30.0 30.0 30.0 30.0 30.0 30.0 30.0 30.0 30.0 0.0
40.0 30.0 30.0 30.0 30.0 30.0 30.0 30.0 30.0 30.0 30.0 0.0
40.1 30.0 30.0 30.0 30.0 30.0 30.0 30.0 30.0 30.0 30.0 0.0
40.2 30.0 30.0 30.0 30.0 30.0 30.0 30.0 30.0 30.0 30.0 0.0
40.3 30.0 30.0 30.0 30.0 30.0 30.0 30.0 30.0 30.0 30.0 0.0
40.4 30.0 30.0 30.0 30.0 30.0 30.0 30.0 30.0 30.0 30.0 0.0
40.5 30.0 30.0 30.0 30.0 30.0 30.0 30.0 30.0 30.0 30.0 0.0
40.6 30.0 30.0 30.0 30.0 30.0 30.0 30.0 30.0 30.0 30.0 0.0
40.7 30.0 30.0 30.0 30.0 30.0 30.0 30.0 30.0 30.0 30.0 0.0
40.8 30.0 30.0 30.0 30.0 30.0 30.0 30.0 30.0 30.0 30.0 0.0
40.9 30.0 30.0 30.0 30.0 30.0 30.0 30.0 30.0 30.0 30.0 0.0
41.0 30.0 30.0 30.0 30.0 30.0 30.0 30.0 30.0 30.0 30.0 0.0
41.1 30.0 30.0 30.0 30.0 30.0 30.0 30.0 30.0 30.0 30.0 0.0
41.2 30.0 30.0 30.0 30.0 30.0 30.0 30.0 30.0 30.0 30.0 0.0
41.3 30.0 30.0 30.0 30.0 30.0 30.0 30.0 30.0 30.0 30.0 0.0
41.4 30.0 30.0 30.0 30.0 30.0 30.0 30.0 30.0 30.0 30.0 0.0
41.5 30.0 30.0 30.0 30.0 30.0 30.0 30.0 30.0 30.0 30.0 0.0
41.6 30.0 30.0 30.0 30.0 30.0 30.0 30.0 30.0 30.0 30.0 0.0
41.7 30.0 30.0 30.0 30.0 30.0 30.0 30.0 30.0 30.0 30.0 0.0
41.8 30.0 30.0 30.0 30.0 30.0 30.0 30.0 30.0 30.0 30.0 0.0
41.9 30.0 30.0 30.0 30.0 30.0 30.0 30.0 30.0 30.0 30.0 0.0
42.0 30.0 30.0 30.0 30.0 30.0 30.0 30.0 30.0 30.0 30.0 0.0
42.1 30.0 30.0 30.0 30.0 30.0 30.0 30.0 30.0 30.0 30.0 0.0
42.2 30.0 30.0 30.0 30.0 30.0 30.0 30.0 30.0 30.0 30.0 0.0
42.3 30.0 30.0 30.0 30.0 30.0 30.0 30.0 30.0 30.0 30.0 0.0
42.4 30.0 30.0 30.0 30.0 30.0 30.0 30.0 30.0 30.0 30.0 0.0
42.5 30.0 30.0 30.0 30.0 30.0 30.0 30.0 30.0 30.0 30.0 0.0
42.6 30.0 30.0 30.0 30.0 30.0 30.0 30.0 30.0 30.0 30.0 0.0
42.7 30.0 30.0 30.0 30.0 30.0 30.0 30.0 30.0 30.0 30.0 0.0
42.8 30.0 30.0 30.0 30.0 30.0 30.0 30.0 30.0 30.0 30.0 0.0
42.9 30.0 30.0 30.0 30.0 30.0 30.0 30.0 30.0 30.0 30.0 0.0
43.0 30.0 30.0 30.0 30.0 30.0 30.0 30.0 30.0 30.0 30.0 0.0
43.1 30.0 30.0 30.0 30.0 30.0 30.0 30.0 30.0 30.0 30.0 0.0
43.2 30.0 30.0 30.0 30.0 30.0 30.0 30.0 30.0 30.0 30.0 0.0
43.3 30.0 30.0 30.0 30.0 30.0 30.0 30.0 30.0 30.0 30.0 0.0
43.4 30.0 30.0 30.0 30.0 30.0 30.0 30.0 30.0 30.0 30.0 0.0
43.5 30.0 30.0 30.0 30.0 30.0 30.0 30.0 30.0 30.0 30.0 0.0
43.6 30.0 30.0 30.0 30.0 30.0 30.0 30.0 30.0 30.0 30.0 0.0
43.7 30.0 30.0 30.0 30.0 30.0 30.0 30.0 30.0 30.0 30.0 0.0
43.8 30.0 30.0 30.0 30.0 30.0 30.0 30.0 30.0 30.0 30.0 0.0
43.9 30.0 30.0 30.0 30.0 30.0 30.0 30.0 30.0 30.0 30.0 0.0
44.0 30.0 30.0 30.0 30.0 30.0 30.0 30.0 30.0 30.0 30.0 0.0
44.1 30.0 30.0 30.0 30.0 30.0 30.0 30.0 30.0 30.0 30.0 0.0
44.2 30.0 30.0 30.0 30.0 30.0 30.0 30.0 30.0 30.0 30.0 0.0
44.3 30.0 30.0 30.0 30.0 30.0 30.0 30.0 30.0 30.0 30.0 0.0
44.4 30.0 30.0 30.0 30.0 30.0 30.0 30.0 30.0 30.0 30.0 0.0
44.5 30.0 30.0 30.0 30.0 30.0 30.0 30.0 30.0 30.0 30.0 0.0
44.6 30.0 30.0 30.0 30.0 30.0 30.0 30.0 30.0 30.0 30.0 0.0
44.7 30.0 30.0 30.0 30.0 30.0 30.0 30.0 30.0 30.0 30.0 0.0
44.8 30.0 30.0 30.0 30.0 30.0 30.0 30.0 30.0 30.0 30.0 0.0
44.9 30.0 30.0 30.0 30.0 30.0 30.0 30.0 30.0 30.0 30.0 0.0
45.0 30.0 30.0 30.0 30.0 30.0 30.0 30.0 30.0 30.0 30.0 0.0
45.1 30.0 30.0 30.0 30.0 30.0 30.0 30.0 30.0 30.0 30.0 0.0
45.2 30.0 30.0 30.0 30.0 30.0 30.0 30.0 30.0 30.0 30.0 0.0
45.3 30.0 30.0 30.0 30.0 30.0 30.0 30.0 30.0 30.0 30.0 0.0
45.4 30.0 30.0 30.0 30.0 30.0 30.0 30.0 30.0 30.0 30.0 0.0
45.5 30.0 30.0 30.0 30.0 30.0 30.0 30.0 30.0 30.0 30.0 0.0
45.6 30.0 30.0 30.0 30.0 30.0 30.0 30.0 30.0 30.0 30.0 0.0
45.7 30.0 30.0 30.0 30.0 30.0 30.0 30.0 30.0 30.0 30.0 0.0
45.8 30.0 30.0 30.0 30.0 30.0 30.0 30.0 30.0 30.0 30.0 0.0
45.9 30.0 30.0 30.0 30.0 30.0 30.0 30.0 30.0 30.0 30.0 0.0
46.0 30.0 30.0 30.0 30.0 30.0 30.0 30.0 30.0 30.0 30.0 0.0
46.1 30.0 30.0 30.0 30.0 30.0 30.0 30.0 30.0 30.0 30.0 0.0
46.2 30.0 30.0 30.0 30.0 30.0 30.0 30.0 30.0 30.0 30.0 0.0
46.3 30.0 30.0 30.0 30.0 30.0 30.0 30.0 30.0 30.0 30.0 0.0
46.4 30.0 30.0 30.0 30.0 30.0 30.0 30.0 30.0 30.0 30.0 0.0
46.5 30.0 30.0 30.0 30.0 30.0 30.0 30.0 30.0 30.0 30.0 0.0
46.6 30.0 30.0 30.0 30.0 30.0 30.0 30.0 30.0 30.0 30.0 0.0
46.7 30.0 30.0 30.0 30.0 30.0 30.0 30.0 30.0 30.0 30.0 0.0
46.8 30.0 30.0 30.0 30.0 30.0 30.0 30.0 30.0 30.0 30.0 0.0
46.9 30.0 30.0 30.0 30.0 30.0 30.0 30.0 30.0 30.0 30.0 0.0
47.0 30.0 30.0 30.0 30.0 30.0 30.0 30.0 30.0 30.0 30.0 0.0
47.1 30.0 30.0 30.0 30.0 30.0 30.0 30.0 30.0 30.0 30.0 0.0
47.2 30.0 30.0 30.0 30.0 30.0 30.0 30.0 30.0 30.0 30.0 0.0
47.3 30.0 30.0 30.0 30.0 30.0 30.0 30.0 30.0 30.0 30.0 0.0
47.4 30.0 30.0 30.0 30.0 30.0 30.0 30.0 30.0 30.0 30.0 0.0
47.5 30.0 30.0 30.0 30.0 30.0 30.0 30.0 30.0 30.0 30.0 0.0
47.6 30.0 30.0 30.0 30.0 30.0 30.0 30.0 30.0 30.0 30.0 0.0
47.7 30.0 30.0 30.0 30.0 30.0 30.0 30.0 30.0 30.0 30.0 0.0
47.8 30.0 30.0 30.0 30.0 30.0 30.0 30.0 30.0 30.0 30.0 0.0
47.9 30.0 30.0 30.0 30.0 30.0 30.0 30.0 30.0 30.0 30.0 0.0
48.0 30.0 30.0 30.0 30.0 30.0 30.0 30.0 30.0 30.0 30.0 0.0
48.1 30.0 30.0 30.0 30.0 30.0 30.0 30.0 30.0 30.0 30.0 0.0
48.2 30.0 30.0 30.0 30.0 30.0 30.0 30.0 30.0 30.0 30.0 0.0
48.3 30.0 30.0 30.0 30.0 30.0 30.0 30.0 30.0 30.0 30.0 0.0
48.4 30.0 30.0 30.0 30.0 30.0 30.0 30.0 30.0 30.0 30.0 0.0
48.5 30.0 30.0 30.0 30.0 30.0 30.0 30.0 30.0 30.0 30.0 0.0
48.6 30.0 30.0 30.0 30.0 30.0 30.0 30.0 30.0 30.0 30.0 0.0
48.7 30.0 30.0 30.0 30.0 30.0 30.0 30.0 30.0 30.0 30.0 0.0
48.8 30.0 30.0 30.0 30.0 30.0 30.0 30.0 30.0 30.0 30.0 0.0
48.9 30.0 30.0 30.0 30.0 30.0 30.0 30.0 30.0 30.0 30.0 0.0
49.0 30.0 30.0 30.0 30.0 30.0 30.0 30.0 30.0 30.0 30.0 0.0
49.1 30.0 30.0 30.0 30.0 30.0 30.0 30.0 30.0 30.0 30.0 0.0
49.2 30.0 30.0 30.0 30.0 30.0 30.0 30.0 30.0 30.0 30.0 0.0
49.3 30.0 30.0 30.0 30.0 30.0 30.0 30.0 30.0 30.0 30.0 0.0
49.4 30.0 30.0 30.0 30.0 30.0 30.0 30.0 30.0 30.0 30.0 0.0
49.5 30.0 30.0 30.0 30.0 30.0 30.0 30.0 30.0 30.0 30.0 0.0
49.6 30.0 30.0 30.0 30.0 30.0 30.0 30.0 30.0 30.0 30.0 0.0
49.7 30.0 30.0 30.0 30.0 30.0 30.0 30.0 30.0 30.0 30.0 0.0
49.8 30.0 30.0 30.0 30.0 30.0 30.0 30.0 30.0 30.0 30.0 0.0
49.9 30.0 30.0 30.0 30.0 30.0 30.0 30.0 30.0 30.0 30.0 0.0
50.0 30.0 30.0 30.0 30.0 30.0 30.0 30.0 30.0 30.0 30.0 0.0
50.1 30.0 30.0 30.0 30.0 30.0 30.0 30.0 30.0 30.0 30.0 0.0
50.2 30.0 30.0 30.0 30.0 30.0 30.0 30.0 30.0 30.0 30.0 0.0
50.3 30.0 30.0 30.0 30.0 30.0 30.0 30.0 30.0 30.0 30.0 0.0
50.4 30.0 30.0 30.0 30.0 30.0 30.0 30.0 30.0 30.0 30.0 0.0
50.5 30.0 30.0 30.0 30.0 30.0 30.0 30.0 30.0 30.0 30.0 0.0
50.6 30.0 30.0 30.0 30.0 30.0 30.0 30.0 30.0 30.0 30.0 0.0
50.7 30.0 30.0 30.0 30.0 30.0 30.0 30.0 30.0 30.0 30.0 0.0
50.8 30.0 30.0 30.0 30.0 30.0 30.0 30.0 30.0 30.0 30.0 0.0
50.9 30.0 30.0 30.0 30.0 30.0 30.0 30.0 30.0 30.0 30.0 0.0
51.0 30.0 30.0 30.0 30.0 30.0 30.0 30.0 30.0 30.0 30.0 0.0
51.1 30.0 30.0 30.0 30.0 30.0 30.0 30.0 30.0 30.0 30.0 0.0
51.2 30.0 30.0 30.0 30.0 30.0 30.0 30.0 30.0 30.0 30.0 0.0
51.3 30.0 30.0 30.0 30.0 30.0 30.0 30.0 30.0 30.0 30.0 0.0
51.4 30.0 30.0 30.0 30.0 30.0 30.0 30.0 30.0 30.0 30.0 0.0
51.5 30.0 30.0 30.0 30.0 30.0 30.0 30.0 30.0 30.0 30.0 0.0
51.6 30.0 30.0 30.0 30.0 30.0 30.0 30.0 30.0 30.0 30.0 0.0
51.7 30.0 30.0 30.0 30.0 30.0 30.0 30.0 30.0 30.0 30.0 0.0
51.8 30.0 30.0 30.0 30.0 30.0 30.0 30.0 30.0 30.0 30.0 0.0
51.9 30.0 30.0 30.0 30.0 30.0 30.0 30.0 30.0 30.0 30.0 0.0
52.0 30.0 30.0 30.0 30.0 30.0 30.0 30.0 30.0 30.0 30.0 0.0
52.1 30.0 30.0 30.0 30.0 30.0 30.0 30.0 30.0 30.0 30.0 0.0
52.2 30.0 30.0 30.0 30.0 30.0 30.0 30.0 30.0 30.0 30.0 0.0
52.3 30.0 30.0 30.0 30.0 30.0 30.0 30.0 30.0 30.0 30.0 0.0
52.4 30.0 30.0 30.0 30.0 30.0 30.0 30.0 30.0 30.0 30.0 0.0
52.5 30.0 30.0 30.0 30.0 30.0 30.0 30.0 30.0 30.0 30.0 0.0
52.6 30.0 30.0 30.0 30.0 30.0 30.0 30.0 30.0 30.0 30.0 0.0
52.7 30.0 30.0 30.0 30.0 30.0 30.0 30.0 30.0 30.0 30.0 0.0
52.8 30.0 30.0 30.0 30.0 30.0 30.0 30.0 30.0 30.0 30.0 0.0
52.9 30.0 30.0 30.0 30.0 30.0 30.0 30.0 30.0 30.0 30.0 0.0
53.0 30.0 30.0 30.0 30.0 30.0 30.0 30.0 30.0 30.0 30.0 0.0
53.1 30.0 30.0 30.0 30.0 30.0 30.0 30.0 30.0 30.0 30.0 0.0
53.2 30.0 30.0 30.0 30.0 30.0 30.0 30.0 30.0 30.0 30.0 0.0
53.3 30.0 30.0 30.0 30.0 30.0 30.0 30.0 30.0 30.0 30.0 0.0
53.4 30.0 30.0 30.0 30.0 30.0 30.0 30.0 30.0 30.0 30.0 0.0
53.5 30.0 30.0 30.0 30.0 30.0 30.0 30.0 30.0 30.0 30.0 0.0
53.6 30.0 30.0 30.0 30.0 30.0 30.0 30.0 30.0 30.0 30.0 0.0
53.7 30.0 30.0 30.0 30.0 30.0 30.0 30.0 30.0 30.0 30.0 0.0
53.8 30.0 30.0 30.0 30.0 30.0 30.0 30.0 30.0 30.0 30.0 0.0
53.9 30.0 30.0 30.0 30.0 30.0 30.0 30.0 30.0 30.0 30.0 0.0
54.0 30.0 30.0 30.0 30.0 30.0 30.0 30.0 30.0 30.0 30.0 0.0
54.1 30.0 30.0 30.0 30.0 30.0 30.0 30.0 30.0 30.0 30.0 0.0
54.2 30.0 30.0 30.0 30.0 30.0 30.0 30.0 30.0 30.0 30.0 0.0
54.3 30.0 30.0 30.0 30.0 30.0 30.0 30.0 30.0 30.0 30.0 0.0
54.4 30.0 30.0 30.0 30.0 30.0 30.0 30.0 30.0 30.0 30.0 0.0
54.5 30.0 30.0 30.0 30.0 30.0 30.0 30.0 30.0 30.0 30.0 0.0
54.6 30.0 30.0 30.0 30.0 30.0 30.0 30.0 30.0 30.0 30.0 0.0
54.7 30.0 30.0 30.0 30.0 30.0 30.0 30.0 30.0 30.0 30.0 0.0
54.8 30.0 30.0 30.0 30.0 30.0 30.0 30.0 30.0 30.0 30.0 0.0
54.9 30.0 30.0 30.0 30.0 30.0 30.0 30.0 30.0 30.0 30.0 0.0
55.0 30.0 30.0 30.0 30.0 30.0 30.0 30.0 30.0 30.0 30.0 0.0
55.1 30.0 30.0 30.0 30.0 30.0 30.0 30.0 30.0 30.0 30.0 0.0
55.2 30.0 30.0 30.0 30.0 30.0 30.0 30.0 30.0 30.0 30.0 0.0
55.3 30.0 30.0 30.0 30.0 30.0 30.0 30.0 30.0 30.0 30.0 0.0
55.4 30.0 30.0 30.0 30.0 30.0 30.0 30.0 30.0 30.0 30.0 0.0
55.5 30.0 30.0 30.0 30.0 30.0 30.0 30.0 30.0 30.0 30.0 0.0
55.6 30.0 30.0 30.0 30.0 30.0 30.0 30.0 30.0 30.0 30.0 0.0
55.7 30.0 30.0 30.0 30.0 30.0 30.0 30.0 30.0 30.0 30.0 0.0
55.8 30.0 30.0 30.0 30.0 30.0 30.0 30.0 30.0 30.0 30.0 0.0
55.9 30.0 30.0 30.0 30.0 30.0 30.0 30.0 30.0 30.0 30.0 0.0
56.0 30.0 30.0 30.0 30.0 30.0 30.0 30.0 30.0 30.0 30.0 0.0
56.1 30.0 30.0 30.0 30.0 30.0 30.0 30.0 30.0 30.0 30.0 0.0
56.2 30.0 30.0 30.0 30.0 30.0 30.0 30.0 30.0 30.0 30.0 0.0
56.3 30.0 30.0 30.0 30.0 30.0 30.0 30.0 30.0 30.0 30.0 0.0
56.4 30.0 30.0 30.0 30.0 30.0 30.0 30.0 30.0 30.0 30.0 0.0
56.5 30.0 30.0 30.0 30.0 30.0 30.0 30.0 30.0 30.0 30.0 0.0
56.6 30.0 30.0 30.0 30.0 30.0 30.0 30.0 30.0 30.0 30.0 0.0
56.7 30.0 30.0 30.0 30.0 30.0 30.0 30.0 30.0 30.0 30.0 0.0
56.8 30.0 30.0 30.0 30.0 30.0 30.0 30.0 30.0 30.0 30.0 0.0
56.9 30.0 30.0 30.0 30.0 30.0 30.0 30.0 30.0 30.0 30.0 0.0
57.0 30.0 30.0 30.0 30.0 30.0 30.0 30.0 30.0 30.0 30.0 0.0
57.1 30.0 30.0 30.0 30.0 30.0 30.0 30.0 30.0 30.0 30.0 0.0
57.2 30.0 30.0 30.0 30.0 30.0 30.0 30.0 30.0 30.0 30.0 0.0
57.3 30.0 30.0 30.0 30.0 30.0 30.0 30.0 30.0 30.0 30.0 0.0
57.4 30.0 30.0 30.0 30.0 30.0 30.0 30.0 30.0 30.0 30.0 0.0
57.5 30.0 30.0 30.0 30.0 30.0 30.0 30.0 30.0 30.0 30.0 0.0
57.6 30.0 30.0 30.0 30.0 30.0 30.0 30.0 30.0 30.0 30.0 0.0
57.7 30.0 30.0 30.0 30.0 30.0 30.0 30.0 30.0 30.0 30.0 0.0
57.8 30.0 30.0 30.0 30.0 30.0 30.0 30.0 30.0 30.0 30.0 0.0
57.9 30.0 30.0 30.0 30.0 30.0 30.0 30.0 30.0 30.0 30.0 0.0
58.0 30.0 30.0 30.0 30.0 30.0 30.0 30.0 30.0 30.0 30.0 0.0
58.1 30.0 30.0 30.0 30.0 30.0 30.0 30.0 30.0 30.0 30.0 0.0
58.2 30.0 30.0 30.0 30.0 30.0 30.0 30.0 30.0 30.0 30.0 0.0
58.3 30.0 30.0 30.0 30.0 30.0 30.0 30.0 30.0 30.0 30.0 0.0
58.4 30.0 30.0 30.0 30.0 30.0 30.0 30.0 30.0 30.0 30.0 0.0
58.5 30.0 30.0 30.0 30.0 30.0 30.0 30.0 30.0 30.0 30.0 0.0
58.6 30.0 30.0 30.0 30.0 30.0 30.0 30.0 30.0 30.0 30.0 0.0
58.7 30.0 30.0 30.0 30.0 30.0 30.0 30.0 30.0 30.0 30.0 0.0
58.8 30.0 30.0 30.0 30.0 30.0 30.0 30.0 30.0 30.0 30.0 0.0
58.9 30.0 30.0 30.0 30.0 30.0 30.0 30.0 30.0 30.0 30.0 0.0
59.0 30.0 30.0 30.0 30.0 30.0 30.0 30.0 30.0 30.0 30.0 0.0
59.1 30.0 30.0 30.0 30.0 30.0 30.0 30.0 30.0 30.0 30.0 0.0
59.2 30.0 30.0 30.0 30.0 30.0 30.0 30.0 30.0 30.0 30.0 0.0
59.3 30.0 30.0 30.0 30.0 30.0 30.0 30.0 30.0 30.0 30.0 0.0
59.4 30.0 30.0 30.0 30.0 30.0 30.0 30.0 30.0 30.0 30.0 0.0
59.5 30.0 30.0 30.0 30.0 30.0 30.0 30.0 30.0 30.0 30.0 0.0
59.6 30.0 30.0 30.0 30.0 30.0 30.0 30.0 30.0 30.0 30.0 0.0
59.7 30.0 30.0 30.0 30.0 30.0 30.0 30.0 30.0 30.0 30.0 0.0
59.8 30.0 30.0 30.0 30.0 30.0 30.0 30.0 30.0 30.0 30.0 0.0
59.9 30.0 30.0 30.0 30.0 30.0 30.0 30.0 30.0 30.0 30.0 0.0
60.0 30.0 30.0 30.0 30.0 30.0 30.0 30.0 30.0 30.0 30.0 0.0
60.1 30.0 30.0 30.0 30.0 30.0 30.0 30.0 30.0 30.0 30.0 0.0
60.2 30.0 30.0 30.0 30.0 30.0 30.0 30.0 30.0 30.0 30.0 0.0
60.3 30.0 30.0 30.0 30.0 30.0 30.0 30.0 30.0 30.0 30.0 0.0
60.4 30.0 30.0 30.0 30.0 30.0 30.0 30.0 30.0 30.0 30.0 0.0
60.5 30.0 30.0 30.0 30.0 30.0 30.0 30.0 30.0 30.0 30.0 0.0
60.6 30.0 30.0 30.0 30.0 30.0 30.0 30.0 30.0 30.0 30.0 0.0
60.7 30.0 30.0 30.0 30.0 30.0 30.0 30.0 30.0 30.0 30.0 0.0
60.8 30.0 30.0 30.0 30.0 30.0 30.0 30.0 30.0 30.0 30.0 0.0
60.9 30.0 30.0 30.0 30.0 30.0 30.0 30.0 30.0 30.0 30.0 0.0
61.0 30.0 30.0 30.0 30.0 30.0 30.0 30.0 30.0 30.0 30.0 0.0
61.1 30.0 30.0 30.0 30.0 30.0 30.0 30.0 30.0 30.0 30.0 0.0
61.2 30.0 30.0 30.0 30.0 30.0 30.0 30.0 30.0 30.0 30.0 0.0
61.3 30.0 30.0 30.0 30.0 30.0 30.0 30.0 30.0 30.0 30.0 0.0
61.4 30.0 30.0 30.0 30.0 30.0 30.0 30.0 30.0 30.0 30.0 0.0
61.5 30.0 30.0 30.0 30.0 30.0 30.0 30.0 30.0 30.0 30.0 0.0
61.6 30.0 30.0 30.0 30.0 30.0 30.0 30.0 30.0 30.0 30.0 0.0
61.7 30.0 30.0 30.0 30.0 30.0 30.0 30.0 30.0 30.0 30.0 0.0
61.8 30.0 30.0 30.0 30.0 30.0 30.0 30.0 30.0 30.0 30.0 0.0
61.9 30.0 30.0 30.0 30.0 30.0 30.0 30.0 30.0 30.0 30.0 0.0
62.0 30.0 30.0 30.0 30.0 30.0 30.0 30.0 30.0 30.0 30.0 0.0
62.1 30.0 30.0 30.0 30.0 30.0 30.0 30.0 30.0 30.0 30.0 0.0
62.2 30.0 30.0 30.0 30.0 30.0 30.0 30.0 30.0 30.0 30.0 0.0
62.3 30.0 30.0 30.0 30.0 30.0 30.0 30.0 30.0 30.0 30.0 0.0
62.4 30.0 30.0 30.0 30.0 30.0 30.0 30.0 30.0 30.0 30.0 0.0
62.5 30.0 30.0 30.0 30.0 30.0 30.0 30.0 30.0 30.0 30.0 0.0
62.6 30.0 30.0 30.0 30.0 30.0 30.0 30.0 30.0 30.0 30.0 0.0
62.7 30.0 30.0 30.0 30.0 30.0 30.0 30.0 30.0 30.0 30.0 0.0
62.8 30.0 30.0 30.0 30.0 30.0 30.0 30.0 30.0 30.0 30.0 0.0
62.9 30.0 30.0 30.0 30.0 30.0 30.0 30.0 30.0 30.0 30.0 0.0
63.0 30.0 30.0 30.0 30.0 30.0 30.0 30.0 30.0 30.0 30.0 0.0
63.1 30.0 30.0 30.0 30.0 30.0 30.0 30.0 30.0 30.0 30.0 0.0
63.2 30.0 30.0 30.0 30.0 30.0 30.0 30.0 30.0 30.0 30.0 0.0
63.3 30.0 30.0 30.0 30.0 30.0 30.0 30.0 30.0 30.0 30.0 0.0
63.4 30.0 30.0 30.0 30.0 30.0 30.0 30.0 30.0 30.0 30.0 0.0
63.5 30.0 30.0 30.0 30.0 30.0 30.0 30.0 30.0 30.0 30.0 0.0
63.6 30.0 30.0 30.0 30.0 30.0 30.0 30.0 30.0 30.0 30.0 0.0
63.7 30.0 30.0 30.0 30.0 30.0 30.0 30.0 30.0 30.0 30.0 0.0
63.8 30.0 30.0 30.0 30.0 30.0 30.0 30.0 30.0 30.0 30.0 0.0
63.9 30.0 30.0 30.0 30.0 30.0 30.0 30.0 30.0 30.0 30.0 0.0
64.0 30.0 30.0 30.0 30.0 30.0 30.0 30.0 30.0 30.0 30.0 0.0
64.1 30.0 30.0 30.0 30.0 30.0 30.0 30.0 30.0 30.0 30.0 0.0
64.2 30.0 30.0 30.0 30.0 30.0 30.0 30.0 30.0 30.0 30.0 0.0
64.3 30.0 30.0 30.0 30.0 30.0 30.0 30.0 30.0 30.0 30.0 0.0
64.4 30.0 30.0 30.0 30.0 30.0 30.0 30.0 30.0 30.0 30.0 0.0
64.5 30.0 30.0 30.0 30.0 30.0 30.0 30.0 30.0 30.0 30.0 0.0
64.6 30.0 30.0 30.0 30.0 30.0 30.0 30.0 30.0 30.0 30.0 0.0
64.7 30.0 30.0 30.0 30.0 30.0 30.0 30.0 30.0 30.0 30.0 0.0
64.8 30.0 30.0 30.0 30.0 30.0 30.0 30.0 30.0 30.0 30.0 0.0
64.9 30.0 30.0 30.0 30.0 30.0 30.0 30.0 30.0 30.0 30.0 0.0
65.0 30.0 30.0 30.0 30.0 30.0 30.0 30.0 30.0 30.0 30.0 0.0
65.1 30.0 30.0 30.0 30.0 30.0 30.0 30.0 30.0 30.0 30.0 0.0
65.2 30.0 30.0 30.0 30.0 30.0 30.0 30.0 30.0 30.0 30.0 0.0
65.3 30.0 30.0 30.0 30.0 30.0 30.0 30.0 30.0 30.0 30.0 0.0
65.4 30.0 30.0 30.0 30.0 30.0 30.0 30.0 30.0 30.0 30.0 0.0
65.5 30.0 30.0 30.0 30.0 30.0 30.0 30.0 30.0 30.0 30.0 0.0
65.6 30.0 30.0 30.0 30.0 30.0 30.0 30.0 30.0 30.0 30.0 0.0
65.7 30.0 30.0 30.0 30.0 30.0 30.0 30.0 30.0 30.0 30.0 0.0
65.8 30.0 30.0 30.0 30.0 30.0 30.0 30.0 30.0 30.0 30.0 0.0
65.9 30.0 30.0 30.0 30.0 30.0 30.0 30.0 30.0 30.0 30.0 0.0
66.0 30.0 30.0 30.0 30.0 30.0 30.0 30.0 30.0 30.0 30.0 0.0
66.1 30.0 30.0 30.0 30.0 30.0 30.0 30.0 30.0 30.0 30.0 0.0
66.2 30.0 30.0 30.0 30.0 30.0 30.0 30.0 30.0 30.0 30.0 0.0
66.3 30.0 30.0 30.0 30.0 30.0 30.0 30.0 30.0 30.0 30.0 0.0
66.4 30.0 30.0 30.0 30.0 30.0 30.0 30.0 30.0 30.0 30.0 0.0
66.5 30.0 30.0 30.0 30.0 30.0 30.0 30.0 30.0 30.0 30.0 0.0
66.6 30.0 30.0 30.0 30.0 30.0 30.0 30.0 30.0 30.0 30.0 0.0
66.7 30.0 30.0 30.0 30.0 30.0 30.0 30.0 30.0 30.0 30.0 0.0
66.8 30.0 30.0 30.0 30.0 30.0 30.0 30.0 30.0 30.0 30.0 0.0
66.9 30.0 30.0 30.0 30.0 30.0 30.0 30.0 30.0 30.0 30.0 0.0
67.0 30.0 30.0 30.0 30.0 30.0 30.0 30.0 30.0 30.0 30.0 0.0
67.1 30.0 30.0 30.0 30.0 30.0 30.0 30.0 30.0 30.0 30.0 0.0
67.2 30.0 30.0 30.0 30.0 30.0 30.0 30.0 30.0 30.0 30.0 0.0
67.3 30.0 30.0 30.0 30.0 30.0 30.0 30.0 30.0 30.0 30.0 0.0
67.4 30.0 30.0 30.0 30.0 30.0 30.0 30.0 30.0 30.0 30.0 0.0
67.5 30.0 30.0 30.0 30.0 30.0 30.0 30.0 30.0 30.0 30.0 0.0
67.6 30.0 30.0 30.0 30.0 30.0 30.0 30.0 30.0 30.0 30.0 0.0
67.7 30.0 30.0 30.0 30.0 30.0 30.0 30.0 30.0 30.0 30.0 0.0
67.8 30.0 30.0 30.0 30.0 30.0 30.0 30.0 30.0 30.0 30.0 0.0
67.9 30.0 30.0 30.0 30.0 30.0 30.0 30.0 30.0 30.0 30.0 0.0
68.0 30.0 30.0 30.0 30.0 30.0 30.0 30.0 30.0 30.0 30.0 0.0
68.1 30.0 30.0 30.0 30.0 30.0 30.0 30.0 30.0 30.0 30.0 0.0
68.2 30.0 30.0 30.0 30.0 30.0 30.0 30.0 30.0 30.0 30.0 0.0
68.3 30.0 30.0 30.0 30.0 30.0 30.0 30.0 30.0 30.0 30.0 0.0
68.4 30.0 30.0 30.0 30.0 30.0 30.0 30.0 30.0 30.0 30.0 0.0
68.5 30.0 30.0 30.0 30.0 30.0 30.0 30.0 30.0 30.0 30.0 0.0
68.6 30.0 30.0 30.0 30.0 30.0 30.0 30.0 30.0 30.0 30.0 0.0
68.7 30.0 30.0 30.0 30.0 30.0 30.0 30.0 30.0 30.0 30.0 0.0
68.8 30.0 30.0 30.0 30.0 30.0 30.0 30.0 30.0 30.0 30.0 0.0
68.9 30.0 30.0 30.0 30.0 30.0 30.0 30.0 30.0 30.0 30.0 0.0
69.0 30.0 30.0 30.0 30.0 30.0 30.0 30.0 30.0 30.0 30.0 0.0
69.1 30.0 30.0 30.0 30.0 30.0 30.0 30.0 30.0 30.0 30.0 0.0
69.2 30.0 30.0 30.0 30.0 30.0 30.0 30.0 30.0 30.0 30.0 0.0
69.3 30.0 30.0 30.0 30.0 30.0 30.0 30.0 30.0 30.0 30.0 0.0
69.4 30.0 30.0 30.0 30.0 30.0 30.0 30.0 30.0 30.0 30.0 0.0
69.5 30.0 30.0 30.0 30.0 30.0 30.0 30.0 30.0 30.0 30.0 0.0
69.6 30.0 30.0 30.0 30.0 30.0 30.0 30.0 30.0 30.0 30.0 0.0
69.7 30.0 30.0 30.0 30.0 30.0 30.0 30.0 30.0 30.0 30.0 0.0
69.8 30.0 30.0 30.0 30.0 30.0 30.0 30.0 30.0 30.0 30.0 0.0
69.9 30.0 30.0 30.0 30.0 30.0 30.0 30.0 30.0 30.0 30.0 0.0
70.0 30.0 30.0 30.0 30.0 30.0 30.0 30.0 30.0 30.0 30.0 0.0
70.1 30.0 30.0 30.0 30.0 30.0 30.0 30.0 30.0 30.0 30.0 0.0
70.2 30.0 30.0 30.0 30.0 30.0 30.0 30.0 30.0 30.0 30.0 0.0
70.3 30.0 30.0 30.0 30.0 30.0 30.0 30.0 30.0 30.0 30.0 0.0
70.4 30.0 30.0 30.0 30.0 30.0 30.0 30.0 30.0 30.0 30.0 0.0
70.5 30.0 30.0 30.0 30.0 30.0 30.0 30.0 30.0 30.0 30.0 0.0
70.6 30.0 30.0 30.0 30.0 30.0 30.0 30.0 30.0 30.0 30.0 0.0
70.7 30.0 30.0 30.0 30.0 30.0 30.0 30.0 30.0 30.0 30.0 0.0
70.8 30.0 30.0 30.0 30.0 30.0 30.0 30.0 30.0 30.0 30.0 0.0
70.9 30.0 30.0 30.0 30.0 30.0 30.0 30.0 30.0 30.0 30.0 0.0
71.0 30.0 30.0 30.0 30.0 30.0 30.0 30.0 30.0 30.0 30.0 0.0
71.1 30.0 30.0 30.0 30.0 30.0 30.0 30.0 30.0 30.0 30.0 0.0
71.2 30.0 30.0 30.0 30.0 30.0 30.0 30.0 30.0 30.0 30.0 0.0
71.3 30.0 30.0 30.0 30.0 30.0 30.0 30.0 30.0 30.0 30.0 0.0
71.4 30.0 30.0 30.0 30.0 30.0 30.0 30.0 30.0 30.0 30.0 0.0
71.5 30.0 30.0 30.0 30.0 30.0 30.0 30.0 30.0 30.0 30.0 0.0
71.6 30.0 30.0 30.0 30.0 30.0 30.0 30.0 30.0 30.0 30.0 0.0
71.7 30.0 30.0 30.0 30.0 30.0 30.0 30.0 30.0 30.0 30.0 0.0
71.8 30.0 30.0 30.0 30.0 30.0 30.0 30.0 30.0 30.0 30.0 0.0
71.9 30.0 30.0 30.0 30.0 30.0 30.0 30.0 30.0 30.0 30.0 0.0
72.0 30.0 30.0 30.0 30.0 30.0 30.0 30.0 30.0 30.0 30.0 0.0
72.1 30.0 30.0 30.0 30.0 30.0 30.0 30.0 30.0 30.0 30.0 0.0
72.2 30.0 30.0 30.0 30.0 30.0 30.0 30.0 30.0 30.0 30.0 0.0
72.3 30.0 30.0 30.0 30.0 30.0 30.0 30.0 30.0 30.0 30.0 0.0
72.4 30.0 30.0 30.0 30.0 30.0 30.0 30.0 30.0 30.0 30.0 0.0
72.5 30.0 30.0 30.0 30.0 30.0 30.0 30.0 30.0 30.0 30.0 0.0
72.6 30.0 30.0 30.0 30.0 30.0 30.0 30.0 30.0 30.0 30.0 0.0
72.7 30.0 30.0 30.0 30.0 30.0 30.0 30.0 30.0 30.0 30.0 0.0
72.8 30.0 30.0 30.0 30.0 30.0 30.0 30.0 30.0 30.0 30.0 0.0
72.9 30.0 30.0 30.0 30.0 30.0 30.0 30.0 30.0 30.0 30.0 0.0
73.0 30.0 30.0 30.0 30.0 30.0 30.0 30.0 30.0 30.0 30.0 0.0
73.1 30.0 30.0 30.0 30.0 30.0 30.0 30.0 30.0 30.0 30.0 0.0
73.2 30.0 30.0 30.0 30.0 30.0 30.0 30.0 30.0 30.0 30.0 0.0
73.3 30.0 30.0 30.0 30.0 30.0 30.0 30.0 30.0 30.0 30.0 0.0
73.4 30.0 30.0 30.0 30.0 30.0 30.0 30.0 30.0 30.0 30.0 0.0
73.5 30.0 30.0 30.0 30.0 30.0 30.0 30.0 30.0 30.0 30.0 0.0
73.6 30.0 30.0 30.0 30.0 30.0 30.0 30.0 30.0 30.0 30.0 0.0
73.7 30.0 30.0 30.0 30.0 30.0 30.0 30.0 30.0 30.0 30.0 0.0
73.8 30.0 30.0 30.0 30.0 30.0 30.0 30.0 30.0 30.0 30.0 0.0
73.9 30.0 30.0 30.0 30.0 30.0 30.0 30.0 30.0 30.0 30.0 0.0
74.0 30.0 30.0 30.0 30.0 30.0 30.0 30.0 30.0 30.0 30.0 0.0
74.1 30.0 30.0 30.0 30.0 30.0 30.0 30.0 30.0 30.0 30.0 0.0
74.2 30.0 30.0 30.0 30.0 30.0 30.0 30.0 30.0 30.0 30.0 0.0
74.3 30.0 30.0 30.0 30.0 30.0 30.0 30.0 30.0 30.0 30.0 0.0
74.4 30.0 30.0 30.0 30.0 30.0 30.0 30.0 30.0 30.0 30.0 0.0
74.5 30.0 30.0 30.0 30.0 30.0 30.0 30.0 30.0 30.0 30.0 0.0
74.6 30.0 30.0 30.0 30.0 30.0 30.0 30.0 30.0 30.0 30.0 0.0
74.7 30.0 30.0 30.0 30.0 30.0 30.0 30.0 30.0 30.0 30.0 0.0
74.8 30.0 30.0 30.0 30.0 30.0 30.0 30.0 30.0 30.0 30.0 0.0
74.9 30.0 30.0 30.0 30.0 30.0 30.0 30.0 30.0 30.0 30.0 0.0
75.0 30.0 30.0 30.0 30.0 30.0 30.0 30.0 30.0 30.0 30.0 0.0
75.1 30.0 30.0 30.0 30.0 30.0 30.0 30.0 30.0 30.0 30.0 0.0
75.2 30.0 30.0 30.0 30.0 30.0 30.0 30.0 30.0 30.0 30.0 0.0
75.3 30.0 30.0 30.0 30.0 30.0 30.0 30.0 30.0 30.0 30.0 0.0
75.4 30.0 30.0 30.0 30.0 30.0 30.0 30.0 30.0 30.0 30.0 0.0
75.5 30.0 30.0 30.0 30.0 30.0 30.0 30.0 30.0 30.0 30.0 0.0
75.6 30.0 30.0 30.0 30.0 30.0 30.0 30.0 30.0 30.0 30.0 0.0
75.7 30.0 30.0 30.0 30.0 30.0 30.0 30.0 30.0 30.0 30.0 0.0
75.8 30.0 30.0 30.0 30.0 30.0 30.0 30.0 30.0 30.0 30.0 0.0
75.9 30.0 30.0 30.0 30.0 30.0 30.0 30.0 30.0 30.0 30.0 0.0
76.0 30.0 30.0 30.0 30.0 30.0 30.0 30.0 30.0 30.0 30.0 0.0
76.1 30.0 30.0 30.0 30.0 30.0 30.0 30.0 30.0 30.0 30.0 0.0
76.2 30.0 30.0 30.0 30.0 30.0 30.0 30.0 30.0 30.0 30.0 0.0
76.3 30.0 30.0 30.0 30.0 30.0 30.0 30.0 30.0 30.0 30.0 0.0
76.4 30.0 30.0 30.0 30.0 30.0 30.0 30.0 30.0 30.0 30.0 0.0
76.5 30.0 30.0 30.0 30.0 30.0 30.0 30.0 30.0 30.0 30.0 0.0
76.6 30.0 30.0 30.0 30.0 30.0 30.0 30.0 30.0 30.0 30.0 0.0
76.7 30.0 30.0 30.0 30.0 30.0 30.0 30.0 30.0 30.0 30.0 0.0
76.8 30.0 30.0 30.0 30.0 30.0 30.0 30.0 30.0 30.0 30.0 0.0
76.9 30.0 30.0 30.0 30.0 30.0 30.0 30.0 30.0 30.0 30.0 0.0
77.0 30.0 30.0 30.0 30.0 30.0 30.0 30.0 30.0 30.0 30.0 0.0
77.1 30.0 30.0 30.0 30.0 30.0 30.0 30.0 30.0 30.0 30.0 0.0
77.2 30.0 30.0 30.0 30.0 30.0 30.0 30.0 30.0 30.0 30.0 0.0
77.3 30.0 30.0 30.0 30.0 30.0 30.0 30.0 30.0 30.0 30.0 0.0
77.4 30.0 30.0 30.0 30.0 30.0 30.0 30.0 30.0 30.0 30.0 0.0
77.5 30.0 30.0 30.0 30.0 30.0 30.0 30.0 30.0 30.0 30.0 0.0
77.6 30.0 30.0 30.0 30.0 30.0 30.0 30.0 30.0 30.0 30.0 0.0
77.7 30.0 30.0 30.0 30.0 30.0 30.0 30.0 30.0 30.0 30.0 0.0
77.8 30.0 30.0 30.0 30.0 30.0 30.0 30.0 30.0 30.0 30.0 0.0
77.9 30.0 30.0 30.0 30.0 30.0 30.0 30.0 30.0 30.0 30.0 0.0
78.0 30.0 30.0 30.0 30.0 30.0 30.0 30.0 30.0 30.0 30.0 0.0
78.1 30.0 30.0 30.0 30.0 30.0 30.0 30.0 30.0 30.0 30.0 0.0
78.2 30.0 30.0 30.0 30.0 30.0 30.0 30.0 30.0 30.0 30.0 0.0
78.3 30.0 30.0 30.0 30.0 30.0 30.0 30.0 30.0 30.0 30.0 0.0
78.4 30.0 30.0 30.0 30.0 30.0 30.0 30.0 30.0 30.0 30.0 0.0
78.5 30.0 30.0 30.0 30.0 30.0 30.0 30.0 30.0 30.0 30.0 0.0
78.6 30.0 30.0 30.0 30.0 30.0 30.0 30.0 30.0 30.0 30.0 0.0
78.7 30.0 30.0 30.0 30.0 30.0 30.0 30.0 30.0 30.0 30.0 0.0
78.8 30.0 30.0 30.0 30.0 30.0 30.0 30.0 30.0 30.0 30.0 0.0
78.9 30.0 30.0 30.0 30.0 30.0 30.0 30.0 30.0 30.0 30.0 0.0
79.0 30.0 30.0 30.0 30.0 30.0 30.0 30.0 30.0 30.0 30.0 0.0
79.1 30.0 30.0 30.0 30.0 30.0 30.0 30.0 30.0 30.0 30.0 0.0
79.2 30.0 30.0 30.0 30.0 30.0 30.0 30.0 30.0 30.0 30.0 0.0
79.3 30.0 30.0 30.0 30.0 30.0 30.0 30.0 30.0 30.0 30.0 0.0
79.4 30.0 30.0 30.0 30.0 30.0 30.0 30.0 30.0 30.0 30.0 0.0
79.5 30.0 30.0 30.0 30.0 30.0 30.0 30.0 30.0 30.0 30.0 0.0
79.6 30.0 30.0 30.0 30.0 30.0 30.0 30.0 30.0 30.0 30.0 0.0
79.7 30.0 30.0 30.0 30.0 30.0 30.0 30.0 30.0 30.0 30.0 0.0
79.8 30.0 30.0 30.0 30.0 30.0 30.0 30.0 30.0 30.0 30.0 0.0
79.9 30.0 30.0 30.0 30.0 30.0 30.0 30.0 30.0 30.0 30.0 0.0
80.0 30.0 30.0 30.0 30.0 30.0 30.0 30.0 30.0 30.0 30.0 0.0
80.1 30.0 30.0 30.0 30.0 30.0 30.0 30.0 30.0 30.0 30.0 0.0
80.2 30.0 30.0 30.0 30.0 30.0 30.0 30.0 30.0 30.0 30.0 0.0
80.3 30.0 30.0 30.0 30.0 30.0 30.0 30.0 30.0 30.0 30.0 0.0
80.4 30.0 30.0 30.0 30.0 30.0 30.0 30.0 30.0 30.0 30.0 0.0
80.5 30.0 30.0 30.0 30.0 30.0 30.0 30.0 30.0 30.0 30.0 0.0
80.6 30.0 30.0 30.0 30.0 30.0 30.0 30.0 30.0 30.0 30.0 0.0
80.7 30.0 30.0 30.0 30.0 30.0 30.0 30.0 30.0 30.0 30.0 0.0
80.8 30.0 30.0 30.0 30.0 30.0 30.0 30.0 30.0 30.0 30.0 0.0
80.9 30.0 30.0 30.0 30.0 30.0 30.0 30.0 30.0 30.0 30.0 0.0
81.0 30.0 30.0 30.0 30.0 30.0 30.0 30.0 30.0 30.0 30.0 0.0
81.1 30.0 30.0 30.0 30.0 30.0 30.0 30.0 30.0 30.0 30.0 0.0
81.2 30.0 30.0 30.0 30.0 30.0 30.0 30.0 30.0 30.0 30.0 0.0
81.3 30.0 30.0 30.0 30.0 30.0 30.0 30.0 30.0 30.0 30.0 0.0
81.4 30.0 30.0 30.0 30.0 30.0 30.0 30.0 30.0 30.0 30.0 0.0
81.5 30.0 30.0 30.0 30.0 30.0 30.0 30.0 30.0 30.0 30.0 0.0
81.6 30.0 30.0 30.0 30.0 30.0 30.0 30.0 30.0 30.0 30.0 0.0
81.7 30.0 30.0 30.0 30.0 30.0 30.0 30.0 30.0 30.0 30.0 0.0
81.8 30.0 30.0 30.0 30.0 30.0 30.0 30.0 30.0 30.0 30.0 0.0
81.9 30.0 30.0 30.0 30.0 30.0 30.0 30.0 30.0 30.0 30.0 0.0
82.0 30.0 30.0 30.0 30.0 30.0 30.0 30.0 30.0 30.0 30.0 0.0
82.1 30.0 30.0 30.0 30.0 30.0 30.0 30.0 30.0 30.0 30.0 0.0
82.2 30.0 30.0 30.0 30.0 30.0 30.0 30.0 30.0 30.0 30.0 0.0
82.3 30.0 30.0 30.0 30.0 30.0 30.0 30.0 30.0 30.0 30.0 0.0
82.4 30.0 30.0 30.0 30.0 30.0 30.0 30.0 30.0 30.0 30.0 0.0
82.5 30.0 30.0 30.0 30.0 30.0 30.0 30.0 30.0 30.0 30.0 0.0
82.6 30.0 30.0 30.0 30.0 30.0 30.0 30.0 30.0 30.0 30.0 0.0
82.7 30.0 30.0 30.0 30.0 30.0 30.0 30.0 30.0 30.0 30.0 0.0
82.8 30.0 30.0 30.0 30.0 30.0 30.0 30.0 30.0 30.0 30.0 0.0
82.9 30.0 30.0 30.0 30.0 30.0 30.0 30.0 30.0 30.0 30.0 0.0
83.0 30.0 30.0 30.0 30.0 30.0 30.0 30.0 30.0 30.0 30.0 0.0
83.1 30.0 30.0 30.0 30.0 30.0 30.0 30.0 30.0 30.0 30.0 0.0
83.2 30.0 30.0 30.0 30.0 30.0 30.0 30.0 30.0 30.0 30.0 0.0
83.3 30.0 30.0 30.0 30.0 30.0 30.0 30.0 30.0 30.0 30.0 0.0
83.4 30.0 30.0 30.0 30.0 30.0 30.0 30.0 30.0 30.0 30.0 0.0
83.5 30.0 30.0 30.0 30.0 30.0 30.0 30.0 30.0 30.0 30.0 0.0
83.6 30.0 30.0 30.0 30.0 30.0 30.0 30.0 30.0 30.0 30.0 0.0
83.7 30.0 30.0 30.0 30.0 30.0 30.0 30.0 30.0 30.0 30.0 0.0
83.8 30.0 30.0 30.0 30.0 30.0 30.0 30.0 30.0 30.0 30.0 0.0
83.9 30.0 30.0 30.0 30.0 30.0 30.0 30.0 30.0 30.0 30.0 0.0
84.0 30.0 30.0 30.0 30.0 30.0 30.0 30.0 30.0 30.0 30.0 0.0
84.1 30.0 30.0 30.0 30.0 30.0 30.0 30.0 30.0 30.0 30.0 0.0
84.2 30.0 30.0 30.0 30.0 30.0 30.0 30.0 30.0 30.0 30.0 0.0
84.3 30.0 30.0 30.0 30.0 30.0 30.0 30.0 30.0 30.0 30.0 0.0
84.4 30.0 30.0 30.0 30.0 30.0 30.0 30.0 30.0 30.0 30.0 0.0
84.5 30.0 30.0 30.0 30.0 30.0 30.0 30.0 30.0 30.0 30.0 0.0
84.6 30.0 30.0 30.0 30.0 30.0 30.0 30.0 30.0 30.0 30.0 0.0
84.7 30.0 30.0 30.0 30.0 30.0 30.0 30.0 30.0 30.0 30.0 0.0
84.8 30.0 30.0 30.0 30.0 30.0 30.0 30.0 30.0 30.0 30.0 0.0
84.9 30.0 30.0 30.0 30.0 30.0 30.0 30.0 30.0 30.0 30.0 0.0
85.0 30.0 30.0 30.0 30.0 30.0 30.0 30.0 30.0 30.0 30.0 0.0
85.1 30.0 30.0 30.0 30.0 30.0 30.0 30.0 30.0 30.0 30.0 0.0
85.2 30.0 30.0 30.0 30.0 30.0 30.0 30.0 30.0 30.0 30.0 0.0
85.3 30.0 30.0 30.0 30.0 30.0 30.0 30.0 30.0 30.0 30.0 0.0
85.4 30.0 30.0 30.0 30.0 30.0 30.0 30.0 30.0 30.0 30.0 0.0
85.5 30.0 30.0 30.0 30.0 30.0 30.0 30.0 30.0 30.0 30.0 0.0
85.6 30.0 30.0 30.0 30.0 30.0 30.0 30.0 30.0 30.0 30.0 0.0
85.7 30.0 30.0 30.0 30.0 30.0 30.0 30.0 30.0 30.0 30.0 0.0
85.8 30.0 30.0 30.0 30.0 30.0 30.0 30.0 30.0 30.0 30.0 0.0
85.9 30.0 30.0 30.0 30.0 30.0 30.0 30.0 30.0 30.0 30.0 0.0
86.0 30.0 30.0 30.0 30.0 30.0 30.0 30.0 30.0 30.0 30.0 0.0
86.1 30.0 30.0 30.0 30.0 30.0 30.0 30.0 30.0 30.0 30.0 0.0
86.2 30.0 30.0 30.0 30.0 30.0 30.0 30.0 30.0 30.0 30.0 0.0
86.3 30.0 30.0 30.0 30.0 30.0 30.0 30.0 30.0 30.0 30.0 0.0
86.4 30.0 30.0 30.0 30.0 30.0 30.0 30.0 30.0 30.0 30.0 0.0
86.5 30.0 30.0 30.0 30.0 30.0 30.0 30.0 30.0 30.0 30.0 0.0
86.6 30.0 30.0 30.0 30.0 30.0 30.0 30.0 30.0 30.0 30.0 0.0
86.7 30.0 30.0 30.0 30.0 30.0 30.0 30.0 30.0 30.0 30.0 0.0
86.8 30.0 30.0 30.0 30.0 30.0 30.0 30.0 30.0 30.0 30.0 0.0
86.9 30.0 30.0 30.0 30.0 30.0 30.0 30.0 30.0 30.0 30.0 0.0
87.0 30.0 30.0 30.0 30.0 30.0 30.0 30.0 30.0 30.0 30.0 0.0
87.1 30.0 30.0 30.0 30.0 30.0 30.0 30.0 30.0 30.0 30.0 0.0
87.2 30.0 30.0 30.0 30.0 30.0 30.0 30.0 30.0 30.0 30.0 0.0
87.3 30.0 30.0 30.0 30.0 30.0 30.0 30.0 30.0 30.0 30.0 0.0
87.4 30.0 30.0 30.0 30.0 30.0 30.0 30.0 30.0 30.0 30.0 0.0
87.5 30.0 30.0 30.0 30.0 30.0 30.0 30.0 30.0 30.0 30.0 0.0
87.6 30.0 30.0 30.0 30.0 30.0 30.0 30.0 30.0 30.0 30.0 0.0
87.7 30.0 30.0 30.0 30.0 30.0 30.0 30.0 30.0 30.0 30.0 0.0
87.8 30.0 30.0 30.0 30.0 30.0 30.0 30.0 30.0 30.0 30.0 0.0
87.9 30.0 30.0 30.0 30.0 30.0 30.0 30.0 30.0 30.0 30.0 0.0
88.0 30.0 30.0 30.0 30.0 30.0 30.0 30.0 30.0 30.0 30.0 0.0
88.1 30.0 30.0 30.0 30.0 30.0 30.0 30.0 30.0 30.0 30.0 0.0
88.2 30.0 30.0 30.0 30.0 30.0 30.0 30.0 30.0 30.0 30.0 0.0
88.3 30.0 30.0 30.0 30.0 30.0 30.0 30.0 30.0 30.0 30.0 0.0
88.4 30.0 30.0 30.0 30.0 30.0 30.0 30.0 30.0 30.0 30.0 0.0
88.5 30.0 30.0 30.0 30.0 30.0 30.0 30.0 30.0 30.0 30.0 0.0
88.6 30.0 30.0 30.0 30.0 30.0 30.0 30.0 30.0 30.0 30.0 0.0
88.7 30.0 30.0 30.0 30.0 30.0 30.0 30.0 30.0 30.0 30.0 0.0
88.8 30.0 30.0 30.0 30.0 30.0 30.0 30.0 30.0 30.0 30.0 0.0
88.9 30.0 30.0 30.0 30.0 30.0 30.0 30.0 30.0 30.0 30.0 0.0
89.0 30.0 30.0 30.0 30.0 30.0 30.0 30.0 30.0 30.0 30.0 0.0
89.1 30.0 30.0 30.0 30.0 30.0 30.0 30.0 30.0 30.0 30.0 0.0
89.2 30.0 30.0 30.0 30.0 30.0 30.0 30.0 30.0 30.0 30.0 0.0
89.3 30.0 30.0 30.0 30.0 30.0 30.0 30.0 30.0 30.0 30.0 0.0
89.4 30.0 30.0 30.0 30.0 30.0 30.0 30.0 30.0 30.0 30.0 0.0
89.5 30.0 30.0 30.0 30.0 30.0 30.0 30.0 30.0 30.0 30.0 0.0
89.6 30.0 30.0 30.0 30.0 30.0 30.0 30.0 30.0 30.0 30.0 0.0
89.7 30.0 30.0 30.0 30.0 30.0 30.0 30.0 30.0 30.0 30.0 0.0
89.8 30.0 30.0 30.0 30.0 30.0 30.0 30.0 30.0 30.0 30.0 0.0
89.9 30.0 30.0 30.0 30.0 30.0 30.0 30.0 30.0 30.0 30.0 0.0
90.0 30.0 30.0 30.0 30.0 30.0 30.0 30.0 30.0 30.0 30.0 0.0
90.1 30.0 30.0 30.0 30.0 30.0 30.0 30.0 30.0 30.0 30.0 0.0
90.2 30.0 30.0 30.0 30.0 30.0 30.0 30.0 30.0 30.0 30.0 0.0
90.3 30.0 30.0 30.0 30.0 30.0 30.0 30.0 30.0 30.0 30.0 0.0
90.4 30.0 30.0 30.0 30.0 30.0 30.0 30.0 30.0 30.0 30.0 0.0
90.5 30.0 30.0 30.0 30.0 30.0 30.0 30.0 30.0 30.0 30.0 0.0
90.6 30.0 30.0 30.0 30.0 30.0 30.0 30.0 30.0 30.0 30.0 0.0
90.7 30.0 30.0 30.0 30.0 30.0 30.0 30.0 30.0 30.0 30.0 0.0
90.8 30.0 30.0 30.0 30.0 30.0 30.0 30.0 30.0 30.0 30.0 0.0
90.9 30.0 30.0 30.0 30.0 30.0 30.0 30.0 30.0 30.0 30.0 0.0
91.0 30.0 30.0 30.0 30.0 30.0 30.0 30.0 30.0 30.0 30.0 0.0
91.1 30.0 30.0 30.0 30.0 30.0 30.0 30.0 30.0 30.0 30.0 0.0
91.2 30.0 30.0 30.0 30.0 30.0 30.0 30.0 30.0 30.0 30.0 0.0
91.3 30.0 30.0 30.0 30.0 30.0 30.0 30.0 30.0 30.0 30.0 0.0
91.4 30.0 30.0 30.0 30.0 30.0 30.0 30.0 30.0 30.0 30.0 0.0
91.5 30.0 30.0 30.0 30.0 30.0 30.0 30.0 30.0 30.0 30.0 0.0
91.6 30.0 30.0 30.0 30.0 30.0 30.0 30.0 30.0 30.0 30.0 0.0
91.7 30.0 30.0 30.0 30.0 30.0 30.0 30.0 30.0 30.0 30.0 0.0
91.8 30.0 30.0 30.0 30.0 30.0 30.0 30.0 30.0 30.0 30.0 0.0
91.9 30.0 30.0 30.0 30.0 30.0 30.0 30.0 30.0 30.0 30.0 0.0
92.0 30.0 30.0 30.0 30.0 30.0 30.0 30.0 30.0 30.0 30.0 0.0
92.1 30.0 30.0 30.0 30.0 30.0 30.0 30.0 30.0 30.0 30.0 0.0
92.2 30.0 30.0 30.0 30.0 30.0 30.0 30.0 30.0 30.0 30.0 0.0
92.3 30.0 30.0 30.0 30.0 30.0 30.0 30.0 30.0 30.0 30.0 0.0
92.4 30.0 30.0 30.0 30.0 30.0 30.0 30.0 30.0 30.0 30.0 0.0
92.5 30.0 30.0 30.0 30.0 30.0 30.0 30.0 30.0 30.0 30.0 0.0
92.6 30.0 30.0 30.0 30.0 30.0 30.0 30.0 30.0 30.0 30.0 0.0
92.7 30.0 30.0 30.0 30.0 30.0 30.0 30.0 30.0 30.0 30.0 0.0
92.8 30.0 30.0 30.0 30.0 30.0 30.0 30.0 30.0 30.0 30.0 0.0
92.9 30.0 30.0 30.0 30.0 30.0 30.0 30.0 30.0 30.0 30.0 0.0
93.0 30.0 30.0 30.0 30.0 30.0 30.0 30.0 30.0 30.0 30.0 0.0
93.1 30.0 30.0 30.0 30.0 30.0 30.0 30.0 30.0 30.0 30.0 0.0
93.2 30.0 30.0 30.0 30.0 30.0 30.0 30.0 30.0 30.0 30.0 0.0
93.3 30.0 30.0 30.0 30.0 30.0 30.0 30.0 30.0 30.0 30.0 0.0
93.4 30.0 30.0 30.0 30.0 30.0 30.0 30.0 30.0 30.0 30.0 0.0
93.5 30.0 30.0 30.0 30.0 30.0 30.0 30.0 30.0 30.0 30.0 0.0
93.6 30.0 30.0 30.0 30.0 30.0 30.0 30.0 30.0 30.0 30.0 0.0
93.7 30.0 30.0 30.0 30.0 30.0 30.0 30.0 30.0 30.0 30.0 0.0
93.8 30.0 30.0 30.0 30.0 30.0 30.0 30.0 30.0 30.0 30.0 0.0
93.9 30.0 30.0 30.0 30.0 30.0 30.0 30.0 30.0 30.0 30.0 0.0
94.0 30.0 30.0 30.0 30.0 30.0 30.0 30.0 30.0 30.0 30.0 0.0
94.1 30.0 30.0 30.0 30.0 30.0 30.0 30.0 30.0 30.0 30.0 0.0
94.2 30.0 30.0 30.0 30.0 30.0 30.0 30.0 30.0 30.0 30.0 0.0
94.3 30.0 30.0 30.0 30.0 30.0 30.0 30.0 30.0 30.0 30.0 0.0
94.4 30.0 30.0 30.0 30.0 30.0 30.0 30.0 30.0 30.0 30.0 0.0
94.5 30.0 30.0 30.0 30.0 30.0 30.0 30.0 30.0 30.0 30.0 0.0
94.6 30.0 30.0 30.0 30.0 30.0 30.0 30.0 30.0 30.0 30.0 0.0
94.7 30.0 30.0 30.0 30.0 30.0 30.0 30.0 30.0 30.0 30.0 0.0
94.8 30.0 30.0 30.0 30.0 30.0 30.0 30.0 30.0 30.0 30.0 0.0
94.9 30.0 30.0 30.0 30.0 30.0 30.0 30.0 30.0 30.0 30.0 0.0
95.0 30.0 30.0 30.0 30.0 30.0 30.0 30.0 30.0 30.0 30.0 0.0
95.1 30.0 30.0 30.0 30.0 30.0 30.0 30.0 30.0 30.0 30.0 0.0
95.2 30.0 30.0 30.0 30.0 30.0 30.0 30.0 30.0 30.0 30.0 0.0
95.3 30.0 30.0 30.0 30.0 30.0 30.0 30.0 30.0 30.0 30.0 0.0
95.4 30.0 30.0 30.0 30.0 30.0 30.0 30.0 30.0 30.0 30.0 0.0
95.5 30.0 30.0 30.0 30.0 30.0 30.0 30.0 30.0 30.0 30.0 0.0
95.6 30.0 30.0 30.0 30.0 30.0 30.0 30.0 30.0 30.0 30.0 0.0
95.7 30.0 30.0 30.0 30.0 30.0 30.0 30.0 30.0 30.0 30.0 0.0
95.8 30.0 30.0 30.0 30.0 30.0 30.0 30.0 30.0 30.0 30.0 0.0
95.9 30.0 30.0 30.0 30.0 30.0 30.0 30.0 30.0 30.0 30.0 0.0
96.0 30.0 30.0 30.0 30.0 30.0 30.0 30.0 30.0 30.0 30.0 0.0
96.1 30.0 30.0 30.0 30.0 30.0 30.0 30.0 30.0 30.0 30.0 0.0
96.2 30.0 30.0 30.0 30.0 30.0 30.0 30.0 30.0 30.0 30.0 0.0
96.3 30.0 30.0 30.0 30.0 30.0 30.0 30.0 30.0 30.0 30.0 0.0
96.4 30.0 30.0 30.0 30.0 30.0 30.0 30.0 30.0 30.0 30.0 0.0
96.5 30.0 30.0 30.0 30.0 30.0 30.0 30.0 30.0 30.0 30.0 0.0
96.6 30.0 30.0 30.0 30.0 30.0 30.0 30.0 30.0 30.0 30.0 0.0
96.7 30.0 30.0 30.0 30.0 30.0 30.0 30.0 30.0 30.0 30.0 0.0
96.8 30.0 30.0 30.0 30.0 30.0 30.0 30.0 30.0 30.0 30.0 0.0
96.9 30.0 30.0 30.0 30.0 30.0 30.0 30.0 30.0 30.0 30.0 0.0
97.0 30.0 30.0 30.0 30.0 30.0 30.0 30.0 30.0 30.0 30.0 0.0
97.1 30.0 30.0 30.0 30.0 30.0 30.0 30.0 30.0 30.0 30.0 0.0
97.2 30.0 30.0 30.0 30.0 30.0 30.0 30.0 30.0 30.0 30.0 0.0
97.3 30.0 30.0 30.0 30.0 30.0 30.0 30.0 30.0 30.0 30.0 0.0
97.4 30.0 30.0 30.0 30.0 30.0 30.0 30.0 30.0 30.0 30.0 0.0
97.5 30.0 30.0 30.0 30.0 30.0 30.0 30.0 30.0 30.0 30.0 0.0
97.6 30.0 30.0 30.0 30.0 30.0 30.0 30.0 30.0 30.0 30.0 0.0
97.7 30.0 30.0 30.0 30.0 30.0 30.0 30.0 30.0 30.0 30.0 0.0
97.8 30.0 30.0 30.0 30.0 30.0 30.0 30.0 30.0 30.0 30.0 0.0
97.9 30.0 30.0 30.0 30.0 30.0 30.0 30.0 30.0 30.0 30.0 0.0
98.0 30.0 30.0 30.0 30.0 30.0 30.0 30.0 30.0 30.0 30.0 0.0
98.1 30.0 30.0 30.0 30.0 30.0 30.0 30.0 30.0 30.0 30.0 0.0
98.2 30.0 30.0 30.0 30.0 30.0 30.0 30.0 30.0 30.0 30.0 0.0
98.3 30.0 30.0 30.0 30.0 30.0 30.0 30.0 30.0 30.0 30.0 0.0
98.4 30.0 30.0 30.0 30.0 30.0 30.0 30.0 30.0 30.0 30.0 0.0
98.5 30.0 30.0 30.0 30.0 30.0 30.0 30.0 30.0 30.0 30.0 0.0
98.6 30.0 30.0 30.0 30.0 30.0 30.0 30.0 30.0 30.0 30.0 0.0
98.7 30.0 30.0 30.0 30.0 30.0 30.0 30.0 30.0 30.0 30.0 0.0
98.8 30.0 30.0 30.0 30.0 30.0 30.0 30.0 30.0 30.0 30.0 0.0
98.9 30.0 30.0 30.0 30.0 30.0 30.0 30.0 30.0 30.0 30.0 0.0
99.0 30.0 30.0 30.0 30.0 30.0 30.0 30.0 30.0 30.0 30.0 0.0
99.1 30.0 30.0 30.0 30.0 30.0 30.0 30.0 30.0 30.0 30.0 0.0
99.2 30.0 30.0 30.0 30.0 30.0 30.0 30.0 30.0 30.0 30.0 0.0
99.3 30.0 30.0 30.0 30.0 30.0 30.0 30.0 30.0 30.0 30.0 0.0
99.4 30.0 30.0 30.0 30.0 30.0 30.0 30.0 30.0 30.0 30.0 0.0
99.5 30.0 30.0 30.0 30.0 30.0 30.0 30.0 30.0 30.0 30.0 0.0
99.6 30.0 30.0 30.0 30.0 30.0 30.0 30.0 30.0 30.0 30.0 0.0
99.7 30.0 30.0 30.0 30.0 30.0 30.0 30.0 30.0 30.0 30.0 0.0
99.8 30.0 30.0 30.0 30.0 30.0 30.0 30.0 30.0 30.0 30.0 0.0
99.9 30.0 30.0 30.0 30.0 30.0 30.0 30.0 30.0 30.0 30.0 0.0
